200
10
7 26
50 88
59 77
83 68
23 93
65 54
51 40
24 100
6 59
64 54
93 58
68 12
12 71
53 29
88 53
30 88
76 95
71 31
99 86
78 6
59 21
12 95
94 9
19 87
40 99
8 82
45 85
7 76
56 56
8 59
47 43
37 37
68 74
59 60
65 66
38 89
83 23
83 49
87 28
79 1
34 78
62 86
13 78
34 68
27 68
63 93
82 25
98 99
58 49
66 8
48 74
96 55
55 82
10 78
30 41
18 88
25 63
93 32
51 38
57 26
70 29
53 19
70 51
51 2
62 79
53 68
22 9
91 100
30 76
68 52
39 59
74 38
69 15
4 66
43 71
100 61
31 12
63 4
6 52
31 13
81 67
27 35
34 54
30 69
20 63
74 49
86 58
25 47
64 6
77 28
40 6
69 28
31 71
22 31
96 88
6 4
90 28
81 33
1 24
38 62
11 21
30 63
9 48
54 54
34 24
29 82
9 73
43 98
80 91
79 17
72 75
2 36
68 62
37 35
96 21
93 26
89 58
6 22
28 49
73 59
92 13
85 53
2 52
42 80
48 82
8 72
60 19
32 62
96 27
99 68
46 91
49 91
65 34
34 6
64 44
56 58
11 7
58 40
71 12
45 51
75 18
89 53
14 34
12 20
40 61
51 11
53 85
70 51
8 17
12 3
61 23
29 67
59 23
34 86
89 29
99 31
83 63
48 39
58 48
8 59
21 49
33 10
13 74
42 2
5 20
43 54
72 17
39 71
9 30
11 24
54 49
63 61
99 36
35 10
20 8
57 42
52 93
18 89
43 64
83 59
64 47
63 25
48 36
17 53
76 8
56 79
39 30
17 18
27 89
97 52
93 98
90 53
93 96
59 7
18 35
33 94
70 81
68 47
99 17
24 85