142 1000
66 3 79 86 3 39 33 45 14 5 27 39 87 7 79 83 82 47 21 1 9 68 39 37 19 7 58 86 32 25 80 94 46 67 17 83 54 71 3 45 69 93 95 37 62 25 22 46 20 59 38 29 22 82 75 5 66 44 38 90 38 12 19 59 56 75 46 8 66 76 13 93 16 30 47 27 66 1 8 97 75 11 19 24 42 16 14 92 11 61 54 26 30 66 18 79 75 9 11 66 66 54 45 25 72 38 85 8 57 90 65 10 59 31 41 37 21 67 74 51 37 11 92 55 61 59 57 74 64 86 3 19 65 81 84 38 5 82 48 8 14 91 12 29 80 29 57 59 55 92 89 25 54 25 82 85 94 8 61 29 31 38 97 85 56 33 98 23 81 27 19 12 65 55 75 79 46 90 78 57 94 55 22 3 76 65 92 53 58 27 31 7 21 62 67 36 86 8 48 5 57 22 21 70 15 19 98 16 27 79 87 67 22 46 49 42 10 88 98 58 48 27 25 7 3 61 1 80 8 62 64 84 30 19 94 33 80 81 18 98 31 29 1 76 97 87 65 71 13 83 65 86 8 55 14 56 86 69 36 65 87 19 65 38 57 44 22 91 63 33 70 79 6 80 8 23 19 33 16 33 82 8 20 46 56 50 12 25 31 8 64 21 57 1 25 87 16 96 51 70 90 5 91 47 55 39 92 39 7 37 87 14 61 28 45 46 46 9 35 42 40 97 11 65 48 8 66 75 92 25 97 3 7 86 19 78 8 82 56 55 98 59 48 66 64 14 52 70 16 66 24 54 74 80 1 94 38 35 94 17 8 38 9 87 54 66 5 9 36 76 85 86 91 12 82 22 80 56 70 87 47 27 91 85 18 14 7 31 22 32 55 11 23 62 11 2 69 93 78 20 25 78 14 63 36 14 85 67 54 30 80 92 87 45 27 29 64 70 58 91 93 9 65 3 84 37 82 57 65 69 11 5 43 54 30 71 15 37 11 90 36 14 65 27 94 93 16 70 22 13 45 13 45 14 93 90 14 1 75 74 21 90 62 75 13 51 45 36 36 13 17 31 43 80 10 31 1 14 45 57 65 47 43 91 69 11 15 91 20 4 43 37 27 78 26 74 11 37 37 70 97 76 36 53 56 46 75 78 19 55 14 92 26 74 8 91 37 39 95 21 64 77 23 86 37 16 63 5 46 27 32 56 45 90 27 64 37 74 75 16 36 98 27 18 65 67 45 56 97 21 66 21 88 13 18 65 86 46 13 92 66 36 90 97 46 46 86 11 38 33 75 80 46 13 55 85 97 38 82 82 59 75 11 5 67 47 67 20 18 45 83 10 7 87 11 42 16 55 65 19 14 90 87 29 11 29 79 14 27 20 57 16 74 83 73 36 57 16 35 32 28 30 9 84 45 55 1 63 38 98 47 11 62 4 19 54 9 10 18 50 51 61 35 45 37 59 21 48 5 16 18 17 53 10 38 3 11 78 40 25 38 8 45 19 44 86 91 30 28 12 27 18 3 22 58 5 46 84 38 87 76 18 37 54 78 51 59 59 43 43 91 10 39 19 86 40 80 32 13 66 61 23 56 93 94 55 86 80 39 85 94 54 54 81 74 75 62 63 64 57 48 1 27 17 13 58 1 38 98 33 74 18 65 15 67 23 93 39 86 69 46 25 85 32 70 33 80 62 1 97 57 50 18 34 33 66 67 4 13 44 87 3 73 97 45 32 78 80 57 29 33 94 8 29 70 3 37 79 97 32 15 33 59 82 54 14 5 55 80 62 71 21 12 69 39 29 60 67 85 90 77 22 75 16 11 41 1 15 30 7 92 27 3 7 45 48 75 33 37 85 94 98 75 90 5 67 67 1 79 38 86 31 85 87 5 36 74 7 23 51 38 74 85 75 25 59 59 74 65 33 65 19 10 15 73 10 23 32 74 23 82 69 69 21 65 61 42 3 92 8 11 27 9 79 69 33 69 7 64 31 46 27 14 70 76 11 26 87 5 82 78 48 3 69 79 23 37 46 12 3 26 85 35 46 82 87 10 86 47 18 92 16 3 39 80 38 3 42 93 12 97 5 30 55 70 92 67 76 39 49 19 66 33 90 3 64 18 67 54 25 13 45 95 12 87 38 77 69 96 8 16 57 16 49 92 17 43 57 78 14 33 80 22 86 26 86 51 7 54 54 80 69 37 47 44 98 74 10 14 57 39 69 13 87 36 29 66 82 35 54 70 39 17 4 69 13 76 5 69 69
12135 16208 11378 12646 13800 4332 8429 18943 1412 17720 6928 7194 418 987 5298 13726 11228 3824 8058 15636 15335 2410 13314 17065 18723 10909 12263 6312 11944 16835 13704 3494 16064 6175 4653 7732 425 13866 19466 2134 7638 15491 18661 14928 12037 12080 11128 18408 11522 15769 8898 1207 8997 15304 4981 6877 11585 16739 6219 9345 13233 14143 6569 5604 1830 5207 9371 14922 13268 4272 2505 8148 3616 16950 2624 11312 16917 14472 5272 10745 8769 4580 15065 2288 19419 10819 8615 17435 11482 2714 10993 7346 19280 17218 14893 2357 15734 17630 8477 7747 12602 161 6505 17475 12285 7798 944 541 7071 19444 6055 8920 4592 3347 17471 10744 17637 19207 16376 1202 16308 14789 6076 7812 10893 13623 13814 4649 15990 4178 15292 12050 10489 10922 6864 6145 15958 17024 16421 14685 550 10801
1000
645 395 10
542 209 4
330 330 14
822 111 11
240 491 9
650 295 11
957 957 5
236 236 15
539 469 10
814 550 6
213 600 13
333 333 5
131 702 14
473 800 14
74 74 1
372 372 7
40 660 2
361 361 12
674 674 11
298 298 5
54 140 7
967 967 7
329 700 7
426 539 9
740 303 14
944 944 13
519 68 14
336 336 5
781 781 14
580 122 9
362 362 2
401 401 3
757 502 11
312 926 10
667 667 9
107 107 12
525 525 7
202 202 14
809 809 13
218 218 2
485 485 5
120 120 13
509 70 4
56 56 8
642 46 15
212 892 5
276 33 8
403 403 10
376 376 7
940 940 6
814 994 14
727 830 5
338 901 4
286 286 1
353 353 14
769 435 7
452 452 8
783 645 5
308 308 4
259 179 11
861 891 10
555 222 13
573 846 15
516 376 5
43 886 1
264 183 12
626 767 8
289 792 7
325 325 5
622 944 10
349 961 1
397 495 4
435 225 11
774 473 1
774 751 11
120 120 15
734 839 13
641 641 14
912 142 3
995 503 12
180 287 6
757 757 7
938 938 2
331 598 13
338 168 15
527 527 6
554 803 3
595 595 8
525 525 10
240 539 12
269 269 10
941 941 10
92 635 14
362 362 3
745 798 11
920 920 7
365 77 1
975 645 8
911 911 15
628 403 15
137 137 12
89 431 15
322 439 9
625 625 10
369 369 2
929 511 15
268 268 15
303 303 7
890 487 9
142 142 9
144 310 10
945 550 1
779 180 4
310 310 9
693 693 4
407 407 4
79 79 12
793 38 3
752 30 15
903 319 10
496 801 13
793 793 10
855 756 15
401 223 12
588 760 13
827 827 14
803 799 9
192 192 12
218 218 4
736 858 4
288 541 2
966 966 4
379 379 12
340 340 2
28 28 3
356 995 6
278 278 15
3 9 10
790 409 4
248 269 5
270 270 15
813 305 4
372 372 15
406 406 4
241 988 12
350 443 13
797 539 6
2 2 13
215 231 9
446 446 11
36 761 4
945 945 10
134 134 12
40 549 3
690 690 6
729 729 8
510 346 3
436 330 11
746 588 12
937 949 1
905 905 8
49 672 3
617 676 12
236 439 6
160 160 7
476 124 5
911 911 13
755 755 6
969 969 12
933 933 11
746 40 1
476 476 4
820 136 10
695 695 14
30 860 5
705 210 10
509 810 8
216 216 8
827 827 1
381 381 2
890 890 3
109 769 7
164 164 7
449 449 8
685 42 11
521 521 2
822 822 8
256 552 9
943 943 4
509 859 7
962 456 1
341 341 13
517 517 7
171 171 7
614 614 6
981 72 1
240 240 1
358 765 14
784 784 6
975 975 6
824 824 5
358 358 5
909 225 15
868 868 13
264 264 14
322 322 4
999 999 15
80 80 8
310 310 10
295 964 13
988 549 4
223 223 13
374 374 7
672 672 11
947 947 7
404 315 7
531 531 3
797 697 10
267 522 11
938 938 10
823 182 12
948 782 10
236 236 15
861 775 9
500 620 14
487 925 2
842 561 14
373 373 4
951 951 8
547 547 12
724 304 12
364 364 15
459 459 14
564 390 4
101 43 7
253 986 4
407 649 2
825 7 2
976 976 6
513 752 5
562 665 2
137 382 7
84 138 9
521 521 13
512 49 6
715 547 13
454 454 4
590 590 14
485 637 10
703 703 11
723 902 5
239 680 5
411 411 9
854 854 7
581 549 4
821 821 10
767 767 12
813 835 1
285 285 15
86 219 11
87 966 14
651 445 3
182 83 11
928 928 5
945 384 3
52 52 3
307 307 12
712 712 3
489 489 11
829 203 15
69 94 11
655 655 9
826 826 5
510 228 7
490 490 2
271 271 4
344 444 10
203 203 3
505 505 8
163 163 1
550 550 9
339 339 12
313 313 6
547 173 14
359 927 13
643 643 2
109 211 13
793 793 13
39 39 8
766 470 6
990 408 14
343 527 13
830 830 12
753 989 2
452 344 15
862 361 13
310 310 5
339 867 14
478 478 7
963 223 6
937 937 9
640 991 5
325 325 10
455 95 2
114 114 1
573 573 4
160 306 14
739 739 1
506 506 7
436 588 5
450 622 15
423 423 10
229 229 8
376 872 12
508 943 2
773 773 1
955 955 15
576 576 10
820 820 2
666 683 1
121 121 3
946 946 2
49 49 4
315 543 3
925 54 5
462 885 4
312 599 2
780 456 6
350 350 9
980 4 9
198 671 2
417 533 2
728 728 12
183 205 8
499 499 7
651 649 1
35 35 11
484 484 14
438 962 4
551 551 1
14 471 14
422 454 9
689 833 11
178 801 15
446 446 4
236 236 9
454 454 14
641 641 8
812 802 10
69 244 8
465 465 6
572 572 2
892 892 4
514 514 13
585 585 9
173 173 14
506 444 10
445 445 15
491 491 5
606 905 4
182 182 9
867 867 12
238 238 12
268 268 13
238 868 6
659 659 12
40 744 10
998 998 2
646 58 11
255 255 1
882 882 8
22 98 4
393 871 11
76 537 14
340 543 4
765 765 1
238 238 11
35 35 9
759 759 5
603 603 12
306 306 13
401 401 1
920 400 2
837 837 8
371 930 15
823 823 9
610 778 14
950 512 11
290 935 3
896 896 8
882 970 12
687 56 13
789 789 9
653 618 6
409 363 4
354 354 8
930 930 11
254 508 8
434 766 14
382 139 4
825 825 15
20 20 13
580 580 2
28 28 5
328 328 11
716 716 6
104 937 6
310 310 13
624 624 4
217 94 3
115 76 1
809 809 10
884 884 6
982 483 6
355 50 3
619 550 12
445 206 6
568 173 3
425 708 9
343 343 4
269 269 4
994 994 9
397 397 3
553 621 13
663 663 13
594 947 10
599 599 14
680 468 2
17 264 13
953 143 10
661 661 3
401 702 6
437 437 5
575 614 12
871 871 10
487 487 15
469 953 10
260 790 10
405 969 5
716 961 11
369 369 4
520 520 9
214 214 13
589 589 11
35 791 6
752 65 15
877 877 6
572 572 2
342 915 10
781 781 4
895 552 5
749 749 9
781 269 1
343 343 14
875 788 4
674 332 6
695 339 10
623 267 10
424 757 5
711 711 9
39 39 1
569 197 13
14 14 7
530 316 1
482 980 6
83 83 7
770 448 1
875 24 8
184 762 13
347 347 10
705 820 14
665 707 9
266 266 9
127 849 4
584 946 5
470 831 6
152 152 10
190 190 12
120 33 14
993 52 9
624 624 9
682 254 15
154 154 15
236 624 11
434 434 7
53 53 6
510 1 9
338 338 4
370 370 10
950 950 4
347 222 7
65 802 4
313 23 11
729 712 15
663 663 14
821 821 10
600 20 15
882 98 2
69 748 6
906 11 15
757 757 5
506 506 9
542 491 15
732 732 9
165 165 4
439 439 10
798 798 14
580 484 1
358 895 4
467 139 1
847 97 9
206 852 8
731 731 11
2 2 4
482 482 2
196 634 8
730 770 3
799 799 15
257 257 2
846 846 12
20 20 5
715 539 11
221 347 8
108 573 4
394 814 1
502 502 11
334 560 12
511 511 2
507 430 10
262 596 2
530 530 13
961 109 7
924 924 12
167 988 5
414 555 13
874 874 12
907 691 1
698 191 4
281 281 8
258 364 1
666 470 9
833 842 9
793 52 8
988 988 14
753 995 10
757 757 6
723 723 6
923 298 13
33 237 10
215 277 10
264 940 7
92 92 9
351 406 9
341 341 9
174 515 6
746 746 15
325 424 9
447 93 10
105 70 10
28 28 5
167 21 8
699 271 12
355 51 9
977 999 11
716 293 14
796 796 12
854 854 6
415 415 7
381 254 9
343 994 12
464 346 5
976 976 14
233 233 4
396 120 5
159 642 2
823 81 7
744 852 8
697 34 8
143 143 4
189 305 12
485 485 2
217 217 8
500 500 7
182 858 11
716 716 10
984 984 10
649 649 4
999 999 14
529 529 2
194 923 2
262 791 2
584 555 12
629 339 5
953 953 2
768 768 13
240 240 3
225 225 8
826 800 8
377 18 9
83 539 15
243 670 9
510 510 1
619 189 15
487 487 11
347 748 15
660 660 13
213 213 9
418 418 2
48 488 6
652 273 4
183 13 10
963 38 10
379 328 13
806 806 1
507 507 8
559 8 7
115 115 4
518 922 9
301 301 1
335 856 5
606 606 3
222 222 14
116 187 2
383 383 1
172 172 3
648 648 2
3 147 15
152 75 8
462 462 6
375 375 13
892 892 6
772 772 15
729 729 9
849 678 7
950 950 2
241 241 13
23 233 9
605 605 4
75 75 4
674 528 4
650 650 1
102 102 3
814 814 5
389 357 14
307 307 7
810 212 8
300 357 9
345 345 11
525 464 1
830 876 7
963 963 11
242 242 15
261 261 5
605 605 3
654 654 1
462 888 8
177 177 7
765 765 13
633 633 1
329 329 6
337 337 14
34 214 9
458 688 6
995 995 13
388 388 4
163 163 3
89 108 11
674 674 8
512 370 4
486 152 8
612 612 4
432 440 1
248 117 7
75 75 4
651 448 9
15 226 14
54 608 5
207 740 7
704 73 12
49 49 9
145 12 9
685 406 5
890 890 11
264 264 14
184 184 15
328 673 1
188 715 14
14 14 1
4 704 8
862 363 5
8 8 4
418 418 10
322 701 6
810 533 10
664 622 7
59 923 4
361 553 8
339 339 5
9 565 7
523 468 3
97 757 12
598 598 11
822 822 5
95 796 15
756 237 1
999 822 10
84 84 14
957 957 6
243 243 9
281 281 8
457 654 10
916 916 1
107 743 5
729 729 4
338 338 9
105 368 15
451 451 9
582 633 1
263 708 9
79 79 2
520 520 14
662 979 15
415 918 5
34 673 2
833 833 13
535 535 12
397 720 1
956 956 9
592 672 13
994 249 6
154 154 9
228 206 6
890 688 12
550 550 6
872 761 8
767 767 4
703 879 10
70 231 13
540 873 14
188 188 7
988 60 10
406 406 8
172 172 7
169 169 11
624 859 15
674 642 3
713 713 12
503 503 14
688 886 12
121 121 9
758 750 11
752 752 4
591 100 13
887 6 11
411 455 2
594 594 10
59 59 14
349 349 8
346 915 8
728 399 1
466 601 7
947 947 7
742 742 4
172 68 10
50 335 14
116 116 6
691 691 1
605 373 6
870 870 2
477 265 9
716 450 12
469 469 11
718 718 5
565 831 15
996 602 15
842 592 3
558 558 7
147 147 8
942 942 1
646 646 8
335 716 4
931 931 5
705 705 7
438 438 4
829 829 9
37 37 8
443 354 3
867 867 1
649 873 10
270 270 10
310 980 7
878 878 8
351 351 7
375 375 7
15 15 11
259 259 14
785 565 5
897 560 7
405 405 10
477 477 9
966 47 14
80 80 7
290 903 4
855 855 3
611 611 10
624 136 7
239 195 4
269 300 4
50 50 5
805 805 15
457 457 10
263 263 3
125 17 6
7 7 12
243 511 10
159 159 14
112 112 9
986 845 5
179 263 13
799 799 2
473 633 14
941 941 1
45 45 14
529 529 3
693 693 4
418 418 13
822 822 2
902 902 11
872 525 1
469 469 6
829 829 8
902 902 13
160 160 15
517 517 8
66 66 8
134 134 11
957 104 6
269 511 14
942 942 8
471 113 2
922 922 10
368 693 15
998 349 6
765 765 4
862 862 11
438 237 13
244 10 9
659 659 5
916 916 11
190 443 6
734 418 8
659 659 12
814 814 7
923 923 8
503 196 5
354 354 13
63 63 7
222 222 3
41 41 11
552 403 2
964 964 2
855 855 14
574 574 4
223 223 5
923 923 1
616 616 6
646 646 13
985 985 4
673 739 12
972 972 15
761 357 13
325 325 15
104 104 14
852 852 15
696 305 1
247 813 12
819 819 2
590 590 15
490 490 11
892 493 8
54 661 3
277 277 12
791 15 4
435 405 3
23 301 5
978 978 1
406 9 4
993 768 15
401 346 15
336 336 7
534 534 2
663 231 6
750 219 1
466 466 5
105 105 5
704 704 2
898 959 2
867 867 7
36 36 12
9 799 11
847 847 3
358 102 14
470 470 4
557 557 7
282 282 8
413 775 8
451 867 15
770 317 9
830 502 9
134 134 9
769 769 10
3 727 13
860 303 11
904 670 4
409 973 7
294 294 9
116 116 15
764 764 5
93 93 14
214 713 12
466 694 5
840 840 10
450 450 7
639 985 7
797 797 8
896 640 10
364 364 9
19 913 4
352 727 7
224 378 8
878 444 13
295 295 5
203 212 1
832 859 10
31 31 14
980 980 3
903 903 11
212 78 5
760 760 8
448 813 4
28 837 10
970 970 3
987 987 1
548 548 15
756 756 9
156 156 9
222 857 13
994 994 7
682 682 3
491 491 6
566 584 11
527 527 8
875 875 4
137 137 10
550 550 3
354 199 4
374 374 4
780 879 2
408 497 3
450 357 11
510 510 4
268 268 6
276 276 15
440 165 12
655 486 5
897 897 11
793 798 10
407 407 8
875 935 5
830 792 9
563 334 4
682 682 13
613 788 4
602 602 3
506 485 14
1 1 6
391 988 8
132 132 6
902 836 12
593 593 10
639 258 15
170 328 2
88 804 14
837 557 6
748 748 13
507 645 7
149 376 7
75 75 7
747 747 5
918 39 5
382 148 12
99 99 9
603 603 2
61 61 12
98 98 1
899 899 13
332 874 14
647 647 7
119 188 5
854 348 8
