10 50
1 1 1 1 1 2 2 2 2 2 3 3 3 3 3 4 4 4 4 4 5 5 5 5 5 6 6 6 6 6 7 7 7 7 7 8 8 8 8 8 9 9 9 9 9 10 10 10 10 10
1000 1000 1000 1000 1000 1000 1000 1000 1000 1000
50
1 1 10
1 2 10
1 3 10
1 4 10
1 5 10
1 6 10
1 7 10
1 8 10
1 9 10
1 10 10
1 11 10
1 12 10
1 13 10
1 14 10
1 15 10
1 16 10
1 17 10
1 18 10
1 19 10
1 20 10
1 21 10
1 22 10
1 23 10
1 24 10
1 25 10
1 26 10
1 27 10
1 28 10
1 29 10
1 30 10
1 31 10
1 32 10
1 33 10
1 34 10
1 35 10
1 36 10
1 37 10
1 38 10
1 39 10
1 40 10
1 41 10
1 42 10
1 43 10
1 44 10
1 45 10
1 46 10
1 47 10
1 48 10
1 49 10
1 50 10
