100 500
41 40
57 12
79 87
43 54
74 39
40 30
14 74
93 75
30 33
84 80
48 20
5 88
68 62
68 90
38 99
48 38
34 99
78 30
55 5
12 24
51 15
31 55
39 67
55 89
77 26
10 79
66 20
69 17
20 65
5 98
95 26
54 1
86 89
89 11
51 43
23 13
99 46
53 18
87 52
64 71
9 17
23 37
47 34
58 61
72 54
93 28
46 96
98 99
85 9
81 35
45 78
34 4
45 37
78 76
88 26
90 74
12 92
21 56
95 42
39 29
68 28
48 100
44 47
36 15
49 54
82 58
7 95
72 35
53 31
25 82
68 63
91 59
27 25
11 59
30 39
83 23
48 1
3 40
43 32
79 55
6 24
25 15
57 16
84 34
29 70
79 56
67 24
71 33
25 60
49 19
7 50
21 8
12 97
55 73
84 22
100 39
69 10
2 91
94 76
25 39 48
58 36 4
38 72 82
47 26 78
23 35 41
70 9 17
47 56 12
9 30 72
85 95 72
58 84 45
46 44 47
56 16 69
14 18 66
52 17 50
84 95 81
95 7 47
84 24 24
52 26 36
95 63 38
81 13 33
19 87 8
75 50 38
98 49 76
45 46 55
86 18 97
24 48 28
72 46 40
85 25 15
83 73 98
36 27 7
44 94 42
38 72 88
62 83 54
20 62 30
61 21 16
17 15 42
85 17 24
3 12 62
35 68 79
47 37 32
84 45 20
59 97 81
31 10 7
41 40 63
58 63 51
31 79 89
22 84 62
63 28 12
86 100 54
43 68 43
6 4 76
100 20 30
38 74 63
53 37 92
6 53 12
39 86 71
6 89 1
36 25 32
49 13 100
99 66 70
4 43 95
48 81 90
30 61 60
3 46 15
48 27 57
43 29 69
57 6 70
61 62 72
41 65 100
61 21 60
63 36 82
62 97 56
61 84 89
16 54 18
53 74 91
75 37 99
60 49 50
84 45 58
5 39 20
68 66 39
72 13 26
10 88 26
66 94 39
28 75 24
17 71 64
24 22 87
7 78 68
90 22 92
42 76 59
42 35 42
83 25 17
5 71 62
66 82 90
9 8 51
34 36 58
80 77 62
19 93 45
76 37 81
5 84 54
58 82 70
93 14 13
84 30 23
1 21 23
61 50 70
90 52 51
47 29 20
96 99 5
50 75 56
98 56 65
49 69 39
53 3 63
70 49 51
72 43 18
43 13 62
27 29 59
97 99 47
46 56 45
51 24 94
17 15 21
3 28 62
12 57 37
37 30 29
11 94 47
5 50 12
9 41 6
15 88 25
62 68 57
23 100 14
27 64 5
49 23 50
47 83 58
39 47 10
70 60 51
49 24 15
24 72 81
2 64 60
4 56 38
30 56 27
24 52 20
6 82 5
30 4 53
12 29 21
90 91 50
29 70 12
36 35 3
45 63 20
29 64 32
84 49 23
72 26 60
96 27 79
97 54 35
100 74 21
91 14 69
33 62 72
39 72 34
65 9 38
97 2 91
82 73 36
84 89 74
6 69 84
60 40 19
75 13 32
18 4 40
42 85 90
52 11 10
66 96 24
96 67 31
24 79 96
76 6 50
46 29 75
77 55 27
55 74 36
38 29 78
59 67 44
32 93 75
33 19 98
94 39 70
83 53 38
96 29 38
23 87 16
67 50 71
46 3 64
65 58 30
54 82 81
47 73 50
30 11 89
24 83 87
38 94 73
26 47 4
6 31 83
62 71 43
31 91 42
58 12 74
10 20 51
65 49 26
58 79 80
59 39 94
40 52 14
72 96 19
35 83 73
64 25 83
76 74 21
38 58 20
57 63 96
99 4 49
43 50 81
3 4 13
82 5 21
61 76 29
11 81 6
64 55 9
7 2 94
94 98 28
88 32 35
42 79 54
69 30 70
68 40 83
68 25 50
51 31 8
89 79 81
16 14 23
11 50 64
30 98 97
12 41 69
89 94 62
70 16 67
6 31 69
22 15 94
35 80 31
35 62 65
18 29 35
74 32 74
53 25 61
30 29 63
69 95 82
35 94 65
50 35 20
17 61 82
47 63 96
64 44 96
84 30 37
39 86 42
5 14 41
76 90 33
75 87 57
72 98 90
12 69 79
58 27 24
49 13 78
58 20 13
2 76 26
52 54 78
59 18 39
81 79 50
50 10 29
99 53 38
65 33 35
95 98 80
87 74 94
76 40 78
37 49 17
19 16 37
45 23 81
47 25 37
64 14 41
9 20 74
5 96 48
27 49 38
13 67 12
43 46 44
28 36 88
71 44 41
57 30 31
85 72 40
12 65 85
54 100 65
25 98 84
77 25 43
36 4 93
31 94 99
4 38 30
10 80 29
67 14 85
1 38 89
6 18 12
32 88 1
72 20 1
86 50 19
70 8 57
73 40 90
82 27 35
11 70 78
47 84 32
93 83 10
37 27 87
97 4 8
63 16 13
66 85 2
30 91 80
64 65 41
10 76 29
15 68 8
78 2 52
15 66 59
30 10 73
96 90 70
83 38 27
9 26 14
71 45 71
51 4 24
32 16 72
9 85 48
40 45 82
67 61 33
40 53 93
70 50 40
99 88 77
20 74 25
86 82 30
79 52 93
100 85 60
32 79 49
74 4 66
62 9 88
10 76 12
67 92 72
69 67 23
96 52 13
83 63 14
83 98 67
40 34 57
26 50 57
87 26 48
71 74 92
49 80 46
84 84 42
93 39 41
55 78 53
43 60 14
2 45 84
23 65 20
65 5 55
97 69 72
89 98 85
69 12 36
93 15 43
18 41 86
100 64 92
53 70 100
65 93 53
30 61 93
68 22 93
7 75 20
4 11 88
94 42 69
19 44 34
86 13 93
94 97 75
23 41 35
84 77 83
33 39 32
45 33 89
75 27 10
77 56 54
94 37 19
13 6 93
9 12 37
78 19 50
64 97 41
56 63 94
36 59 14
31 26 99
80 67 25
81 19 26
95 7 93
57 47 59
63 17 18
44 22 6
34 50 5
48 14 77
16 54 12
31 93 55
66 21 56
55 6 77
83 10 72
9 61 25
32 2 90
65 89 29
71 55 11
62 79 51
38 39 65
44 71 69
43 44 51
37 92 92
83 36 61
97 7 59
17 77 15
47 70 39
26 9 17
21 19 55
77 60 46
61 73 43
74 55 59
81 95 75
17 85 44
2 50 71
43 18 19
6 10 22
93 86 90
60 2 17
82 12 92
64 70 55
44 3 45
42 94 34
96 82 60
38 79 38
85 53 66
40 15 59
83 58 91
3 75 14
70 86 18
96 27 100
46 50 48
74 10 21
26 78 19
77 37 29
20 83 97
14 3 14
2 34 40
7 4 7
48 78 50
21 44 41
98 25 57
20 23 98
9 59 21
24 21 84
8 68 63
64 6 8
43 21 6
72 61 90
9 25 23
44 95 22
27 95 12
42 14 95
53 40 94
6 60 22
50 92 17
51 60 21
27 14 29
47 94 74
26 27 61
59 42 47
17 33 34
66 79 22
18 79 7
77 62 97
79 81 64
30 66 6
29 98 93
68 92 90
15 80 55
71 67 47
23 89 87
22 38 15
13 46 36
4 79 81
41 49 48
44 57 81
40 97 28
14 83 83
40 70 86
52 93 67
54 80 72
2 89 96
58 100 89
40 96 75
75 51 97
11 87 90
66 100 68
12 83 88
14 28 41
15 94 98
95 61 49
16 70 18
69 38 3
73 73 30
56 92 32
93 59 3
32 21 66
37 29 52
52 51 27
39 66 6
17 31 26
69 42 40
47 48 30
53 26 27
1 4 84
76 76 65
2 64 40
85 9 4
