100 120
1 4
18 23
30 46
2 7
75 86
38 58
61 100
58 66
1 12
87 78
49 16
17 39
1 29
18 31
69 86
42 43
16 71
25 65
56 60
49 35
85 94
18 69
72 77
59 40
35 75
15 18
27 82
27 40
30 91
12 15
18 55
21 22
89 31
19 17
82 84
17 73
39 98
4 6
6 41
2 20
90 93
42 80
99 76
39 79
16 26
35 90
16 34
31 47
2 24
16 30
21 59
21 49
8 67
13 42
12 17
47 38
16 65
31 97
38 81
1 63
38 89
2 8
1 35
4 81
1 3
17 78
47 74
7 51
4 9
98 34
8 14
2 11
66 55
11 16
16 70
40 25
44 85
21 37
38 62
4 56
34 57
65 95
1 2
66 88
9 2
3 36
39 96
20 33
6 13
1 87
69 72
13 27
73 16
18 38
45 76
8 28
25 53
28 77
10 52
38 45
24 86
16 61
11 19
12 48
16 25
62 92
40 93
1 64
14 32
1 54
27 99
62 15
10 68
1 5
31 1
26 44
7 10
31 50
60 83
6 21
50
23 116
10 90
84 111
38 87
113 114
54 96
107 112
47 58
40 85
8 114
46 90
68 102
54 68
32 105
12 77
72 82
86 110
15 37
105 110
62 72
81 111
91 99
72 109
15 65
92 103
33 99
8 117
118 119
52 54
35 68
55 97
50 72
21 37
81 96
27 73
3 61
26 55
109 114
104 109
96 118
89 116
57 86
69 92
70 85
39 47
44 115
83 93
60 102
47 50
117 120
0 0
