15 3
10 16 26 18 26 10 16 16 22 30 13 17 11 1 29
7 6 18 29 11 19 23 14 11 16 5 20 25 18 22
10 28 14 4 0 3 30 10 13 14 26 5 28 4 4
20 13 3 21 6 16 9 2 16 27 3 13 0 14 0
19 19 7 26 6 18 2 23 24 22 29 24 25 24 7
11 25 17 0 9 18 19 20 3 0 30 17 20 11 17
17 26 21 0 18 4 5 13 26 11 12 0 27 13 24
15 2 24 12 8 7 9 27 25 5 13 20 21 15 30
30 19 9 13 14 12 2 24 1 8 27 18 11 4 0
16 18 27 23 4 3 2 7 22 1 25 22 15 28 5
23 19 26 5 27 24 30 25 27 11 16 26 26 2 28
17 7 7 27 26 6 19 0 29 15 30 22 21 8 29
18 18 16 20 27 11 8 29 26 12 19 10 22 25 8
1 23 23 21 22 18 28 10 0 13 13 29 8 9 27
7 12 22 26 5 17 9 13 10 13 27 8 21 12 0
