50 10
616 316 14 326 40 734 595 587 754 381 950 656 76 421 444 81 358 624 856 217 319 418 372 72 957 128 365 373 984 728 270 398 769 276 899 203 406 197 286 577 264 987 565 16 282 942 378 389 862 37
307 840 83 849 630 217 612 324 453 119 768 195 428 290 793 795 818 848 629 474 188 704 272 929 211 75 11 223 560 658 627 453 301 103 757 774 935 838 678 590 613 649 206 956 336 431 613 576 590 605
144 414 832 111 786 154 234 733 171 9 104 201 723 726 750 202 42 485 799 658 956 501 570 946 50 668 265 734 52 141 791 959 602 418 785 806 135 80 81 599 63 946 616 88 159 94 1000 121 397 350
769 105 166 368 345 787 405 756 255 142 694 898 908 460 804 618 8 238 834 510 12 635 803 416 43 857 50 808 130 409 804 392 546 598 366 871 349 316 632 463 697 47 861 311 264 245 743 822 955 800
592 325 516 450 499 360 669 944 838 26 719 252 130 965 3 204 147 167 539 80 10 744 976 972 389 268 619 437 454 221 942 659 171 12 123 794 411 985 704 483 791 924 953 885 121 827 964 140 445 708
98 37 465 156 869 838 823 212 775 451 289 897 816 364 131 975 219 254 323 449 389 913 216 929 818 888 587 68 557 384 271 538 345 894 362 151 575 87 486 157 356 127 926 727 491 585 66 425 614 542
93 719 305 357 191 910 346 670 192 438 691 218 956 223 277 779 77 603 639 288 766 14 489 166 99 169 304 319 529 918 486 503 64 820 298 204 137 121 716 26 252 251 526 834 625 601 4 683 755 475
13 730 35 98 908 2 368 867 673 67 767 70 825 159 499 290 901 800 667 661 686 746 219 654 701 537 402 433 731 663 356 58 176 304 875 563 893 260 333 169 701 622 914 961 943 687 494 318 844 492
736 768 526 974 569 689 593 877 8 180 221 775 283 227 704 134 339 268 693 61 489 618 24 23 177 522 41 621 389 688 5 243 88 633 861 16 244 682 387 468 329 855 330 265 779 50 714 903 286 956
155 863 787 286 241 445 607 917 48 173 186 644 971 244 40 217 176 654 58 179 874 159 653 690 459 986 154 941 31 982 890 21 370 67 992 194 440 312 346 297 260 46 903 272 190 860 762 924 770 483
537 961 309 361 33 156 131 360 227 274 0 686 325 23 140 570 887 489 674 60 911 981 431 361 622 673 392 222 671 167 776 58 974 559 471 208 573 79 181 174 246 990 4 503 470 866 864 916 204 364
942 912 539 523 99 196 983 757 305 970 777 794 258 322 970 13 146 462 705 757 687 795 667 25 445 33 230 398 674 789 270 226 806 200 757 43 98 636 924 375 904 147 539 620 980 999 669 792 29 375
212 59 595 944 979 639 334 279 84 810 699 321 237 819 979 23 892 167 613 845 859 365 851 111 595 879 599 955 388 524 400 557 324 354 891 260 192 311 781 780 708 800 124 466 183 636 568 429 819 986
193 335 545 779 916 751 758 574 946 560 215 318 81 431 451 823 463 580 981 974 545 366 759 550 261 849 987 841 975 385 768 39 601 726 270 694 220 960 50 618 123 915 958 189 516 114 291 252 810 747
486 577 757 714 261 947 915 658 48 482 320 335 299 366 343 125 199 16 604 395 424 656 418 122 88 702 804 723 294 22 751 95 146 430 180 87 538 670 103 541 657 958 49 637 94 609 923 786 640 479
453 646 640 8 217 815 200 57 897 397 335 676 66 30 991 64 124 482 601 411 238 55 507 343 591 315 264 318 343 976 529 934 250 272 526 250 303 850 592 334 675 751 528 916 836 318 328 901 681 585
29 106 899 663 797 721 937 189 603 969 421 445 698 265 656 775 202 612 749 500 292 500 196 935 294 764 172 922 318 365 487 413 872 776 161 403 286 540 83 241 906 363 968 772 35 881 607 118 385 294
702 511 181 1 858 880 25 378 84 942 431 172 415 484 461 213 450 935 272 31 33 194 652 852 441 393 909 631 309 986 68 181 887 714 207 819 316 614 575 824 293 662 696 626 709 524 537 412 676 402
160 26 584 354 415 252 38 497 207 561 656 185 571 304 913 148 995 419 144 196 583 847 804 557 55 909 558 118 251 108 686 602 579 907 308 887 72 382 823 960 57 656 371 749 873 700 92 87 203 687
958 24 426 22 321 879 765 563 598 330 141 274 713 865 155 330 265 678 976 940 309 710 992 724 383 85 258 962 698 446 647 969 99 751 153 98 462 775 307 278 52 438 330 557 276 504 555 845 988 855
661 777 180 378 857 162 31 225 565 431 881 830 563 708 244 327 35 577 989 205 981 827 885 258 339 703 494 548 640 684 553 366 820 367 974 800 5 718 213 679 230 49 370 507 293 727 698 292 643 16
97 978 659 749 140 653 150 90 868 544 212 533 791 157 801 128 478 458 17 907 610 36 977 768 331 867 409 63 748 771 17 963 230 990 810 117 994 861 999 725 572 902 361 501 523 869 963 796 60 257
936 910 546 838 503 637 911 277 6 966 970 109 146 691 648 145 823 367 293 522 801 811 271 834 429 761 540 902 657 863 314 129 711 486 294 933 50 873 484 399 725 762 630 582 494 952 365 277 932 470
640 586 543 433 770 652 787 935 130 258 829 728 636 764 361 814 562 587 181 828 208 985 39 356 711 399 475 888 796 803 124 24 549 982 494 268 806 281 411 999 279 488 764 174 396 569 537 773 972 445
543 922 647 230 905 232 746 132 743 480 794 887 757 652 36 646 815 14 965 834 681 194 682 737 667 564 180 684 723 640 751 707 239 797 806 871 587 270 602 750 52 930 43 342 750 893 315 675 942 567
492 926 604 946 310 9 322 837 44 715 751 439 362 566 488 754 945 673 239 978 790 786 267 95 519 754 412 844 526 14 31 931 39 872 45 397 439 212 697 186 414 746 125 452 667 186 734 896 869 898
496 324 605 426 852 204 719 981 674 984 307 770 344 960 217 219 199 13 667 82 449 297 815 312 398 448 840 962 686 59 656 25 895 578 594 549 90 300 937 806 630 717 521 192 65 393 544 906 882 214
19 16 675 261 738 680 824 521 296 196 136 303 505 406 478 86 945 644 42 458 542 430 162 870 253 460 884 572 468 737 844 876 629 136 761 622 68 767 43 583 746 332 9 57 634 32 79 591 468 787
244 338 219 811 201 399 403 569 708 713 166 992 822 923 213 337 258 28 456 410 656 522 728 942 870 17 175 810 928 296 169 183 628 144 792 702 635 70 507 21 699 105 862 755 328 333 701 793 391 960
488 81 967 91 876 908 856 95 563 262 106 742 187 927 320 756 749 277 833 820 0 451 100 894 962 781 552 22 841 389 96 927 245 696 915 27 567 940 695 295 493 823 404 215 939 432 216 75 203 276
629 994 498 238 594 820 30 359 239 567 332 906 521 668 480 639 230 692 496 129 875 311 706 335 780 709 539 387 312 14 435 884 814 832 6 660 738 57 278 426 329 268 621 888 362 988 405 674 322 655
33 284 330 657 341 740 871 501 833 789 873 460 205 298 485 30 652 315 995 193 751 135 442 850 74 729 554 3 979 3 413 885 592 13 632 375 669 197 205 579 622 206 410 102 726 409 760 189 678 956
399 684 546 115 631 25 317 562 817 972 566 22 473 473 644 981 624 303 118 245 890 429 842 131 632 139 6 734 904 998 428 450 28 459 421 209 328 474 540 257 915 209 284 368 541 214 783 936 153 648
79 722 738 89 810 746 429 660 648 70 905 792 748 334 509 117 446 297 601 851 48 510 30 705 306 453 283 754 360 598 531 505 388 401 634 565 459 609 550 944 506 101 228 470 772 210 973 477 46 394
281 503 57 979 341 558 628 527 887 395 26 702 879 939 426 772 573 97 692 160 242 439 241 220 582 121 999 873 302 122 585 133 996 218 850 189 270 672 553 191 392 821 795 782 470 995 707 137 770 930
98 135 429 44 707 952 323 421 202 782 400 144 421 640 103 386 521 199 436 368 829 304 148 283 693 142 215 839 811 641 741 48 839 210 126 481 732 925 448 302 940 292 750 204 975 295 643 178 824 253
289 465 980 905 196 268 18 536 775 495 142 900 825 576 875 906 523 451 34 301 808 764 252 248 546 404 150 444 789 178 241 980 826 683 390 710 19 429 38 138 643 620 315 847 93 760 574 393 570 488
261 792 789 149 912 935 745 429 56 554 778 148 700 906 71 980 43 33 824 611 747 192 362 408 698 105 930 54 761 930 825 538 667 643 102 61 121 484 764 913 190 574 780 977 287 649 40 133 406 150
970 171 94 107 923 685 425 93 162 424 395 391 737 222 387 698 466 948 148 540 29 464 38 708 542 688 126 364 865 710 710 107 160 416 927 693 746 734 958 818 1000 432 352 7 379 132 500 669 903 603
63 113 136 464 67 522 751 420 322 911 392 298 395 327 176 648 203 69 68 210 615 897 801 181 225 385 689 961 120 334 762 709 445 254 197 103 72 463 877 945 891 183 724 553 961 110 51 473 696 690
80 710 169 930 809 497 444 683 988 571 560 337 799 104 473 467 824 328 431 140 921 962 738 237 175 661 88 94 850 883 954 867 696 622 469 135 199 260 605 885 744 415 533 319 452 724 850 560 637 146
238 678 151 214 175 923 449 572 277 47 898 703 88 424 762 209 426 104 167 190 626 519 964 906 25 242 694 124 545 81 384 374 772 183 142 370 487 413 488 339 34 577 180 291 124 866 418 321 274 722
54 197 595 473 357 926 269 957 889 863 819 785 80 772 700 995 152 860 572 235 237 572 571 542 383 821 360 642 74 920 334 662 42 808 391 559 828 867 954 27 935 858 687 71 289 726 802 81 217 506
774 905 608 610 871 215 157 97 464 563 617 328 369 252 520 782 887 154 529 107 874 983 438 343 973 195 952 621 777 899 69 529 618 243 931 833 492 544 519 24 683 343 258 821 585 25 633 549 70 154
120 401 461 607 964 905 608 106 442 283 867 316 24 622 150 321 841 453 121 305 853 433 934 199 135 445 431 857 350 748 385 731 50 661 597 394 125 413 541 929 712 451 326 786 507 115 932 127 839 834
45 629 775 228 795 474 147 338 151 417 658 75 100 786 33 887 244 89 344 508 721 328 456 37 597 566 395 942 616 790 410 879 751 817 953 442 471 835 152 153 159 389 591 398 215 622 974 559 593 324
94 543 856 883 530 674 908 405 467 752 83 600 688 940 573 310 923 42 65 73 312 345 857 219 176 905 808 136 138 856 208 814 531 625 910 371 762 917 997 292 25 300 449 324 412 552 758 832 960 216
216 668 707 691 759 666 100 589 641 656 817 64 52 13 525 507 503 295 135 453 755 361 214 247 347 102 268 520 458 675 346 53 688 84 164 830 295 883 633 268 505 26 572 134 367 437 133 866 108 62
238 789 439 444 980 323 563 895 880 269 81 532 619 75 341 399 886 423 986 210 473 684 771 155 685 872 199 895 613 886 911 859 512 836 535 417 837 773 103 830 26 432 35 315 696 283 62 625 197 241
72 706 185 466 543 748 174 746 799 672 263 934 635 29 305 408 791 799 52 896 597 668 285 71 789 387 191 905 522 961 835 523 988 114 259 139 83 182 571 612 421 320 312 890 939 753 5 819 348 991
