7
15
10 12 11 9 7 5 2 4 6 3 1 8 15 13 14 
8
7 2 4 1 6 3 8 5 
100
100 2 98 1 97 96 4 3 95 94 6 5 93 92 8 7 91 90 10 9 89 88 12 11 87 86 14 13 85 84 16 15 83 82 18 17 81 80 20 19 79 78 22 21 77 76 24 23 75 74 26 25 73 72 28 27 71 70 30 29 69 68 32 31 67 66 34 33 65 64 36 35 63 62 38 37 61 60 40 39 59 58 42 41 57 56 44 43 55 54 46 45 53 52 48 47 51 50 99 49
200
200 2 198 1 197 196 4 3 195 194 6 5 193 192 8 7 191 190 10 9 189 188 12 11 187 186 14 13 185 184 16 15 183 182 18 17 181 180 20 19 179 178 22 21 177 176 24 23 175 174 26 25 173 172 28 27 171 170 30 29 169 168 32 31 167 166 34 33 165 164 36 35 163 162 38 37 161 160 40 39 159 158 42 41 157 156 44 43 155 154 46 45 153 152 48 47 151 150 50 49 149 148 52 51 147 146 54 53 145 144 56 55 143 142 58 57 141 140 60 59 139 138 62 61 137 136 64 63 135 134 66 65 133 132 68 67 131 130 70 69 129 128 72 71 127 126 74 73 125 124 76 75 123 122 78 77 121 120 80 79 119 118 82 81 117 116 84 83 115 114 86 85 113 112 88 87 111 110 90 89 109 108 92 91 107 106 94 93 105 104 96 95 103 102 98 97 101 100 199 99
400
400 2 398 1 397 396 4 3 395 394 6 5 393 392 8 7 391 390 10 9 389 388 12 11 387 386 14 13 385 384 16 15 383 382 18 17 381 380 20 19 379 378 22 21 377 376 24 23 375 374 26 25 373 372 28 27 371 370 30 29 369 368 32 31 367 366 34 33 365 364 36 35 363 362 38 37 361 360 40 39 359 358 42 41 357 356 44 43 355 354 46 45 353 352 48 47 351 350 50 49 349 348 52 51 347 346 54 53 345 344 56 55 343 342 58 57 341 340 60 59 339 338 62 61 337 336 64 63 335 334 66 65 333 332 68 67 331 330 70 69 329 328 72 71 327 326 74 73 325 324 76 75 323 322 78 77 321 320 80 79 319 318 82 81 317 316 84 83 315 314 86 85 313 312 88 87 311 310 90 89 309 308 92 91 307 306 94 93 305 304 96 95 303 302 98 97 301 300 100 99 299 298 102 101 297 296 104 103 295 294 106 105 293 292 108 107 291 290 110 109 289 288 112 111 287 286 114 113 285 284 116 115 283 282 118 117 281 280 120 119 279 278 122 121 277 276 124 123 275 274 126 125 273 272 128 127 271 270 130 129 269 268 132 131 267 266 134 133 265 264 136 135 263 262 138 137 261 260 140 139 259 258 142 141 257 256 144 143 255 254 146 145 253 252 148 147 251 250 150 149 249 248 152 151 247 246 154 153 245 244 156 155 243 242 158 157 241 240 160 159 239 238 162 161 237 236 164 163 235 234 166 165 233 232 168 167 231 230 170 169 229 228 172 171 227 226 174 173 225 224 176 175 223 222 178 177 221 220 180 179 219 218 182 181 217 216 184 183 215 214 186 185 213 212 188 187 211 210 190 189 209 208 192 191 207 206 194 193 205 204 196 195 203 202 198 197 201 200 399 199
800
800 2 798 1 797 796 4 3 795 794 6 5 793 792 8 7 791 790 10 9 789 788 12 11 787 786 14 13 785 784 16 15 783 782 18 17 781 780 20 19 779 778 22 21 777 776 24 23 775 774 26 25 773 772 28 27 771 770 30 29 769 768 32 31 767 766 34 33 765 764 36 35 763 762 38 37 761 760 40 39 759 758 42 41 757 756 44 43 755 754 46 45 753 752 48 47 751 750 50 49 749 748 52 51 747 746 54 53 745 744 56 55 743 742 58 57 741 740 60 59 739 738 62 61 737 736 64 63 735 734 66 65 733 732 68 67 731 730 70 69 729 728 72 71 727 726 74 73 725 724 76 75 723 722 78 77 721 720 80 79 719 718 82 81 717 716 84 83 715 714 86 85 713 712 88 87 711 710 90 89 709 708 92 91 707 706 94 93 705 704 96 95 703 702 98 97 701 700 100 99 699 698 102 101 697 696 104 103 695 694 106 105 693 692 108 107 691 690 110 109 689 688 112 111 687 686 114 113 685 684 116 115 683 682 118 117 681 680 120 119 679 678 122 121 677 676 124 123 675 674 126 125 673 672 128 127 671 670 130 129 669 668 132 131 667 666 134 133 665 664 136 135 663 662 138 137 661 660 140 139 659 658 142 141 657 656 144 143 655 654 146 145 653 652 148 147 651 650 150 149 649 648 152 151 647 646 154 153 645 644 156 155 643 642 158 157 641 640 160 159 639 638 162 161 637 636 164 163 635 634 166 165 633 632 168 167 631 630 170 169 629 628 172 171 627 626 174 173 625 624 176 175 623 622 178 177 621 620 180 179 619 618 182 181 617 616 184 183 615 614 186 185 613 612 188 187 611 610 190 189 609 608 192 191 607 606 194 193 605 604 196 195 603 602 198 197 601 600 200 199 599 598 202 201 597 596 204 203 595 594 206 205 593 592 208 207 591 590 210 209 589 588 212 211 587 586 214 213 585 584 216 215 583 582 218 217 581 580 220 219 579 578 222 221 577 576 224 223 575 574 226 225 573 572 228 227 571 570 230 229 569 568 232 231 567 566 234 233 565 564 236 235 563 562 238 237 561 560 240 239 559 558 242 241 557 556 244 243 555 554 246 245 553 552 248 247 551 550 250 249 549 548 252 251 547 546 254 253 545 544 256 255 543 542 258 257 541 540 260 259 539 538 262 261 537 536 264 263 535 534 266 265 533 532 268 267 531 530 270 269 529 528 272 271 527 526 274 273 525 524 276 275 523 522 278 277 521 520 280 279 519 518 282 281 517 516 284 283 515 514 286 285 513 512 288 287 511 510 290 289 509 508 292 291 507 506 294 293 505 504 296 295 503 502 298 297 501 500 300 299 499 498 302 301 497 496 304 303 495 494 306 305 493 492 308 307 491 490 310 309 489 488 312 311 487 486 314 313 485 484 316 315 483 482 318 317 481 480 320 319 479 478 322 321 477 476 324 323 475 474 326 325 473 472 328 327 471 470 330 329 469 468 332 331 467 466 334 333 465 464 336 335 463 462 338 337 461 460 340 339 459 458 342 341 457 456 344 343 455 454 346 345 453 452 348 347 451 450 350 349 449 448 352 351 447 446 354 353 445 444 356 355 443 442 358 357 441 440 360 359 439 438 362 361 437 436 364 363 435 434 366 365 433 432 368 367 431 430 370 369 429 428 372 371 427 426 374 373 425 424 376 375 423 422 378 377 421 420 380 379 419 418 382 381 417 416 384 383 415 414 386 385 413 412 388 387 411 410 390 389 409 408 392 391 407 406 394 393 405 404 396 395 403 402 398 397 401 400 799 399
1000
1000 2 998 1 997 996 4 3 995 994 6 5 993 992 8 7 991 990 10 9 989 988 12 11 987 986 14 13 985 984 16 15 983 982 18 17 981 980 20 19 979 978 22 21 977 976 24 23 975 974 26 25 973 972 28 27 971 970 30 29 969 968 32 31 967 966 34 33 965 964 36 35 963 962 38 37 961 960 40 39 959 958 42 41 957 956 44 43 955 954 46 45 953 952 48 47 951 950 50 49 949 948 52 51 947 946 54 53 945 944 56 55 943 942 58 57 941 940 60 59 939 938 62 61 937 936 64 63 935 934 66 65 933 932 68 67 931 930 70 69 929 928 72 71 927 926 74 73 925 924 76 75 923 922 78 77 921 920 80 79 919 918 82 81 917 916 84 83 915 914 86 85 913 912 88 87 911 910 90 89 909 908 92 91 907 906 94 93 905 904 96 95 903 902 98 97 901 900 100 99 899 898 102 101 897 896 104 103 895 894 106 105 893 892 108 107 891 890 110 109 889 888 112 111 887 886 114 113 885 884 116 115 883 882 118 117 881 880 120 119 879 878 122 121 877 876 124 123 875 874 126 125 873 872 128 127 871 870 130 129 869 868 132 131 867 866 134 133 865 864 136 135 863 862 138 137 861 860 140 139 859 858 142 141 857 856 144 143 855 854 146 145 853 852 148 147 851 850 150 149 849 848 152 151 847 846 154 153 845 844 156 155 843 842 158 157 841 840 160 159 839 838 162 161 837 836 164 163 835 834 166 165 833 832 168 167 831 830 170 169 829 828 172 171 827 826 174 173 825 824 176 175 823 822 178 177 821 820 180 179 819 818 182 181 817 816 184 183 815 814 186 185 813 812 188 187 811 810 190 189 809 808 192 191 807 806 194 193 805 804 196 195 803 802 198 197 801 800 200 199 799 798 202 201 797 796 204 203 795 794 206 205 793 792 208 207 791 790 210 209 789 788 212 211 787 786 214 213 785 784 216 215 783 782 218 217 781 780 220 219 779 778 222 221 777 776 224 223 775 774 226 225 773 772 228 227 771 770 230 229 769 768 232 231 767 766 234 233 765 764 236 235 763 762 238 237 761 760 240 239 759 758 242 241 757 756 244 243 755 754 246 245 753 752 248 247 751 750 250 249 749 748 252 251 747 746 254 253 745 744 256 255 743 742 258 257 741 740 260 259 739 738 262 261 737 736 264 263 735 734 266 265 733 732 268 267 731 730 270 269 729 728 272 271 727 726 274 273 725 724 276 275 723 722 278 277 721 720 280 279 719 718 282 281 717 716 284 283 715 714 286 285 713 712 288 287 711 710 290 289 709 708 292 291 707 706 294 293 705 704 296 295 703 702 298 297 701 700 300 299 699 698 302 301 697 696 304 303 695 694 306 305 693 692 308 307 691 690 310 309 689 688 312 311 687 686 314 313 685 684 316 315 683 682 318 317 681 680 320 319 679 678 322 321 677 676 324 323 675 674 326 325 673 672 328 327 671 670 330 329 669 668 332 331 667 666 334 333 665 664 336 335 663 662 338 337 661 660 340 339 659 658 342 341 657 656 344 343 655 654 346 345 653 652 348 347 651 650 350 349 649 648 352 351 647 646 354 353 645 644 356 355 643 642 358 357 641 640 360 359 639 638 362 361 637 636 364 363 635 634 366 365 633 632 368 367 631 630 370 369 629 628 372 371 627 626 374 373 625 624 376 375 623 622 378 377 621 620 380 379 619 618 382 381 617 616 384 383 615 614 386 385 613 612 388 387 611 610 390 389 609 608 392 391 607 606 394 393 605 604 396 395 603 602 398 397 601 600 400 399 599 598 402 401 597 596 404 403 595 594 406 405 593 592 408 407 591 590 410 409 589 588 412 411 587 586 414 413 585 584 416 415 583 582 418 417 581 580 420 419 579 578 422 421 577 576 424 423 575 574 426 425 573 572 428 427 571 570 430 429 569 568 432 431 567 566 434 433 565 564 436 435 563 562 438 437 561 560 440 439 559 558 442 441 557 556 444 443 555 554 446 445 553 552 448 447 551 550 450 449 549 548 452 451 547 546 454 453 545 544 456 455 543 542 458 457 541 540 460 459 539 538 462 461 537 536 464 463 535 534 466 465 533 532 468 467 531 530 470 469 529 528 472 471 527 526 474 473 525 524 476 475 523 522 478 477 521 520 480 479 519 518 482 481 517 516 484 483 515 514 486 485 513 512 488 487 511 510 490 489 509 508 492 491 507 506 494 493 505 504 496 495 503 502 498 497 501 500 999 499
