100
10
68 7
24 84
19 88
23 90
56 17
90 71
64 39
13 80
26 25
51 99
94 96
67 27
9 56
93 36
90 66
24 41
24 57
45 48
89 95
63 19
89 44
82 53
84 5
29 47
45 10
57 79
5 90
46 23
10 65
31 38
78 99
8 54
53 54
100 52
22 94
37 62
14 10
14 19
65 50
59 94
73 61
51 15
89 29
46 48
85 98
48 28
81 14
19 55
58 86
79 18
32 79
41 67
85 45
46 54
100 1
14 4
70 24
4 16
63 10
7 49
76 47
12 7
13 9
46 31
100 71
1 24
90 31
28 41
95 27
79 73
29 46
69 92
7 50
60 72
73 21
67 18
24 48
8 31
13 37
59 53
28 12
95 59
100 70
96 74
98 46
91 74
18 26
28 11
34 76
97 87
4 6
6 15
45 80
68 13
66 9
21 78
36 93
62 67
40 87
84 9
