400 380
24378
184862
102027
63020
120610
91449
122765
45223
44956
194093
15347
192369
69340
139573
143494
79776
55847
85785
24640
8300
34023
81294
176955
155203
120859
85122
2133
37509
198043
34676
116679
125485
187645
129878
45923
99614
20475
157291
48466
181653
181575
157972
130651
162420
70286
178037
68896
97886
120071
16337
100175
30652
92580
86773
126590
24044
64581
184444
158139
57004
153467
129064
178543
33899
131450
52839
142980
6776
129833
103573
125127
8862
68332
100438
135853
55988
11293
166053
189917
13765
69342
173816
143097
57734
63807
106596
44261
104234
150047
187620
119294
72691
67928
185743
41579
94485
132449
137262
52630
127057
189397
90249
22637
9861
100514
143374
21178
34858
165734
746
80613
150190
78356
132101
46896
101402
199746
151249
33531
98041
56068
96088
23544
10839
39305
4368
141695
20251
142280
78140
175379
193134
192533
66339
29043
31548
157886
72790
15415
64395
78422
22353
19875
15894
1962
150650
15193
139423
145262
85449
186200
134175
18777
76174
172413
126403
2586
21091
115983
86098
173881
111593
168456
131137
7212
34828
158879
39695
107604
178043
44735
21757
119803
191812
83548
193572
75926
79537
94969
34817
5710
74684
89467
195041
11496
86199
169901
39738
92255
180293
156170
101577
41701
20287
21629
121008
14376
105850
184151
43471
186032
91826
76668
86130
181535
81635
84205
22392
21600
90262
119958
162234
80997
70031
105747
163519
53502
154365
196537
105367
196081
69600
59721
28183
155826
14647
193173
13890
62697
38140
87985
89485
159467
130953
49234
111002
13483
180077
58582
175069
54497
132358
164193
41350
166045
31262
125139
189280
147707
7422
118594
12759
313
18184
78605
141176
70005
189843
105990
6544
39757
168788
40924
25369
163770
37914
85234
78469
102124
8559
2670
29435
96775
15760
5704
77314
117673
188227
90557
74632
147240
150123
132448
119155
26289
58340
65706
35934
83588
58556
103896
72807
159622
31253
199888
132890
122900
23216
91693
135564
190342
152400
154454
134574
93621
18975
100386
108206
187880
40509
195515
179900
50939
95447
44108
14410
158439
50341
18900
178842
197362
59539
168052
52065
66832
161677
29780
130592
46358
8504
44457
112626
138652
104803
124318
71461
133548
123019
166005
59538
23531
195387
54563
148328
27743
45618
83890
17883
163700
70586
122784
102703
123301
141939
93558
94777
56789
193461
47763
45969
105537
170466
57957
23695
27810
24151
173107
8150
72594
171136
76372
5786
32455
144043
146394
150525
69998
123894
156254
107343
102342
163016
188061
146688
48224
125414
26206
165013
112559
140138
90180
57174
188974
85509
140120
48943
2843
104562
137832
49490
