7
3
84 111 178
56
14 181 182 15 65 67 153 184 24 98 7 183 17 184 78 71 98 88 30 68 80 102 48 76 66 199 131 57 16 149 27 134 6 49 99 89 174 135 96 108 109 19 132 144 188 3 6 158 139 63 43 94 99 41 179 107
37
177 139 9 100 161 101 74 34 11 178 83 200 100 96 176 150 179 116 150 179 179 127 161 194 133 131 105 4 129 144 132 49 100 129 79 11 187
15
28 144 24 100 130 25 118 154 3 118 187 194 17 80 21
6
195 95 60 66 136 45
36
57 6 81 121 93 77 45 134 154 119 46 56 49 105 79 104 54 187 20 166 76 182 182 100 104 182 41 8 106 149 37 171 124 24 136 188
1
65
59
121 86 25 180 95 111 177 113 89 171 102 52 182 98 56 187 25 59 191 16 66 164 136 199 164 4 123 160 131 124 145 103 181 27 126 174 157 51 62 135 139 27 39 10 104 13 99 65 104 81 194 77 74 138 43 152 106 45 130
5
12 151 54 197 73
24
163 127 182 52 84 5 29 93 150 191 42 78 46 8 29 158 137 102 91 124 67 177 175 118
1
175
57
47 66 108 48 85 123 4 8 131 149 137 136 153 128 49 95 51 101 54 23 143 145 162 168 66 58 173 145 126 78 78 198 35 124 128 97 91 82 62 41 102 50 194 47 17 18 93 103 2 13 109 182 75 129 65 54 168
4
88 151 128 118
6
190 50 73 102 98 110
