50 128
1 10 7
1 23 13
1 28 69
1 33 78
1 37 80
2 7 18
3 7 6
3 9 90
3 16 18
3 25 69
3 45 74
3 48 14
4 5 10
4 46 56
5 21 13
5 29 40
5 36 84
5 40 95
6 26 18
6 29 52
6 35 26
6 43 15
7 31 47
7 34 24
7 41 49
7 43 98
8 19 88
8 31 86
8 37 14
8 39 84
8 42 100
8 45 6
8 46 22
8 49 17
9 19 28
9 24 94
9 44 31
10 11 51
10 13 72
10 21 54
10 36 37
10 47 26
10 49 80
11 17 23
11 20 92
11 25 9
11 32 53
12 29 98
12 45 31
12 47 90
13 27 16
13 42 71
13 45 90
14 28 82
15 33 34
15 35 75
15 40 8
15 45 9
15 46 81
15 47 56
16 18 42
16 42 29
17 35 41
17 44 59
17 47 56
18 19 3
18 35 66
18 36 8
18 38 67
19 24 72
19 27 80
19 37 48
20 21 94
20 39 58
20 45 40
21 30 93
22 29 19
22 38 91
22 46 42
23 27 8
23 29 26
23 30 18
23 40 23
23 41 78
23 42 61
24 28 90
24 31 84
24 36 9
25 34 62
26 33 77
26 34 5
26 42 56
26 46 5
27 37 34
27 38 5
27 46 91
28 29 66
28 37 34
28 46 6
29 50 59
30 34 64
30 37 95
31 42 98
31 45 31
31 47 30
31 48 32
31 50 53
32 40 91
32 41 79
33 36 15
34 39 84
35 42 90
35 45 51
35 47 89
35 49 5
37 39 67
37 41 56
38 48 10
39 43 27
40 47 3
40 48 80
41 43 45
41 48 65
41 50 91
42 50 20
43 44 71
44 47 52
45 46 10
