50 1225
1 2 10
1 3 90
1 4 56
1 5 36
1 6 89
1 7 47
1 8 69
1 9 64
1 10 95
1 11 17
1 12 38
1 13 49
1 14 58
1 15 54
1 16 17
1 17 89
1 18 5
1 19 92
1 20 51
1 21 3
1 22 1
1 23 33
1 24 19
1 25 38
1 26 64
1 27 7
1 28 20
1 29 49
1 30 35
1 31 10
1 32 60
1 33 44
1 34 100
1 35 16
1 36 80
1 37 88
1 38 62
1 39 48
1 40 52
1 41 56
1 42 65
1 43 89
1 44 5
1 45 22
1 46 43
1 47 22
1 48 11
1 49 47
1 50 14
2 3 62
2 4 49
2 5 14
2 6 94
2 7 67
2 8 52
2 9 58
2 10 73
2 11 71
2 12 7
2 13 8
2 14 81
2 15 67
2 16 52
2 17 80
2 18 82
2 19 31
2 20 68
2 21 44
2 22 79
2 23 19
2 24 99
2 25 44
2 26 8
2 27 4
2 28 66
2 29 50
2 30 26
2 31 76
2 32 96
2 33 39
2 34 37
2 35 44
2 36 53
2 37 31
2 38 11
2 39 4
2 40 89
2 41 84
2 42 75
2 43 96
2 44 92
2 45 55
2 46 62
2 47 43
2 48 34
2 49 44
2 50 73
3 4 1
3 5 87
3 6 52
3 7 19
3 8 86
3 9 95
3 10 26
3 11 90
3 12 60
3 13 76
3 14 15
3 15 35
3 16 71
3 17 53
3 18 72
3 19 15
3 20 6
3 21 3
3 22 25
3 23 9
3 24 92
3 25 9
3 26 83
3 27 87
3 28 100
3 29 37
3 30 49
3 31 42
3 32 70
3 33 92
3 34 15
3 35 71
3 36 79
3 37 66
3 38 90
3 39 65
3 40 61
3 41 15
3 42 54
3 43 20
3 44 91
3 45 68
3 46 55
3 47 61
3 48 21
3 49 27
3 50 75
4 5 27
4 6 29
4 7 100
4 8 35
4 9 21
4 10 9
4 11 18
4 12 8
4 13 8
4 14 55
4 15 56
4 16 50
4 17 25
4 18 48
4 19 65
4 20 95
4 21 27
4 22 30
4 23 84
4 24 91
4 25 91
4 26 99
4 27 44
4 28 10
4 29 89
4 30 12
4 31 64
4 32 50
4 33 33
4 34 90
4 35 24
4 36 59
4 37 19
4 38 24
4 39 93
4 40 40
4 41 32
4 42 11
4 43 47
4 44 40
4 45 65
4 46 3
4 47 90
4 48 89
4 49 50
4 50 54
5 6 83
5 7 76
5 8 84
5 9 67
5 10 66
5 11 74
5 12 65
5 13 10
5 14 84
5 15 54
5 16 21
5 17 47
5 18 3
5 19 54
5 20 37
5 21 27
5 22 12
5 23 56
5 24 50
5 25 5
5 26 96
5 27 82
5 28 15
5 29 42
5 30 22
5 31 80
5 32 44
5 33 11
5 34 68
5 35 94
5 36 65
5 37 51
5 38 70
5 39 48
5 40 18
5 41 36
5 42 22
5 43 83
5 44 45
5 45 5
5 46 36
5 47 66
5 48 52
5 49 38
5 50 19
6 7 89
6 8 64
6 9 31
6 10 45
6 11 14
6 12 35
6 13 40
6 14 96
6 15 50
6 16 82
6 17 17
6 18 29
6 19 25
6 20 28
6 21 97
6 22 19
6 23 92
6 24 48
6 25 88
6 26 40
6 27 65
6 28 24
6 29 61
6 30 47
6 31 68
6 32 66
6 33 83
6 34 34
6 35 18
6 36 20
6 37 52
6 38 7
6 39 84
6 40 82
6 41 51
6 42 98
6 43 17
6 44 91
6 45 93
6 46 66
6 47 72
6 48 10
6 49 95
6 50 97
7 8 37
7 9 91
7 10 15
7 11 28
7 12 38
7 13 3
7 14 67
7 15 3
7 16 26
7 17 28
7 18 49
7 19 94
7 20 94
7 21 31
7 22 27
7 23 12
7 24 51
7 25 79
7 26 18
7 27 35
7 28 61
7 29 69
7 30 33
7 31 77
7 32 59
7 33 26
7 34 43
7 35 31
7 36 35
7 37 37
7 38 27
7 39 71
7 40 28
7 41 42
7 42 99
7 43 65
7 44 45
7 45 66
7 46 68
7 47 71
7 48 94
7 49 17
7 50 64
8 9 88
8 10 48
8 11 91
8 12 99
8 13 98
8 14 70
8 15 17
8 16 33
8 17 30
8 18 85
8 19 65
8 20 7
8 21 44
8 22 91
8 23 50
8 24 74
8 25 25
8 26 86
8 27 1
8 28 96
8 29 14
8 30 42
8 31 94
8 32 79
8 33 87
8 34 59
8 35 46
8 36 57
8 37 52
8 38 62
8 39 21
8 40 40
8 41 9
8 42 11
8 43 38
8 44 7
8 45 81
8 46 54
8 47 39
8 48 11
8 49 39
8 50 4
9 10 18
9 11 83
9 12 94
9 13 67
9 14 57
9 15 19
9 16 53
9 17 57
9 18 14
9 19 66
9 20 99
9 21 7
9 22 44
9 23 85
9 24 66
9 25 90
9 26 41
9 27 18
9 28 51
9 29 61
9 30 57
9 31 59
9 32 72
9 33 95
9 34 65
9 35 52
9 36 48
9 37 4
9 38 63
9 39 87
9 40 8
9 41 80
9 42 70
9 43 2
9 44 46
9 45 26
9 46 20
9 47 99
9 48 82
9 49 34
9 50 64
10 11 80
10 12 41
10 13 8
10 14 65
10 15 6
10 16 97
10 17 5
10 18 24
10 19 47
10 20 66
10 21 80
10 22 6
10 23 37
10 24 75
10 25 71
10 26 89
10 27 22
10 28 75
10 29 52
10 30 9
10 31 82
10 32 31
10 33 78
10 34 84
10 35 77
10 36 3
10 37 4
10 38 75
10 39 85
10 40 37
10 41 39
10 42 65
10 43 78
10 44 46
10 45 29
10 46 84
10 47 43
10 48 34
10 49 7
10 50 90
11 12 99
11 13 87
11 14 95
11 15 36
11 16 61
11 17 66
11 18 25
11 19 83
11 20 40
11 21 76
11 22 92
11 23 22
11 24 6
11 25 69
11 26 6
11 27 82
11 28 72
11 29 9
11 30 56
11 31 57
11 32 46
11 33 94
11 34 21
11 35 23
11 36 40
11 37 49
11 38 6
11 39 82
11 40 82
11 41 13
11 42 71
11 43 81
11 44 99
11 45 66
11 46 16
11 47 60
11 48 31
11 49 40
11 50 42
12 13 70
12 14 16
12 15 33
12 16 92
12 17 21
12 18 2
12 19 97
12 20 3
12 21 73
12 22 5
12 23 59
12 24 29
12 25 51
12 26 52
12 27 50
12 28 74
12 29 92
12 30 98
12 31 80
12 32 73
12 33 80
12 34 92
12 35 44
12 36 60
12 37 91
12 38 9
12 39 76
12 40 50
12 41 39
12 42 16
12 43 91
12 44 9
12 45 31
12 46 24
12 47 100
12 48 51
12 49 25
12 50 96
13 14 54
13 15 98
13 16 1
13 17 12
13 18 27
13 19 52
13 20 63
13 21 76
13 22 25
13 23 55
13 24 73
13 25 5
13 26 27
13 27 53
13 28 96
13 29 70
13 30 12
13 31 87
13 32 78
13 33 87
13 34 36
13 35 17
13 36 2
13 37 27
13 38 25
13 39 33
13 40 51
13 41 25
13 42 83
13 43 75
13 44 20
13 45 36
13 46 73
13 47 21
13 48 48
13 49 99
13 50 73
14 15 10
14 16 74
14 17 97
14 18 65
14 19 47
14 20 1
14 21 91
14 22 99
14 23 97
14 24 61
14 25 10
14 26 84
14 27 39
14 28 97
14 29 20
14 30 55
14 31 99
14 32 47
14 33 80
14 34 31
14 35 97
14 36 4
14 37 14
14 38 72
14 39 24
14 40 50
14 41 44
14 42 45
14 43 97
14 44 42
14 45 17
14 46 7
14 47 15
14 48 14
14 49 72
14 50 62
15 16 14
15 17 62
15 18 60
15 19 11
15 20 23
15 21 70
15 22 95
15 23 61
15 24 67
15 25 14
15 26 16
15 27 65
15 28 60
15 29 96
15 30 96
15 31 56
15 32 99
15 33 10
15 34 28
15 35 23
15 36 60
15 37 71
15 38 67
15 39 57
15 40 13
15 41 83
15 42 64
15 43 28
15 44 96
15 45 35
15 46 89
15 47 10
15 48 97
15 49 48
15 50 21
16 17 19
16 18 17
16 19 15
16 20 80
16 21 83
16 22 28
16 23 96
16 24 48
16 25 88
16 26 91
16 27 44
16 28 43
16 29 90
16 30 54
16 31 70
16 32 12
16 33 14
16 34 41
16 35 79
16 36 70
16 37 53
16 38 61
16 39 34
16 40 80
16 41 57
16 42 68
16 43 68
16 44 67
16 45 65
16 46 16
16 47 87
16 48 84
16 49 32
16 50 2
17 18 63
17 19 15
17 20 30
17 21 59
17 22 63
17 23 17
17 24 49
17 25 6
17 26 60
17 27 39
17 28 60
17 29 30
17 30 50
17 31 73
17 32 70
17 33 28
17 34 43
17 35 23
17 36 89
17 37 76
17 38 2
17 39 46
17 40 44
17 41 70
17 42 12
17 43 8
17 44 86
17 45 99
17 46 91
17 47 17
17 48 100
17 49 54
17 50 32
18 19 30
18 20 12
18 21 94
18 22 46
18 23 61
18 24 100
18 25 6
18 26 99
18 27 59
18 28 35
18 29 49
18 30 31
18 31 5
18 32 77
18 33 73
18 34 27
18 35 65
18 36 49
18 37 29
18 38 11
18 39 92
18 40 99
18 41 23
18 42 100
18 43 84
18 44 21
18 45 91
18 46 1
18 47 21
18 48 44
18 49 32
18 50 50
19 20 56
19 21 26
19 22 96
19 23 17
19 24 25
19 25 1
19 26 16
19 27 84
19 28 36
19 29 64
19 30 15
19 31 40
19 32 40
19 33 87
19 34 66
19 35 5
19 36 36
19 37 95
19 38 15
19 39 27
19 40 93
19 41 37
19 42 26
19 43 76
19 44 58
19 45 16
19 46 77
19 47 78
19 48 60
19 49 8
19 50 28
20 21 16
20 22 34
20 23 24
20 24 33
20 25 59
20 26 24
20 27 48
20 28 42
20 29 59
20 30 11
20 31 56
20 32 98
20 33 51
20 34 43
20 35 64
20 36 55
20 37 78
20 38 58
20 39 70
20 40 5
20 41 51
20 42 7
20 43 30
20 44 27
20 45 64
20 46 46
20 47 3
20 48 42
20 49 6
20 50 11
21 22 70
21 23 22
21 24 44
21 25 93
21 26 55
21 27 2
21 28 16
21 29 2
21 30 44
21 31 75
21 32 13
21 33 99
21 34 73
21 35 63
21 36 42
21 37 37
21 38 18
21 39 19
21 40 94
21 41 88
21 42 23
21 43 45
21 44 95
21 45 53
21 46 71
21 47 59
21 48 99
21 49 73
21 50 100
22 23 5
22 24 83
22 25 70
22 26 27
22 27 27
22 28 62
22 29 81
22 30 29
22 31 78
22 32 82
22 33 72
22 34 53
22 35 95
22 36 71
22 37 25
22 38 58
22 39 12
22 40 61
22 41 75
22 42 31
22 43 55
22 44 63
22 45 54
22 46 100
22 47 57
22 48 7
22 49 70
22 50 15
23 24 6
23 25 43
23 26 15
23 27 10
23 28 26
23 29 84
23 30 37
23 31 52
23 32 46
23 33 17
23 34 80
23 35 24
23 36 99
23 37 52
23 38 76
23 39 93
23 40 22
23 41 1
23 42 51
23 43 34
23 44 62
23 45 26
23 46 65
23 47 17
23 48 88
23 49 18
23 50 16
24 25 45
24 26 25
24 27 85
24 28 60
24 29 30
24 30 27
24 31 74
24 32 40
24 33 52
24 34 58
24 35 76
24 36 4
24 37 4
24 38 93
24 39 84
24 40 27
24 41 92
24 42 35
24 43 3
24 44 84
24 45 57
24 46 4
24 47 35
24 48 91
24 49 65
24 50 60
25 26 55
25 27 81
25 28 47
25 29 73
25 30 96
25 31 92
25 32 97
25 33 81
25 34 51
25 35 27
25 36 8
25 37 25
25 38 67
25 39 60
25 40 82
25 41 43
25 42 63
25 43 86
25 44 35
25 45 47
25 46 13
25 47 26
25 48 81
25 49 15
25 50 10
26 27 38
26 28 18
26 29 44
26 30 28
26 31 83
26 32 3
26 33 83
26 34 63
26 35 50
26 36 55
26 37 59
26 38 41
26 39 52
26 40 40
26 41 91
26 42 78
26 43 47
26 44 15
26 45 45
26 46 7
26 47 97
26 48 87
26 49 69
26 50 83
27 28 21
27 29 15
27 30 95
27 31 47
27 32 96
27 33 10
27 34 57
27 35 33
27 36 28
27 37 100
27 38 61
27 39 10
27 40 3
27 41 43
27 42 73
27 43 52
27 44 98
27 45 32
27 46 93
27 47 49
27 48 71
27 49 83
27 50 27
28 29 18
28 30 98
28 31 71
28 32 24
28 33 95
28 34 58
28 35 93
28 36 77
28 37 79
28 38 8
28 39 72
28 40 25
28 41 3
28 42 81
28 43 81
28 44 36
28 45 8
28 46 81
28 47 97
28 48 18
28 49 83
28 50 39
29 30 90
29 31 35
29 32 36
29 33 22
29 34 27
29 35 85
29 36 93
29 37 10
29 38 11
29 39 10
29 40 8
29 41 82
29 42 34
29 43 3
29 44 39
29 45 26
29 46 79
29 47 17
29 48 33
29 49 50
29 50 42
30 31 36
30 32 31
30 33 22
30 34 72
30 35 38
30 36 3
30 37 68
30 38 56
30 39 86
30 40 6
30 41 45
30 42 20
30 43 42
30 44 67
30 45 47
30 46 26
30 47 59
30 48 57
30 49 37
30 50 68
31 32 65
31 33 19
31 34 2
31 35 67
31 36 57
31 37 27
31 38 46
31 39 74
31 40 60
31 41 95
31 42 15
31 43 95
31 44 25
31 45 37
31 46 67
31 47 63
31 48 39
31 49 34
31 50 18
32 33 24
32 34 40
32 35 63
32 36 44
32 37 81
32 38 29
32 39 91
32 40 7
32 41 87
32 42 48
32 43 44
32 44 55
32 45 12
32 46 62
32 47 56
32 48 78
32 49 19
32 50 83
33 34 24
33 35 92
33 36 42
33 37 18
33 38 7
33 39 37
33 40 43
33 41 43
33 42 3
33 43 6
33 44 82
33 45 37
33 46 23
33 47 6
33 48 76
33 49 86
33 50 49
34 35 57
34 36 14
34 37 40
34 38 63
34 39 1
34 40 87
34 41 7
34 42 56
34 43 98
34 44 68
34 45 11
34 46 76
34 47 87
34 48 94
34 49 99
34 50 78
35 36 36
35 37 17
35 38 84
35 39 73
35 40 60
35 41 27
35 42 76
35 43 65
35 44 8
35 45 12
35 46 87
35 47 14
35 48 87
35 49 73
35 50 63
36 37 43
36 38 86
36 39 2
36 40 6
36 41 87
36 42 89
36 43 12
36 44 42
36 45 87
36 46 80
36 47 53
36 48 63
36 49 66
36 50 47
37 38 61
37 39 44
37 40 82
37 41 78
37 42 28
37 43 54
37 44 38
37 45 54
37 46 30
37 47 2
37 48 62
37 49 41
37 50 89
38 39 75
38 40 28
38 41 61
38 42 38
38 43 71
38 44 47
38 45 39
38 46 76
38 47 33
38 48 27
38 49 88
38 50 75
39 40 13
39 41 68
39 42 28
39 43 75
39 44 33
39 45 74
39 46 36
39 47 77
39 48 56
39 49 14
39 50 4
40 41 9
40 42 51
40 43 58
40 44 38
40 45 53
40 46 19
40 47 79
40 48 41
40 49 94
40 50 6
41 42 1
41 43 32
41 44 76
41 45 48
41 46 70
41 47 52
41 48 81
41 49 97
41 50 40
42 43 55
42 44 10
42 45 7
42 46 83
42 47 85
42 48 39
42 49 56
42 50 21
43 44 15
43 45 11
43 46 34
43 47 19
43 48 20
43 49 85
43 50 76
44 45 58
44 46 37
44 47 95
44 48 37
44 49 77
44 50 89
45 46 43
45 47 78
45 48 20
45 49 19
45 50 26
46 47 89
46 48 70
46 49 6
46 50 86
47 48 10
47 49 60
47 50 95
48 49 16
48 50 43
49 50 80
