8 50 553 27 451
2399 660
9377 6456
7215 4685
991 2473
5384 2590
7060 859
1256 370
8556 7939
1071 383
3522 2518
8209 3865
830 2515
9099 7573
8604 3668
1034 481
5663 629
761 2914
1365 7603
649 6653
3917 553
4070 8746
647 6854
4008 3350
5579 6323
2087 5608
5484 6532
5427 8038
1262 5902
1714 4329
3862 7928
2859 751
1425 2356
7442 9903
248 5583
9109 7010
8386 839
8343 2400
6378 781
3531 2088
4803 107
4468 101
3145 1272
2506 7661
2186 3849
2031 4139
2340 2330
1026 3184
5425 2094
772 9381
7809 5300
5833 3508
566 4570
2866 3240
1542 9606
729 1218
3068 306
1868 909
256 9496
