130
87 3456486
87 4009279
87 33378957
87 56411317
87 30184964
87 93841515
87 44583852
87 44870354
87 43899944
87 32539242
87 28786107
87 78873527
87 10547327
87 71847731
87 30774608
87 64127765
87 4823726
87 60148956
87 76311860
87 29667431
87 54558043
87 25686824
87 44235354
87 13378157
87 3135830
87 66387159
87 31692828
87 68910833
87 8465859
87 62771163
87 64630197
87 92019151
87 63050455
87 36874818
87 39038868
87 44180671
87 51690225
87 66339175
87 54051764
87 27654141
87 58797530
87 70913138
87 47556421
87 86981708
87 53221370
87 72703859
87 96708822
87 93065526
87 24699399
87 5257312
87 25710564
87 81033402
87 17329797
87 97769090
87 91529691
87 61094772
87 45721616
87 54559383
87 49327740
87 60099033
87 79049355
87 97011622
87 64084592
87 47744682
87 95055023
87 80567615
87 2256357
87 12039228
87 9867312
87 45514301
87 21516284
87 23453363
87 90048930
87 10990086
87 88217443
87 35362554
87 25847987
87 84516791
87 69145351
87 40945313
87 70625794
87 92407237
87 65564185
87 3829790
87 31943643
87 1089735
108 84623842
87 49362059
87 43312747
87 50186705
87 80901953
87 63070237
87 34415697
87 9860268
87 33241208
87 87120964
87 23135597
87 35088990
87 63759551
87 35106734
87 316059
87 20542791
87 56377881
87 90988835
87 15035315
87 91506582
87 52231078
87 32243441
87 825248
87 40936073
87 53307452
87 38917662
87 64740805
87 53717562
87 25985149
87 1539987
87 98631677
87 66749105
87 19764405
87 37513227
87 80695687
87 78069424
87 82806326
87 70449301
87 38331390
87 22537871
87 91959051
87 5265311
87 19024891
87 97177933
