90
17 71806577
83 79702994
53 541975
55 100000000
52 92368360
24 59876014
27 100000000
36 75739235
57 1782261
33 86918072
54 66976598
47 38637798
49 918970
31 36022472
20 100000000
61 58851695
1 59549986
48 100000000
4 1055060
72 100000000
29 100000000
66 1877803
57 100000000
74 63778335
65 100000000
16 50911446
7 100000000
80 100000000
62 46923173
76 98442340
56 8517984
27 945890
10 54494677
87 35846578
84 76838461
42 6841922
2 1971793
25 100000000
77 74310384
67 100000000
53 100000000
8 94349564
79 53361079
12 932397
39 53689707
18 100000000
12 92970136
46 100000000
64 100000000
67 1327566
33 27477
86 95016266
41 100000000
85 32889494
4 100000000
14 16841597
23 100000000
30 37848994
68 70955668
89 100000000
26 16438468
21 100000000
82 100000000
49 100000000
38 100000000
90 94032890
40 100000000
88 81982834
43 44610129
60 100000000
28 100000000
15 100000000
35 1678803
6 55535268
87 792836
58 63846203
45 41898960
63 100000000
69 49021306
71 100000000
17 1922376
78 100000000
2 51379468
35 55817624
11 49157294
5 60268589
34 82329270
59 49159877
70 100000000
66 69816767
