70
24 312442
38 63544232
12 684290
23 1445366
22 2446941
63 218480
15 3849506
52 756981
54 25692841
48 92098083
42 117397
39 324300
34 1899450
18 100000000
36 1179147
35 189289
28 22784213
31 100000000
61 4601848
10 86698011
38 629965
46 26524084
32 2748484
40 173291
30 1792485
43 277780
23 373592
56 73262992
55 100000000
63 100000000
44 100000000
46 1721889
46 823509
2 45269186
36 100000000
42 100000000
42 148665
9 16395541
22 14149875
5 93491
9 1562
30 100000000
33 238855
14 100000000
35 821533
39 2502749
19 71557
64 100000000
35 355966
42 185738
20 100000000
19 99840573
42 221409
52 95241494
59 100000000
70 58257843
29 100000000
54 1998685
51 100000000
5 1910574
17 76466084
39 124419
35 100000000
67 100000000
23 1348606
2 970188
57 100000000
36 284210
1 698637
34 1552919
