4000
97 98969491
2239 90742019
2522 36506130
1721 32540410
2811 90385215
3650 47986252
3808 16904797
422 19301129
948 25018022
1737 85208611
57 94534864
2061 5351973
2610 38528691
3619 7339393
1623 25173183
665 86802010
2991 15166512
3179 69753007
3370 25301044
29 18632789
927 61769684
3288 61820760
1210 90875576
2642 37919523
874 95192697
3054 40799086
1149 62840018
1927 28630925
3370 56961484
2034 3539317
3589 25488994
3100 94533973
830 90355069
3532 10843911
3696 56014963
3489 28316620
1042 34493297
1325 57725899
1257 54547073
1649 76278551
1052 51508560
76 72710479
2881 61582613
2963 78403416
606 81144186
1262 34002284
3384 55380851
3511 3429154
247 18558804
2144 34683680
3196 47666544
1416 83466528
43 79058639
1021 23428635
2404 76136235
3836 48799180
88 3369317
3301 76715031
3224 91159831
1443 58230756
1440 10105096
1777 79412912
1258 22851549
125 19225596
454 77580493
3188 64604237
3742 98153581
3143 20725052
512 7858365
606 37893393
752 31176907
678 55417542
1963 11577488
406 53873932
2276 85071917
1798 79636699
773 15056198
1264 54429153
2595 88657057
2463 78492971
3205 63585578
1028 89883740
2300 2817303
2904 53772713
1914 11632739
1176 6534748
2426 18881288
1543 20016843
3542 16532444
337 65988139
939 31289892
853 31320807
3164 48179219
3234 552484
1505 39305797
928 11506885
1176 14957042
17 63576276
662 79385500
1134 12163149
289 89896581
1574 28235107
3323 60761150
896 82987668
2921 83005631
1667 83104267
2996 77349653
601 94721375
3029 94715989
971 63166975
3337 39786340
2340 16862886
3833 771073
3689 92213411
3368 40609103
275 77376920
1615 92739753
794 89630726
1083 69408990
2981 92715329
1022 35309960
2673 67903058
1522 2011082
564 65036972
2012 21874967
3362 29724356
3609 31169333
2204 56784991
3194 18096306
30 84698574
2211 25497726
1240 75859781
437 32605486
3429 15322612
1018 32751044
883 94183692
2892 56532346
707 43057674
722 71098604
3142 6462051
1068 9416491
2033 71422479
331 64728976
1302 9605756
2536 50359227
694 15253189
77 81889965
3586 33036330
1156 34793541
3679 17232758
2401 57247958
1392 37765006
567 93064850
2914 53216904
874 70481994
1485 95770112
1050 27730719
2056 16293814
3940 61272345
2526 61339713
3171 9445837
2784 83284307
715 22543461
2487 14410634
2392 27148316
3796 86514280
2180 10667432
1158 51577965
342 36559688
16 26407520
2045 10330566
11 83739895
3326 72008742
52 65056023
2711 87961910
406 77957729
3683 34276445
2566 38430406
3307 86402924
3276 22841223
2970 84849259
1901 22376065
1509 39537622
352 49638611
992 9881458
1122 33808746
841 90141451
3303 48727908
3115 64780701
2064 47495928
1103 59705922
1674 34606142
167 45290981
3587 90485017
3246 89891748
2302 36705685
1861 47414429
50 68665966
2860 59730270
3954 11461068
2700 33264268
604 49755997
3791 11078602
2278 32797514
1902 26483704
3360 87332775
2023 61084221
3445 10065158
839 78903819
164 57454960
3201 78970828
771 59137981
3603 4468198
2535 24012931
2849 26337359
3578 35893654
3426 90240871
50 35674470
259 98180442
701 71274231
2688 2767340
2383 98517353
58 26149262
3795 40093066
1331 96159197
1011 13339251
2178 38922884
3696 28043374
3550 57415183
172 86811544
2173 55344386
3602 63170336
54 4384611
1986 58609390
2638 15872177
848 78696043
2185 49337187
299 10342848
4 92050888
1449 97847167
733 1265444
3377 41645710
957 45013651
1600 1311127
2746 43498796
1617 20337620
2708 66629026
1560 3890716
10 22905795
420 99706211
1248 95611516
3005 12107926
1118 41603456
2021 48043651
1625 60522354
38 99089389
3803 15027585
713 84080140
2688 1254642
3959 98399511
1625 91146510
220 76158150
1230 96645857
700 23635522
3119 61903688
219 81940149
285 82034451
1369 19624375
3088 42622705
1109 87897412
1478 58524558
2385 99657264
1090 18290921
2897 80134957
2562 99090993
3706 86515607
3796 38818467
3908 64797372
2641 49156090
2615 14928532
804 67191494
100 89813001
1936 29447416
2716 83263239
2203 89560607
3882 40333264
3578 71639468
2386 29468511
1494 42719532
160 57517652
2182 80648119
3406 44561417
1129 74578078
181 41568816
342 86024577
776 72282921
3137 904560
3707 49811869
3601 18858860
1621 65833031
1869 51901476
3479 46240985
898 73065998
3062 87071526
3090 99187184
2475 25432556
1305 20440049
296 32765306
1935 92439
3537 44014683
3205 58324484
30 51326603
644 97619744
3056 19330060
2105 60071419
1922 37275490
1031 81746998
2006 64241860
2313 6444966
1928 42074767
3301 87299621
848 47833817
3869 12460601
239 42445107
838 39021138
76 90559408
2432 54219798
88 87714138
862 1880607
2682 61535626
465 83192142
1416 34280626
3549 59348657
1725 81769342
3809 61554651
1816 11479053
3079 80528825
3705 40207988
2390 70229687
276 73187614
794 16124357
979 78583929
1754 53993769
3326 89209664
1179 25750008
2641 21424917
1775 18406185
974 35058711
2198 62052330
263 82387756
1654 67784987
3984 56037910
571 77890487
1239 53087588
3803 35272998
3560 29484008
3109 91737217
490 3892396
2759 31623392
2021 96083297
285 21258567
3706 57748742
3138 30528937
3171 4160544
1125 67106370
3682 82374752
1181 85809000
1672 47910635
3841 68234439
1684 13245722
1191 36681723
1599 44857440
1735 90817060
3570 19216334
1449 88881662
1465 95481954
3056 70077604
1365 34511321
2152 20956326
1927 72813269
1436 79012776
421 45726888
745 37080231
2011 37544874
2518 42508417
303 2688971
1664 95237359
3124 32760953
490 98534957
3262 65935306
629 51657227
937 97912529
3014 94570132
2095 67504453
379 43101843
3891 5345070
2063 11721620
1191 72609531
1761 87721584
3167 66592955
2108 58150652
2408 30157479
1841 43796919
2070 6264061
3146 17216018
2212 55809230
2654 57245144
1062 12483163
1683 99904745
3613 19538083
1441 63698239
958 33627273
199 52241414
3897 95690191
3847 98743562
2463 15025824
2476 90690696
255 70212369
1699 59719313
1682 56959912
3757 57610556
640 16210987
3418 13285421
302 69731567
2078 85240687
1076 23759816
3129 89645429
646 76876967
3227 98930246
791 76315349
2612 50700535
3699 43977662
2638 98081524
1635 50198505
2973 41154258
2795 92877693
3627 45419701
673 69931018
3392 15294684
2111 61477364
1236 33693417
2126 41540444
223 60291451
3196 10621485
365 31340788
3199 27121679
2511 60176817
2566 43744854
1021 12886463
1374 31700784
932 42209733
349 16921678
1593 11629068
861 4799980
3204 99835917
794 43900720
2133 3414963
374 21783825
2488 12595868
2247 16979440
1537 61628135
122 31138331
3259 89681992
893 82113206
1610 40106810
1270 74918569
2500 55383133
474 1573601
2825 77101841
1014 8044041
1358 75511598
3475 83668891
749 51849056
3066 99480289
3515 76696106
2070 41502692
1406 9430710
830 72891889
1467 42320023
1414 89775304
314 80770725
743 38758981
84 59911784
353 47436194
3805 58962016
3498 87218945
2516 25177180
2963 7971393
2130 39938676
3358 91912616
3783 28142559
3960 74362558
3318 13670886
1215 81418619
2130 72575097
1239 80359090
3607 25526307
1784 19780336
2933 69957274
703 14945269
763 51884873
3805 6578540
3343 90516949
1225 531221
2046 47991184
2761 4165491
2557 75754284
3269 89172430
1775 41285736
1869 47855706
2143 51657706
2049 41675549
1610 60335659
1363 74408352
2610 16643312
2962 87909140
2875 47293419
2770 27800010
2618 51140607
152 11707058
388 78100311
3758 67832440
3784 32230688
1726 67069990
529 72790284
3243 26370846
2130 22271008
3432 98007420
3786 58917197
2044 69483244
2474 32293123
2141 76048603
2364 52051896
3636 26824096
1291 29654292
299 25844831
2218 19627835
2314 79244714
2800 2112068
2664 42238727
1141 62487048
930 7826508
1091 30737113
1062 27892608
3376 30774931
2409 36150169
2153 22304769
3475 71966912
227 33682177
2227 54443624
3862 28438188
3624 23312546
1966 72967387
3281 11505712
1578 17724345
2725 28398921
1201 13130490
3503 96357393
2440 23794424
3057 74171891
1217 13577497
500 96248315
2702 1401351
1271 67636584
3620 45448353
1672 41487925
1750 82176262
1450 26689241
862 99749818
3125 61123262
2987 9785164
547 41182011
1508 19984345
2426 32161684
3365 60907223
3792 75209750
3603 29029525
911 13818434
3990 6486573
3941 40540128
3728 16848331
2503 38291851
2278 51340509
3542 30796992
3657 84165834
2477 39110927
684 73123893
2408 98816773
2074 44718084
1577 48699251
3818 77383358
488 19441624
2468 21289222
2459 46689415
3453 80017736
2652 19188057
2290 89980179
3021 58072007
829 50625194
2619 34292770
3069 49190067
3623 75927676
3056 60988559
3016 67109290
3627 3665988
3686 87219221
3306 94434793
543 15767914
3425 91628328
2454 55040086
1638 19356700
1110 35751329
644 94281437
555 30635245
1359 1891465
3893 59825713
3899 88521089
3312 570926
102 79814575
3042 46887611
2119 49166953
678 34107131
1755 34735056
1192 42414688
2875 84093769
1930 61161819
161 54623578
2565 97984798
2226 63625320
1401 50820509
2587 33474474
2903 26676022
264 4195409
2442 48864659
2108 5523008
216 46304678
2527 95586965
338 79771444
1468 96112319
268 68124149
3718 80588353
691 17041306
1877 55726129
1832 42384385
3828 5071321
3012 67279032
1891 65468189
532 16030405
3813 99243741
2149 98074039
284 33977614
1073 5785136
1010 70838393
2753 40335849
3193 58245300
1657 71948176
1258 6395684
3193 11261250
2041 23572840
2740 98909449
3458 13086033
2340 71284584
2304 59506636
3092 16396454
2200 74637061
3901 19508400
3556 53455996
776 1818009
3601 36878224
1698 38770651
793 67143757
1224 60730542
616 19249594
909 70181427
1256 92478210
3890 97962292
1632 6326711
3213 24432630
1024 92701933
1363 93698195
2612 91327610
512 13442267
1758 40763320
547 55533617
2217 74248546
2082 32461921
1176 55904387
1780 33904588
2522 21627441
2817 55190968
1845 56738049
1045 22341815
2537 4910485
1137 76592540
1755 75611235
3553 70877863
1032 76274562
3847 22246718
2565 7642522
3777 8751749
1280 79483022
3861 76480843
800 37105950
3232 6627377
2613 47270794
3847 44196192
1261 28049673
2480 13633102
490 82558807
3185 15787
2368 34111090
753 46272065
1083 75184493
3664 87436446
3091 81161773
3132 49224710
780 79678840
1395 6353934
3204 83128657
1401 17503618
1957 10443053
1887 69831118
188 97918640
2706 19105419
3501 42101223
1366 16396747
258 6116567
305 17665480
2610 60868113
2470 46934342
1406 61820380
3569 30509510
410 96320769
2779 69362785
652 89282950
212 34979408
1562 65723853
1448 50425592
2393 95565965
3780 64666922
673 86663160
2104 40398823
1182 49665968
1758 19663287
460 38677699
1166 8567954
1187 6271116
1319 14391486
993 92569998
1282 17544434
2754 46946801
1171 26622509
1485 6699519
2570 19410774
1225 11918709
2602 39948486
35 74229437
1893 36516073
1314 69609020
1412 19691753
1772 89446673
1936 55652197
1587 13428738
1223 44543402
1722 59902609
2530 26812072
674 92904187
3080 93407793
1244 15327319
1714 51692666
1436 27135832
1549 73246121
1938 1808780
1328 42019752
1535 68558333
1957 94109152
1529 45385944
3735 11145822
2708 77244749
2747 25225229
233 33893851
100 68839331
2034 35044129
1475 45311506
2069 5879239
987 24833158
386 58252878
452 82141293
1175 49911227
3360 79334397
1177 20302318
1228 33418557
3910 10546302
1858 20490645
2046 31783752
1141 91477628
93 68252317
2424 60388830
2035 99469062
3285 12271161
906 93199049
1693 68395107
1942 59965951
2183 33748418
671 94982327
2126 28020192
781 31284807
1022 63154827
3888 96348865
2388 36138640
3103 49802589
3392 74805541
1523 44231074
3433 42626768
3424 26429288
1682 23509718
216 23898836
3372 50839854
3683 55558330
339 8087151
3716 77227429
1340 1196206
512 3156001
1040 13637871
3898 71876338
1628 20614289
3717 94849224
3663 28498140
3067 2182118
2480 21253135
1796 61153540
676 14763056
433 43200762
138 43411931
2387 58514870
2661 78509191
2009 85970815
3080 19930137
1734 72896671
187 61425084
3235 40062491
2648 90915846
3938 79337981
3707 77416287
1884 77251194
1719 45759412
1492 41014537
1699 48897616
3417 20544478
3728 61483556
2260 44370509
363 25604901
2457 80489114
2358 51283109
274 64149831
3557 58024497
2801 92708845
3605 40877273
869 58585224
343 566110
870 73568483
2132 15437807
342 59675962
2493 29353477
230 56277193
129 2547369
1871 86418299
1242 58973408
3698 1593792
3982 63737399
3636 76315306
2221 1260992
2678 43010089
2328 44314185
2279 79027113
60 81207390
3862 70630617
109 39946569
3288 71274505
551 85691265
2460 64016580
157 57960584
458 766979
767 22095473
2235 30232508
160 21027003
2170 19357096
3260 51758526
406 12213495
6 96179354
3553 58600519
3481 8916245
2594 22989175
2586 19159318
3643 45586387
1080 17246396
2306 89772718
1323 39542958
501 17329360
2497 8540822
3011 53412330
250 54997966
2753 63833814
2419 95585316
3501 43888918
1475 24198017
1345 80902556
2063 86935310
1037 66887841
2412 7256962
1011 66761059
212 45135781
2493 15071958
2763 28653243
3840 13070148
2916 37528160
585 18440341
1275 14359764
339 2825502
2994 82587067
971 43538331
3309 74049659
2266 34535859
2238 5500923
1869 21897116
562 32579287
1912 56429577
185 76275564
1066 45754656
726 76210045
2844 31325760
1584 22734085
1205 85945066
3644 16604075
1088 18761718
966 75492768
42 99622570
2872 62095556
2208 42367226
2223 71126230
1661 1930869
444 64891017
2493 27466839
96 8062107
2610 32690597
2706 21564384
162 14895947
1453 94769457
3773 16813129
485 25859191
3170 89050891
2195 58947512
274 17246647
955 39692456
3377 22184800
1037 93482383
598 16380185
2101 87606054
269 60352729
3419 19972544
1497 45047940
343 24298284
568 30438515
2898 73011699
1764 61926639
3200 89653710
787 51109417
2898 14006897
1140 20751400
3063 84267576
3075 3755140
2994 14567818
210 46302456
896 35042387
831 38216842
2157 87925091
2806 27652238
1276 81819429
2136 14259512
95 74011797
1657 37975548
1928 9917122
3644 73455226
831 83852441
1399 62327326
2664 56740348
248 8007090
258 7847352
3959 42113171
958 15482675
2933 57728321
2035 80807833
180 85644599
3468 27952078
23 69790412
1415 25867700
1133 37488468
3569 27229147
1626 18292591
886 34017890
1179 62530656
1580 36320065
3106 52046862
1014 45157726
3296 61177094
2290 72563247
3587 63778984
3170 93489936
1857 89468104
2015 43611619
1765 59232454
2556 29241425
2211 2037566
2903 53137515
1106 33628715
193 99930416
752 23668427
1661 60016250
2222 12721577
2224 34670645
1490 78339715
2687 93292613
1047 355530
2327 39844878
3478 27487464
3020 37763654
3661 82238236
991 38459406
1782 10866189
3135 42696524
891 50743998
1642 80856270
2104 32893467
1356 31974244
2115 71582316
1937 93955418
3146 87354052
152 64367415
338 40474587
2230 35528725
3580 47831278
285 79841525
95 84618854
3681 504692
17 6351490
3437 9272445
3199 41256826
3716 91865466
819 86906972
3331 11865624
1266 74725575
947 40466684
1292 40420175
2129 64082728
3115 73176256
2658 37714721
1594 76418124
1138 26454205
1019 49796486
1701 17206642
3501 58653233
3586 97317088
1394 31830078
954 63533926
2605 47106756
995 38609413
3351 40545665
3727 45760474
604 94586225
3145 67047559
2466 14825187
883 33780037
1709 57626767
1737 72168359
1853 7057578
1964 1444326
2836 80607810
538 34228000
1387 17831608
1136 78174985
2691 77681952
830 78634411
1632 44889380
3835 20808148
1912 31515452
2084 24464605
1986 97048330
2059 20500419
3156 3338794
1267 22997462
1058 30117841
2563 76823112
1922 39593914
1461 63803087
617 16359991
2466 76948792
537 43660589
740 576584
2454 26163384
250 99587602
3054 32181871
935 35323171
3338 58202876
3865 82719347
3345 74118047
548 7618478
568 43548259
2488 80092016
1816 16909021
2366 35007941
306 29833872
220 60293424
2981 85955479
551 80927808
1601 77540149
410 68003349
3503 41467083
3418 66780855
3504 92607583
1163 16522094
1585 31625217
237 91017646
1625 97893167
3998 84293981
1466 21699736
1025 82791447
3173 26462237
1658 78477833
308 57404036
594 51249687
2654 92554539
918 46487629
2484 62679166
716 51479508
804 62281474
1286 64202351
2263 74466907
3773 38848075
1217 40945896
2394 79802884
2334 79805902
958 7887629
1852 11095504
684 82345864
3784 8817534
1527 48234404
866 2234578
2055 62439915
3968 16515895
1645 59388583
2721 43080142
2143 48053207
430 38449510
1203 92589559
363 11285566
3728 24702225
2499 38292493
872 17363965
670 24612935
2811 97779124
3904 14899593
197 34203941
3849 65382567
11 75602073
2211 9080554
3695 56826417
3160 68321083
2136 16200848
642 22059901
2082 1665160
3084 48539718
1416 61812881
2827 64914367
2895 16423242
3251 35211584
3176 70104250
3152 43006841
1700 4616097
2606 37934129
1889 48538216
2844 42061109
1510 53223870
3719 27058428
2046 39992603
1192 10467629
3579 28149142
3637 23563990
3706 26137927
1744 82341538
3117 53858673
1497 1996228
30 24576907
1159 5055406
666 85516249
3732 72549178
3758 51157534
3760 69456666
771 57111450
554 28279479
93 10984363
3559 75710679
555 59499346
3887 69894814
3362 86626709
3550 41972078
1761 64539625
1549 33674133
3588 1695597
3501 17596222
489 95934260
1486 65349622
2446 36195305
1286 37140249
1733 65010243
2017 7237524
2806 56748199
2761 59366850
253 55034883
703 77670050
219 72970363
3196 71301697
1970 59316129
1929 44503362
2746 61209897
767 44913001
1858 13629190
1381 63245881
1881 28239373
1948 21430980
2836 95330505
27 45662760
2089 34184134
858 85825677
3324 83274303
2770 31638966
1875 73006531
1323 31509370
3600 28719497
90 6398838
3827 24693677
3789 51442140
2227 2802361
2401 49190908
503 53861338
3597 78631072
3840 63572883
1504 73168160
2 62687114
1223 46072213
2602 37360941
1532 48113319
872 85359044
2650 16363837
32 701143
2800 21747880
824 42490329
1878 72926555
672 64492931
1986 59182549
331 9957808
3141 93652891
434 30800708
1879 45747915
2006 39835154
3046 52851623
2678 98223139
3064 12709196
749 66578164
2664 27933587
1372 53088876
3128 28240770
1892 27827291
2921 39203910
2850 99783593
3748 27914051
1239 28697332
2236 46284053
103 9436017
3144 62979788
1697 98737989
1680 18942400
1583 99350184
2418 40802982
2660 94071740
3262 84052836
2000 80425281
477 69661020
1266 87865096
3301 22642133
56 70484979
1086 55940399
1301 47036049
101 50706671
482 81418741
2583 42375183
1693 40469116
3935 65787377
1540 69854923
1215 96461347
2934 21356011
789 89579051
785 72419863
1233 33789237
3059 71562438
569 42683425
2095 44317002
1551 39498352
2612 88372034
547 556218
1510 41573926
599 99772773
3773 12181771
359 5361068
187 16998149
3317 21527068
3045 91396240
2194 26870815
640 39584161
1407 24479116
1427 29888786
993 93599801
1700 79522685
4000 98481277
2149 5250426
2217 40775282
3144 69139820
1348 52665230
2634 9461037
1934 4344060
2527 37224980
2297 82844180
3485 63066665
1201 99997729
473 97808934
947 14738301
1499 37257039
3922 13038737
3756 43790092
2271 60728949
350 92393000
2158 56567494
418 9737975
1952 48966630
2623 81260497
2411 58489485
3527 64209215
1043 82926866
560 50510851
3788 13898536
2673 30310312
3368 86375252
1889 9621733
2276 76866920
3141 28544462
2182 96018203
388 63517230
2219 77987152
658 82475005
276 11920666
3676 15846362
3058 52357012
1562 45782615
562 13414666
2508 67768108
3694 6192225
3257 29915848
3530 31123117
1131 60332023
3372 6445493
1519 58552109
212 26775024
3781 99402879
2369 15688432
333 6811498
3125 1207966
619 81134433
3303 45648103
2629 80875441
3760 45106548
977 19611860
334 21497786
3955 4590206
306 46160679
3293 93875515
973 9319010
1073 44277268
1671 31821117
1181 50326350
1286 17449723
49 95548281
1735 59597787
3007 9313553
1535 62002089
1716 99346007
2586 22190028
1264 8945296
52 92284675
3588 99301528
1571 14771913
3046 28013568
3355 39091042
46 14022394
1997 34373472
1537 12300823
2989 30077215
382 20195734
2395 63334087
366 67726908
1424 21310695
3861 98057270
3559 57700333
26 53061245
2171 13429054
1703 22067479
2026 74508402
2349 86726221
2418 97881529
1061 27367991
2726 84314948
1824 76389533
3541 74210912
1537 21342827
1772 64105709
64 26861246
947 26859655
2730 87321384
2013 65392057
3119 5769727
1954 52067525
3526 81463510
1208 13450543
1239 4059533
385 79453050
2499 85069862
58 65829722
516 29031554
997 94710677
2808 8434345
2985 47870183
231 44268845
3125 63034494
1210 22288046
3533 36969601
2333 26051213
43 24302103
1160 95518286
2149 98108339
641 56430227
544 23482408
1110 8569798
1522 63608799
2195 22512559
3868 34315094
1231 9789092
1203 29883500
3829 91282194
3553 10222612
1811 12839425
346 25020332
94 94300640
1122 19709109
2063 33513598
1935 40277053
2903 75009608
3655 92701890
1046 14838068
1848 31129297
2424 87285250
1475 5525725
3412 57462676
1248 47311212
1395 15022776
225 26155007
1205 16024515
1843 3565520
3997 42113409
3269 42123153
270 2807839
3169 63127388
14 78798839
2567 79460232
2892 78554003
1782 15927323
1772 76618412
657 48745308
1129 3856380
1664 75074341
1782 20734934
2475 47671669
236 27247466
2677 72893350
1770 29645634
1076 19153906
2068 60968361
135 71829648
1983 54961592
2867 63522711
1067 35912309
2456 13358081
610 76721089
3167 77498828
1639 88608915
306 24800877
797 35355627
1809 15441232
2711 3625588
849 23264861
1542 72715385
3083 16952581
559 60316789
1381 83043638
3150 99701966
1726 45426818
1042 59651185
3018 27358052
1180 64448321
834 99315870
1316 21896824
239 46139754
2758 60954094
247 96043962
3869 15640813
3205 3321303
1330 66690243
938 71151349
2183 11936769
317 84866223
1494 69027724
2418 86138967
1254 98918176
1985 89520147
1153 58082604
1465 32992680
3613 15262699
2143 87166726
2528 29208916
8 62066123
1721 93863904
906 36026403
3396 5853374
3654 42036318
1492 62223233
2607 70683687
2013 29088352
706 67832268
694 87451181
3527 764445
957 10725037
3093 37144292
447 73535133
1702 29643105
17 37659244
567 93290557
1767 12155536
3851 58650193
1330 42649140
833 76336454
2638 14263863
2491 53473202
2419 37845455
3184 14557003
2462 32408964
929 48328711
2801 27372002
592 81184634
1145 70429433
3458 12821224
1513 57736235
512 63195907
1001 19206182
1695 69187887
1596 90457050
52 96743346
299 15021949
1138 50406342
3426 43520786
256 69786819
2890 52313244
3582 6274019
959 23491199
1380 24038065
2176 68779913
1454 96007853
938 30238341
846 55912800
2702 55960641
3456 76588406
579 3296430
2726 84453573
1853 1620624
777 54227363
1478 30263300
1104 8805325
3288 76875886
3065 10321749
832 47750129
3587 94183561
939 42959162
1305 65105408
3106 4042589
2558 7085571
1161 62208380
3739 6029550
571 34097990
464 93508510
1745 6160550
507 17742104
2507 91510937
3560 46496368
3894 81834626
3654 21662902
760 41292476
1334 69382444
1150 27621611
1391 12808216
139 17972359
1601 31469773
2055 65742320
3174 825464
1233 19550204
553 11740406
122 4648347
1713 59335869
3589 59015655
2767 82135850
1333 84381323
1871 6212265
3697 86268710
1223 30167543
2200 70793023
825 4698121
2808 80154161
1618 48031171
2202 4313090
3260 56714951
53 82461407
1171 22426641
2989 31539016
3296 25072338
3891 17202795
197 60964980
1934 63609895
134 19707915
1269 67387394
3742 6944898
3717 33820935
232 38470940
1816 59305850
1019 36297290
516 69177760
953 86321646
2671 74830798
3235 10662635
74 5153524
726 43491595
548 22358226
3532 62354234
1540 12459485
672 14500621
2500 94082769
566 3510499
3706 91709784
3101 35276221
2567 81227525
1730 6494477
2903 49440465
3426 62827592
938 3283787
3604 26667581
1968 31838967
2409 97724632
159 97079007
3262 15273858
3597 87964568
692 52757809
741 36029913
214 3738388
791 45647806
2860 70588045
842 56761974
50 94852513
525 35068637
1626 26487604
2447 57313884
953 1096617
3185 61986296
3976 50874611
299 87983131
745 80332308
838 76637611
2890 56847001
2795 87948167
1513 24157835
3133 98379879
2537 10849186
706 84708253
610 11288398
671 81611509
653 15406197
2195 7467164
541 98329566
2119 15619580
2274 11477124
3469 65499240
1936 12199569
9 81574699
1564 5385080
2388 14424393
2540 19318398
2758 20678445
6 32904704
2111 63708845
1524 77331121
2532 18563834
3150 86299734
3401 15660346
1109 68665291
21 31210978
1762 13900194
313 17636284
954 74523220
2863 94281063
3518 39242105
2602 47474778
2631 48869061
874 73028933
127 3455246
3879 11838673
1153 41902314
1458 80417931
173 91231791
1450 68616309
1373 31326052
2333 42720057
3225 21423832
1028 49342678
3201 31767452
2927 6869444
3619 44217409
2198 14968760
3487 94019584
532 46508277
786 44425763
2343 16975974
2899 56903864
3807 27088085
1018 14235205
466 73696247
3100 29298739
974 2384545
2528 83413603
1966 53870886
2680 82612351
2135 46888327
3407 56502676
629 20051808
3465 72530485
214 54043982
558 24104424
3664 56994903
1596 20886812
1459 31642327
704 33434777
1647 75630148
2506 30813117
2427 81572514
1860 39385464
1381 83076884
2266 84004511
975 83211315
2994 69719891
3190 81756323
531 24096958
3412 83224342
2417 60336080
3194 6362015
2304 62719787
35 97191640
471 44917682
2404 11073911
3716 88775499
3500 60248462
188 22122356
538 25556075
3578 46653920
1025 41804688
2648 10650004
1156 34884622
3515 86459493
2508 85726564
1270 60137795
2227 28758884
1573 90819825
418 46019936
1440 4068879
3103 11798007
2432 68555106
1075 17493169
2118 73928968
865 20000777
2281 77540916
887 92685807
944 10987554
1292 54277433
579 69969829
2763 45650164
697 21819559
3160 35475196
2001 57509397
1551 10001916
1098 90571170
2079 28522194
2986 78372388
2221 30429608
1697 80510207
2016 51732531
600 84234247
29 10164625
1014 43244537
3115 75526499
2623 49033113
3613 35310214
1527 8873385
2248 73347671
1626 31600400
3689 90927622
1486 41871236
3784 12361770
1695 40681699
1985 73078570
3357 64501200
2582 29220821
2097 70148337
3727 22896347
3910 58481096
2110 1021363
2863 85994387
1022 72518669
652 90497287
1531 56490384
3005 64576097
3122 63859855
97 16817514
3706 18773230
3969 76271129
3643 15396983
2229 71895793
595 86691139
2789 27062413
1193 51232943
2996 78431349
1102 84506989
3529 39380594
2708 29591102
543 88303925
3299 45942906
3951 99450575
822 95834335
212 17048782
522 77750538
1143 62918940
303 26674632
1757 465108
3389 17778958
3532 41519378
204 43813933
3855 99425076
2678 72890872
3135 49450871
2817 68042695
3467 74079085
120 9452008
765 31245518
3439 30636228
3604 67942050
182 24237127
3406 70161621
2157 54103606
2882 72835450
3295 81575156
3384 7178788
3680 69694105
3023 21859387
3216 28120868
127 93440246
48 85415568
3041 14446173
939 69686243
2045 96647800
2239 17526398
3119 48926735
320 5860546
2009 58340279
3603 44862422
1314 73661497
1217 79184789
769 83790772
2170 1132723
3803 63187605
333 82139349
3666 4038965
3324 28978875
3813 25592190
1565 12646260
575 17789752
2230 88065512
3144 23717087
3611 16581615
1674 79263965
335 33515447
3356 94373587
103 99262332
2613 30707936
1539 1611543
1414 91296059
3372 63569950
3037 20130062
10 2973902
3553 45430157
3903 89340895
1537 49559279
1363 72686971
3982 84387500
2613 42629822
3489 70453973
906 22890509
339 67629777
310 86106040
2071 49850259
1958 8187152
2508 39405586
2552 1334853
1934 29256928
638 49821929
94 67473397
1941 58683150
950 31581242
3436 83161799
2915 15081953
3728 16177485
2728 18900821
3789 83905374
3488 15856266
2016 9453759
1403 40701255
3062 83059145
1482 78209775
3634 53163165
734 55447846
585 30088312
31 65609851
2193 30097378
700 91428888
3316 11883908
3993 4404479
158 31050702
1057 5300573
1035 89154870
3679 3593245
3976 66119763
2445 76482061
1254 45325488
325 31021632
1068 53299420
1522 78631458
1042 35398349
2113 1136443
450 27713618
3377 7857220
706 33118036
2489 40232821
1771 26363530
1461 56858710
834 23657998
33 28429652
2566 14441429
1073 17822643
638 50356064
3268 92911702
1429 71077705
559 7274059
659 97337856
1320 60419129
1635 20154845
507 82729234
1527 16954530
960 27823974
1199 94734049
885 29942837
2693 34279954
3306 91239446
2415 45109338
553 78966939
181 87845935
2581 63604066
1522 12972744
825 8136926
3370 52184979
1770 58599914
3078 7425373
1836 54660997
374 41288401
2963 47540993
469 57798449
1891 43702551
1385 99958867
3713 22624929
2057 30466653
482 96742780
829 21978817
2455 14412906
3623 63201187
77 86552411
1812 97536161
3719 47372683
1266 18360839
3206 38239446
1248 86345486
804 69944550
1394 77975886
997 20812885
1029 41731639
1487 77797700
1251 17062163
1047 45941031
427 15412074
856 82413965
342 19142361
3709 38704157
3941 25479410
579 63790307
2827 34720176
2224 47196655
467 10250090
1518 71283041
3214 65380925
3726 11288334
588 77617940
2247 17091734
1339 70938659
821 94715351
3494 54718378
3676 53872633
1763 93577724
2427 87168320
584 73340800
444 42905165
2446 30519970
1884 68063093
1507 4537408
1406 55428014
3625 36562708
3851 7747752
2079 10779602
2382 31624901
1302 8692604
788 66158648
1519 45748232
3492 89960854
2202 28504797
3935 25835611
580 95530125
2290 24129317
1910 64654793
1266 62051028
2874 58579399
648 71250718
1952 14422604
2352 5068798
780 12867469
3053 69359970
997 45348873
3730 35841944
2754 55974592
3033 70872986
3626 57048297
839 84757149
2563 80703937
924 98937344
1628 30396408
3592 54477070
3540 85845572
3143 18423804
1166 34886587
1531 91440891
2384 31629763
3790 78511356
2647 31539083
1694 59657806
3425 57365442
3184 40643429
2867 54315736
522 39060278
1179 30945761
3600 63534143
317 24845649
3197 24060637
1131 54910244
2609 94080927
316 53978516
477 66858516
2866 12133412
1170 35913417
454 4998050
642 34683468
1399 30750099
3684 22360272
3879 76158943
1327 43080162
2468 10699558
1758 68467055
3472 17193332
416 16912069
3833 32703399
2442 64985443
2720 99038662
1858 47863583
3670 3421584
1207 90735171
674 3821078
500 13611193
1585 13894873
3704 10277136
2762 89584830
237 65211064
204 72462573
106 4390025
1292 38535719
2885 32809630
2158 61567849
1841 74988318
3960 76398657
1367 50680036
543 58435514
288 78279632
897 23448846
2664 23178578
2085 98079624
2365 46219740
3894 47729115
1872 58552448
1327 90252521
2686 46897091
518 88013605
3992 93034979
2770 76534849
3246 55274167
2530 97073845
3903 2657919
3959 49943465
1591 50951918
3349 61159419
2552 8389167
3771 6088518
2301 72617010
3007 68152355
3802 53681763
2085 71593380
485 3185501
3101 64608282
2223 17121391
3041 996362
1162 39080538
2906 17793485
1475 49932077
2933 97482370
296 82171073
1228 38283314
1617 12726456
1479 59207862
1218 2576129
665 65446927
765 13983083
1293 9678027
3588 10120440
3243 4745495
2 28610499
1902 95144444
1573 78787924
106 24061436
2704 23161803
149 67094380
2270 75336341
2924 9528192
3278 14263962
1387 10707307
3326 36372318
1467 35756433
2521 4200192
224 29065159
2474 6542829
1392 58319639
895 13895519
1351 40429924
2556 22629805
269 65981498
1903 76498002
3466 99008662
1591 95071129
486 84046351
2720 27688902
3743 39569792
2021 82102310
3246 89411562
2693 1825513
383 5810507
2540 85794850
1789 67636666
1966 43581354
1784 34163848
585 9293522
2730 15427487
1358 63919361
3288 43722325
977 17661770
3805 77089611
1232 46674861
2384 688739
2630 72969947
2366 21678097
2853 77628698
3966 52439547
3875 11451930
2794 41778823
181 77398991
128 70828823
2416 33431238
2424 74209173
3165 66717099
2047 37536404
3742 48845845
1858 88354915
3101 81487612
1019 12798500
193 16852030
271 41081702
3025 81934991
2956 2209200
2528 66202926
1001 24711470
701 32174604
3579 16885328
3511 34040224
3801 22875994
1675 39279006
3899 61515978
99 8597622
3808 12901275
3841 37125776
929 33823522
1211 67236191
3150 9310885
2458 22559255
895 47830059
1271 14455701
2394 62886960
2986 53864447
3183 92720091
3079 95428043
586 71561270
2716 33049884
2296 60977780
302 65667624
3053 66072148
2004 47865480
1557 73424965
3855 87983518
2341 18086220
786 52476625
2677 5786977
3527 31895568
198 92597710
3343 10070015
1714 14490314
1440 10906508
2906 3237160
3478 53059620
2202 57316253
2199 58806268
1882 41838528
1402 94221780
2327 63817628
1570 92759807
815 11970466
2345 41121595
3775 22568219
3225 41747564
1122 17378174
2447 16981297
250 45390977
2225 54550950
1796 78018560
2763 30617651
1708 69461501
1893 88409108
1204 48284862
1498 37083054
122 45467112
1756 17493916
1502 26383578
3345 64053715
1522 9824894
1599 10376802
1277 55482481
3317 16843504
447 43956486
3743 121641
1952 28424198
3092 8267546
934 12830822
1721 31161059
1461 49556038
1570 91949253
3732 54600628
2281 22104269
317 27742582
3125 58861527
3630 62934673
1701 49698720
1035 14397697
2033 46181202
1069 20254991
3483 25240494
1880 33323865
437 74431579
643 56805565
3991 10559352
3807 44518613
1359 96055146
629 50389858
2435 30223390
2380 92550916
3312 94718209
359 51401691
259 25507800
2271 18182024
3549 95556953
3073 5054116
3527 79992638
1880 79818570
2412 60338619
1847 71746518
2858 70812798
2395 72214044
2276 55496793
1847 25657632
1784 88663264
1687 96234482
3264 31142882
2202 12891963
39 67695697
1069 65108726
2415 50343014
469 63197394
2055 59613271
2789 83618926
2154 16589651
2712 48198326
1709 50356606
3021 57329655
3392 26205873
3486 49992389
2706 81805596
2623 41780509
2488 67562779
512 96800221
861 86431244
615 18488612
2321 44174840
1106 50676138
3249 47217457
3631 66349605
1218 36851128
3788 16330951
3469 83017055
333 71215298
88 14391920
3788 51576676
2552 30689844
1649 48607775
3581 22939134
3308 23665186
2210 40664619
1799 28303340
1393 94019891
2374 36421225
2604 44740631
2206 81722436
388 45083621
2466 53118619
3264 82064250
3142 69887043
3292 76784079
2476 45077629
2886 2221814
1067 8167468
1833 46391888
1110 72571692
1160 78934739
1772 13811815
1533 77563323
896 54017238
232 77352921
3526 76974385
1187 76528909
3696 69110944
3150 77136521
1971 10532640
1382 11068393
3485 24363679
918 24254910
33 63374848
1467 8903647
3530 89566861
1225 56952187
3997 65566499
1945 61569755
2184 50621312
3411 69720274
3201 40044565
2720 49534403
2300 81353400
3492 16705404
3675 789644
1110 11707253
1181 97863912
1293 36501140
3679 99788153
158 18302575
2919 54952595
700 18321553
2133 29875666
2200 98522810
2182 2334472
1499 55299602
2921 21840028
3568 35278525
886 19266199
1242 92079947
1512 73201624
114 19501517
3993 64504395
2404 37879966
2858 57355257
3486 94101762
3883 3733091
2145 69787702
3076 1084014
1874 39766742
2878 62329711
1443 45139460
3125 26530774
2204 21554598
2986 95477438
456 17746679
2629 22311571
1264 58234566
1211 57621977
643 71217537
3008 76585595
2341 33643312
1559 96226289
2973 34519088
1348 28610953
3019 34538377
3222 47964155
2390 83866682
3717 22584201
2161 2779230
2923 8503341
2613 25972919
1033 68439977
2542 69062373
869 59904837
3414 57342042
2371 31526859
3974 8292416
2624 10251644
756 72884821
437 61452977
2691 57754914
3869 28250280
1191 64157935
933 83649711
958 62110249
3141 53145918
2935 44097152
470 85417155
227 5487068
1091 59777441
883 76852489
734 44718270
718 69572723
849 30473201
1436 51241062
619 33764891
66 99471068
2161 17558608
3094 69121471
1424 31307934
357 39308419
3651 67187030
645 60571084
1970 72061175
3200 72440709
1281 94224357
3489 48662423
1904 45942888
1588 74413397
3390 68777906
3803 17277672
2642 95114069
2923 51067684
645 90852406
1246 34332231
183 12556007
2728 34326184
13 45302719
3406 64088262
3318 64728331
866 69113999
1674 89155145
3306 39412050
48 29311184
1136 1804769
2721 31829113
2961 13843451
2847 95692540
1903 83172592
3014 45120826
3150 27419341
2680 6040572
2418 24261732
875 82378192
3230 22500816
3293 9941760
365 10600643
3135 80365259
3518 43543873
574 86787662
3016 11296309
2024 45012870
162 71509923
625 27501525
830 27003087
42 8679424
2194 82203912
2648 59157732
1339 33081639
3234 44236725
716 66057594
1775 23234745
1266 5936253
3194 8770427
739 2491608
306 96001765
3108 77438412
3116 54489681
1861 70951558
56 36139213
2827 44940330
2704 771760
3149 82422325
1722 12464758
534 64755660
3806 48640747
1895 14679350
2064 58792996
800 84900323
1879 36689159
674 71896369
2894 39827481
3552 83397815
3661 96685797
1492 82359017
2015 56674017
3733 99240634
1570 44583497
3666 16806803
1391 54213785
2063 20983207
2833 36164282
727 45602604
3193 67297259
2341 28828907
154 52691072
297 82766886
1215 71596828
562 35523059
3633 3134056
3566 71348350
3645 8304339
2894 90331947
1254 49216043
1986 26468087
2466 4508071
162 52938015
3820 54717845
151 12924340
3373 65604618
3122 36187096
2873 32354117
2926 50080571
1461 68909752
3145 94212223
392 83749978
1097 6567780
3620 23289959
3047 90296724
82 3629894
577 78890209
625 67203757
3928 31777001
2466 97998540
1017 43453259
3359 24081920
1902 36872663
3765 33635126
3469 44550699
2281 59449011
1305 42594386
1505 9450533
216 34214039
1065 57530619
3759 58090378
2549 42347780
3842 34293965
1069 4643740
3046 73230175
2838 64396217
3703 7049530
1257 25413500
3384 8464421
2073 80240041
3894 46465030
1028 93214578
2189 95035669
802 58999159
1738 94757096
1162 46044027
2077 67761287
3911 46913307
1683 41442411
1938 56818341
26 66012560
1935 90063905
1738 18761369
1675 43219329
3015 68936432
2437 26065075
1149 78216962
1144 57410814
128 21507440
1025 47983925
382 81783652
1110 82260302
2782 54802576
1720 80438396
638 44180086
273 61003228
715 59127402
1403 71312222
3268 40140582
2507 35569920
2370 91799534
198 23371457
2176 99787426
3362 72402351
821 4887691
2779 21637641
3173 52625296
286 35054183
3987 29756241
1903 51725809
3355 93843568
243 76476397
3376 25559273
1107 15246787
2615 11862232
648 15011818
3983 66973475
887 88689066
990 97398454
2333 73363595
275 26553893
756 70529132
3195 23404169
2800 43717218
2393 21326376
2384 47504733
282 36737202
1733 41559444
2107 21282282
269 90256559
396 27669969
870 32892496
2206 82363838
2095 95277322
223 23474059
970 48065536
3568 34675782
385 50432286
2924 83213782
3630 81133492
3801 86537661
396 47744315
3152 29038740
3733 9738418
84 2216193
1458 79136782
1482 14118729
395 67866763
3195 78004122
1527 96224680
1140 92827551
1968 14050412
1066 74161586
325 12627952
2459 60672462
165 63669514
3334 91481556
1915 25091161
3836 84544760
3728 98473448
2868 46776503
497 50658945
2499 25725807
1812 30340
2110 81715338
580 55928942
937 40915556
639 15392604
1028 79643197
1542 55131481
3146 62084921
382 27301433
1044 47148995
56 68555369
2384 53968996
1334 60771155
469 64339919
3569 69696442
3008 9304292
2239 80400464
2183 85594552
418 44616663
3318 80458408
3588 41890619
1153 43024855
233 959671
3004 74599054
1763 3056597
2249 60883498
2351 32001314
2594 76026911
1910 42706752
2161 17668667
3072 23103771
1602 58994769
2141 96379233
939 5676089
2685 19942413
3785 59625947
673 99167466
1904 84861014
629 49382004
619 9455333
1204 20427700
658 59404028
1282 43944198
2661 16799689
1809 55831821
1672 96164224
1166 64894976
1266 46558067
2018 95322497
2225 99028978
2609 28953886
623 48690737
2847 65739651
531 95104972
188 20285366
2650 96483915
3534 81723806
2897 12503049
2435 68321909
1042 82733391
1577 18968415
1199 10982060
84 89375328
617 60643619
262 95538546
3417 68461328
1371 26306049
1449 35707794
3733 11055932
2421 64736747
707 74123251
231 53914342
3494 35565953
2155 77899157
1328 28552474
1697 43845912
1170 77636170
3036 47357794
3017 35030669
463 9438178
314 65837050
1708 2405492
2226 75478023
2851 49329652
1905 22612183
3302 25943120
264 38893581
1985 6312483
3784 38358716
2862 86034516
2314 19275007
3868 13401680
3726 24318950
918 1201000
3089 73410525
3795 52482931
3368 52157604
1886 10044825
1159 29315625
2646 53052319
3394 73719390
3952 29143225
2598 2527628
2463 59082866
541 10975322
2742 29145197
2154 86243475
3960 33845692
1236 29483171
1745 68455460
3025 99479795
151 56940184
1549 41830278
2996 72322008
1478 6027141
1141 70260038
934 16685929
3075 79995033
1023 62493802
3620 22378279
3748 26977633
2725 24867011
1044 14229982
353 33951110
574 49321332
206 88595075
3850 29073198
1008 81961094
2904 36516377
1930 86807760
3913 50845580
3359 35118181
1322 78210669
2446 34891501
3580 84649110
3033 83268425
1122 92182026
2011 74935348
1915 5496778
962 98274668
3996 83265345
2806 80342548
1588 55366639
3890 62889631
2108 75456375
2777 54886763
1026 5964204
1711 86250546
718 2532296
2106 77596827
2592 12840881
3728 9016946
3675 21265901
577 89966342
2898 78495662
906 89281583
1050 14363431
2910 5117943
117 81176365
1928 88689337
2973 43308322
2084 92293112
2812 77203923
3194 75916044
3631 17408758
3627 19490590
733 66884060
1857 87154630
1498 70519866
760 15121752
2124 42020101
1586 75230569
1976 24686952
99 95527313
3602 58657697
2029 76428057
3425 37251373
3781 96442836
3042 15916912
1645 39706924
2629 13986968
996 30659370
1961 73892766
690 55557174
2199 10497926
179 5933427
2499 38946691
1380 23343580
413 33297162
64 86833368
3800 33441360
461 24311770
500 45156626
875 52441614
2927 89760578
3286 99774664
189 60997979
3879 8751944
1131 11427502
3908 95244694
2052 79927877
11 3058313
462 53080951
1217 69676578
2180 73077277
3878 2076905
2385 37362725
260 65184263
395 66138170
767 36318166
2898 65987510
3491 72190377
2409 6088246
3774 76228540
2493 88498279
671 69303444
740 17213084
1585 57697530
264 36939997
3808 62932171
319 62289759
2157 75898682
3011 1621959
4000 30637465
2676 93009907
363 65545083
2194 59073477
1914 42555930
464 33372535
2272 43379899
1687 92534824
3108 78255448
793 60812705
2131 47959476
3587 31272387
3227 6590316
1102 48244170
3983 42207792
1052 27784239
2465 18400560
299 61201520
2210 76216885
1517 80930477
3718 42193818
657 44217443
633 81365574
1034 96509727
305 65786099
616 6173001
2371 16095342
3836 27674961
2549 40537977
2995 63750179
2598 89016415
286 66904088
1542 54425491
2097 11431715
2070 63439424
1319 37625508
304 44994696
2022 66093893
3061 67100856
3185 66674338
2661 59409336
1551 98514522
1931 48254752
2365 87023125
1508 53283512
1365 60269542
3075 15234411
2416 24839768
1580 99955396
2371 66384456
2005 97941055
1985 68818748
743 70000794
3472 95697840
152 58250637
386 3568347
151 252457
3059 3240181
275 37073240
2927 72425760
2415 27874607
2368 84450932
2483 94535733
588 73027484
2458 97803301
2706 96705258
224 37059740
1249 82122121
1002 93487262
601 49582517
1217 24347908
3321 91229361
3897 58823607
2623 63566567
3148 60801058
3532 41441179
33 23292046
3456 36887836
3464 57891586
3476 71613709
3196 6859209
953 57543617
758 60990020
833 70583979
2183 48810202
121 61853680
3513 56633653
1290 97658536
198 45821620
923 12018735
3394 11420603
1049 77525757
2987 86317214
61 87320855
1013 82584489
3790 74179769
3321 58503519
3148 71269291
1875 1896194
2399 87738790
1711 23831681
2850 58076240
1871 12495545
3669 69541590
2685 49633534
2502 19204111
2930 29849505
2022 44863922
305 88988652
3436 98032192
555 74167680
2679 92859830
3254 65833035
111 88231338
2267 55662095
558 76293446
3851 24427625
1505 94120215
2435 20744646
3303 33852037
1429 24786374
3030 94408417
3317 56394230
907 52324504
3510 29045176
319 48289996
2837 37787317
2753 90401568
1730 57802993
1448 4878795
3218 37429318
1836 35186693
2647 30673580
679 21429365
1230 21674547
2064 2191369
3132 83968053
1983 91325746
2106 28704436
1564 80184477
1328 2733184
2601 53954186
3582 41353348
2300 42105386
676 86622830
3075 56070432
3587 15288908
223 76357369
2555 13988826
3015 29439350
996 58686599
3149 19449100
1455 74215507
2916 10011013
2056 2487119
24 43277106
3433 92942467
1523 41589112
331 75784700
1129 66512107
3878 79432845
3624 94588456
2155 33872532
633 66470409
922 48702970
3036 13176262
868 69550873
1626 45240635
2995 79506411
3675 87635634
1402 30990394
1976 65930474
727 64916580
1621 14061765
79 45011711
3783 75576398
3149 41263588
16 9112068
578 76499646
2928 40673374
1256 13987097
1914 31268707
316 7816825
544 58540352
1419 3820224
3568 31725229
1180 82536023
3566 53542337
761 90945168
1495 38948793
3724 34462134
501 91722324
3551 6315494
2358 71549069
3632 13514050
2865 74422179
2114 49182412
741 24955282
2189 23606938
2345 4679200
3894 36117399
2782 6887972
2235 95925020
49 75069949
1029 45444995
286 44658763
2114 27156561
3468 99881403
641 81101380
3536 2097287
201 31638857
2416 87394682
2587 6725612
702 24869929
3749 86122265
932 30546099
639 86488105
2895 58168985
3614 52597176
646 34032288
2574 9880325
2149 49819640
223 22189458
3585 7022353
3046 93816973
2504 322200
343 88893645
224 50284513
2715 95541322
2915 15340481
2158 66218115
671 61114601
1908 15112874
2692 59560345
1056 34743932
1159 12506476
2462 51212623
2813 13175696
2526 20915259
944 32670975
2440 32638758
3492 84408536
3160 29311313
1163 23432287
3998 42374819
2894 93027618
3796 47191952
3377 2824112
3936 564798
1332 720022
3322 88012273
1129 4248215
3286 57829266
2429 58573991
2397 27070292
262 57308047
2706 57462784
2894 43966437
3716 14934395
1510 59252975
233 17837136
3090 73043463
3845 39620531
769 47804635
815 68360686
2926 70852946
2836 3651406
3071 90670620
3527 1475706
243 17159959
1246 79968103
1951 31999083
2555 65290086
3354 66277485
463 74478502
2371 45025324
778 13754836
1097 16135276
114 33214247
3412 62344089
858 46014954
173 21786871
316 30536225
3775 28649957
1636 61948031
2001 60319763
3603 33483274
3142 32702300
1319 80395689
2914 28834233
562 46836230
2224 13857359
960 73005846
1584 52629744
3119 68241944
1357 84418332
862 9960980
161 91093474
1706 99989988
1159 33788826
2950 34064623
2836 16042943
2652 27401492
630 17863555
500 24319704
9 86681679
2161 47275644
578 15976929
747 17732007
134 58046364
1076 29992021
105 76684770
1301 47745886
3073 97585839
2833 75624247
1034 52398382
350 619862
1130 2085575
2837 45144885
314 18288499
1257 81910679
544 35140773
3389 80368161
1144 34784889
1089 22569891
3831 32691867
911 80811972
2509 21366444
1174 7139000
1494 44635897
1959 47361274
617 32043782
3020 49901348
3407 34322747
92 89562843
865 83710223
3303 9860230
1903 50733131
2230 85708203
350 47998741
1036 22740550
3167 82952239
3126 54578224
3597 61081509
1185 2726652
1685 93519169
1584 71811915
1119 6611301
29 88812801
1465 94222946
3892 80397010
864 46265536
667 60589365
351 35882247
1050 30249663
201 58809013
2555 13079671
2027 54892487
666 48556051
1034 61912975
357 28987344
3447 3967909
1110 27862908
786 20269940
1910 47402511
2194 30199229
930 2909555
3402 35006095
330 43052805
3196 4791315
1473 38971251
3800 30735996
1504 23525187
1240 61346069
705 41683022
2105 7448339
1957 65129590
705 93022535
3160 12187469
2333 33301115
3269 91984826
1043 82478787
110 61727022
3261 80403054
1203 73728189
231 33389388
967 17420919
1174 43823325
815 33225585
1817 30237886
1585 18870779
933 84327948
3791 42514163
1517 55488692
1008 26428603
2022 89913950
594 54863195
3360 50632683
1361 58062598
815 62361125
2503 28652441
3626 44979572
2685 86634688
1806 20960471
61 14779427
3266 48749844
2939 18330789
1705 73312940
3488 85131350
2450 78891320
1270 31332417
2058 93854028
503 71252798
824 26906375
2590 57539199
1185 16904604
1645 25477119
2126 56587847
1162 64537548
1274 28775641
1029 41581337
3518 6671518
2205 74481687
1881 12748166
3232 54885960
2005 50417066
651 81375502
3862 97155557
842 80245908
1636 80448351
1236 75877887
1551 26557334
1504 23739264
1948 49849982
3131 11250686
3891 47482689
993 58298740
3061 80604260
2113 16254613
990 87456002
761 66749317
712 7264991
1076 36417002
2434 34954081
1416 24284942
1291 41069008
3680 7849683
2712 7008776
2369 45544568
3716 95005980
1577 26452931
1658 67511398
1499 3907661
2916 51827961
1291 26826787
3076 12616105
1764 14226342
2981 19449478
2369 60728263
1490 4338664
3273 33266041
3481 32512451
3132 92726386
2522 50271054
3206 33822372
3709 20685170
1292 70152207
1043 45492925
2797 25765029
2868 52170912
3808 1904814
57 50855398
1333 40954320
3483 34466369
3218 77609735
1233 61702072
2667 81061257
1737 80279988
1208 53653156
3249 95101688
77 83660740
533 88707475
1614 88304290
1031 58598838
1109 6312317
3174 15413884
3074 29216074
199 54442332
1684 24201292
1773 96302058
2235 32659442
819 99132744
3058 91883370
1177 50020005
3726 79066294
3810 61784398
2004 88324818
3218 20314244
804 63540241
828 10899248
2108 67413586
1083 70115578
1284 85822193
3145 5023304
3338 15332308
2383 15388653
2345 18960880
567 74739168
2930 69667465
2145 31425784
3370 80177993
1458 36154070
3680 19304784
3772 85700591
1599 71059810
3674 66064417
1421 13210439
3179 53279172
3888 67231162
2248 72418229
3359 27884537
2381 7118948
224 29736700
488 89641430
1418 83108421
1701 42575843
2465 86234631
3117 28566586
1771 28609078
586 95822059
3392 52698231
2726 3487795
1618 6353640
2368 71405973
608 32673710
3922 39183455
1761 47410868
1362 82065430
735 57118459
2801 6722094
1638 4846430
3050 94900013
643 67663744
2044 14632082
3419 50129395
909 57245749
1510 12664024
1930 1747168
3990 60719226
1290 59423377
2438 82834620
1361 14247793
659 14011641
3262 91924678
3707 49434052
2939 34375030
262 69966458
3990 46815640
2996 18549811
2465 73027586
3954 5250351
1680 34184539
2446 94155574
3751 29997857
440 48782430
599 70731095
3417 43666219
3340 64404350
1770 97275128
1995 28006061
1207 43716152
3050 63092162
3131 44162012
2466 82749206
3955 96666315
3592 8127013
1119 34928514
3682 49092128
3949 83221219
3275 15782129
3795 37952945
1718 73690922
2186 78039849
179 30391032
1671 97073760
2023 61669357
1603 79573126
2013 55957522
3194 25569263
409 83107537
599 37134212
2561 56170094
3756 79516848
3412 92991449
1133 83546087
3892 48967106
2833 70556330
3810 20112336
3112 20598691
1023 34851335
2284 74826200
2091 63591066
1495 31104534
1508 16740237
266 30097997
139 27284170
2758 76448104
2459 34267830
3040 14017128
3750 19675674
1282 77263332
2424 21411163
932 63783372
2247 69879426
3331 43379473
2281 37570736
1799 76099813
168 40149344
925 6143422
3552 31493413
3960 27534648
1756 10698075
3224 60436609
3185 96240258
2313 95415233
3795 16251652
3047 98969987
3938 19258407
1773 73146431
3829 24229231
3471 22607546
3314 57363865
1812 52761352
846 3377815
3299 84594004
3445 7473059
2460 14325087
2928 89715464
1885 21607357
2217 16154479
3115 16900974
3144 80710554
1366 75227881
3394 39591051
1063 42034913
933 11943152
2588 79021812
2189 84666452
2041 53999944
1145 13711465
3018 24060854
1617 75509599
3446 21600477
966 36158172
589 79045517
1499 57406754
2570 66917050
3492 41938630
1995 42738671
2511 40429187
2711 26188248
3682 48544255
528 24303895
3693 68840181
3619 20184528
3670 8039488
1232 27725949
3679 89068889
2008 86827578
363 97805609
2618 5876460
256 96488311
2957 71103784
2587 84700806
678 21101691
564 73458680
694 59569836
579 48669827
82 8662231
14 81682155
109 9192335
2007 45701251
3760 8609148
2309 23957377
1371 16557945
730 95209593
3357 88215307
2018 55096873
3996 68841969
2962 88518337
2609 60548272
2263 52776163
1824 18097287
330 76818524
2866 4170735
1722 21999569
1877 95676248
2224 5263435
1258 27665596
2341 45217821
3023 46303899
2200 22694051
1049 18000791
1849 37195388
3792 30457454
1044 58146484
3664 2122911
2058 27800108
2682 36822867
2074 91763465
1797 46966514
2586 14516660
3304 77931473
3626 58272201
2427 26619063
1767 60490144
2119 31240760
198 16144783
2626 60011458
1780 55438925
187 71824356
2587 45324586
281 68470522
3004 3582961
705 20906073
2114 99566963
3805 31041561
3513 59717691
1573 22682587
2667 77803664
2302 79411506
1441 37323022
1189 78041823
2296 79259173
3117 38600486
2478 19164580
2753 43410112
1365 54273049
3037 46481688
1565 85938506
1391 28326326
2986 37980045
3654 50242136
2915 21234392
1931 24295973
2665 95513128
1276 6149833
2299 58544613
607 80851665
2552 77678256
2153 69813934
3790 45556830
1390 26394961
3065 37522030
3089 49725577
505 89601673
3699 96576639
1107 27272618
1652 23135040
1557 64755452
114 18376652
1187 81086213
3373 62935654
1885 23967254
1412 73797527
3751 73994476
3107 43048926
1847 8866624
2154 99981529
1373 81179943
2145 18310550
2219 87767835
726 98794000
1851 86416838
630 43789571
3850 46928569
2916 27010457
2149 67293561
3439 88666605
3983 71547379
2071 47006905
157 12653457
2163 85657710
2868 18394488
697 79956213
2881 92393730
3197 31001017
2385 42598698
70 15368335
3093 48060001
2008 40133307
474 80484002
1687 58544646
712 55252297
815 2886481
1097 94347371
1490 22999353
3756 51032150
35 47069362
628 68023128
2874 48957773
2007 71695737
3537 31248347
644 72234687
219 88179493
1708 64590193
1876 62838955
1593 14080107
1942 22741942
2992 15661180
237 85073934
1537 32555919
1062 30736751
2302 59260938
1777 27028422
3664 34529404
3619 53911556
2290 98262220
1192 94034867
3855 46258643
3458 59493531
1511 39017545
2064 86376241
617 11660407
3487 66123774
554 82068594
2497 46326646
2844 88123784
2664 78193171
1892 37490881
551 98875498
773 14327510
2018 13673748
2583 46134110
1193 35774508
2849 75764888
413 51360852
2142 36640464
2233 88101571
1757 30422387
3832 51392827
3143 11777869
3515 80776982
2665 68644548
451 43781414
1103 96534536
2565 20899149
2619 53048207
1758 41715643
3385 50008918
596 42514592
2387 71427256
1052 13343045
3540 17672134
2709 51032722
471 16471310
2129 40589235
3341 31941444
1269 4347704
436 6297812
979 2739443
3669 3354218
885 77746675
1033 508283
225 20830749
1261 45713853
33 28433065
929 16920667
2244 60555713
3814 50935449
1594 56998301
3601 52745057
2011 69060439
1339 28224022
2607 76486944
896 25005318
266 79895225
1439 71315256
2530 42762795
848 41388278
487 34584262
591 43879266
781 50011102
1228 91041933
2260 94005719
1882 24922503
739 76786777
1511 53905326
2260 16939812
2934 19690930
2050 48117590
3595 17342580
1904 58959880
2583 77040673
2618 62006939
538 71410854
2515 18930809
1519 24329397
60 32101533
1186 16653692
356 65043301
3331 37808060
3314 41232939
2849 49496832
3356 83663796
3901 80133282
3695 69959395
157 47416670
3069 82542303
2135 44543986
2080 83595730
2691 71306918
1251 9423931
3184 53321100
3842 48165560
752 97981254
1843 50931539
1963 28799067
357 93572115
42 12442192
2759 29741780
10 1013366
3436 62305014
1531 89979118
2542 90119603
105 18617376
2470 96962399
3707 29894312
1657 22813458
2247 54507467
466 95530594
342 26824779
3573 83361543
824 18446211
1454 42514316
2370 17813675
3268 61636902
2061 66593730
712 39268395
352 91956998
3704 28506292
2413 73030756
3204 45780346
3013 1323519
4 30218640
3833 35015339
1253 14892936
3390 86982131
2911 41553632
1983 60859435
1600 22722847
2368 66774766
792 69086906
2078 51084356
2903 54802351
1959 94520387
1225 14516198
1874 42007428
1654 25811945
2380 23658384
15 77514340
1930 69601868
1927 18904888
1319 72091465
886 4388912
1948 72327013
3928 20370773
3773 1179349
297 76222067
1429 57692428
522 96982401
161 33150723
3936 76845089
1292 59241171
2777 96966087
3935 28747492
357 10881369
3291 23660369
3730 85928035
670 31807210
2726 16791349
2145 96979953
3019 18874134
2898 28063584
1686 29177018
110 26635135
2850 74737544
366 68950544
639 63062986
2036 98394355
389 80498804
253 58074397
918 13716487
183 66193850
389 34076754
1875 26667023
3437 38228167
1591 22122212
3774 7054979
870 82381443
734 87434405
281 92285273
2537 92357220
3952 66148088
3183 23746872
220 5027746
180 8301472
1461 36424052
761 8483728
2430 15095316
1492 76393664
763 48340985
2868 75395603
2770 96122340
1658 31305709
2952 81894998
3686 47856132
3468 43547084
828 53916747
1465 34624614
2478 46719929
13 64331960
3354 68589113
2171 56263652
1207 80673061
3835 86282355
2352 2888054
2612 27697196
2429 72123081
2427 64104733
3150 23888238
10 79651072
2095 65547194
3676 26053028
2351 89491486
2454 18841566
114 32697176
665 86806910
2115 27647070
2244 95568319
3759 47361425
2804 64416523
2536 40913818
1333 15056893
1780 46190700
2609 18669065
2740 32345635
2612 25613283
1942 20085122
466 51546532
