1000
42 21
69 20
32 13
88 29
40 20
98 52
17 0
45 43
90 30
85 39
66 44
32 28
4 3
3 3
91 81
18 0
67 53
51 1
57 44
90 75
70 4
17 15
19 8
52 25
57 51
97 5
13 8
9 6
25 18
44 34
68 20
20 0
48 23
21 8
47 45
85 24
85 38
21 21
38 24
89 32
21 17
35 23
66 4
23 14
86 46
75 45
14 4
55 32
63 17
13 1
90 12
50 10
12 10
98 27
87 21
87 59
42 0
37 29
67 25
50 12
56 52
78 22
5 2
95 60
90 31
42 2
70 11
95 51
37 13
56 37
64 62
33 21
48 41
68 25
30 29
54 50
39 22
75 48
92 79
84 47
7 6
32 8
83 24
29 3
63 0
71 55
30 12
69 12
39 26
68 52
14 8
27 7
43 27
28 27
37 34
59 26
36 17
46 15
85 75
25 3
9 3
43 1
66 20
45 22
63 19
10 1
18 10
32 15
29 20
19 11
3 0
98 92
27 27
14 12
76 30
5 3
9 3
32 8
82 81
39 9
24 5
32 24
76 53
35 7
75 51
90 36
66 60
10 9
66 22
47 40
92 9
87 72
74 10
38 24
79 54
90 76
30 6
91 33
70 10
75 66
70 24
91 22
50 4
11 8
19 4
85 51
6 3
49 46
19 2
37 5
58 48
49 3
29 0
87 82
10 0
72 43
62 5
100 74
87 43
25 18
100 16
3 3
100 96
28 2
66 60
25 12
97 40
94 51
65 52
13 5
94 37
34 0
59 1
75 5
28 24
72 53
75 64
19 8
23 2
29 18
50 17
10 2
49 9
100 88
58 55
67 41
56 55
33 2
82 20
2 1
83 76
60 20
70 29
88 7
23 13
78 70
27 26
96 82
51 46
86 24
92 29
18 13
3 2
61 20
1 1
31 16
43 22
18 1
22 21
2 1
100 32
53 31
8 8
15 15
97 93
94 24
23 17
71 51
22 8
54 25
45 3
84 36
96 20
72 50
60 51
65 6
38 31
76 4
23 8
3 0
32 30
23 17
2 0
56 0
7 7
92 53
54 12
11 3
2 1
55 13
26 8
24 11
33 2
56 17
35 28
20 3
37 4
92 7
23 15
74 6
88 76
94 66
96 79
90 40
81 71
47 12
18 16
69 7
69 67
58 56
99 33
22 3
34 8
51 44
61 5
85 42
75 64
78 48
72 29
51 5
52 50
16 1
70 32
91 64
46 46
20 17
21 5
61 18
48 33
51 35
100 75
94 57
99 34
75 69
92 60
36 33
97 12
42 17
80 25
22 2
44 11
96 10
100 43
97 86
24 18
79 19
48 42
71 18
59 21
77 76
9 9
67 0
87 25
29 17
62 1
97 35
51 46
88 47
84 42
66 41
52 52
17 10
37 22
77 44
45 41
100 61
35 8
39 37
82 13
94 60
42 40
90 16
91 16
21 16
4 1
68 11
65 8
19 14
35 5
24 18
15 2
24 2
82 23
35 31
82 5
31 21
30 20
84 42
24 1
8 5
22 20
7 6
48 4
11 9
46 28
97 76
59 0
73 32
55 16
65 40
75 67
21 15
60 51
39 3
91 24
15 8
1 0
91 51
19 3
4 3
82 17
26 17
71 67
75 10
60 44
59 2
20 10
28 16
2 2
10 3
22 4
56 2
52 9
24 4
23 22
89 70
27 2
96 24
37 9
58 41
6 4
31 11
95 13
88 52
37 30
39 10
98 57
49 21
85 56
38 8
57 41
24 10
69 62
59 27
84 77
74 26
65 36
99 57
15 11
5 3
82 59
17 16
87 44
39 7
63 20
97 56
15 2
32 6
96 18
88 44
63 22
58 49
21 3
85 80
56 46
99 15
91 23
32 24
13 8
71 5
65 37
97 5
58 54
68 60
16 12
85 70
92 14
92 30
43 6
83 36
22 6
39 9
26 1
56 47
88 69
51 25
57 51
14 9
74 41
22 2
77 11
35 23
93 53
11 7
97 23
55 1
97 6
99 17
25 24
4 1
4 3
21 14
46 8
44 16
12 5
77 49
31 12
95 88
24 11
83 14
72 0
19 6
60 0
92 84
30 7
14 13
57 4
91 20
96 66
31 29
74 18
32 31
22 11
27 22
52 33
96 60
56 27
17 7
93 43
94 12
67 41
49 30
11 4
42 14
14 1
3 3
21 21
9 8
38 14
8 1
20 6
54 35
82 14
19 5
3 1
69 36
62 27
37 16
82 33
3 2
82 81
96 53
62 43
27 23
55 37
90 6
2 2
33 18
88 43
91 58
70 24
9 1
81 67
89 0
70 55
88 29
71 7
42 16
7 3
77 19
29 3
74 30
64 2
89 26
87 41
51 28
86 52
38 38
94 84
83 7
11 4
62 24
56 45
13 13
33 26
37 18
52 23
54 7
4 1
6 4
39 14
81 7
67 52
45 11
31 30
22 13
62 45
98 43
27 0
17 6
21 16
13 12
36 15
79 21
48 36
51 43
52 44
79 3
72 34
32 0
17 1
26 24
53 20
70 50
75 8
66 26
61 26
7 5
53 34
81 21
42 10
26 8
87 86
19 16
47 2
36 23
89 7
22 0
1 0
32 24
28 27
24 10
46 4
26 16
10 8
93 13
65 51
38 5
90 70
83 2
91 52
65 52
37 12
24 7
42 28
38 3
9 7
7 5
49 39
33 18
57 50
69 15
84 22
7 1
94 62
81 29
64 16
79 67
19 8
7 6
84 28
65 7
20 1
3 2
100 45
86 38
37 30
70 48
37 26
29 6
55 0
83 77
22 7
66 35
89 48
87 3
7 2
50 43
64 34
36 24
8 3
96 8
94 86
73 35
10 3
64 59
65 54
99 6
44 14
54 11
93 64
96 50
27 24
7 2
60 8
42 34
98 47
78 65
20 18
8 2
85 11
8 0
49 28
3 0
76 23
28 25
33 17
5 0
88 71
86 20
82 72
46 33
92 15
10 5
75 1
8 0
72 68
49 8
61 45
89 78
5 2
38 18
11 9
24 24
66 65
61 26
61 41
22 18
91 4
71 40
31 2
45 22
9 2
3 2
14 3
55 14
99 42
37 36
65 60
20 18
69 22
69 24
40 4
31 0
76 5
40 39
84 81
100 94
87 0
65 38
8 8
27 23
22 20
77 10
57 48
33 24
73 68
59 3
29 8
29 18
97 90
67 19
42 16
63 11
57 53
33 27
39 10
3 1
74 31
18 12
89 19
46 32
42 36
81 9
75 72
16 14
35 3
91 82
53 17
51 8
69 51
98 74
4 3
57 20
42 26
12 5
30 30
89 13
72 11
13 13
42 4
40 37
87 13
15 2
29 17
80 24
21 14
20 13
37 27
95 40
40 0
35 22
85 13
81 48
52 21
89 27
9 3
13 12
83 39
69 37
14 10
67 59
11 6
43 31
99 15
11 1
11 7
68 25
64 15
6 3
48 2
98 88
62 12
91 27
40 31
91 10
8 6
90 24
82 13
19 6
6 2
48 6
75 57
45 28
13 6
95 26
73 58
1 0
72 5
30 3
47 32
31 1
7 4
10 10
73 43
72 50
78 58
1 0
100 37
87 20
78 77
6 4
31 28
80 1
14 7
94 74
70 65
100 90
19 17
55 48
26 20
90 30
60 30
12 12
86 67
78 51
17 13
18 4
98 1
73 66
94 1
19 8
26 24
9 8
4 1
98 84
35 4
9 4
18 16
51 11
88 31
42 2
92 74
43 9
30 17
30 4
71 7
45 5
80 80
88 13
74 54
81 28
34 30
40 35
85 1
28 27
56 37
19 11
57 13
16 1
43 20
16 15
17 11
72 18
38 24
20 19
49 12
65 58
93 85
5 2
1 0
57 18
73 49
25 16
74 9
39 9
5 4
4 0
51 32
100 36
69 40
60 46
97 94
71 53
98 61
15 11
2 2
96 54
79 11
61 25
17 12
39 14
4 2
76 38
59 4
25 25
58 20
78 48
30 21
77 0
80 4
2 1
45 42
11 8
14 1
73 26
12 7
64 50
20 18
9 6
44 16
19 11
83 17
85 72
68 57
100 13
50 50
34 0
52 48
84 28
26 7
86 70
4 0
10 8
77 41
40 37
77 31
46 37
33 28
100 28
83 67
24 7
34 25
83 25
96 76
81 19
26 19
96 70
42 0
36 9
87 60
79 47
44 42
22 14
37 19
53 39
34 28
90 54
78 19
57 22
5 0
48 44
72 0
11 3
8 6
60 10
19 1
24 11
12 3
43 43
1 0
3 2
15 1
84 72
40 40
72 21
23 17
31 30
99 75
43 18
84 45
45 7
63 4
41 14
64 15
41 10
74 51
97 2
89 13
11 6
18 17
4 1
19 0
40 40
31 30
32 31
12 3
99 2
8 1
27 9
34 11
40 40
41 21
37 33
36 29
47 27
14 9
81 34
91 21
61 33
80 5
51 49
14 5
5 4
54 2
11 0
57 55
56 3
16 10
9 3
