1000
36 26
8 7
88 38
64 26
39 35
11 6
23 22
83 62
51 7
96 85
66 12
92 15
15 13
8 7
33 27
16 9
40 22
65 48
9 6
34 9
69 33
62 6
93 22
30 11
34 13
52 52
33 5
29 19
99 97
97 10
73 58
81 62
49 42
28 15
50 19
21 3
87 35
85 31
99 11
90 43
1 0
57 54
13 2
30 11
24 6
75 28
99 17
88 40
11 0
39 17
37 9
37 36
18 10
2 2
67 57
43 37
10 2
67 57
18 5
40 6
58 54
42 34
49 24
52 38
78 15
67 50
80 10
85 48
6 0
63 52
96 19
93 67
95 53
93 11
16 10
40 10
20 11
46 46
96 64
72 72
94 17
53 33
97 12
63 50
39 29
86 44
62 52
29 3
34 21
57 24
31 27
96 10
56 35
87 76
73 29
54 52
35 5
27 21
71 24
54 47
54 24
9 3
41 6
97 3
89 86
6 0
39 10
90 8
89 21
45 41
26 8
49 44
9 3
42 6
57 55
26 20
65 63
90 14
37 26
38 23
25 2
68 9
32 25
4 1
26 19
32 11
64 33
36 33
56 48
2 2
89 9
79 32
81 60
27 18
25 3
40 39
31 30
38 11
2 1
71 14
89 66
16 5
8 1
13 0
48 32
80 2
49 46
13 3
94 89
78 70
83 56
31 13
29 7
66 42
90 0
92 22
65 28
9 2
60 0
19 9
88 76
86 60
67 46
32 14
96 39
57 35
38 10
79 41
81 79
27 15
58 37
85 40
9 7
27 23
13 11
69 53
6 0
49 34
70 16
4 2
76 22
10 3
22 15
92 16
41 16
29 28
75 17
31 24
87 5
22 16
40 13
73 36
85 50
21 16
13 13
85 85
76 55
23 7
23 10
67 47
79 40
3 2
37 1
83 55
90 81
54 32
35 2
34 23
81 21
35 6
14 5
50 13
61 14
38 33
45 7
26 14
61 29
91 4
80 51
31 19
94 82
35 35
19 17
23 19
38 6
97 28
3 0
73 36
35 17
61 18
39 24
6 3
1 0
32 31
44 9
93 91
98 86
89 63
77 14
2 1
100 83
96 60
58 57
9 8
83 32
50 31
19 18
39 22
45 39
30 24
33 33
3 1
76 23
48 48
47 9
97 26
19 18
32 7
93 25
18 4
27 21
87 37
68 10
85 67
3 1
85 85
47 29
94 44
83 71
4 4
70 60
14 1
91 46
86 32
22 1
8 3
60 22
98 59
42 15
64 5
9 4
4 2
22 10
11 8
54 53
61 15
15 10
28 2
20 1
12 7
48 6
15 14
54 9
21 14
29 23
40 38
48 15
89 55
78 60
96 9
3 0
71 42
52 19
94 84
78 25
83 11
10 9
83 81
81 5
14 3
77 5
66 39
17 17
39 16
15 13
71 42
25 8
74 43
50 1
50 43
13 9
32 10
94 62
64 4
2 0
87 75
17 14
52 43
62 1
38 1
41 17
46 20
28 12
78 21
78 16
43 6
21 13
97 62
62 0
42 36
67 27
42 22
19 4
59 2
21 11
97 33
72 30
90 81
7 5
63 27
66 16
48 19
90 19
79 20
52 23
96 49
69 25
57 40
78 19
83 6
44 30
18 10
21 7
36 27
52 18
57 46
91 82
67 13
24 18
54 49
46 36
96 18
36 12
14 13
98 96
52 2
41 18
76 70
58 27
38 18
14 2
44 26
74 64
39 32
99 13
87 10
62 0
25 6
60 58
19 5
87 15
42 22
74 68
87 51
88 26
2 1
72 7
96 81
41 39
95 52
19 13
28 19
7 1
47 38
54 26
38 5
1 1
17 6
77 61
94 79
99 95
66 59
80 0
25 2
29 5
37 17
64 51
6 0
88 83
18 2
100 54
98 63
95 85
50 15
56 34
31 18
15 5
55 7
93 49
75 26
51 31
68 8
42 32
41 9
43 14
86 26
75 57
90 64
59 39
43 10
9 6
85 31
52 42
78 72
22 17
82 75
1 0
63 38
81 60
54 44
86 32
11 7
23 10
64 61
64 46
41 18
30 21
76 11
54 29
49 30
93 2
82 36
32 28
8 1
37 32
39 37
71 23
21 13
80 47
10 2
6 3
36 24
8 2
23 18
49 9
86 9
85 58
63 34
73 4
53 14
54 9
97 77
45 9
64 56
11 2
46 1
5 0
64 22
40 30
96 8
85 9
35 0
98 55
93 71
66 57
24 10
100 43
69 24
39 4
64 41
82 49
2 0
65 38
77 12
20 15
10 9
18 18
97 10
67 34
44 36
40 17
92 73
22 13
69 57
27 14
24 1
58 21
76 14
93 73
39 24
82 28
69 50
48 48
21 1
2 1
12 5
12 10
32 6
58 41
38 2
87 45
34 4
31 24
26 8
11 5
3 3
40 6
93 59
99 7
45 13
66 6
77 12
76 74
82 58
55 29
4 1
97 47
93 12
5 3
54 11
78 2
35 30
40 33
9 5
64 16
95 9
66 40
91 1
85 19
21 18
29 5
68 44
11 6
25 20
33 6
14 7
38 9
76 58
68 46
31 2
61 27
77 9
32 15
94 94
36 33
24 19
68 13
24 21
11 4
82 73
85 27
88 40
27 20
86 76
74 11
58 58
51 37
8 8
91 71
74 32
79 60
85 49
36 12
53 5
88 52
24 2
82 82
78 64
77 34
17 13
68 43
66 4
2 2
5 0
59 23
19 17
79 74
39 0
33 17
39 38
77 5
55 21
40 6
38 7
79 57
33 14
64 8
18 6
58 19
46 10
3 0
45 1
17 0
41 6
95 39
63 27
32 10
11 1
71 51
26 1
3 0
50 34
8 0
80 4
11 9
36 12
61 20
100 97
71 15
37 37
74 41
83 13
79 46
36 21
52 49
44 6
48 47
93 68
37 30
55 29
13 1
76 28
44 41
64 45
74 31
42 6
86 43
4 3
32 24
1 0
53 9
62 9
66 44
100 49
92 4
3 3
12 1
4 2
15 10
93 23
19 19
63 30
83 24
82 76
66 1
60 60
87 48
66 30
37 4
12 6
83 33
67 33
36 24
78 54
52 12
43 17
60 9
22 20
53 34
98 94
28 28
4 1
18 5
18 3
37 1
57 17
88 53
13 0
21 19
56 24
90 80
62 46
74 47
65 57
20 15
50 12
88 53
25 10
30 14
68 3
33 4
35 13
77 61
32 9
91 1
71 60
16 4
62 12
50 7
66 57
88 48
55 48
24 10
55 26
80 56
82 11
11 10
54 1
16 3
12 0
38 13
80 13
72 43
87 17
62 54
72 7
89 35
62 46
6 1
26 8
42 39
18 18
98 24
6 4
87 22
57 1
82 2
97 95
9 1
54 22
43 8
46 35
7 6
37 36
8 3
70 55
21 10
42 6
62 0
96 92
92 21
74 67
32 16
12 0
99 87
81 31
74 74
18 3
14 10
77 32
48 7
51 23
9 4
16 1
71 25
90 46
29 5
97 55
6 4
55 9
57 16
73 36
81 12
7 1
42 21
10 2
73 17
49 39
38 36
46 14
36 35
77 7
92 60
93 88
97 20
67 37
29 7
74 18
93 19
36 27
43 23
5 4
10 7
27 23
53 19
6 6
15 14
61 3
15 15
50 37
13 1
1 0
38 26
88 2
15 1
67 25
77 9
40 26
89 46
79 2
4 0
34 34
79 41
58 49
7 0
99 1
74 47
71 20
15 6
67 60
45 22
43 0
44 6
36 20
32 24
56 54
20 6
52 5
88 2
40 0
49 2
10 9
60 42
15 15
6 3
83 14
24 2
71 60
64 44
69 61
93 71
50 26
73 30
34 4
42 9
7 4
3 1
14 4
39 26
15 14
74 65
28 26
93 24
41 41
41 26
56 22
98 55
77 40
88 55
70 66
93 63
28 9
51 45
39 5
59 45
36 8
75 66
6 6
54 19
68 45
18 17
51 30
21 0
77 40
63 45
63 15
28 24
61 22
99 70
40 36
52 49
19 13
64 7
89 42
44 12
43 2
57 16
43 35
85 58
90 48
63 57
80 20
53 21
3 1
29 14
19 12
30 0
14 3
23 15
61 47
80 64
84 35
97 78
28 13
53 33
8 6
96 53
75 10
91 51
94 85
35 22
63 57
1 0
19 16
7 3
58 36
28 5
21 3
62 59
19 2
39 25
19 17
94 49
2 1
34 30
54 37
55 18
44 11
93 13
80 55
7 5
44 15
41 27
28 12
28 23
98 92
1 0
19 5
50 13
31 9
90 82
55 12
27 15
86 50
63 12
86 26
1 1
19 4
8 7
88 29
23 4
54 46
13 4
67 1
94 58
84 61
11 10
37 3
81 41
100 40
93 47
14 3
92 69
7 5
31 1
88 26
19 12
100 37
90 49
85 28
31 19
75 44
56 0
29 12
43 36
60 26
4 4
74 15
39 22
32 9
23 16
42 40
80 34
2 0
11 7
100 4
25 16
70 45
47 19
29 2
