1000
2 0
10 2
2 2
10 6
9 7
5 4
8 8
4 4
5 1
9 8
7 5
5 2
12 11
12 8
10 6
4 3
12 5
10 10
5 2
10 4
4 1
5 4
4 4
1 1
1 0
7 7
8 4
3 2
2 0
3 3
4 1
8 8
3 2
10 4
8 6
6 0
1 1
11 9
1 1
11 10
10 9
6 4
2 0
3 1
5 4
11 9
3 0
4 2
7 3
3 1
1 1
12 0
2 0
9 9
7 7
7 1
9 3
6 6
5 0
3 1
4 2
8 7
8 4
2 1
8 0
9 1
2 1
11 11
12 1
5 4
10 6
3 0
8 1
6 6
5 3
5 0
1 1
10 2
9 5
5 2
2 1
1 0
9 8
3 2
7 3
1 0
5 5
4 3
1 1
4 2
2 0
7 3
3 1
5 1
3 0
4 2
1 0
1 1
5 0
8 6
7 4
3 3
2 0
6 0
2 2
11 10
8 4
2 2
9 0
5 2
7 1
9 7
9 2
2 1
5 1
6 0
9 7
5 3
8 3
1 1
5 4
11 11
3 2
11 2
5 2
6 2
3 0
3 2
10 7
4 4
7 7
5 0
11 4
1 0
3 3
9 1
4 3
7 5
11 9
8 3
6 1
4 4
8 3
1 0
4 3
8 4
9 0
1 1
2 0
5 4
7 2
10 8
9 1
9 5
5 2
11 1
8 0
7 3
11 5
1 1
7 5
4 4
5 2
10 7
10 10
7 1
8 3
5 5
10 1
4 3
3 1
10 7
6 5
11 8
6 1
10 7
3 1
1 1
2 2
4 3
7 2
5 5
9 9
12 12
1 0
12 11
6 5
10 1
2 1
4 3
2 2
11 8
4 3
12 5
3 1
2 1
2 1
5 2
12 0
4 0
8 1
9 4
10 0
12 2
7 0
3 2
8 0
2 1
2 1
7 7
2 0
6 1
1 0
5 1
4 3
9 7
12 12
2 0
3 0
6 4
12 0
6 0
10 5
2 2
1 1
3 1
1 0
11 1
9 7
3 2
9 4
7 3
6 3
9 1
1 1
6 4
3 1
10 7
5 5
10 8
12 10
12 4
10 4
5 4
2 1
5 0
11 0
2 2
4 2
9 9
12 12
10 3
7 1
7 6
6 5
8 8
5 4
11 3
11 7
12 12
8 0
9 9
10 9
6 2
8 4
6 0
8 3
7 5
3 2
1 0
7 6
10 6
3 1
6 4
10 7
4 3
8 3
5 1
1 1
4 2
8 2
3 2
1 0
2 0
5 0
8 7
1 0
2 0
6 2
6 5
10 9
1 0
12 6
3 0
6 6
2 1
10 2
6 6
3 1
5 4
4 0
12 7
9 6
7 0
2 2
3 0
2 2
7 1
9 9
6 2
12 5
9 4
4 1
6 2
10 0
9 6
8 3
5 2
1 1
8 8
11 10
2 0
12 10
2 1
3 1
1 1
7 0
5 3
12 7
11 1
10 6
7 2
8 0
11 1
2 2
7 7
1 0
9 8
2 1
1 1
2 1
2 2
11 2
2 1
8 0
8 7
3 0
1 0
10 8
10 2
5 5
7 2
4 3
5 2
2 2
10 1
7 6
3 2
12 11
4 1
6 4
7 1
2 0
5 3
1 0
2 1
4 3
3 2
12 6
2 0
2 2
8 2
8 6
2 2
1 0
3 2
4 0
11 10
9 8
5 1
12 11
3 2
8 3
9 5
5 1
9 8
4 4
7 3
10 1
1 1
4 3
4 0
7 4
4 2
1 1
2 1
1 1
9 9
2 1
8 1
7 4
4 2
11 8
11 2
1 1
10 10
8 6
1 0
8 8
2 0
10 7
5 5
7 5
12 8
8 1
3 0
10 9
12 2
6 1
12 2
2 1
7 7
5 5
11 0
5 2
12 12
12 2
4 2
9 4
8 1
3 2
8 6
2 1
2 2
11 5
6 4
7 4
6 3
3 1
6 3
4 2
8 7
3 2
5 4
1 0
9 1
4 1
10 9
11 5
4 0
4 4
1 0
5 4
1 0
10 1
6 0
11 5
9 7
3 1
6 4
2 1
3 1
5 1
12 2
5 5
11 2
11 6
5 5
8 4
10 2
9 4
7 6
12 12
3 2
4 2
4 2
8 3
6 2
3 1
12 10
4 0
7 7
3 0
9 9
12 10
11 1
6 1
1 0
9 8
5 4
6 6
12 10
2 0
2 1
10 4
4 2
4 1
1 0
11 11
3 3
2 0
6 6
8 6
1 0
8 3
9 1
5 2
12 4
6 5
3 1
7 6
2 1
9 4
7 2
1 1
2 1
8 1
1 0
7 5
9 4
3 3
10 10
9 7
2 2
3 0
9 8
8 7
1 1
7 2
2 2
11 0
2 0
7 6
10 9
3 3
6 6
12 7
8 5
2 0
4 3
4 1
4 4
2 1
12 6
2 0
6 5
3 2
3 1
3 3
3 3
8 2
12 2
1 1
2 0
1 1
11 11
3 1
8 5
2 1
9 1
2 1
4 2
11 9
5 2
12 0
6 6
9 1
3 2
11 4
10 6
4 1
12 11
7 5
5 3
6 1
11 2
3 0
6 1
5 1
12 11
11 11
5 2
12 12
7 6
3 0
11 4
4 2
5 1
12 7
7 4
11 2
1 0
4 1
9 3
12 6
12 7
10 0
2 0
12 4
12 4
11 1
9 9
9 6
8 6
9 2
2 2
6 0
9 9
7 1
1 1
3 0
9 0
6 4
3 1
1 1
3 0
5 3
11 0
11 9
3 0
4 4
6 2
5 5
10 10
7 2
7 4
12 12
3 1
7 5
10 5
7 2
2 1
11 2
7 1
10 4
3 0
8 1
7 4
9 0
11 4
4 0
9 3
5 3
9 9
9 2
9 9
6 0
10 0
3 2
8 0
10 8
1 0
12 2
9 2
3 3
10 7
6 1
12 2
8 1
5 5
9 9
6 3
1 1
11 3
11 6
6 5
7 0
11 10
6 3
8 1
1 0
10 6
5 3
5 2
3 2
6 3
9 4
3 2
2 0
1 0
1 0
9 2
1 0
3 1
1 0
12 3
4 2
10 0
9 5
10 9
12 4
8 2
2 1
2 2
12 2
8 0
3 3
4 4
12 2
7 1
4 4
9 4
5 5
12 9
6 6
4 3
6 2
11 11
4 4
1 1
3 2
4 1
3 3
5 4
8 7
4 2
1 1
3 3
2 0
2 1
8 1
7 5
8 2
7 6
3 0
10 1
3 0
10 4
11 8
3 1
1 0
7 7
3 1
2 0
8 1
10 0
3 0
8 1
4 3
4 4
12 0
7 4
11 7
12 10
8 5
2 2
7 4
6 5
2 0
10 1
12 7
7 7
11 8
1 1
12 12
2 1
1 0
2 0
9 4
3 3
7 5
1 0
3 2
2 1
5 5
11 8
4 0
8 0
4 3
7 5
2 0
1 0
7 0
10 2
12 6
7 7
10 1
10 5
3 0
4 0
10 0
1 1
1 1
11 6
2 1
6 0
5 1
8 2
10 6
2 2
4 2
4 3
3 1
4 2
8 0
10 2
8 1
8 4
12 6
11 5
9 2
7 3
8 0
5 5
10 0
12 3
5 0
6 0
8 4
11 8
6 5
2 0
6 0
8 5
11 0
7 1
5 0
12 12
5 2
3 3
4 0
2 1
3 2
5 1
7 2
10 10
5 0
2 1
2 1
1 1
11 6
5 4
2 0
2 0
10 4
10 8
6 6
2 1
9 8
6 5
2 0
11 7
5 2
11 4
7 0
7 3
5 4
12 11
4 3
2 1
9 3
6 3
9 7
2 1
1 0
7 7
11 3
5 4
10 3
6 1
5 0
10 1
7 3
3 0
11 7
6 4
12 2
11 9
9 5
4 4
6 2
9 9
12 10
4 3
8 5
1 1
3 1
6 1
10 0
8 2
3 3
11 10
5 4
9 6
2 2
2 2
4 4
12 10
3 3
8 0
7 6
6 2
7 1
11 11
3 3
9 9
12 3
1 0
3 2
8 6
9 1
10 0
7 7
8 4
6 6
12 4
11 0
11 5
12 10
9 5
4 0
12 10
2 0
5 5
5 3
12 5
4 3
2 2
3 1
9 4
10 4
2 0
8 5
1 1
1 1
12 5
10 2
8 7
5 2
5 2
9 3
8 3
12 6
8 6
11 8
11 5
4 1
1 1
6 0
1 0
4 0
8 8
10 2
12 7
1 1
10 1
9 2
2 1
1 1
2 2
1 0
11 4
2 2
1 0
6 4
9 0
8 8
1 1
10 9
2 2
9 0
8 1
3 0
1 1
3 2
10 6
12 12
11 3
10 3
5 2
10 5
7 6
12 6
3 2
7 0
9 9
11 11
12 3
10 1
5 5
11 9
6 2
4 2
12 0
2 0
11 0
7 0
1 0
2 1
10 1
6 4
4 1
6 5
12 8
5 1
2 0
7 2
12 2
5 5
2 2
