100
34 47 19 15 95 36
4 65 95 86 74 12
22 69 60 32 29 46
46 75 66 47 89 21
19 24 65 71 83 88
49 83 57 77 31 31
6 45 4 82 31 1
49 14 69 75 90 50
85 2 91 4 7 47
10 27 9 94 46 8
80 64 69 31 90 36
77 25 85 16 86 13
0 25 86 9 78 7
41 29 34 5 80 95
38 66 5 83 31 7
35 28 85 69 95 14
85 64 95 54 19 58
88 73 74 34 84 31
80 20 76 35 58 83
64 3 67 31 70 15
54 60 84 84 10 0
65 89 89 19 39 90
24 95 84 69 84 30
47 32 92 48 28 40
39 82 24 7 32 80
42 46 30 18 66 56
17 55 82 97 34 8
21 31 65 5 35 51
50 89 70 82 80 99
32 13 5 66 27 54
51 38 42 2 1 97
82 38 3 97 15 30
45 12 5 64 8 3
28 2 97 75 19 27
1 3 24 3 96 4
17 66 50 1 52 79
73 26 2 85 40 0
5 90 36 77 87 68
78 47 88 81 67 22
30 55 10 83 23 67
43 89 85 31 93 86
23 20 0 62 20 56
19 83 35 12 60 95
62 13 54 73 34 94
49 74 59 44 24 76
71 96 59 57 16 66
33 13 15 98 58 69
99 82 16 69 71 10
96 62 3 87 44 2
41 53 86 56 42 56
18 96 20 1 11 49
60 11 60 80 55 89
39 85 30 29 95 5
25 84 28 24 48 44
36 87 66 52 1 97
18 68 99 95 14 61
11 43 92 8 19 72
48 40 20 90 41 47
80 37 4 0 88 2
3 6 29 81 16 98
36 89 84 57 92 74
13 75 83 5 15 36
86 68 72 81 79 84
49 33 70 57 93 65
40 51 9 5 72 28
7 69 69 57 69 18
56 17 19 89 6 22
89 70 67 50 45 22
36 22 4 81 69 58
99 61 70 1 60 23
11 61 39 41 85 87
25 62 59 78 79 50
49 59 11 65 16 31
69 44 39 70 99 8
85 61 19 96 96 89
39 79 4 1 2 96
86 46 55 16 40 85
41 88 74 43 35 71
63 7 77 44 32 75
49 23 37 34 58 28
69 23 98 36 68 49
95 97 69 59 71 22
5 30 36 32 38 60
3 32 97 30 34 37
83 68 75 83 62 70
23 40 0 24 99 65
82 17 11 78 77 56
38 84 31 15 66 94
88 18 20 29 84 27
60 54 79 32 30 13
95 78 72 31 54 68
13 71 59 90 91 43
39 52 21 19 79 68
47 39 25 39 0 18
10 85 12 86 61 33
65 49 95 79 17 99
49 6 57 55 40 49
46 37 54 34 3 55
85 35 67 8 91 62
49 61 69 57 94 11
