16000 100
217 1111 3291
258 2478 6062
311 841 4229
274 8710 6743
41 4921 640
315 6692 6302
152 9329 1693
222 6013 7108
51 1072 10818
200 2480 8675
318 7657 9863
312 8822 8231
182 4575 10604
67 6791 8543
130 8382 30
192 4792 2462
242 3407 13118
303 9402 15045
300 4669 15436
292 9146 5422
169 7390 2134
100 3439 5926
212 2772 4212
286 1604 4233
142 6995 15016
73 3010 1543
20 3788 11296
304 8194 3588
123 1669 7619
284 1396 5068
115 9670 12354
204 5869 2034
81 8537 7030
107 7880 7743
136 6325 1590
108 1126 5160
213 2464 11431
228 4105 11981
235 4942 13839
258 5089 7893
202 5509 2684
26 9124 14898
195 7673 8653
30 5207 6029
67 7586 14195
255 517 8265
144 2340 2376
119 8998 6982
262 7701 7161
40 8622 2917
63 6758 14847
58 8141 7816
219 6461 14405
104 5327 1758
4 8737 2035
253 8041 8209
153 2385 10668
207 3488 12241
293 8185 2595
185 9 12146
97 4573 7465
78 7900 4523
20 7387 14912
243 2988 3407
149 1619 3639
296 5295 11009
2 1243 7381
91 7342 7505
252 2646 7126
62 8194 13374
273 1830 5604
242 116 5672
112 2407 11078
23 8605 12759
132 9435 12922
263 5091 9382
106 5901 1352
64 8707 10318
143 8087 8645
101 7562 14185
151 9503 11580
1 6791 7536
320 4779 9970
152 6540 13986
301 4173 12290
58 8940 5061
110 4754 14613
58 4682 3713
119 8977 14153
274 9039 15180
247 3716 10652
263 6516 155
48 4345 3113
119 4133 13223
119 2318 14281
123 5203 4319
236 5634 12234
262 7797 1074
215 1656 7276
144 6975 9186
