30 1000000000 9999
2560 8122 6828 4003 28871 30963 23184 4233 17058 17146 1534 6397 4942 29727 25935 3589 14726 14021 11696 29481 389 25038 26568 18052 26822 21844 10652 25370 18190 3994 
10160 23916 2220 3650 24943 3658 24063 20416 27853 16361 1082 2318 9515 12597 2916 25505 16763 25448 15779 22429 5540 26076 3001 30277 808 5149 8911 14517 23812 31299 
3954 9939 17112 21375 4571 27267 14151 22259 1907 8986 30113 18119 3478 3350 19135 30073 16791 21004 29999 13684 16901 5345 20626 26341 21805 3645 20545 6090 22752 19773 
3383 27211 24439 28776 27435 13646 7699 27365 6396 4934 4138 10731 28754 21323 29759 11896 30851 112 1520 28486 4275 29521 6454 5883 1344 8683 31465 29343 5213 8625 
14978 9300 9724 4060 16677 28225 15090 21506 23007 10704 22357 28906 3884 16153 27689 22431 444 12446 1084 28867 7286 3896 14415 20518 18878 27217 11894 18071 3571 4180 
10434 17914 11068 13154 26396 19355 12933 17991 24692 17602 9668 9644 5916 8584 3969 24973 3182 2536 13205 15086 6069 26905 15666 10698 9291 17179 3619 32589 6910 2193 
4949 30787 31416 23758 17047 21455 25696 562 9630 16992 7675 24759 5708 16609 20759 23239 4146 13360 2153 25681 15187 22738 12469 4123 5162 23269 8430 1882 21743 10837 
28063 8064 1047 24403 2953 597 19482 17155 1421 7241 120 20597 18893 17672 29694 16855 21007 22096 1093 32233 11106 9471 32381 31153 8451 4209 16744 25199 3713 7176 
16553 9171 7456 18188 19775 7790 28795 5814 18253 8807 1646 1671 7452 623 20019 21214 15202 21238 15051 20938 21189 10655 21664 19997 5787 28914 3688 6338 22772 9298 
24908 17488 10202 2094 29770 16094 20439 12923 21208 15898 26552 30561 30410 12693 18833 3636 10613 12129 7425 679 21 3806 22199 17980 30572 9681 20789 30207 29356 23478 
25300 10356 8599 1880 5385 22478 4581 19102 24806 15457 28646 24744 5348 11098 14952 4634 18399 19886 28123 17336 32098 17232 27315 21300 24357 1703 6926 13891 12244 9279 
7063 4086 23314 6847 27562 12360 18110 30491 26809 12788 18805 266 6382 10889 27224 3003 2321 8383 19983 16067 16813 15628 29966 27483 5998 26739 12054 16840 23246 19869 
26623 31514 10992 28714 12726 19225 28620 20041 12162 11901 16269 16518 18059 26973 13111 3044 14236 18922 28301 23084 1576 861 24370 3204 20619 13614 30478 7235 32147 29319 
26099 32260 25407 24056 5761 15098 19142 11628 29255 13443 30171 10844 12586 17919 2352 578 14347 14562 57 31569 19108 16136 3634 24931 5299 26441 4195 16179 20059 16462 
30115 14284 32711 7586 16155 5185 10256 13068 32332 22943 19297 31261 29780 31520 11353 5637 13932 31905 13488 10667 31670 6486 20766 21500 30774 17085 17528 18050 26909 3024 
13853 10809 13902 21631 32656 18079 19739 18781 32102 7947 6223 2970 26467 31295 14706 5425 29664 2112 26440 11618 19055 6758 5531 355 2498 8623 19002 13651 25801 26456 
17218 367 6939 13231 21148 12168 20631 22307 4807 3253 2123 18845 22744 9029 18069 21523 1983 20727 7815 30810 10443 3438 11920 2875 28017 29919 20569 13514 32329 27405 
32750 19187 15193 27255 15902 14934 20886 21455 29220 29013 18856 20911 3719 362 29678 9352 32062 27326 21954 27355 5912 17912 31742 14763 10843 16467 22206 6450 21675 7668 
616 14803 13358 13946 8682 30032 13294 8150 11843 28733 30591 31581 24389 28596 10721 6427 4505 14155 13223 25963 19971 835 7257 21701 21991 29442 6936 16854 22797 30659 
6784 29142 14497 7053 13267 13078 31614 13409 25939 18904 22444 22456 2031 8036 29990 8749 18466 26456 19937 10102 9753 12096 20235 7832 16660 3174 8080 7771 29198 23532 
12259 32252 31136 18711 30459 11811 17699 3566 156 7700 3861 8708 12503 297 24253 19346 24788 2176 11026 18120 14543 25841 9434 30565 27489 9539 27663 22662 13825 17567 
13446 7867 19146 32068 7635 16480 1919 13181 16999 22571 7628 3280 16891 5633 4302 1913 19250 12814 11222 9751 26745 5652 22122 932 5170 12547 27021 25514 22547 10443 
27201 4788 31688 24174 19785 11011 1760 30809 10291 4483 6630 26356 29590 16126 25294 6008 17049 10638 12436 18689 5044 25176 27167 14308 7867 15223 27755 4930 17432 2615 
5095 28893 343 22916 29980 13099 3817 8354 2192 5545 2849 21022 19946 21362 22147 22276 10838 7184 1342 19026 1579 19090 2551 2221 28108 4830 32200 26707 14796 6473 
10633 11601 597 10341 13390 3574 25034 31002 6960 23431 19115 16633 22097 9012 29881 31436 20250 23371 9563 7538 3015 28844 22337 13546 13350 18557 1351 4525 21403 2590 
7324 577 31848 17759 23075 19211 12331 18673 5913 20581 12712 15643 18681 9968 9161 22190 14492 32299 6627 13883 13477 6469 32059 18307 17180 18992 27593 13615 5721 8951 
29756 17602 18724 20817 21310 11979 9754 22646 5624 18271 32339 7473 17881 2758 21313 30775 403 25205 22491 17079 10087 13884 3323 4402 29859 7617 32005 4237 15977 17965 
23242 14693 10161 24613 1964 19874 30865 10748 17666 21583 31421 27175 5310 1961 32586 28145 3405 26997 29111 24688 9406 29079 7213 3511 14119 2785 262 26189 19524 21033 
28045 22238 24674 19358 10756 18481 13435 604 27372 23386 27043 17981 26496 13873 27554 31730 14723 29698 28387 13139 27195 3718 1421 30708 20670 21266 4079 4089 9580 14351 
3105 7467 28349 9898 2280 21579 11069 3276 16347 16038 23764 19277 6852 14825 22859 21605 10313 10807 1036 3683 17356 4729 21801 20129 29839 1781 20896 183 18460 11811 
