20 999999999 9999
2697 803 3460 31622 3332 32046 22835 12360 22416 21071 28090 8247 17271 3777 7733 10893 26970 1449 23050 1709 
21088 19878 1831 17753 17555 27561 20875 29221 11910 8199 5128 26923 30267 2508 15943 13569 12101 5203 23564 2280 
31786 25363 8635 11078 7947 12220 8732 25687 32135 20099 4443 17695 7132 19641 14675 23203 21327 23971 779 8536 
18383 2438 14721 19676 24789 21249 27047 14308 18830 18079 940 4214 15420 10413 8572 5208 7386 13641 5770 29128 
9982 9916 11469 8301 13060 30218 13064 18062 22121 2503 16463 32386 25461 18219 20679 4199 3101 14697 8109 29719 
11303 17213 25242 12120 32399 3780 18949 25683 16938 12177 27401 9288 4489 11005 30312 23167 29216 23230 24785 25474 
24231 23996 24670 9353 20673 2848 25441 14134 3548 7085 25696 32130 15192 32083 16222 12792 32235 1281 27740 18465 
10308 29372 17184 12607 15598 31726 11317 22845 18296 20480 25395 28647 20691 19242 11841 21079 29435 19338 11991 10415 
20441 23668 12233 3086 28521 11274 5249 18620 18712 32524 19851 4264 31856 5873 30296 12821 31990 15926 59 9872 
13651 28406 3768 3621 26035 18363 26878 27346 16747 17044 9394 12348 4062 25191 28142 31649 21665 19081 4234 2062 
17117 29836 9882 13010 32757 30808 4151 9266 31081 6781 6275 28766 20987 5320 27623 17572 10768 19733 17311 29924 
18264 28259 27257 32068 24497 6190 32473 19492 2889 6137 5633 26709 8707 24874 9359 18309 2077 14106 20551 26878 
11791 15725 3859 2193 18358 25247 14152 32204 32433 22752 25899 7028 9228 4386 22964 9007 9499 27760 13970 8576 
18345 6017 15214 17912 29011 17549 26740 2987 32302 14175 10768 17890 27312 22444 29173 25871 21709 15779 24932 2054 
6240 27845 26795 11625 2765 12535 32748 6500 6628 20949 23839 17307 21001 4170 19290 24929 3986 8797 1872 24619 
24433 8526 17689 25668 21267 7650 17201 8130 19336 20219 3778 5560 32739 3691 23846 7597 17124 6154 7847 15181 
19412 16135 11914 7775 1713 3451 17485 24311 12171 580 2604 18925 15662 24848 31978 20877 24321 18616 30925 30352 
4654 976 6123 15692 4611 18300 17828 807 10137 21636 11120 18513 7347 11947 23259 16819 21992 24125 22733 18210 
22533 28648 28175 29145 15533 9932 24843 32550 23106 5333 31955 19299 8969 3401 2405 31016 32648 9629 6446 6335 
10291 14477 20428 25560 16968 8044 1560 24958 17400 5560 28516 1610 25543 31473 9217 9431 5941 26283 13573 17013 
