100
100 22
-15 -843 -61 -398 -830 -643 -490 -528 -940 961 99 625 410 354 -237 388 -309 542 -824 -30 300 -323 916 -709 108 735 -416 512 231 999 96 192 977 965 -215 -205 169 -365 507 92 657 101 321 318 54 -606 574 -609 -480 -860 231 445 680 89 -663 665 24 516 35 -297 -29 924 411 632 286 523 708 -586 415 -222 -134 965 556 -664 933 629 -378 933 842 -815 -685 712 389 -178 620 112 664 146 0 219 359 -560 -287 -871 -647 -350 -279 -581 12 948
100 17
-243 859 -833 10 -206 183 -510 220 -162 845 -938 -120 272 -586 -667 -391 -532 -781 325 -357 -795 -233 681 -77 -444 95 891 -397 944 184 -949 30 81 -568 814 -316 511 417 -533 -261 -971 -404 551 914 -676 -609 440 -32 457 -441 -218 260 4 -507 -755 948 207 999 -11 -127 704 154 -626 -355 -253 392 -946 651 -479 -606 944 -772 -101 936 -811 369 -332 651 -419 -342 100 890 -845 853 273 77 -423 -268 -653 -576 -866 -897 746 -44 171 -836 -815 -938 498 220
100 7
-950 -160 481 -196 -417 570 -770 -761 -762 150 189 -530 -713 67 -386 -890 0 927 752 -869 -662 -863 -293 371 721 -434 -381 125 544 -543 -908 -972 415 -198 975 -14 618 200 640 -88 715 47 879 248 -137 -811 662 -264 940 454 503 -205 -98 632 -408 -904 950 -551 -447 -966 -776 806 417 57 39 -328 94 -479 -106 968 378 913 143 975 947 822 -51 -366 -818 -871 -349 541 -452 -724 478 404 842 -96 951 944 55 -417 -432 650 -782 -458 -872 -696 -442 -877
100 3
511 686 -957 127 -186 -916 -839 304 560 657 -302 145 787 267 333 276 418 -919 -153 -39 828 -434 502 -802 -626 -756 -391 -253 76 77 -402 574 -124 316 262 572 340 933 193 -20 -768 940 -72 -37 -97 -284 -391 535 -399 -115 -925 216 276 -935 132 301 -518 -681 457 -509 961 -570 791 755 -924 356 -104 -54 -835 91 873 -572 581 110 859 -724 -915 900 420 218 -375 479 -608 -544 -844 517 -296 629 -948 384 453 360 516 165 760 336 391 -790 -955 74
100 17
428 239 -965 -727 343 629 -61 598 241 622 919 125 -662 -921 932 -760 -848 877 834 -973 837 -100 890 743 427 636 742 58 -89 898 992 53 981 899 -848 3 42 853 -373 -437 947 113 -858 527 552 -832 576 -133 -463 -459 -673 295 377 194 -621 208 39 515 -525 -963 -197 -882 851 -790 962 -761 -268 -533 -665 679 365 567 -183 765 -754 -756 68 909 456 819 -753 -504 454 -76 874 935 526 -457 722 457 147 -24 -376 950 -185 876 596 -555 17 692
100 2
247 589 565 514 548 -852 -851 -271 -573 -47 578 773 258 676 825 -836 -28 872 534 347 983 401 447 -483 669 340 552 -567 645 -47 -311 450 -266 376 -250 -57 -947 17 -299 309 -276 -769 86 240 -557 -752 628 -885 457 922 421 927 -682 744 164 -2 217 373 -1 580 938 76 15 -591 -899 731 -836 -772 -869 882 -597 558 -715 956 294 -285 -550 -858 -473 -614 149 -266 -255 589 506 859 -542 -995 651 342 -552 -851 451 -821 604 403 772 997 851 118
100 24
-320 499 908 769 527 578 -768 511 861 -259 -156 -526 -647 513 -996 -269 -525 -411 -148 -414 23 878 -505 -463 376 -347 -736 -578 214 -698 -639 -774 -737 335 263 -466 -673 -157 955 -512 647 36 320 -245 -97 155 -730 -751 -9 118 -248 851 531 -642 -363 818 827 -248 -346 384 -569 673 85 -820 -242 -404 177 -441 -843 -479 -532 723 -698 -445 809 -869 -367 99 -334 -550 -699 -561 -604 -626 -521 620 43 -112 456 -40 749 917 -809 -874 -623 761 -493 135 -188 -93
100 15
-329 803 -864 -285 558 244 -132 -560 338 156 -300 -835 548 -653 -187 -670 70 994 -904 157 -801 3 -450 495 106 -138 636 198 -643 917 -594 -540 -724 825 819 -269 -919 770 529 -635 -690 -375 -807 -53 -634 -963 -351 -771 172 169 984 121 -983 -762 -794 210 21 -85 -586 36 -666 358 646 -723 -722 -693 -868 756 377 -794 577 333 671 -465 -605 -619 -358 -952 -252 -117 928 95 515 -809 719 462 -405 483 225 -950 -712 -762 -248 175 -539 411 -107 -478 -211 485
100 10
-730 89 -134 870 973 188 969 -872 502 -744 679 -177 222 105 -382 -102 601 -77 502 271 -936 -927 -763 999 -426 -879 338 -305 717 59 -28 823 677 553 300 -837 359 -939 -42 -156 33 187 -730 -985 -895 -674 -949 998 44 273 -307 -595 -565 627 -451 -221 194 -217 336 -129 -746 -787 603 -101 -115 838 243 -865 -980 -584 916 951 751 -721 802 -323 406 857 -971 981 972 767 442 191 698 -654 -173 727 740 -771 -31 -487 -103 412 -561 345 -203 -3 -389 -944
100 16
594 224 386 -236 -238 -624 165 -77 15 -535 210 -542 -23 942 685 -165 -60 373 413 296 403 -754 -173 925 82 927 -381 -861 -176 928 403 812 -453 992 770 686 -92 173 423 -750 -679 -414 -762 -184 -472 -663 750 -640 -108 74 -230 681 412 -417 961 856 535 -743 -700 362 430 -829 741 356 -597 -243 220 -66 -861 878 -326 -717 -429 377 -778 899 -968 -14 -570 588 -420 64 -89 -522 -787 -625 -463 738 547 829 -558 373 -89 -28 355 -677 -38 -902 -601 420
100 33
-75 -400 -729 572 402 -276 529 45 268 -74 964 -576 146 989 452 795 -849 308 -707 -492 -459 -39 -983 507 767 969 781 -80 -175 373 831 361 837 -397 -375 -424 -821 -430 319 791 59 174 160 505 250 949 -255 42 792 570 -764 514 429 200 -16 -39 801 211 14 543 372 -936 232 -61 -40 -323 -466 -597 -891 -253 80 701 841 55 -645 -142 166 758 -940 65 -121 122 61 375 -238 457 388 19 516 963 -81 -61 -176 602 -248 -855 289 -651 22 -639
100 22
561 -504 -771 150 -327 -830 243 143 -138 205 -990 -776 574 485 -232 -826 524 -133 -890 19 -489 -802 -287 943 997 669 697 435 229 973 752 572 -305 -491 -48 -54 -750 -483 600 307 -271 193 -622 503 328 615 -839 994 -278 -394 -322 610 356 -52 -276 601 -534 -391 109 -312 -952 227 -842 436 -940 -3 696 411 792 -903 90 525 -358 -211 290 -675 -584 -561 -901 464 246 -162 -445 -458 962 918 -938 462 -114 494 1000 311 682 330 -196 169 863 910 259 72
100 28
717 -694 -165 459 831 -14 647 665 -818 -862 -331 522 -692 115 334 538 32 554 -187 -441 529 -879 -904 -567 -473 -288 627 461 -245 681 293 249 -744 -246 -272 -445 545 -648 -394 -849 350 -469 -75 639 293 951 -786 554 147 953 4 848 157 335 218 623 -973 889 -188 939 -894 199 6 350 -141 -375 -855 -636 -766 -467 140 951 354 523 86 -576 -826 608 -287 -710 -697 776 940 297 -133 -397 -781 153 263 -925 801 -624 531 571 553 680 269 -224 -977 267
100 3
-635 563 -654 656 -898 191 -916 319 -436 -477 846 812 317 -476 701 -557 781 -878 325 -938 725 533 -641 -330 -940 -654 234 666 -627 -480 -384 722 753 -459 -629 -524 159 -102 -705 -40 45 919 30 -581 -663 -993 -985 600 419 -767 -491 87 -734 177 -28 -570 496 -592 322 921 -604 551 -174 -332 82 -714 521 -106 585 5 -908 792 963 -846 70 -455 386 378 852 223 201 379 192 497 -966 5 191 -187 639 514 904 577 -34 -567 -740 -160 209 397 841 -857
100 26
-647 422 777 224 331 600 -701 920 -965 -728 921 625 779 29 -802 358 756 -152 198 923 -794 496 -603 -349 -240 351 -953 570 -655 168 452 41 338 -594 -709 -247 941 105 58 820 -268 911 325 566 997 336 -388 -521 201 -504 -991 25 525 236 381 213 853 154 -558 -124 544 -696 950 813 818 177 -754 189 -320 -694 883 484 627 918 749 583 -485 -790 -161 -841 -928 -375 682 727 -255 -842 -237 847 -40 214 -501 -860 -914 -954 -675 247 -772 -516 -212 -489
100 22
-877 -857 484 512 -165 -261 925 -838 -850 -978 970 871 112 -827 -219 -403 -171 139 -970 658 171 486 197 707 -671 492 142 665 923 -242 876 766 -925 737 88 -784 -681 170 -196 -748 50 -456 -528 81 -882 -697 -596 349 222 988 -705 -929 -656 536 708 920 -658 825 783 -876 -245 939 860 -905 845 -274 519 -773 646 505 687 -991 883 758 564 711 206 142 -666 -774 713 -808 -705 896 716 -285 272 854 419 409 361 -199 -576 -465 849 170 -91 -348 642 -419
100 14
253 -247 -340 466 -18 -250 -554 488 542 285 107 394 -11 268 110 -294 -395 -897 -915 -412 -933 -699 -302 -734 -916 -148 866 951 -244 -825 -762 -436 699 -258 -998 847 710 -720 -16 612 738 -127 75 509 -114 673 -276 969 -380 742 -171 -449 71 602 313 -543 907 -502 -286 350 -358 420 -453 -836 360 196 -719 652 377 779 762 0 -491 818 332 522 -514 266 596 405 464 121 -89 -518 -67 499 -962 512 376 -339 -320 -827 828 -886 -643 72 240 -520 847 827
100 1
71 967 602 383 -329 -175 -699 595 649 -280 452 -975 -858 -648 -666 -617 537 341 101 581 -543 584 -635 720 23 337 -466 678 -798 -815 696 516 596 -992 -556 -204 598 -861 972 848 484 481 817 922 -933 232 405 516 960 -193 -889 -234 152 -356 -728 -978 313 -399 179 523 -404 157 -109 588 -69 33 794 -395 -898 -702 753 157 -645 895 441 -497 -870 705 -560 540 496 -692 -183 -770 701 -663 -942 -918 750 524 847 308 -755 -505 -684 -204 158 668 318 -636
100 28
103 -383 -678 -810 71 -915 598 157 622 907 -933 575 -220 -372 -503 -200 -281 596 -290 -580 418 -714 281 -668 -222 958 -659 -733 -383 769 554 25 -745 -850 857 443 -108 365 922 180 -608 407 -266 -923 -24 898 -387 542 -399 -472 917 -414 -642 281 -58 -715 -930 -286 -660 -188 -987 971 -425 665 -980 -174 589 847 -645 579 -524 643 -462 -115 -404 -95 -575 -529 359 687 965 -797 -645 -41 19 -154 -1 702 151 402 -521 -865 740 -282 -369 -503 253 869 25 931
100 27
889 493 796 -175 778 -581 -408 -526 -36 288 -626 94 -424 5 340 -768 -997 6 994 -979 -487 563 411 447 815 151 -458 229 296 607 -414 -457 291 299 963 -43 -72 943 529 13 531 127 -462 386 -684 -741 280 188 470 -647 643 -227 -914 -926 674 -309 -84 -1 -127 -924 929 737 500 -752 932 -78 -117 388 -898 -367 -818 476 -597 -647 -385 536 459 728 939 930 75 -78 185 -996 540 -658 -510 603 -163 284 -167 151 -438 -424 -324 -394 -24 -92 -215 881
100 2
111 316 136 -272 -695 -238 837 907 849 -899 481 129 763 955 223 -831 317 -45 -217 712 363 930 -138 -85 -568 831 815 72 -240 -308 905 -255 -841 -549 -391 -232 -103 629 -496 200 -293 288 267 -290 -332 -559 -646 620 447 748 675 792 -887 -549 410 292 742 -995 -34 22 381 7 515 -89 931 -82 -328 -662 213 874 379 341 -784 -675 -394 940 833 -112 205 649 -931 -666 220 753 656 391 880 -521 258 -286 857 -606 -695 -638 730 -461 -13 543 51 395
100 12
747 927 -793 -992 -181 -138 478 -244 899 331 147 -810 982 -304 132 271 787 232 246 -121 -463 -918 -695 -74 -399 957 -174 -866 233 103 237 -6 -578 112 176 -519 -490 562 -281 -7 617 -190 -695 320 722 -458 188 500 792 -750 -712 698 628 901 -804 243 -44 -406 -663 -428 -802 92 -307 357 -134 60 936 -222 -486 575 -334 621 -632 -744 -324 155 -307 450 -502 564 -750 654 -746 -840 570 -689 678 36 309 986 -737 -44 340 174 -473 621 129 -147 -510 510
100 18
-905 244 222 670 -441 -576 89 264 -950 -315 -607 -803 560 -166 365 788 -920 -355 -530 509 -487 987 358 -349 -842 -219 602 -79 619 -470 478 450 -626 -475 552 587 -327 376 119 409 402 27 -466 -202 -912 432 -702 598 -950 18 130 -648 -546 166 932 -506 785 644 -954 552 675 -70 925 568 287 382 -575 -253 510 -666 -897 696 -737 549 -703 246 860 -542 -265 -516 -310 -920 -417 668 692 -218 471 -821 620 -945 478 -543 57 53 -750 46 140 -28 -41 892
100 25
-970 -247 -323 540 301 -845 627 -329 420 492 -496 -253 755 693 907 -633 -113 -889 50 -993 666 996 39 -520 -694 836 -955 -315 3 -521 50 -951 320 347 463 524 -820 -786 -598 -813 257 917 172 -587 452 726 -617 -945 -997 -583 -744 109 -354 911 884 -869 880 -737 -765 -567 -763 243 794 -701 653 226 -160 -687 -801 -373 -270 312 -539 954 897 -336 603 156 447 -730 549 414 -387 -567 -10 937 143 424 620 -219 223 -604 -251 406 994 -255 -938 -56 807 248
100 14
-78 157 -743 32 -700 107 323 442 256 827 -71 -433 923 742 376 -593 -834 -138 379 -176 -67 -609 -468 -810 -275 888 -226 831 -998 -258 -417 -263 749 -617 364 221 -470 987 -782 -353 -503 63 383 -727 823 180 196 -861 424 -374 356 -545 -756 -139 232 20 -735 -300 565 744 878 326 -267 1 404 -690 -848 600 115 722 -752 -840 245 -962 -705 -912 832 165 -509 -123 208 175 -365 -675 194 -433 -930 -366 745 -531 -246 73 733 820 -563 -983 168 -854 -990 -889
100 26
-491 -53 388 -657 -732 -194 -284 501 -561 879 667 208 -492 127 651 535 -242 -408 623 -796 935 459 596 -395 572 724 -719 -958 -355 308 852 -327 -432 -412 814 -900 196 77 145 425 -169 587 -594 -352 -740 -831 891 -868 -549 -651 19 -260 -418 947 -723 444 63 525 -168 483 239 891 613 9 -582 -520 789 -491 -261 357 -986 -124 577 -424 -393 542 -844 140 -747 651 -585 11 869 116 -819 -908 701 447 -349 -408 628 597 519 -790 325 716 -476 -6 -184 -874
100 10
-369 -678 172 670 -186 -732 411 126 -573 -556 250 -889 -211 -643 592 826 869 -904 -734 37 77 -974 -166 105 -541 -13 468 814 -955 986 -998 -724 269 981 -786 -823 63 -503 -222 -965 -408 -107 -293 651 805 881 -589 -762 102 -210 -345 -360 -424 966 498 222 -87 -470 -190 578 -962 -570 442 874 840 203 -492 534 473 -967 -534 411 345 -693 -707 112 -685 109 -66 644 633 -873 239 421 -356 208 -186 421 843 587 581 121 -742 -440 917 -161 823 -885 531 632
100 23
791 -202 -914 75 627 283 -723 777 -339 710 251 -862 -563 -627 870 -486 -785 940 -151 614 11 -267 720 -543 -968 -526 575 -30 -852 -71 583 757 -103 436 -640 896 -171 56 -236 788 -910 -816 68 635 768 -299 770 597 -798 217 508 761 485 -424 -401 -494 632 510 -728 97 -895 702 -84 -450 667 -2 539 913 594 -938 319 251 555 698 690 624 -182 126 -305 283 491 -575 -24 625 -273 896 277 974 -35 -361 479 -293 -238 -239 -989 394 182 779 -1 240
100 29
-231 563 -766 -966 175 816 -816 -965 869 161 960 950 -741 343 -191 -215 763 -702 -929 319 206 -94 -879 -936 -658 471 -335 -15 841 957 714 -630 -852 -796 848 415 -320 -486 414 -769 680 -362 -348 -771 763 -549 -743 541 -664 -79 567 -531 -194 -639 -436 -273 472 -365 -408 316 -751 3 38 -10 -703 247 572 -4 -53 398 -925 -320 909 -569 545 964 746 70 872 431 778 788 250 -727 569 -46 342 -24 -169 -804 -518 -606 -441 -370 932 -235 231 -402 -88 149
100 23
515 949 532 -956 -742 -619 120 -835 -336 -436 76 255 199 -878 39 449 993 101 -292 -271 -666 -757 563 746 574 -39 439 531 976 969 613 -6 208 -19 515 -653 189 -236 58 -503 -385 -626 -558 879 -15 -824 -362 -900 -391 708 -264 740 -252 -669 -423 200 -651 -630 -380 -570 238 942 494 -410 -315 -324 662 188 -200 -94 620 -991 -7 -17 -219 -977 -793 -244 -940 630 161 -539 -362 -379 625 304 -664 -936 603 835 967 -38 -244 261 -321 -409 -64 52 994 198
100 4
-433 -593 -505 934 543 -971 940 265 -256 -880 -1000 261 597 492 -232 692 523 568 -897 816 646 268 388 787 -540 -483 52 927 -810 -649 -144 358 -411 288 -368 625 -928 488 914 -550 565 -495 959 -340 223 -465 101 739 -411 -184 -895 285 473 -68 -278 258 901 465 550 966 199 361 -210 70 -335 -255 -697 554 -17 -150 7 -258 606 -453 875 135 -105 -784 887 -357 960 -849 675 -303 -680 404 -853 -670 618 -767 -539 -817 -668 -423 -413 306 723 438 -769 911
100 5
679 610 375 -409 114 -571 893 100 -846 725 601 -223 -522 425 -70 -308 -36 918 -853 -448 -158 -695 222 -419 -948 -875 482 -319 -298 161 -531 -188 827 814 -888 -644 -429 -525 -340 -339 336 -629 -952 65 -364 -224 3 991 133 -660 -195 339 363 -159 817 500 97 -638 -961 -473 648 915 619 -925 808 -584 359 797 -701 167 356 717 91 96 292 -316 -912 -109 393 668 -166 360 -326 -537 490 -598 -915 -147 -866 639 -279 28 -905 465 147 -248 270 621 -714 -527
100 17
-36 -847 -174 385 461 451 969 492 -307 -673 -995 -323 -962 483 -333 -177 -677 415 625 -747 -390 -641 528 745 -458 723 285 -841 612 23 -711 503 -666 472 638 683 -853 -686 749 718 -298 524 -992 -279 -914 -295 -642 785 -581 -135 874 163 -86 -678 309 -138 249 545 -28 -847 -584 -941 909 80 -708 59 -308 230 -127 -218 489 -125 674 757 518 -777 276 413 367 -251 589 -264 -650 909 150 538 238 -788 -866 993 -622 470 -394 63 -720 720 -451 -829 -581 -921
100 18
-815 6 318 837 -807 -391 -648 433 -476 485 -711 -819 922 489 844 -438 -993 -33 60 663 34 786 321 834 -761 103 340 696 464 -252 938 -272 -367 -53 -632 -441 482 -149 854 -944 -483 -198 -787 -412 876 42 721 -527 -733 -35 292 -96 6 683 -706 337 472 -120 968 449 260 -385 311 -615 345 222 893 993 -650 -213 -198 -246 553 -992 -183 -530 638 -152 258 -529 -350 -420 -606 829 -51 234 -748 -746 -774 473 -319 93 130 586 802 -968 -314 -747 -734 223
100 3
-566 97 222 -1 -193 -682 937 -485 394 304 -624 -164 -906 -495 -924 -149 431 551 -893 332 592 618 -912 519 65 74 559 541 719 484 727 943 608 853 -739 827 -376 -670 438 157 432 -434 -399 -795 -319 -138 -465 501 347 790 -773 -634 266 152 -777 -548 -185 -539 -895 -209 414 -405 -982 -905 326 374 -326 745 -756 16 -150 -902 583 863 313 674 355 478 837 -978 97 537 867 609 416 -298 -488 -771 -941 -666 -285 250 743 694 -401 -896 916 611 383 -483
100 15
155 139 40 -47 -409 14 113 -862 687 398 582 -520 -310 -332 -794 108 967 386 -334 301 -527 -526 -870 493 -223 -833 -403 -927 -305 366 -401 -440 208 86 -396 797 -394 -703 -461 -514 892 420 684 -422 109 -34 147 162 -701 308 408 470 -750 65 -222 -431 -745 749 704 444 103 361 -470 -233 -802 -814 -637 325 891 603 251 560 540 560 -701 -862 -303 233 871 -818 484 -126 66 667 -506 -900 704 869 -890 904 -913 802 972 198 574 791 -48 -608 332 -153
100 14
-367 537 -656 171 -698 353 -163 -179 941 -380 955 147 0 -246 374 -563 757 140 138 -351 382 443 -17 680 -494 -685 180 -556 -332 -665 412 -817 108 267 985 -341 -766 871 -359 -334 653 -143 186 -23 968 -561 409 576 553 120 169 493 -146 457 574 21 -400 -615 143 -312 -368 641 433 720 -770 -176 718 -32 859 -997 -281 720 -722 -115 -215 351 486 335 -222 771 -760 -888 -623 835 -693 -318 183 -67 729 -839 710 601 178 -223 -521 -832 228 3 -570 -533
100 13
233 -177 -535 577 160 -890 -959 -677 177 983 41 45 323 287 -303 61 -185 -499 242 -647 -953 -862 -289 967 268 -459 813 391 274 -868 -3 848 419 -157 714 -448 65 -241 -774 -616 784 -626 -385 -292 -580 646 -209 315 482 -380 636 126 410 314 -650 940 666 179 291 882 897 -428 240 732 838 300 -184 523 535 -733 640 344 -732 362 367 -28 -706 640 -999 -486 -22 987 887 -594 285 -789 -733 -359 -755 219 271 -853 -943 -757 -402 -520 -209 -418 -791 -101
100 16
-442 248 -741 -276 420 -266 -523 -88 754 -507 -240 -739 909 -253 -112 842 -871 571 -575 -564 48 974 934 -614 609 265 -602 966 -176 -262 -500 -326 43 603 -858 -65 416 -996 -133 404 130 -594 -876 413 825 325 659 380 -558 757 756 891 691 595 515 616 -707 -556 441 -356 -353 -220 -452 821 -177 740 148 -667 -852 -940 635 650 81 -877 307 486 830 991 -972 -65 71 182 -475 281 -204 -744 130 -450 -22 -3 302 182 817 -369 -410 -520 -206 -795 -652 75
100 13
561 141 701 -562 8 792 332 -175 -951 412 -961 366 -651 -245 -316 250 -181 -492 893 948 183 469 -859 -188 -87 -42 -338 622 646 885 -581 340 -341 -826 -15 803 825 -556 867 -85 -588 411 -408 -215 -866 776 246 36 -923 558 -626 -959 229 -13 -739 334 883 80 -566 845 458 -512 53 201 285 550 -954 294 -577 742 -691 420 -780 -346 737 484 -949 84 -610 585 -312 -392 297 460 994 636 -993 771 588 380 14 -251 562 784 -768 393 -455 -808 41 547
100 1
-2 -54 419 -10 885 409 781 -257 571 -361 898 -919 576 814 971 -508 378 -521 -668 -497 741 -9 -281 -199 774 -950 594 -547 -74 -285 -852 -579 890 -40 944 59 -743 431 -612 92 679 -194 148 362 697 133 -558 -606 528 -13 169 -479 792 -489 325 858 -164 -724 495 614 589 -878 -873 -345 89 -788 790 829 -205 -171 -374 -543 229 -309 243 -899 -510 810 -900 -624 857 687 -110 631 414 415 779 238 -107 -743 771 793 116 -821 672 -269 -785 640 -132 953
100 17
937 -47 903 -239 -247 -583 -825 -825 83 91 -808 -891 507 450 723 414 -665 -26 823 -34 758 -494 420 446 -647 -865 80 -639 741 -141 -793 199 241 -537 566 513 678 -899 642 415 -958 -201 303 -277 484 683 -238 -191 899 -729 156 463 350 670 -445 -591 -374 -955 -960 664 389 373 -595 192 209 898 -664 903 -86 -600 768 -621 -814 -433 -459 556 327 -916 -747 -768 924 -373 635 822 534 -450 -734 898 -437 -511 167 -841 -984 -528 -976 197 314 207 392 -367
100 7
550 747 -658 -90 420 221 609 -800 -14 -182 -948 287 -257 -838 -697 -10 97 -636 -875 -535 -401 459 535 252 357 396 -910 608 -63 -288 798 -18 -51 -487 -471 -258 -904 -294 456 418 -420 -170 -935 458 235 790 454 980 724 -385 -851 -790 -47 306 -122 812 365 -341 434 -603 852 -705 769 159 -589 -842 -430 -391 317 868 200 -899 -398 537 -945 787 271 247 697 -465 -965 929 -431 710 -784 898 -692 -402 -140 -574 -735 -296 -226 451 -36 -94 347 740 -233 -978
100 31
-925 270 -681 -929 971 -251 386 841 622 142 -149 -615 -457 -167 514 937 -445 -884 -337 933 -834 -98 -717 -198 -542 476 -56 -544 -801 -317 326 -873 -414 185 446 -205 -588 754 -564 -544 -587 944 -641 -408 -584 -299 798 -473 973 31 428 -702 -709 -713 581 371 444 411 466 -605 -890 584 673 314 -101 -804 848 370 -543 383 833 763 349 683 462 750 -555 469 -394 -143 -554 446 571 801 633 340 -751 277 -696 850 -611 -970 94 -411 -123 -666 -420 -819 111 275
100 6
153 513 -30 817 -150 13 -390 -61 -808 169 -605 604 -360 -404 -62 -962 126 -433 -949 973 -927 -582 436 667 -267 523 961 603 -79 687 182 -438 576 -649 -567 -677 309 698 -443 -53 306 195 -473 -972 -90 877 -95 -178 -761 -642 466 207 -857 -667 980 932 925 -650 -698 -909 613 -519 430 68 -844 -121 370 995 8 -24 678 -187 417 -292 -333 -752 -650 226 92 779 -775 878 -880 826 -981 -832 -747 -257 260 217 591 -196 552 398 -553 -721 -75 -781 402 217
100 21
-734 -159 -233 488 -172 -376 279 937 946 -376 818 550 16 -330 -279 782 952 -406 646 247 -998 918 411 355 -745 -316 -811 24 801 512 -39 -701 -459 -885 -26 206 977 396 398 -973 543 -638 -172 -857 -435 242 -335 -937 194 -585 737 19 380 -129 -814 932 238 -727 -492 -443 -676 -968 -592 195 329 717 -875 -812 -417 193 -107 -80 283 548 291 -518 -293 477 -560 -521 -846 45 477 686 -389 -83 -192 -303 625 -156 -393 -121 711 -733 169 -120 -467 -163 699 -593
100 27
-155 417 -676 -130 846 854 -270 -183 729 -704 -391 27 -737 389 121 -881 -439 885 -422 855 824 -92 237 -630 -430 541 -418 753 -205 456 867 754 -410 537 -564 823 -318 -839 815 799 -963 -521 -81 556 132 345 853 724 369 -436 779 -746 576 980 -930 -164 -117 400 -712 -192 -150 975 -880 911 681 -253 485 -965 -444 923 210 448 312 296 148 -598 -397 908 -160 782 143 -879 113 531 540 -293 942 947 127 957 -822 -340 -121 523 -262 -948 -332 164 380 472
100 25
136 33 258 -27 750 -438 -665 265 830 -274 835 -650 -694 -682 -922 673 -84 530 -486 -638 200 -859 -344 -733 5 -258 -281 -938 -22 58 509 143 91 -306 -727 592 -133 508 -539 -876 920 -155 38 -330 -678 -101 585 -542 -566 553 -765 -413 -122 -656 58 560 428 -568 554 478 683 230 61 624 582 448 -625 312 -926 -174 -849 -490 -260 618 979 -974 327 990 -582 704 -839 -333 -347 784 -75 59 -229 -604 -939 677 -828 820 988 -243 -610 776 -488 -540 -590 -811
100 3
-87 -892 -839 -950 690 -808 -208 -287 -492 -608 -967 -401 -583 416 -978 -381 -918 56 -384 860 -730 745 840 436 -307 809 -956 877 -383 628 -301 548 343 49 -982 114 557 -172 -426 -706 498 -480 969 130 124 34 -947 -991 774 891 -695 724 338 705 489 -82 -945 -555 -305 -864 187 -153 321 -212 225 890 -113 132 -33 -828 513 -521 -145 178 334 854 47 653 996 709 -332 759 91 -392 -757 251 434 720 -370 -252 -795 619 236 -373 -925 768 120 -79 -472 295
100 8
-166 -681 353 708 948 -135 -462 555 -732 140 -596 811 352 99 -68 684 -208 -882 -965 -808 145 -947 880 148 417 -743 -477 -419 802 853 129 -606 -47 -500 -769 -233 975 818 -974 -979 -956 825 -335 545 -238 733 -521 93 380 438 798 -649 -585 885 -432 443 -375 -784 958 505 -377 -209 -266 827 374 101 -293 944 -666 -425 595 313 737 -359 776 -246 -328 20 -168 -644 47 865 -109 -764 710 927 956 952 -954 -34 -423 -70 -816 297 25 212 -765 -113 282 982
100 28
-410 129 -57 -240 -618 479 -675 -280 -28 -823 -757 255 814 -963 409 747 265 -268 244 308 -804 -401 781 155 -706 -530 89 -973 -470 -356 -427 -904 -119 165 -931 -914 892 -841 271 530 804 -777 855 -720 -868 -865 304 378 733 -392 -66 -477 495 -21 -680 57 -24 731 932 -439 -127 -237 -674 -928 791 -458 768 399 -319 63 634 154 513 -743 -432 81 -569 219 -728 -251 -503 413 737 409 735 379 772 868 399 368 -898 998 404 -906 69 -766 841 590 162 -186
100 9
-702 23 491 -602 -866 -459 479 -210 330 399 -596 -230 810 822 -873 -899 629 144 786 -699 329 704 -679 346 -491 -91 -777 -364 813 94 845 638 -487 378 -111 -591 218 99 742 -379 -177 -215 653 -620 370 883 -151 778 -355 54 -110 -455 284 -669 -766 131 971 -573 90 114 -242 -371 974 181 121 550 905 810 -427 -33 -880 573 -238 148 -887 494 804 -230 461 663 -964 -372 2 -999 84 337 -575 -699 316 307 -718 552 -430 866 -792 533 -748 916 878 19
100 6
239 -634 -627 610 23 -190 422 112 -64 963 -995 453 32 76 681 -232 292 259 766 947 -126 306 -306 574 -610 465 -718 986 819 222 325 680 545 -295 -471 -512 70 -133 565 -629 -812 -306 807 -3 185 846 184 69 -508 -887 452 471 -991 -969 920 346 568 485 -273 -467 219 695 -28 248 898 286 -443 447 -993 -952 -855 335 -832 -5 -385 -701 -818 951 785 -689 666 50 668 -926 810 166 -773 527 839 -775 -809 523 954 -230 -337 -622 -645 544 -935 -112
100 19
-866 433 290 372 -594 -847 767 882 -24 -334 -146 294 822 -322 -83 -299 463 72 -104 -381 884 412 194 54 -437 355 -342 -270 146 -752 918 800 -617 -66 260 284 -121 -658 -786 -116 680 -387 184 303 592 484 188 165 257 -269 692 -466 998 -980 -624 -111 483 224 -42 -242 756 -969 -277 980 972 -67 287 977 171 722 -423 510 -939 370 965 619 394 848 27 -853 -202 -787 196 498 -951 -278 -417 -177 110 999 402 -977 -646 287 583 -583 -52 198 142 164
100 29
-651 -512 161 -724 -39 708 -191 -28 70 973 244 -112 106 660 680 190 180 -663 -178 569 -926 -604 -659 -335 420 -194 571 620 461 -743 -847 -648 323 500 -732 -724 162 966 -950 156 -843 536 -71 303 -55 -785 875 476 836 -389 828 -408 92 794 -70 508 753 837 -947 -71 -392 -306 -675 -700 -140 747 738 782 540 -176 -211 -831 283 930 698 -510 -510 789 -345 -236 -766 825 529 -815 -104 83 -898 -158 639 60 974 720 192 179 418 250 -831 -980 742 -83
100 2
-225 372 -76 -83 -309 200 -360 68 389 -663 -316 399 -857 684 265 558 937 -198 794 -189 938 889 -870 28 -143 137 -888 -820 -163 95 798 461 -7 179 -150 -940 -706 70 -597 -985 825 -721 793 972 639 750 -16 -814 823 776 -750 -91 -727 388 158 280 -645 -324 -957 -98 -985 132 712 114 -584 200 897 -971 -995 -737 -52 749 -978 -648 829 184 564 -26 335 694 221 182 -830 809 583 407 -183 33 550 -172 356 927 -52 -544 -966 594 -478 389 991 758
100 22
-140 937 971 -147 -420 23 -148 939 678 133 437 192 -787 -442 -256 452 651 -205 -227 -565 -278 -960 -342 360 -937 634 -859 -945 -532 -880 -362 497 -933 -136 -77 -120 -906 114 250 550 73 -381 947 -78 -386 -140 792 444 -886 194 444 -799 277 -413 958 -329 257 781 761 -712 46 677 -930 942 568 116 261 602 -569 718 -380 95 67 -129 -357 -542 -542 -529 -196 -939 785 178 730 486 444 455 559 605 -161 496 -925 -574 447 -601 377 -719 226 -513 -808 -268
100 24
-805 -696 267 -39 547 -80 168 754 -430 504 -53 -263 -203 638 110 -23 346 690 911 -247 -859 247 794 123 -377 -979 -726 -110 989 808 864 -225 786 208 -985 688 -791 -117 302 740 -967 -852 -146 -22 -909 -776 -530 -501 955 -331 -826 441 -958 -806 -687 92 -283 -21 -916 598 -197 81 897 727 -288 247 -32 536 -641 -881 -624 150 -932 -236 -759 -306 724 645 -69 -955 -462 502 661 623 -865 610 -60 -683 337 416 -351 -329 -385 -483 629 -938 644 -1000 26 -380
100 17
391 598 56 429 -813 702 -473 735 -421 -790 -616 616 20 -459 194 654 -560 -926 -268 616 691 295 -879 609 609 281 524 -657 -84 351 -675 560 -86 33 -425 -963 -618 -504 -668 155 621 459 -617 449 -286 -548 -487 -806 -805 -746 -851 -719 -553 -547 410 671 817 -184 693 -468 89 -912 506 -503 -969 46 133 -869 -426 428 843 -475 -196 -585 576 -917 -963 -238 621 -458 715 -119 312 -537 557 -161 328 -227 -62 818 -759 -224 46 997 416 -719 26 -633 458 -743
100 16
243 -308 728 1 -741 330 -476 465 -680 261 -763 659 -155 -623 908 -452 -550 196 921 -208 826 228 405 -779 -135 553 -597 39 378 224 -494 854 834 314 953 471 437 345 -815 917 -246 -902 828 428 -438 869 115 246 49 278 -243 -896 371 -405 401 -307 -354 -206 448 502 997 -508 983 -655 -742 718 -690 981 -465 738 -446 -489 -647 -224 569 -272 968 -73 -907 999 693 -92 198 -503 -499 60 -468 -736 409 353 -804 494 104 -35 -974 276 -11 887 -708 145
100 15
-856 -182 114 -910 877 111 -428 425 184 252 -741 -597 -251 560 511 -549 -25 310 581 -473 158 -176 711 -147 -584 -573 -158 441 563 564 -952 322 895 -450 -548 352 -862 706 502 -180 -729 774 91 -721 -979 -145 -184 -614 16 -936 -411 569 -738 616 76 -130 -34 247 384 958 -294 -264 863 58 -816 711 381 -182 -651 -443 -490 -420 660 331 753 31 -265 -922 -780 -770 -144 -83 -630 -838 -778 376 925 -376 -178 609 943 44 302 669 921 688 -664 -806 501 651
100 22
836 583 420 -196 745 659 -547 811 -811 -327 -973 185 160 678 -658 -129 -488 -61 747 -133 -781 710 929 -925 -319 145 -228 -290 593 -577 448 -250 -25 -465 -515 -61 -757 -957 571 341 546 -25 164 -388 416 683 770 943 -991 -235 -567 -881 -867 401 272 404 -995 -39 -814 714 -895 636 -782 215 -105 243 196 198 -203 453 66 -390 716 289 -118 894 294 -796 264 5 -549 470 865 788 821 -487 528 553 134 -66 950 -79 580 -547 -763 193 539 369 -144 -176
100 14
243 767 -295 -156 372 823 557 -66 870 -941 184 -271 -891 274 387 121 -87 613 -266 638 425 970 234 952 775 -906 -326 -623 -176 -20 600 836 -950 -277 -775 -334 821 744 -155 -220 149 645 -162 -207 621 -858 311 614 -218 -961 -371 319 167 -640 101 933 358 -262 -748 261 -227 742 261 909 -603 -35 -266 558 374 -206 89 399 599 983 526 607 883 -795 717 806 761 -381 236 -613 436 -606 -705 -955 -395 -887 -685 733 41 -870 -599 40 370 -398 463 -715
100 16
61 -830 623 -858 620 -613 -929 -995 18 947 -653 -184 80 540 20 -535 601 995 -849 326 1000 520 -266 -799 557 -350 -733 31 229 215 -206 -299 -797 602 -840 -203 351 -846 847 -923 68 635 -744 -634 -761 -243 523 724 322 119 789 46 914 -926 261 -950 221 -861 582 604 -697 -830 238 322 -13 499 461 111 648 -218 433 773 -403 442 738 -884 358 90 104 879 -140 -661 800 735 -34 637 555 873 134 -160 -28 611 756 -482 176 -468 -453 -1000 599 -872
100 12
326 -20 948 -19 63 758 -844 567 527 553 -281 680 220 -108 -791 571 8 315 995 -786 -159 -984 496 936 34 372 85 260 -45 353 -148 -193 53 962 -83 -966 594 -606 -144 -537 223 -370 247 961 -231 -920 407 -522 957 385 -615 -547 -725 650 -875 702 -110 663 -182 -222 881 396 508 -763 -38 -116 -213 112 386 948 -564 -837 -361 892 -281 97 -545 -483 600 207 -54 721 55 -573 -734 -71 596 520 69 343 -633 229 -148 -395 -860 -978 742 578 736 363
100 16
-615 404 667 750 -857 -82 287 -73 -32 700 -882 -712 -862 -85 -208 -700 809 325 459 -741 555 816 541 -377 -272 54 -936 336 980 -143 -271 121 -373 -165 989 -781 -828 -807 -893 -221 845 -558 -956 683 -604 85 647 318 523 439 189 -859 -647 -605 -621 -552 -405 73 735 -532 977 -305 -994 -932 -675 273 543 -212 886 -985 -426 934 -83 -218 284 -689 -104 -179 845 -641 -131 -862 622 522 83 882 649 942 529 884 641 101 895 605 -343 -55 542 400 594 268
100 23
-956 746 908 466 -416 -707 252 408 300 442 -980 860 521 51 -37 774 -99 782 640 -470 245 -714 -337 -520 611 -849 -436 -432 -658 711 -759 500 -55 55 369 635 750 86 -170 835 860 796 962 -151 417 660 -720 -328 918 942 -955 -134 259 -477 821 18 -137 -330 -214 -482 497 -655 55 851 543 913 -852 -566 -453 -934 -563 184 -972 874 -724 650 -441 378 -679 -87 175 358 -129 199 757 -532 371 183 -664 -548 -7 -566 -690 -866 -402 894 -943 -342 -1000 -827
100 18
-786 -565 -293 -373 -993 -846 796 -25 338 203 -981 892 -617 485 983 908 615 -830 -503 -448 705 231 -999 79 616 -135 -543 184 88 -418 -718 -11 -918 305 -871 -321 359 803 936 -138 -514 -102 427 274 319 -673 -582 857 -829 358 180 898 864 406 32 755 -271 -69 -680 902 -85 -513 917 -213 511 -276 -996 101 502 -130 672 169 -279 -356 -927 174 -679 -738 -865 358 24 465 254 191 -620 457 130 381 -985 296 642 -557 273 297 -146 -564 159 685 -769 -656
100 26
-692 -505 -394 -881 -645 -729 269 413 911 615 -884 -829 907 -198 -865 594 467 849 246 -451 794 -868 887 -691 -918 894 -270 -491 -406 -533 521 151 -584 -763 -587 -385 -435 -238 426 290 568 -721 160 -142 -651 200 -917 -86 -708 -13 372 -735 732 -287 -696 -769 -398 -443 392 -552 254 -917 -105 832 -645 454 -436 -328 550 878 971 -82 25 288 -314 -9 984 -191 -887 196 941 -854 -965 -582 -921 -132 -699 -446 -593 519 -779 -939 89 835 388 722 -793 506 -25 -256
100 28
492 -12 76 -84 -501 -448 255 107 -328 -80 -213 415 -859 -297 -280 -171 -663 -221 281 522 -844 478 -603 -872 401 -130 -945 714 749 -463 286 225 -399 41 -854 352 -9 -656 534 362 -718 690 -545 -389 64 -705 228 769 -929 605 913 -349 -707 -196 -774 516 -266 -882 -382 18 -777 -253 410 -157 -11 -499 492 210 980 672 422 715 -328 -115 -831 642 -902 47 -636 -215 -446 -393 180 -555 -546 856 190 -206 1000 -424 399 -382 -544 652 953 527 -599 -813 915 -924
100 3
-589 540 -218 -942 319 388 -185 -441 344 -292 -970 -664 -515 184 -179 434 -746 798 668 834 -392 504 -458 26 134 -462 -580 183 466 349 -460 468 968 -33 -731 552 896 349 230 -542 -727 -469 -753 -156 292 798 430 240 488 -595 -748 189 -647 722 -741 268 223 930 810 -517 -713 115 -969 792 1000 234 555 -261 -510 -133 -124 454 -586 565 554 -474 -318 -925 163 597 478 769 504 990 -586 -771 90 -532 192 -709 267 -978 -808 -420 881 -366 -644 949 391 -890
100 1
692 -475 -476 439 99 395 -41 874 1 -150 139 600 485 -222 255 -404 -498 -134 -635 -242 569 440 338 617 552 615 382 -813 -662 842 -822 611 697 894 -574 -414 -473 -980 -275 -631 392 -569 81 -380 -686 -741 -131 -837 957 765 152 -793 -700 -367 -137 958 814 -506 462 422 390 533 972 353 -115 -528 -776 982 929 -847 738 -730 -613 617 515 802 -849 376 -552 -623 -862 323 483 783 -845 -260 373 497 324 -972 -2 308 422 -598 -896 89 60 258 -533 406
100 2
-765 925 149 -257 380 -417 337 110 453 956 -654 343 10 -218 861 221 431 -777 74 -543 -352 -719 456 757 -602 102 513 -996 953 462 170 -858 -273 825 -26 -296 -768 568 -357 317 -178 304 -674 949 -7 541 617 -470 372 -658 -835 22 -7 285 502 -783 -827 -548 404 -758 -969 -446 -223 385 815 546 -266 -140 -278 203 906 253 545 -386 398 173 -696 -229 -22 -828 699 -532 -514 519 -854 81 -342 963 -402 161 124 721 785 840 -865 193 795 -168 -520 106
100 5
567 321 280 -657 -3 142 297 748 289 690 -122 700 -272 353 -720 -882 922 -765 -762 649 -473 912 364 968 -406 26 -278 -385 487 555 765 -441 355 -616 -975 -210 -394 -606 -410 -478 700 789 -697 846 -637 148 -674 203 -906 -999 783 -269 -611 -733 -104 -150 413 -24 393 -364 69 -68 360 -124 393 -466 -774 692 236 818 -778 -631 -928 -446 145 -301 -261 417 917 -943 353 -608 99 844 -158 859 518 149 773 6 -84 -556 32 182 -197 -482 -750 -678 -164 903
100 18
-699 557 732 -283 517 753 -173 -325 126 452 -984 -644 -332 -234 36 -317 698 -521 -524 -527 109 964 906 289 -767 -935 798 834 659 -579 -33 -845 -992 626 795 397 -334 874 -695 -238 11 130 531 -608 -770 -107 -337 796 909 78 -690 -610 847 -461 -591 -997 385 812 -460 430 202 -414 847 458 499 -623 166 -935 456 354 -413 -617 939 -961 445 -632 -379 591 -634 -762 -171 246 439 840 -739 558 855 -5 320 -954 -105 -908 91 610 -391 -718 -407 628 388 -260
100 26
-761 787 429 -825 121 -764 127 596 678 -260 723 289 -433 278 -286 278 485 130 -616 -845 713 386 425 -640 -140 262 -695 576 24 915 -551 -917 203 -344 216 552 -318 -81 -610 597 609 -742 -405 -460 73 -200 -700 223 -622 -605 -57 895 -185 9 -474 460 559 35 -410 987 248 -855 239 -474 44 -451 -584 -591 622 525 793 -978 -794 -359 -560 -972 345 -180 830 -75 484 -839 547 -361 -474 -37 -221 330 634 771 -685 -578 266 -938 445 823 720 376 -966 -299
100 3
130 -834 -880 -856 489 -960 -145 -996 822 682 147 287 173 -294 230 -876 672 -814 929 -996 377 468 924 -447 832 -674 25 -989 -921 -508 115 145 487 984 -457 -198 -80 803 920 -648 330 -521 -187 -591 346 824 560 -328 -782 902 -382 -344 -723 514 -630 -20 -743 605 -516 488 811 110 44 539 715 675 -890 559 879 534 20 126 980 217 427 222 253 171 495 -806 -22 239 -402 53 -16 -880 -416 -840 625 131 274 -528 -431 -894 116 -999 507 543 488 -866
100 27
-746 -412 182 -667 -153 -726 -228 -395 56 -844 379 -860 823 -438 -368 -777 552 488 258 -199 -784 -581 140 -873 -665 -392 -974 126 -636 839 -555 651 762 976 508 -944 -728 -276 434 607 732 -985 131 988 -496 -396 -364 -103 702 -68 194 -834 -892 83 -315 -626 -738 906 -967 372 934 392 -808 -23 91 -171 13 486 -32 -270 929 -915 -679 809 -2 -70 -692 -127 -266 353 -776 -564 -717 -759 846 230 -6 -790 423 -642 -580 680 -86 -830 -130 -408 146 -770 146 442
100 1
977 887 20 13 -955 -673 756 541 -768 -194 273 -836 -21 290 -371 -788 -571 170 12 371 188 574 -61 -596 -3 838 722 -427 -25 924 963 951 -110 -783 -24 589 -92 214 -778 -717 340 269 657 968 -171 -44 -671 -271 784 802 -769 221 -78 -208 -209 443 277 -51 716 21 -742 94 29 -737 67 -431 960 641 -721 -50 583 -702 27 -149 424 529 124 -55 -941 -114 712 433 648 -670 -646 808 -560 -124 161 -53 516 692 600 -588 -345 -764 301 868 -411 -856
100 6
-98 -336 -83 476 985 732 -852 -248 -138 -504 400 -626 190 464 478 555 950 546 640 -833 -201 -909 645 66 636 -171 -434 -815 120 786 -935 -628 286 697 511 -711 -154 859 874 -775 32 -358 400 -297 -27 -10 55 -80 -657 92 -260 -705 -16 646 180 -121 -408 488 -37 -325 -901 -568 114 -950 -234 -314 945 -12 -685 236 548 -925 -656 -15 -225 372 -33 442 -347 354 -556 917 154 79 249 -926 -237 -713 17 786 689 751 104 -440 573 344 237 -821 286 -536
100 15
-838 351 250 122 891 -937 -649 507 -17 -352 -29 -442 579 -793 -884 -410 -535 73 512 808 -198 460 738 -730 -513 -28 -696 -107 -334 504 703 424 455 747 -167 806 77 -656 800 26 -496 487 -41 -285 -636 154 -477 -397 334 99 -378 74 -472 -334 662 704 26 662 984 635 879 -534 376 -756 -611 -830 -656 -608 -447 -207 669 -206 862 -948 550 -893 542 229 288 -70 611 -669 2 -315 106 306 880 880 -943 29 -960 -363 -686 -525 -488 -715 187 -308 648 -579
100 4
-719 -794 433 207 -680 234 365 -929 446 220 611 193 -843 203 425 455 -315 -609 185 290 332 -41 -401 -521 192 807 541 135 -209 837 -155 -965 310 -391 169 498 838 -507 -798 -955 864 -899 965 -667 -651 -487 183 964 -396 -653 -179 154 238 61 -439 -736 -720 369 -824 849 -915 772 -777 791 45 -136 -941 136 429 411 -230 216 563 -426 134 -504 -309 844 667 835 655 264 -919 -363 217 209 -930 581 -877 -752 483 -321 -30 411 -576 1 378 -653 -463 -625
100 27
-88 719 532 260 -212 -594 -891 988 -736 826 691 737 20 -356 183 994 70 118 125 -967 -903 -871 688 -508 -61 -469 -341 -960 413 182 -160 -138 -231 375 -294 -909 -665 -191 -724 476 39 976 902 391 -148 -425 -705 -78 -789 635 -513 -452 717 162 680 293 -567 -827 352 -885 680 -386 -618 -817 -775 -453 -402 -13 -500 -835 655 -631 387 16 -687 -106 -546 694 -922 -468 -624 984 987 -249 -997 743 437 621 366 195 -506 -892 -716 -554 881 -694 -494 -248 485 -59
100 27
-965 850 -892 -300 -744 631 396 -413 -860 642 -252 715 -340 -584 -863 597 -968 905 -46 -519 -677 -942 973 -435 711 -287 760 729 647 -231 737 -6 36 275 321 -357 282 -302 -272 -414 -662 -439 -19 886 192 564 377 -644 533 -12 -540 260 -138 -910 -796 -598 202 541 -213 595 884 -202 -33 562 18 75 -66 463 704 868 780 -831 505 719 978 206 -896 -187 968 -10 -305 -691 121 194 774 -952 -669 -298 179 -329 354 -21 917 -784 945 -735 258 -670 -732 562
100 20
-521 120 400 823 -516 386 412 172 -497 130 -361 890 -920 975 548 4 664 215 528 956 75 -138 932 -280 978 212 -581 462 -844 -69 -483 -589 596 -73 -330 -264 166 -313 -984 -50 453 114 616 -800 -761 549 900 28 -219 859 -209 343 949 -585 -21 -120 290 347 -871 447 271 -544 847 -799 332 -309 -113 589 748 -222 409 530 -762 863 -488 -47 278 -646 -485 418 -868 -145 -571 355 425 886 -575 700 -370 -563 -140 -262 -376 740 -333 -946 243 937 -678 -991
100 2
-80 -503 784 -707 -759 -544 -952 560 -240 188 -502 -86 -744 -598 -973 -378 -974 255 453 332 -732 -437 -4 683 -724 181 376 -803 334 719 -985 -272 704 665 -403 745 -35 263 -925 404 -416 -942 -353 951 -389 672 94 484 734 -984 912 -756 -948 -897 -765 142 63 -920 252 507 -355 -976 524 631 -395 -321 329 -89 -436 -446 446 612 58 -168 -737 76 299 170 -609 974 -318 -521 407 -314 485 -49 -361 -302 -379 163 -619 -339 -409 -645 -611 767 -613 -723 450 -518
100 28
-732 256 81 -12 -935 -88 600 -946 -946 528 -4 -248 -981 767 -153 -639 -601 809 2 698 199 -314 487 -982 1 402 -325 301 -268 272 991 97 -174 -227 531 395 602 -503 544 -331 -383 268 327 976 4 -320 -191 388 578 -727 -455 112 -967 -537 -25 133 288 44 853 -81 -702 640 -952 -841 -14 -381 -312 119 -52 -106 -985 -121 -919 -933 484 -162 -712 -465 -426 -80 517 -307 -506 -303 438 -178 -779 -866 752 -931 570 -263 -693 292 -26 -850 -19 338 436 190
100 15
-392 -960 -666 637 270 -178 108 -692 937 131 674 -229 -728 113 392 531 852 48 16 -679 109 -331 1000 481 -371 -429 130 -131 34 581 -511 838 63 -72 629 -742 676 196 35 -256 -524 714 132 -945 -250 -162 -444 575 -463 -793 -673 -429 -221 -5 -611 -646 33 108 173 647 -931 94 354 627 451 93 -54 353 -919 721 315 -730 5 -899 802 -300 -902 -602 -817 -158 -461 838 338 -11 653 -463 76 645 938 -913 338 -648 497 -758 -560 -487 669 -273 486 22
100 6
504 939 450 -872 85 197 511 -96 -768 511 -516 900 610 -57 175 -298 -340 614 -855 -247 648 -68 -895 -517 -908 808 -426 614 821 794 -222 -970 124 88 612 -621 -977 587 692 498 -283 237 608 -393 247 -585 -7 -721 -409 -837 -964 -855 -347 -908 210 743 -599 -999 479 414 803 -814 -703 -316 518 240 111 -166 36 8 -946 504 -593 -497 -885 -602 188 -401 -134 -184 301 -481 -826 170 -574 949 -673 -712 215 -770 -470 -941 145 520 28 201 748 -311 -484 580
100 32
-939 -910 571 -14 673 795 -545 397 -356 222 119 810 29 849 840 174 -974 -546 -1 879 -368 487 -654 286 180 716 -514 220 -967 -587 -136 555 -907 -630 -185 -827 -523 788 -902 841 -466 -111 621 -386 203 -312 42 -378 -789 -760 -451 -751 -655 306 712 535 0 -706 -191 738 126 632 103 -715 663 748 609 -542 70 -615 -283 -739 -2 491 635 750 943 406 -224 -694 -28 473 988 -469 -381 286 397 -975 -816 -559 647 411 401 963 -699 -224 -508 -110 -633 365
100 17
394 633 17 -674 -384 662 404 -368 -197 -602 348 -723 491 349 124 563 -408 921 66 77 385 -625 -358 -650 285 -181 756 998 -627 91 -369 358 -711 -377 -439 967 684 -958 301 720 -84 448 -551 -956 304 362 916 479 -372 446 608 -754 117 -593 -303 620 -878 451 -212 336 115 -945 532 517 605 -782 626 -401 -575 -262 303 711 315 127 77 684 -952 -127 -457 225 478 -36 -37 379 823 409 -946 526 -743 608 -501 -489 -167 -629 265 -65 744 -624 -577 -727
100 21
-536 640 -631 688 -676 -236 554 -942 390 -160 -508 78 812 -59 -541 720 911 -736 351 825 881 -884 -949 27 -381 532 221 415 461 191 438 -9 -248 -898 613 -413 -600 -346 -395 -751 -927 -604 -771 848 -273 843 -548 -208 -785 770 -129 -841 -320 -416 88 443 -123 770 830 318 -435 632 76 -304 -362 661 -683 -627 977 -930 735 -567 -939 -728 717 -863 -737 -659 -44 260 -254 989 -347 287 894 983 241 -23 373 274 -954 150 446 632 641 -582 31 -5 -670 269
100 30
-938 515 -562 754 -84 -844 493 929 290 -607 902 -575 261 -339 -554 9 -954 298 647 17 -361 626 582 -451 -878 624 -603 833 741 997 -83 478 895 -248 -103 -847 -918 -432 -8 583 -132 588 -765 745 -214 -933 -364 -702 -297 680 -836 911 -978 -882 582 199 -842 396 -391 -211 -423 -714 -703 -867 -288 31 -373 -176 -641 668 705 -36 -506 -812 -93 -282 -242 255 127 -685 538 -280 50 -948 -778 126 -144 -977 -431 -703 -620 625 9 767 -220 -187 -741 290 515 -598
100 19
-332 643 979 -762 -640 646 -653 969 -734 -266 334 77 -511 476 554 -305 963 953 448 391 272 -365 -583 511 829 -659 675 -60 -884 -837 766 545 355 824 -207 -692 385 -107 -48 440 530 -724 -357 -979 -423 -153 780 -122 455 -708 -970 551 100 925 585 -890 785 -932 899 -846 137 -913 83 534 -802 194 -320 74 326 236 277 -750 -590 509 791 -508 -352 265 90 -673 230 298 -866 -602 -268 891 -388 947 614 -285 -255 -526 658 -223 105 -92 133 678 675 -282
100 10
695 461 -951 -245 102 -825 -948 921 479 821 -784 362 368 596 -607 -548 919 783 -481 -939 568 -834 512 -259 60 304 -193 316 -197 -381 570 838 781 -760 440 -768 112 582 233 -278 -340 864 -137 652 819 25 -549 -836 -442 78 587 838 342 -195 817 -243 804 448 987 -817 275 154 -216 411 -408 -107 -928 -769 -554 500 -610 818 898 193 239 -578 543 -567 -404 -279 -675 -900 957 210 334 -126 946 673 -934 -210 -263 -259 977 289 -790 -840 142 -723 606 424
100 23
471 796 381 867 -341 208 159 -142 -706 -844 -204 -996 152 551 965 392 -873 -544 -264 -768 471 -35 745 778 605 600 -405 751 172 -370 -236 -773 -589 -308 435 439 152 -343 -123 603 718 -885 131 -731 -879 -285 -967 -984 111 -547 255 421 927 193 532 -300 -576 -531 -569 -804 -328 788 -562 215 -920 -336 -75 -412 138 617 708 -643 -709 -807 315 -481 -728 -660 -561 -741 535 892 -771 693 555 678 821 -166 -213 882 274 -257 774 799 -166 -684 -925 -707 -405 301
100 19
-127 705 -109 -887 -325 101 427 394 -643 -369 324 78 -141 958 165 -299 -871 -683 -958 854 -503 -78 630 824 -826 540 -224 -27 362 52 -551 170 60 -581 207 444 -685 988 -449 275 771 53 -916 -629 814 -198 -15 359 187 127 -54 851 -92 -229 442 928 235 -675 814 156 -669 -814 474 -834 -890 -723 554 823 -59 935 -413 -162 227 89 -758 858 956 107 -915 560 757 -340 -384 -474 652 961 -956 353 42 612 584 418 -15 -756 15 -615 -671 415 948 454
100 28
683 -977 684 -178 73 -975 6 267 602 -629 -639 918 -719 807 220 275 -270 -398 -223 -435 -813 156 -596 757 803 271 435 126 -893 746 -876 -345 687 42 951 -607 352 -628 232 166 66 -172 233 121 742 72 643 -268 753 -195 853 -794 55 -45 958 441 539 114 303 996 -308 910 -839 298 -193 335 102 530 -877 -893 736 984 239 791 -258 682 -878 -981 910 -90 -162 162 501 -898 -775 271 272 959 571 724 -81 982 -348 707 -275 377 -937 -340 633 385
100 18
645 555 192 203 -992 435 -531 -745 -986 872 -136 510 -847 808 -393 649 169 -123 -197 -564 192 773 247 47 177 509 -972 -753 -748 -73 828 43 261 -990 266 771 294 623 -679 308 -175 -3 -698 -237 885 125 372 -751 -313 936 -771 -520 52 -390 914 177 -48 -209 955 -832 353 -384 -423 -974 95 -61 -467 705 -188 -614 -394 -299 205 -240 -778 636 -563 446 175 660 198 597 502 912 -938 -921 168 858 -261 -206 -91 847 -208 891 57 305 887 981 543 8
100 17
946 485 -808 254 627 -115 -998 904 -267 -599 -826 -1000 112 -6 -325 877 710 770 741 -52 637 -664 -871 71 477 437 -194 -418 -637 -666 117 -294 578 -331 -403 -324 2 877 300 697 343 114 -89 -381 -227 -165 653 -548 946 -306 -95 456 249 -462 -773 -266 725 962 -243 -382 -281 -499 72 681 -397 291 -17 -271 865 726 -229 702 -669 -760 94 -550 907 -44 700 811 -838 692 -28 655 -132 -402 597 682 871 -914 -931 -93 -684 -730 414 -606 118 632 -672 335
