7
0 0 4 1
2 90 2
2
1 0 3 0 90
1 1 3 1 2
0 0 0 0
1 1
1
0 0 0 1 1
6 12 6 0
6 1 2 3 1 2 3
13
2 8 4 10 1
5 11 7 11 3
10 8 8 10 2
11 7 11 5 1
8 2 10 4 2
7 1 5 1 1
4 2 2 4 3
1 7 1 5 2
4 6 5 4 3
4 6 6 8 2
8 6 6 8 1
8 6 7 4 3
7 4 5 4 1
0 0 6 6
3 1 2 3
4
2 1 4 1 1
0 6 2 6 1
2 6 4 6 2
6 6 4 6 3
0 1.5 100 67
4 1 4 3 1
9
10 10 20 20 1
10 15 20.5 35.333 3
30 15 14.55 12.5 1
40 30 44 33 1
29 84 33 58 4
9 39 41 115 2
75 47 37 69 4
46 26 58 25 3
73 48 27 59 3
600 1200 600 0
30 1 2 3 1 2 3 1 2 3 1 2 3 1 2 3 1 2 3 1 2 3 1 2 3 1 2 3 1 2 3 
52
2 8 4 10 1
5 11 7 11 3
10 8 8 10 2
11 7 11 5 1
8 2 10 4 2
7 1 5 1 1
4 2 2 4 3
1 7 1 5 2
4 6 5 4 3
4 6 6 8 2
8 6 6 8 1
8 6 7 4 3
7 4 5 4 1
200 8 400 10 1
500 11 700 11 3
1000 8 800 10 2
1100 7 1100 5 1
800 2 1000 4 2
700 1 500 1 1
400 2 200 4 3
100 7 100 5 2
400 6 500 4 3
400 6 600 8 2
800 6 600 8 1
800 6 700 4 3
700 4 500 4 1
2 8 4 1000 1
5 11 7 1100 3
10 8 8 1000 2
11 7 11 500 1
8 2 10 400 2
7 1 5 100 1
4 2 2 400 3
1 7 1 500 2
4 6 5 400 3
4 6 6 800 2
8 6 6 800 1
8 6 7 400 3
7 4 5 400 1
200 8 400 1000 1
500 11 700 1100 3
1000 8 800 1000 2
1100 7 1100 500 1
800 2 1000 400 2
700 1 500 100 1
400 2 200 400 3
100 7 100 500 2
400 6 500 400 3
400 6 600 800 2
800 6 600 800 1
800 6 700 400 3
700 4 500 400 1
600 1200 600 0
30 1 2 7 1 2 3 1 5 3 1 2 3 7 5 3 1 2 6 1 2 3 1 2 4 1 2 3 1 2 3 
52
2 8 4 10 1
5 11 7 11 4
10 8 8 10 2
11 7 11 5 1
8 2 10 4 2
7 1 5 1 1
4 2 2 4 3
1 7 1 5 2
4 6 5 4 3
4 6 6 8 7
8 6 6 8 1
8 6 7 4 3
7 4 5 4 1
200 8 400 10 1
500 11 700 11 3
1000 8 800 10 2
1100 7 1100 5 1
800 2 1000 4 2
700 1 500 1 1
400 2 200 4 3
100 7 100 5 2
400 6 500 4 5
400 6 600 8 2
800 6 600 8 1
800 6 700 4 3
700 4 500 4 1
2 8 4 1000 1
5 11 7 1100 3
10 8 8 1000 2
11 7 11 500 1
8 2 10 400 2
7 1 5 100 5
4 2 2 400 3
1 7 1 500 2
4 6 5 400 3
4 6 6 800 6
8 6 6 800 1
8 6 7 400 3
7 4 5 400 1
200 8 400 1000 1
500 11 700 1100 3
1000 8 800 1000 2
1100 7 1100 500 1
800 2 1000 400 2
700 1 500 100 1
400 2 200 400 3
100 7 100 500 2
400 6 500 400 3
400 6 600 800 7
800 6 600 800 1
800 6 700 400 3
700 4 500 400 8
