500 275
593 716 845 603 858 545 848 424 624 646 385 438 298 892 57 964 273 384 478 792 813 529 480 569 393 926 837 72 338 88 649 21 369 833 958 779 141 871 871 979 474 800 801 462 521 781 679 119 721 640 583 144 538 945 759 522 106 415 474 265 187 775 737 457 217 569 136 19 325 618 150 613 223 617 387 944 903 682 450 360 614 438 903 698 100 61 970 667 654 671 171 211 359 129 751 316 608 364 326 571 39 439 635 989 959 103 653 209 636 162 996 654 582 254 415 467 475 245 624 159 339 111 675 657 318 139 779 197 950 369 663 821 14 98 623 838 674 97 972 977 879 469 510 977 56 605 452 740 20 40 442 283 980 121 360 297 481 119 689 318 881 415 919 65 217 693 566 567 866 266 509 524 917 94 922 576 84 930 278 319 10 668 843 132 648 717 842 290 265 184 398 587 553 21 165 829 370 5 147 678 570 271 704 736 289 963 434 249 757 577 397 593 897 573 639 224 892 953 681 448 450 847 979 700 117 298 768 814 412 397 676 882 250 582 314 882 966 693 589 726 660 502 534 957 231 644 395 424 619 607 475 20 471 302 717 661 288 291 384 619 750 429 879 136 103 299 93 570 355 591 552 575 34 654 969 653 321 432 222 897 142 368 98 436 985 892 261 807 538 704 448 101 100 920 353 715 470 999 842 150 905 869 38 163 509 616 167 124 780 849 865 808 412 570 140 408 34 70 983 698 374 454 421 723 51 867 366 976 17 856 231 12 765 360 945 730 750 172 340 522 490 55 339 200 180 19 171 794 464 224 875 346 945 929 609 705 597 32 784 165 501 622 51 578 700 238 993 935 268 614 680 536 865 590 751 731 965 312 555 399 213 210 223 187 219 945 570 740 453 491 971 228 681 255 86 59 57 435 488 312 882 697 977 378 618 180 543 25 855 68 744 680 479 454 678 537 608 897 715 991 470 217 457 664 907 264 138 21 230 759 882 321 905 384 646 589 325 832 520 629 1 873 312 274 426 799 886 186 680 953 457 688 484 216 789 948 230 731 881 254 314 214 958 519 472 26 712 208 154 425 731 375 647 464 215 278 187 587 808 864 748 118 675 518 277 133 175 717 705 397 464 566 841 184 205 145 165 489 125 356 
362 471
16 383
374 375
47 452
109 42
374 277
366 293
23 481
105 147
144 121
339 51
32 9
278 465
5 335
417 393
493 141
352 294
91 32
257 243
291 489
394 439
304 170
110 23
228 116
440 475
247 362
358 400
244 316
355 438
250 105
423 425
98 309
387 7
488 174
432 75
391 491
493 240
377 249
3 320
135 185
206 69
215 412
149 95
201 256
61 113
391 49
204 432
285 487
172 110
395 454
206 388
180 167
200 41
151 204
206 117
464 67
163 27
477 363
387 6
267 386
153 74
442 40
126 45
339 337
406 123
217 211
377 279
415 431
190 364
391 136
129 66
296 28
239 151
244 132
230 229
263 342
222 348
427 142
217 190
414 91
255 395
44 29
331 349
104 390
424 389
341 130
90 187
35 352
5 137
447 186
464 99
104 230
463 172
246 39
235 260
442 154
245 289
208 480
88 323
238 18
392 216
377 201
80 269
72 341
325 139
270 65
163 197
153 479
80 94
270 47
290 272
270 104
456 442
109 270
401 477
394 200
109 453
214 346
237 350
291 164
359 379
14 319
366 144
384 81
5 399
155 208
206 109
252 296
401 429
377 206
391 476
311 288
239 411
79 455
497 408
43 80
48 315
317 394
440 414
469 213
224 72
217 423
372 17
456 155
60 178
222 179
196 440
266 93
217 377
43 278
224 50
305 473
224 435
217 228
252 291
44 217
119 308
420 372
262 8
257 215
325 35
273 126
420 111
252 127
267 129
189 387
246 58
391 310
406 488
188 496
463 205
156 82
416 3
404 246
321 495
135 33
157 392
401 145
36 366
263 332
191 124
317 333
464 259
427 469
44 43
214 36
257 354
370 456
224 181
485 415
182 463
199 24
370 44
225 175
427 497
267 493
191 485
331 370
449 149
61 427
214 125
115 53
245 391
446 331
180 345
193 30
459 214
57 441
244 5
464 446
163 374
224 119
398 86
252 225
449 153
443 420
176 224
464 252
464 472
101 317
275 434
235 247
464 376
13 237
239 484
267 498
257 226
355 459
306 250
336 77
176 209
464 267
464 303
339 192
182 448
37 239
10 274
490 138
37 297
176 449
108 37
290 163
406 245
244 464
486 244
13 355
445 253
13 156
325 90
182 263
14 486
313 180
165 182
85 25
451 14
165 176
445 115
257 451
257 371
194 165
266 312
305 356
447 103
339 171
416 339
275 196
257 290
108 61
401 16
318 305
150 4
231 325
13 266
280 462
194 273
257 203
336 13
108 194
255 336
257 140
191 306
255 404
108 406
401 222
257 255
195 2
114 324
257 301
285 295
417 482
334 257
221 407
343 334
231 313
15 396
460 108
343 401
188 235
416 347
343 46
231 114
275 343
57 460
275 57
275 436
275 280
275 271
275 191
59 19
54 88
159 195
275 384
275 444
168 221
275 20
218 193
275 31
218 450
275 416
358 265
161 499
299 236
275 490
275 54
275 304
101 120
275 258
275 184
275 169
275 330
202 199
59 500
275 361
275 168
283 445
131 261
275 189
275 59
292 285
275 373
275 468
299 492
275 101
275 329
275 85
275 430
275 218
275 299
275 212
275 202
62 173
275 357
11 157
457 327
159 56
275 161
275 15
281 369
275 55
275 231
275 318
283 52
1 268
275 183
275 96
60 10
275 188
275 422
275 112
275 443
275 133
73 34
275 135
275 100
275 358
97 494
275 380
275 251
276 131
275 248
275 159
275 307
275 360
275 254
275 466
275 276
275 134
275 447
275 1
275 160
275 223
275 338
275 84
275 148
242 227
219 70
275 410
275 283
275 79
275 38
275 292
275 467
275 122
275 242
353 405
275 478
328 385
275 311
275 107
162 92
275 264
275 402
275 458
275 210
275 87
275 409
275 367
275 281
275 89
275 71
275 417
275 437
275 398
275 62
275 368
275 433
275 284
275 314
232 106
321 359
275 158
275 22
275 238
275 150
275 76
275 166
275 353
275 198
275 146
275 241
275 262
428 162
275 365
275 470
275 461
275 403
275 428
275 11
275 118
275 483
275 128
275 64
275 457
275 26
275 98
275 351
275 60
275 378
275 73
275 220
275 102
275 426
275 97
275 302
275 474
275 78
275 68
275 21
275 321
275 300
275 287
275 397
275 219
344 328
275 344
275 207
275 152
275 143
275 418
275 322
275 177
275 419
275 424
275 421
275 48
275 326
298 232
275 382
275 282
275 413
275 381
275 83
275 63
275 286
275 298
275 234
275 233
275 12
275 340
