100 55
593 716 845 603 858 545 848 424 624 646 385 438 298 892 57 964 273 384 478 792 813 529 480 569 393 926 837 72 338 88 649 21 369 833 958 779 141 871 871 979 474 800 801 462 521 781 679 119 721 640 583 144 538 945 759 522 106 415 474 265 187 775 737 457 217 569 136 19 325 618 150 613 223 617 387 944 903 682 450 360 614 438 903 698 100 61 970 667 654 671 171 211 359 129 751 316 608 364 326 571 
4 44
64 99
96 11
66 21
64 17
100 66
59 26
42 47
48 25
63 16
34 12
68 100
32 14
78 20
95 37
67 83
2 10
63 84
68 2
88 42
51 98
6 61
46 74
68 4
45 29
51 13
36 30
49 34
69 32
89 88
92 7
22 70
87 27
51 53
92 68
93 58
9 93
28 69
1 67
85 28
65 72
85 45
87 19
40 59
56 3
64 1
95 64
15 92
57 85
71 46
57 97
15 48
76 9
40 60
90 76
95 23
90 96
51 22
49 36
77 82
89 40
15 89
57 15
57 51
57 73
54 90
24 65
57 43
62 6
57 31
24 95
57 49
39 62
75 57
54 75
56 54
33 56
24 33
87 81
24 71
91 87
24 39
78 24
78 41
38 78
38 91
38 86
77 38
77 18
77 80
77 35
79 77
79 63
79 94
79 50
55 79
55 52
55 8
55 5
