200 110
593 716 845 603 858 545 848 424 624 646 385 438 298 892 57 964 273 384 478 792 813 529 480 569 393 926 837 72 338 88 649 21 369 833 958 779 141 871 871 979 474 800 801 462 521 781 679 119 721 640 583 144 538 945 759 522 106 415 474 265 187 775 737 457 217 569 136 19 325 618 150 613 223 617 387 944 903 682 450 360 614 438 903 698 100 61 970 667 654 671 171 211 359 129 751 316 608 364 326 571 39 439 635 989 959 103 653 209 636 162 996 654 582 254 415 467 475 245 624 159 339 111 675 657 318 139 779 197 950 369 663 821 14 98 623 838 674 97 972 977 879 469 510 977 56 605 452 740 20 40 442 283 980 121 360 297 481 119 689 318 881 415 919 65 217 693 566 567 866 266 509 524 917 94 922 576 84 930 278 319 10 668 843 132 648 717 842 290 265 184 398 587 553 21 165 829 370 5 147 678 
114 55
141 148
58 193
87 50
152 116
80 119
180 115
128 45
179 191
137 90
137 170
196 140
24 60
154 163
83 80
136 177
87 117
63 136
194 139
118 146
132 101
107 192
47 129
79 85
124 122
95 4
95 61
144 133
58 59
77 124
150 86
176 28
21 24
19 114
71 83
111 180
7 131
194 7
65 87
128 111
29 74
20 88
197 179
53 162
108 141
137 21
20 184
71 143
94 200
169 30
181 174
8 33
102 77
34 25
156 137
173 53
71 19
176 82
194 14
197 196
75 91
79 145
11 181
29 197
95 172
47 3
153 72
189 118
150 35
68 105
98 11
68 40
36 95
150 159
93 128
175 70
189 186
102 108
120 194
157 8
132 125
98 152
29 48
199 187
54 123
63 102
173 189
151 147
58 63
93 71
43 42
93 38
44 173
93 58
75 99
195 46
156 51
18 12
18 65
98 93
98 29
98 76
98 36
109 5
171 120
149 98
96 75
149 199
94 44
92 144
182 94
176 109
195 149
195 18
130 182
195 167
104 126
1 175
150 160
178 195
92 138
97 130
158 190
178 151
178 156
178 43
107 104
178 6
31 79
178 96
97 178
97 56
150 97
135 107
150 27
150 92
169 37
41 150
157 41
34 153
31 157
171 154
31 17
10 31
10 49
13 10
112 13
2 134
112 158
112 57
169 112
103 169
103 176
103 68
103 47
103 127
142 1
100 103
39 100
155 39
155 142
198 155
54 198
54 165
81 54
34 81
34 20
69 34
69 67
66 69
135 66
135 16
171 135
166 171
52 166
89 52
2 89
2 9
2 62
32 2
32 26
183 32
161 183
132 161
132 164
188 132
168 188
15 168
15 73
15 185
15 22
78 15
23 78
110 23
110 84
110 121
110 106
110 64
110 113
