320 160
310 614 625 84 185 -149 -628 355 355 -370 82 -320 474 458 261 -26 -636 47 517 -532 536 176 -449 -487 -288 211 -58 207 117 -420 -157 43 536 -149 -248 -248 -284 -338 429 -55 512 536 -304 33 156 -320 -328 -353 617 -264 89 605 608 -239 -216 56 195 555 -616 -28 -388 -460 459 -539 369 82 518 320 -64 -397 -371 -260 -258 -311 416 235 540 -341 396 36 -555 29 329 -262 467 -418 561 475 -184 284 -179 67 -589 217 -149 -88 162 -371 548 219 228 472 321 46 -127 12 -84 609 52 621 -544 598 -155 49 108 239 -212 -450 -198 628 561 -147 85 -474 386 -627 202 603 -318 -404 -291 -617 -412 37 146 -309 83 -508 619 445 -367 152 485 516 -61 67 -278 504 -246 -188 18 28 -122 176 381 284 -265 408 377 569 261 -428 -175 447 459 -406 -11 -114 118 -440 -612 621 -474 593 -115 601 -638 344 -362 44 265 -396 401 -606 626 -524 -558 -483 -461 -232 -380 -628 -286 368 -498 -520 -178 -325 3 -422 -305 425 482 -452 -56 -540 245 -198 608 -414 -168 458 223 215 -27 -478 -96 -490 -610 -362 14 -570 46 -471 359 123 109 -422 -410 -316 297 472 -30 -435 437 526 -289 473 272 -294 393 -400 -484 141 -110 514 597 -530 534 203 -264 -467 -249 -182 -11 446 7 426 -35 472 -330 619 256 -244 -532 -612 -23 7 -503 -343 -9 -541 632 70 -305 617 -636 26 -24 -507 -7 -532 551 -69 474 -335 502 449 237 250 448 -53 -372 -415 -337 545 -147 69 144 -360 -435 -194 351 370 -402 -20 335 -169 417 -173 -31 -424 -445 -584 -522 466 -374 284 -372 539
C 242 309 26
Q 59 69 
C 28 201 122
Q 3 300 
C 82 214 -218
Q 268 313 
C 74 236 193
C 296 309 -291
Q 227 318 
Q 276 296 
Q 6 86 
C 88 214 -37
Q 113 124 
C 99 254 -200
C 236 316 -248
Q 65 231 
C 267 280 76
C 47 288 208
Q 131 172 
Q 217 272 
C 90 303 -183
Q 170 226 
Q 34 71 
Q 245 270 
Q 316 319 
C 192 210 35
C 196 320 184
Q 122 164 
C 150 218 268
Q 40 160 
Q 131 169 
C 59 251 186
C 269 272 -8
Q 164 244 
C 158 286 207
C 63 187 -136
Q 16 157 
Q 225 250 
C 307 317 133
Q 10 306 
C 54 211 298
C 207 237 -139
C 68 313 137
C 241 244 177
C 286 309 -8
C 306 320 -167
C 6 143 18
Q 129 146 
C 55 213 257
C 314 318 -80
Q 167 223 
C 126 269 236
Q 288 290 
C 180 224 60
Q 39 241 
C 305 313 104
Q 192 246 
Q 63 162 
Q 312 315 
C 314 317 -314
C 199 243 -190
Q 309 319 
C 237 240 169
C 242 283 -234
Q 291 301 
C 219 320 -127
Q 58 277 
C 223 263 -131
Q 271 285 
C 185 229 -225
C 125 271 258
Q 90 240 
Q 262 293 
C 287 317 -2
C 181 238 190
C 42 59 -58
C 253 256 -205
C 280 289 219
C 229 278 -278
Q 102 230 
Q 119 120 
Q 234 313 
Q 212 308 
C 189 289 127
Q 86 169 
Q 308 317 
C 29 268 8
C 232 306 -125
C 98 307 -10
C 240 319 -253
Q 22 223 
C 274 288 -238
C 284 308 -17
C 102 139 -255
Q 93 182 
Q 122 251 
Q 121 287 
Q 168 204 
Q 28 297 
Q 24 242 
C 39 108 75
C 187 255 -209
C 207 228 292
C 101 150 -312
C 13 205 220
Q 74 313 
Q 24 81 
C 39 144 262
Q 101 290 
Q 238 312 
Q 8 219 
C 116 149 -118
C 80 181 -284
C 198 213 99
Q 4 39 
Q 100 234 
C 308 320 -89
Q 288 313 
Q 109 135 
C 52 190 111
C 269 280 -178
Q 107 172 
C 164 177 -165
Q 150 275 
Q 105 282 
C 286 297 317
C 80 299 -76
C 155 235 -145
Q 293 312 
Q 197 314 
Q 208 249 
C 64 245 -269
C 67 196 161
C 54 225 288
Q 122 124 
Q 304 315 
Q 307 314 
C 16 268 -154
Q 23 220 
Q 292 309 
Q 15 58 
Q 34 171 
C 136 154 -72
C 38 234 86
C 13 56 -98
Q 232 295 
Q 177 297 
Q 11 101 
Q 183 290 
Q 294 298 
Q 28 299 
Q 116 200 
Q 145 234 
Q 300 320 
Q 317 320 
Q 134 303 
C 7 293 272
C 185 257 -179
C 20 155 -25
C 219 268 -287
