160 80
-121 -26 75 254 68 48 -161 107 122 78 -236 277 294 311 -251 230 223 -283 184 -100 189 267 -58 118 79 -138 10 280 111 -61 233 274 318 -248 -23 -95 -71 66 -256 22 -185 250 109 -159 71 -245 12 196 -185 -65 61 -167 91 -250 196 314 -152 63 -34 -210 -143 239 83 -207 -312 -85 -96 -290 -252 -275 -69 -247 187 114 -91 264 -289 -154 -115 174 7 123 -282 -260 -241 264 86 99 223 236 232 -98 -129 -31 -119 -312 130 66 -309 -107 64 123 -51 16 -66 108 248 -319 -205 25 -215 -1 -88 -254 239 52 64 -271 108 -195 11 285 -234 -18 -167 -101 -171 -115 113 172 -103 -105 -302 -214 205 233 51 72 -35 -312 -287 -204 112 166 33 66 174 66 -207 -215 -305 -106 -99 -138 -210 26 12 211 8 190
C 88 148 -5
C 15 60 -82
Q 134 156 
Q 128 160 
Q 144 156 
Q 113 119 
Q 92 100 
C 139 148 153
C 71 103 124
Q 1 99 
Q 93 148 
Q 77 125 
Q 63 122 
C 87 155 -61
C 113 135 19
Q 100 132 
Q 116 127 
Q 133 147 
Q 11 12 
Q 132 146 
Q 118 146 
C 12 114 132
C 116 136 53
C 54 134 -13
Q 77 94 
Q 66 148 
Q 137 160 
C 88 123 -3
Q 18 112 
C 34 53 29
Q 27 130 
C 118 136 44
C 85 155 -102
Q 15 142 
Q 114 132 
Q 94 150 
Q 30 99 
Q 144 154 
Q 7 10 
C 125 152 123
C 43 57 97
C 62 142 93
C 53 70 1
Q 30 34 
C 137 157 -21
C 2 75 -97
C 68 113 150
Q 111 144 
Q 132 143 
Q 4 88 
C 121 147 75
Q 135 156 
C 143 151 130
Q 108 136 
Q 111 130 
C 156 158 -53
Q 107 132 
Q 116 130 
C 20 61 58
C 102 114 -111
C 61 86 -60
Q 85 97 
C 150 155 -78
C 6 101 -32
Q 85 86 
C 14 87 123
C 142 160 -131
C 105 126 138
Q 80 144 
Q 141 159 
Q 86 122 
C 36 95 86
C 109 140 50
Q 33 144 
Q 115 158 
C 50 73 -126
C 39 105 99
C 133 146 -121
Q 70 160 
Q 69 79 
