640 320
-268 576 866 178 -97 -791 17 1121 -1272 -935 -927 -581 -426 -137 804 -1046 30 1070 -1162 -205 -1183 -1141 -1089 104 306 -600 904 917 -983 -1120 577 -1185 -746 -531 -1118 -121 -920 -818 -241 -1264 -10 -375 482 -935 -61 1100 -1123 530 -1072 -813 1188 -839 43 833 -642 -837 1043 -818 -138 1013 -141 -972 -774 -969 -941 948 298 -1272 1106 924 -200 1271 545 272 -672 207 -816 -315 736 -191 990 603 112 894 199 803 -1272 -439 1 -848 1245 1187 -819 -893 -1112 1063 -29 -171 -583 417 -2 505 98 672 1265 -1225 -580 -617 -657 -500 1149 -1233 -27 1032 644 -454 1256 -68 -817 -1085 156 827 1241 114 166 308 426 865 328 -593 568 460 -23 1107 234 -618 -1251 802 -534 276 -75 -1068 683 -1170 117 -1191 -877 728 -77 895 -195 12 -681 1003 -848 -559 425 -866 563 818 -892 609 406 -590 528 978 -359 -231 -752 -771 283 -839 -1214 -5 131 -1074 388 -87 -1030 11 -226 -399 577 -1020 537 21 -152 -981 -329 -39 155 355 -737 374 -575 283 -1040 -494 898 -665 239 442 -1097 -239 -1206 725 222 647 202 -305 616 -809 -418 -463 -629 -435 -787 -746 465 -705 -1 291 -838 -950 638 297 -47 -1158 -938 1214 462 -789 376 765 -758 424 1261 787 -431 -1135 76 -685 627 -6 74 -367 -580 -386 657 881 -1090 15 1179 3 -757 42 -848 -910 -151 828 -1089 -102 235 507 -169 853 1234 42 -1045 914 270 -325 -207 -173 761 -1212 795 -730 -653 1219 436 995 -1197 992 -890 975 627 -579 805 -126 -1201 -1222 1240 548 150 -195 -42 1181 -353 818 -600 -150 -568 537 302 -828 -533 1082 -715 -363 924 -13 911 78 -1273 -1230 -129 445 294 -1211 108 737 -496 269 -1100 -837 -1199 -260 -1220 1136 65 -103 994 483 -1150 381 205 693 1271 -453 -1165 109 7 241 1007 -106 -927 387 -891 -34 695 -764 389 1108 1200 -613 -29 236 4 412 -1257 -1135 -1022 849 -977 1096 -548 628 -1243 609 209 -702 -774 -482 339 975 -768 702 713 385 1153 114 651 634 163 493 1213 38 119 252 -210 164 -663 724 396 1145 425 1125 68 -1266 523 878 -192 162 -1109 -151 -151 -869 -1144 1251 -652 852 -709 586 -601 -1087 -629 -1108 -338 1025 599 -524 553 -248 -1091 -528 -371 -1257 499 -1087 1034 1105 884 711 -1150 987 660 -1261 951 -126 877 -374 1097 -992 550 -1080 1257 801 -219 902 -47 610 -552 -369 -558 142 -927 673 838 -504 385 611 -1232 -141 -1045 515 631 -714 886 359 -635 822 680 1261 -283 -470 258 -1003 -771 -541 644 1177 256 -471 918 -1149 1146 -1224 -71 1064 677 -589 1152 59 1246 388 1078 -107 305 -481 265 -227 -862 972 -775 -993 313 627 -932 192 122 -90 427 70 -1172 -1181 -417 -900 589 333 13 68 -670 488 -663 71 523 42 -1193 -1254 604 -453 501 29 -1202 -237 -404 140 -640 913 157 -1063 -65 -197 1056 -95 -242 -1063 -427 -434 -1197 21 302 1116 153 262 -104 -554 -381 -51 -1065 854 33 -1112 -958 208 277 965 727 319 -704 -656 437 -1020 112 389 -349 -750 1110 -116 -802 -866 -1011 1135 -945 11 1166 901 314 1016 127 477 -441 -998 498 1192 -639 -1272 290 325 302 -152 -229 -297 895 -443 1196 -631 -205 19 -562 -1207 66 445 -460 152 -498 1096 -434 582 12 535 -505 402 199 -1010 1007 -531 1068 -881 -740 1211 -944 -242 -366 -872 -328 1053 1005 -436
C 504 593 153
C 213 361 464
Q 282 290 
Q 202 615 
C 192 310 109
Q 340 546 
Q 214 637 
C 128 408 517
C 569 638 210
C 394 609 531
Q 534 582 
C 137 488 635
Q 533 538 
Q 428 529 
C 616 636 -52
C 570 581 -338
C 401 591 540
C 624 626 542
Q 354 565 
C 400 607 -425
Q 574 595 
Q 317 611 
Q 446 488 
C 605 617 583
Q 583 613 
Q 489 516 
C 538 618 119
C 474 538 -392
C 482 617 -430
C 126 391 94
C 354 429 218
C 478 496 164
C 27 383 585
Q 102 462 
Q 459 600 
C 508 586 39
C 409 488 -17
C 71 387 540
C 331 557 -306
Q 637 639 
C 584 594 411
Q 76 443 
Q 574 577 
Q 163 365 
C 362 481 -555
Q 170 566 
C 131 238 549
Q 322 613 
C 36 360 403
Q 251 386 
C 493 537 -470
Q 353 478 
Q 312 475 
Q 171 470 
C 342 615 -239
Q 494 637 
Q 501 590 
Q 538 588 
Q 221 521 
Q 305 375 
C 87 513 317
C 425 547 -391
Q 308 352 
Q 139 528 
Q 389 589 
Q 202 275 
C 164 472 -512
Q 194 290 
C 292 587 596
Q 217 337 
C 555 620 634
Q 322 530 
Q 490 564 
C 458 590 -572
Q 621 627 
C 426 577 201
Q 448 626 
Q 482 607 
C 322 571 417
Q 470 484 
Q 261 279 
C 541 634 327
Q 258 496 
C 414 419 -434
Q 554 604 
Q 186 271 
C 192 291 -612
Q 180 339 
C 459 537 85
C 517 605 -621
Q 133 426 
C 122 362 -88
Q 309 527 
Q 456 572 
Q 524 566 
C 160 556 -365
Q 432 542 
C 416 639 38
C 582 609 -244
Q 590 631 
Q 25 532 
Q 571 621 
Q 472 553 
C 293 585 572
Q 521 574 
C 109 246 -151
C 448 537 -118
Q 423 499 
Q 131 555 
Q 306 404 
C 8 506 -608
Q 112 200 
C 231 398 -345
C 15 310 353
Q 137 284 
Q 319 549 
C 395 406 -83
C 219 240 -33
C 129 231 -113
Q 505 532 
C 611 638 223
Q 316 451 
Q 81 535 
Q 122 194 
Q 49 80 
Q 308 350 
C 105 442 294
C 96 276 150
Q 223 510 
C 524 633 -135
C 579 596 -396
C 72 402 310
C 176 417 -543
C 447 468 360
C 397 446 -115
Q 408 634 
C 263 403 -88
Q 494 504 
Q 441 527 
Q 52 110 
C 68 369 69
Q 397 494 
Q 49 549 
Q 330 354 
C 250 387 -553
C 165 536 -539
Q 362 483 
Q 580 617 
Q 369 580 
Q 360 610 
Q 76 500 
Q 79 433 
C 429 446 419
C 80 586 357
Q 414 625 
Q 76 341 
Q 491 613 
Q 586 630 
Q 261 577 
Q 522 593 
C 200 523 -205
C 603 619 -435
Q 575 602 
C 285 432 448
Q 230 362 
C 454 589 417
C 377 616 -599
Q 301 623 
Q 639 640 
Q 579 591 
C 67 571 525
C 122 338 -305
C 22 64 -366
Q 536 568 
Q 205 359 
C 5 94 -564
Q 493 529 
C 571 589 -607
Q 252 423 
Q 325 441 
C 406 453 459
C 412 487 382
C 330 358 -197
C 449 610 69
Q 160 614 
Q 459 559 
C 192 459 -414
Q 231 508 
C 443 457 -525
Q 313 451 
C 502 561 306
C 199 332 467
Q 118 527 
C 405 431 -433
Q 412 563 
Q 220 388 
Q 330 549 
Q 112 305 
C 423 548 318
Q 617 635 
C 177 596 160
Q 475 569 
Q 162 337 
Q 251 446 
C 436 562 -200
Q 178 309 
Q 339 362 
Q 75 333 
Q 146 421 
Q 587 609 
C 32 138 -257
Q 287 633 
C 511 539 134
Q 230 638 
Q 417 451 
C 390 405 480
C 381 421 -368
C 597 603 -163
C 34 547 315
Q 75 84 
Q 283 628 
C 252 422 89
Q 548 619 
Q 332 519 
C 83 272 -400
Q 280 544 
Q 216 471 
C 581 598 547
Q 93 549 
C 465 550 189
Q 363 561 
C 83 331 -582
C 266 298 -155
C 467 487 -488
C 549 605 235
C 499 513 592
C 535 586 20
Q 47 444 
C 61 322 139
C 177 249 528
C 15 317 -111
C 224 499 446
Q 372 619 
C 284 437 -486
Q 203 367 
Q 520 611 
C 528 553 484
C 148 173 338
C 573 582 394
C 362 615 -157
Q 284 405 
Q 113 438 
C 617 634 -540
Q 542 589 
Q 487 612 
C 417 626 -33
C 606 637 -501
Q 374 529 
C 24 163 528
C 541 567 -159
C 26 240 -595
Q 93 341 
Q 479 629 
Q 252 525 
C 213 366 77
Q 76 249 
C 148 340 325
Q 231 406 
Q 103 511 
Q 447 599 
C 376 496 380
C 440 617 -331
C 477 626 206
Q 114 313 
Q 452 473 
Q 600 629 
Q 499 588 
C 493 534 243
C 593 639 219
Q 427 575 
C 125 453 531
C 50 541 -178
C 91 455 81
C 638 640 497
Q 624 634 
C 228 238 -58
Q 254 376 
Q 34 218 
Q 372 601 
C 278 409 160
Q 410 582 
Q 39 198 
C 48 283 -162
Q 79 513 
C 599 600 -28
C 372 406 498
C 610 616 -136
Q 335 581 
C 70 580 173
Q 429 437 
Q 21 123 
C 542 590 -366
Q 45 271 
C 179 272 -115
C 293 494 -211
C 147 396 17
Q 288 478 
C 98 543 190
C 388 637 319
C 162 352 -297
C 412 597 -12
Q 209 600 
Q 569 625 
Q 357 370 
Q 282 494 
C 287 384 -269
Q 610 624 
C 508 554 -368
Q 193 521 
Q 310 345 
