1000 2
53910437078
82731040159
82827149535
40124057008
33363896230
20176232460
1730632703
16149977821
11341637991
74629781704
81490363912
86066988343
22655649295
6337615944
27118186460
65729190925
98388292354
46270916026
62147078475
55999268928
4302552547
80928860882
346178908
99759405893
20261762658
91532693426
35437482651
35279074744
84588940759
52907176267
16689945251
20392855499
36063309945
58890732576
51718067316
31224890906
96704891840
58101937972
35209453156
28924312457
27309639477
32619660912
59356422980
71096609831
23192768041
60484268589
82015439954
28750102865
91440076595
18081806318
82905283862
79187336261
9069316895
59757887333
62788094568
40019709676
10269591570
49157931820
16049153931
49888949345
89397468829
68692406351
86784733555
46054582386
42856281592
79147966415
71621006434
38259839737
47369514527
75227138507
43307635125
80823674996
42295722442
50035086201
14767006355
28632640827
16742527449
7115610160
69134124887
60368887048
99472187856
17542527138
48224236989
70384942200
57924024209
46064631283
24392773284
24738017684
41119802734
65427005387
38560588560
6769957328
90042326861
12634135513
39180630484
62920181187
58604612040
93945400517
25177457132
32516120208
98181141544
36246823360
41334114419
79103981033
47634553595
74549947396
61835931276
9374736780
37491703441
2131750652
4389279928
7340626276
41487856106
90011675958
46744701600
10213902424
7634822051
26661525395
14436299198
5432082526
83366482259
1096962268
59071871159
70954175642
39805506971
37255158968
86585095511
99514710341
55726428927
72567543119
28744800716
24973796413
15374395946
7449202448
8896760064
90472163048
30627527117
96586744963
65735139145
24328583021
79214674718
92762090788
90004783647
72862446117
73283625466
82754052871
86831068936
78289439920
52387036385
20780616675
37055947555
75268946686
4590905278
26040140033
38030121807
17611452972
61498633755
58718764017
85480365318
40322152880
39144239110
9495047911
95952182508
18732465504
3123964222
97302864101
58906112539
36981995100
69213566884
29618309662
72555997099
10839333687
27803538774
93012866267
24587778440
97533975746
59196348348
86901460988
10249960128
39409279127
73564325145
62534259924
23160615056
89576926335
65997448004
3989779124
41678553456
25094792473
95678521436
14238356196
90261430366
14282540809
65800231282
44676092912
14188220814
29420722436
17174350743
79621625093
207033665
15940460140
20070698316
57740518036
1815766737
31021181884
25426130007
59488495380
64127819069
38425257411
11977541760
72721426471
49462738957
23604131004
83058401231
92675578300
26929350663
37591114111
45390445531
44616974877
21935330212
55027370802
49964742104
38360831423
31830426666
90429854397
69787822921
20423032270
9606841635
60472695307
893968241
6347341577
52001938747
8529626171
82102327105
96740636935
12709104992
5784001131
52673795319
10389414972
58379641000
87552533874
5414485131
95570328116
26443727060
50167532974
95054659364
42122371281
6177059576
89417959987
28223232303
61750845127
3656210019
25392663818
63236034295
12108507499
63259050973
85978865791
73262140368
18691862003
65286534847
14254544311
48423423936
77944003712
88385343861
94136025227
65522810821
51349511752
91107165969
9990996527
38396615642
93706023118
77833773981
68047991832
29876734453
31544349311
45534858111
21945555636
33427014514
87218980113
81131238303
88550050771
34680731581
83757127880
33594118844
5365559751
75181028636
34614748477
38596030736
5136825628
64889562160
94216290482
67567401285
34450012589
41643060380
40991724831
5645901642
5779173298
25067334929
65222718571
15395237547
3035071520
60989700840
51721233726
31714048781
82623421772
25794293185
29168831963
32479407696
26216874753
39950339648
35035651661
55162570504
24868113108
7829457300
22762162293
55242455426
43712856259
4388390595
36497428766
56712002952
14148208917
23991115659
22933473145
76910174774
19066228590
10889422864
55055044697
82442961281
26876054677
29166098317
15694644873
63089769258
3743788660
70129328954
10395136992
40228932511
58169344841
69147651210
25651811178
80622072167
17959648602
50076921439
17532494107
14402176103
57783143279
29283341541
62672811496
32092452896
47482757936
15844837717
89786336586
55276938516
57278079040
9202475948
29925609637
42884487667
7849733483
8095313871
87841323425
75677570801
33814693337
58985086417
73913292333
98816216575
64013825377
60327176128
13575591811
12873110450
84250380593
28842316178
13233358875
9541388865
1363771615
30448822464
55918988643
6699674581
89474228503
48187945395
58791958487
93392427679
2654204193
77415958941
82881939326
17619087773
74583333290
4432815064
98658886064
56925906680
90401925884
59465901267
92256379145
67379594000
78507567295
68791617819
24245068000
31769979896
27823766057
47525835397
36781233842
80113729049
17333243658
23261947462
98474535690
71286083634
27414889842
57106566950
74152784280
21338996030
30149628278
37937509801
24798099635
52454344435
24844293897
69040173135
79935589733
48987499119
36435015013
70863998362
78520561999
16543787469
59893552853
23473547335
10677607199
79344032075
11940759760
15002780033
91277011349
39197762422
20424063175
79080944765
80013348006
61844152740
44133317914
80834383120
95601923029
96290198303
75289482839
21258464297
6521443319
9636037062
33572336198
14095329031
40088510407
25749296634
56092841068
29288348926
94441414675
4252689973
20923833682
56441528952
36737546098
66976718135
36606641450
3921369648
19957065540
82604275315
78180225022
30112414234
55090464895
53916971717
58995124733
51390959253
3435764234
88799899857
86677291331
75757268965
70666861583
76053312782
41633887478
98333660585
90941254032
54372702515
74090015862
86380567508
32064610214
9382162331
78420312406
52389046157
62005701690
58420641580
32230896506
79932677444
71408120538
66637748439
53894940739
46132616912
70292608426
15754052245
82711597113
41034713590
32160698809
93654376320
80750787005
52084994222
13322226551
60540479853
89870486293
480066534
65548824756
73777672148
61672303057
64767543092
92123381918
23832221602
74698055189
88108877538
39654223359
22079845574
82243246732
36898810734
85376048354
9804762802
80534844063
11885597908
7489513264
13373282329
88444302436
8344584646
9378353758
48644787275
67396301198
15806600790
79456568794
81251784397
31186641465
65891184478
17606416910
8991706090
62365347498
4824950498
62167508218
76852704154
75584494340
9565197817
7276917460
60379065497
61167341944
28975616414
29848755413
87048087855
39150429328
92245681222
2133466831
9050474441
96982894555
81704436872
82768351113
86007997822
27793293992
63890364630
78466419400
39551072587
82294756380
69227079838
9997307370
23853881573
67283459490
72064161233
83047486088
95000811374
47718618202
54308315684
41310936288
63890608364
31845427081
71753654209
64601412865
1688024598
21539171566
6986370492
28748070578
52889670591
72313746964
71193537260
76561282150
51824861005
44136998541
61631471951
73743234028
41829964537
87360437646
43579564587
51261304342
4745454179
15312378663
55168906599
34141005380
76309483080
45002038208
56561947768
62332766272
48360515146
32143888201
14760867210
5296691010
44703296982
71236958662
77218350388
78011905876
30758235633
81570348477
89668478451
40254558173
54608039041
4588501459
531413034
98581129650
14615525243
7356204529
58313450097
99340241391
68890779150
29943043416
20997406449
80902099348
93735859169
26088643308
5418038154
75633149560
28605400117
74780922095
99411032235
84957080724
56906450388
9613455935
19679994589
38427590319
83942908283
83383941671
64190907009
66453341944
25731445556
8836190979
41210984537
78684516490
54971610502
10931527205
81026549477
81619489504
79702314532
57881551478
75848275329
86110182309
19582908297
7783799476
76182750915
67919686189
40554470182
58012742508
55080412917
38243448643
58563649173
42565015547
73520047043
25745794658
66997064034
30488050020
62359382331
16592369012
5248600841
73299286497
71968640828
71900052249
9596092757
73218846937
19652347053
97859587021
78595412251
29340866033
44590616073
88561559800
66274473827
44759106353
6167116659
71287614908
90001954951
24145510120
80112360639
81900952318
5379418937
79305951188
56327710285
55357892583
22952139791
12686940114
99211029599
65110122327
69995710008
62494438666
83725596841
34097948868
69585836958
95563346527
36178970513
92495580767
99383924361
42508906493
31908650377
96579765755
76168758064
32799978831
57402848261
48302812086
41285262268
82891180504
17516748207
72519102671
86400813527
22412871581
10938017228
7847704266
77368310328
14055938559
65725952432
45149327592
30884900044
38160040172
58497689912
6568823113
80897575815
98388622444
25634138481
58239868276
9027954297
64976473952
97043327741
54898249791
78480995746
21388013157
44637203700
93222302830
70615859509
46238180473
37582753837
57924437123
47454998533
65550902965
2154456476
48471827546
46878605416
43132938186
83348255316
44637693995
26911218831
49412109076
5891523459
95248019291
5265439602
95082447905
20871965976
94090963659
37039813639
3115550732
91169288188
29381271048
38567706734
58185424588
46992273139
886906646
56989128608
18683381991
43311428324
54459366424
19626129858
57572538842
19606096221
21641645337
75885622224
80432356784
5722388781
80405770596
39789884870
123521680
42378754773
7421751884
81430871468
12438977229
36933523562
99428438788
58281738849
57245878655
47488705002
91928268850
67086176755
36477802109
89764713627
38847040105
26063009111
97516667170
27348502472
67264590046
58422630026
3566834967
11885704516
75054958153
44728318539
12449687555
9324861151
24161491594
75403989802
36540367730
31197214255
88786341961
52973769771
41887183142
62046282647
17505534011
28893340430
14494326741
10830795537
13660720060
96317116386
91618433674
2181023986
91887524117
57149621907
25419762234
42918230940
10408889061
18256716514
20448171382
97013058138
94479280853
73534598458
13069700452
16181699776
35872254561
81476082710
18984536304
34911996413
84016640862
36044903537
45137872002
2935718241
59338763814
24209629279
9079802745
79297388466
19194776529
46954042367
13361067689
96738199615
6174879896
80110709516
25971962758
11152630338
83138448976
50541099715
7282288179
86935269277
50461238186
86105869785
28938239518
82017903446
74891016649
13892803652
35093668359
21479854626
33769824354
67577299526
71073594235
75020834842
42765450092
65790535726
2069314957
69440877845
30639185291
17809672755
71517320821
54631440024
6275702859
57688049826
80482692597
8273561066
4473364795
16264114571
34697194274
14619272853
94870312287
23380243378
77767127630
77274424829
72461032495
3204394303
23276577663
31321581171
16831357860
16715915286
3922587864
34275659201
32660019959
78079483772
77788726727
34032165480
13059481239
87658633855
56905822155
3466455903
10384913612
14088315262
51242445245
23038911474
84541827554
63575039012
86258931843
36424008712
130735988
66752076525
75044992092
68478162180
79176215457
85422890958
59260126997
22378899304
92475100397
48267001042
26818413937
28562271026
19733496766
39487385936
70677231950
76337101687
94775395056
41362124001
48995099009
33620864802
21137830860
99173937600
81691488376
27908706693
7629631648
18577233741
8288906303
87844178025
7529760658
60223556078
91317545563
9186976931
23265377915
41977004789
89992867344
20550915196
24446569254
39680726460
32616276646
92645433102
90056462887
2528268495
60882005722
29540986193
36660549451
10620801274
22301321702
10953383553
11003152182
95739688053
10292748410
24903490877
99125775010
95080352973
41770651005
96539434775
20595640830
34415058571
2931487203
77763682117
90815510218
91122374701
14393954038
70663061271
19227117892
34463545483
33116766015
62501364892
14869989538
22367119860
57671282394
13658985660
93157297891
13706149801
8058118111
82477788172
97134816221
95289897752
81186544081
16751144903
62054252167
16241991974
6124561955
4192654449
41016979592
8513287475
91720832704
52710539982
9029190160
57991558705
17391961538
91159374499
38581928967
9480037848
25485514894
