1024 1 981 939
2 1
6 5
6 7
9 8
9 10
13 12
15 16
17 14
19 20
19 20
18 21
18 21
17 22
14 22
23 24
13 24
26 25
27 28
29 30
29 30
34 35
34 35
33 36
33 36
32 37
32 37
41 40
45 44
46 47
46 47
50 49
51 52
51 52
57 58
57 58
56 59
56 59
61 60
63 62
63 64
62 64
60 65
65 55
55 66
68 67
71 70
71 72
70 72
73 69
75 74
74 76
76 77
73 77
82 81
82 83
87 86
86 88
90 89
90 91
98 97
99 100
99 100
102 101
102 103
101 103
104 105
104 105
98 106
108 107
108 109
115 114
118 117
119 120
119 120
118 121
117 122
122 123
123 124
126 127
126 127
128 125
129 130
137 136
138 139
138 139
141 142
140 142
144 143
148 147
151 150
153 152
159 158
161 160
163 162
165 164
168 169
168 169
175 176
175 176
177 174
180 179
180 181
183 182
185 186
185 186
187 184
187 188
184 189
189 190
183 190
192 193
192 193
194 195
194 195
200 199
201 202
201 202
200 203
199 203
204 198
206 207
206 207
205 208
205 208
204 209
198 209
211 210
211 212
210 212
214 215
213 215
197 216
197 216
218 217
223 222
226 225
226 227
227 228
225 228
224 229
224 229
223 230
222 230
231 221
232 233
232 233
231 234
234 235
221 235
237 236
236 238
238 220
239 240
239 240
243 244
243 244
245 246
248 249
248 249
250 251
250 251
247 252
247 252
246 253
253 242
242 254
255 256
256 257
257 258
254 258
241 259
241 259
260 261
264 263
264 265
263 265
262 266
262 266
267 268
267 268
271 270
272 273
272 273
271 274
276 275
278 277
278 279
279 280
280 281
277 281
282 283
282 283
276 284
287 286
290 289
294 295
295 296
296 297
297 293
299 298
299 300
298 300
293 301
303 302
305 304
304 306
309 308
311 312
311 312
310 313
310 313
309 314
308 314
316 317
316 317
319 318
323 322
323 324
325 326
327 328
328 329
326 329
333 332
333 334
334 335
332 335
336 331
331 337
339 338
339 340
340 341
338 341
343 342
345 344
345 346
344 346
349 348
351 352
354 353
354 355
360 359
365 364
365 366
366 367
364 367
369 370
369 370
372 373
372 373
371 374
374 368
376 375
379 380
379 380
383 382
383 384
386 387
386 387
388 385
388 389
389 390
385 390
392 391
392 393
391 393
397 396
396 398
399 400
403 402
405 404
409 410
409 410
412 413
412 413
411 414
414 408
408 415
415 416
416 407
421 420
420 422
422 419
427 426
426 429
431 430
431 432
430 432
433 434
433 434
441 440
441 442
446 445
446 447
449 448
448 450
447 450
451 452
451 452
445 453
453 454
444 455
444 455
456 457
459 458
459 460
463 462
464 465
464 465
467 466
468 469
468 469
475 474
477 476
476 478
480 479
480 481
481 482
479 483
478 483
486 485
486 487
487 488
485 488
489 484
489 490
484 490
491 492
491 492
475 493
474 493
473 494
473 494
496 495
502 503
501 504
501 504
505 506
508 509
508 509
510 507
510 511
507 511
500 512
500 512
514 513
513 515
515 499
499 516
516 498
519 518
522 523
522 523
524 521
521 525
529 530
529 530
528 531
528 531
527 532
527 532
534 533
536 537
538 539
538 539
541 540
540 542
542 543
537 543
547 546
548 549
548 549
552 551
552 553
551 553
556 557
556 557
555 558
555 558
560 561
560 561
559 562
559 562
554 563
554 563
565 564
565 566
564 566
571 570
571 572
570 572
575 576
575 576
578 577
578 579
579 580
577 580
584 583
586 585
586 587
587 588
585 588
584 589
583 590
590 582
591 592
591 592
582 593
593 581
581 594
595 574
595 596
574 596
597 573
600 599
600 601
601 602
603 604
602 604
599 605
605 598
607 606
608 609
607 609
606 610
598 610
611 612
611 612
614 613
614 615
615 616
623 624
623 624
626 625
625 627
627 628
630 629
632 631
632 633
638 639
639 640
640 637
646 645
645 647
648 644
650 649
650 651
651 652
649 652
654 653
656 655
656 657
655 657
659 658
662 661
663 664
662 664
665 666
665 666
668 667
668 669
672 671
671 673
675 674
677 676
677 678
679 680
679 680
684 683
684 685
685 686
683 686
682 687
682 687
690 689
690 691
691 692
689 692
693 694
694 688
695 696
695 696
697 698
697 698
688 699
704 705
704 705
707 703
712 711
716 717
716 717
718 715
720 719
724 723
726 725
725 727
724 727
723 728
728 722
722 729
731 732
731 732
734 733
736 735
735 737
734 738
733 738
730 739
729 739
721 740
721 740
742 743
743 741
744 745
744 745
747 746
747 748
750 749
750 751
751 752
752 753
749 753
759 758
761 760
760 762
762 763
759 763
765 764
769 768
769 770
771 772
771 772
780 779
782 783
783 781
787 786
787 788
786 788
784 789
784 789
793 794
793 794
795 796
795 796
797 798
797 798
800 801
801 799
799 802
792 803
792 803
791 804
804 790
790 805
781 806
780 806
779 807
778 808
778 808
777 809
777 809
776 810
776 810
775 811
775 811
774 812
774 812
813 773
773 815
770 815
768 816
816 767
767 817
818 766
766 819
765 819
764 820
758 820
757 821
757 821
756 822
756 822
755 823
755 823
754 824
754 824
746 825
741 825
719 826
718 826
715 827
827 714
714 828
828 713
713 829
712 830
711 830
710 831
710 831
832 709
709 833
833 708
708 834
703 834
702 835
702 835
701 836
701 836
700 837
837 681
681 838
678 838
676 839
675 839
674 840
840 670
670 841
669 841
667 842
661 842
660 843
660 843
658 844
654 845
653 845
648 846
644 846
643 847
642 847
848 641
641 849
637 849
850 636
636 851
851 635
635 852
852 634
634 853
633 853
631 854
630 854
629 855
855 622
622 856
856 621
621 857
857 620
620 858
619 859
619 859
618 860
618 860
617 861
617 861
616 862
613 862
573 863
863 569
569 864
568 865
568 865
567 866
567 866
550 867
547 867
546 868
868 544
544 869
869 535
535 870
534 870
533 871
871 526
526 872
525 872
520 873
519 873
518 874
517 875
517 875
498 876
497 876
496 877
495 877
878 472
472 879
880 471
471 881
881 470
470 882
466 882
463 883
462 883
461 884
461 884
460 885
458 885
442 886
440 887
887 439
439 888
438 888
437 890
437 890
891 436
436 892
892 435
435 893
429 893
425 894
424 894
423 895
423 895
419 896
896 418
418 897
898 417
417 899
407 899
406 900
406 900
405 901
404 902
403 902
402 903
903 401
401 904
398 904
395 905
394 905
382 906
906 381
381 907
908 378
378 909
909 377
377 910
375 910
368 911
911 363
363 912
912 362
362 913
913 361
361 915
360 915
359 916
358 916
357 917
357 917
356 918
356 918
355 919
353 919
352 920
920 350
350 921
348 921
347 922
347 922
343 923
342 923
330 924
330 924
322 925
321 926
321 926
927 320
320 928
319 928
318 929
929 315
315 930
930 307
307 931
306 931
302 932
301 932
292 933
292 933
291 934
290 934
289 935
288 935
287 936
286 936
285 937
285 937
284 938
275 938
274 939
270 939
940 269
269 941
261 941
220 942
219 943
219 943
218 944
217 945
946 196
196 947
191 948
191 948
182 949
181 949
179 950
950 178
178 951
174 951
173 952
952 172
172 953
953 171
171 954
954 170
170 955
955 167
167 956
956 166
166 957
165 957
164 958
163 958
162 959
160 959
158 960
960 157
157 961
156 962
962 155
155 963
154 964
154 964
153 965
152 965
151 966
150 966
149 967
149 967
147 968
968 146
146 969
145 970
145 970
143 971
136 971
135 972
972 134
134 973
973 133
133 974
974 132
132 975
975 131
131 976
130 976
128 977
125 977
124 978
978 116
116 979
115 979
114 980
980 113
113 981
112 982
112 982
983 111
111 984
984 110
110 985
109 985
107 986
106 986
97 987
987 96
96 988
988 95
95 989
94 990
94 990
93 991
93 991
92 992
92 992
91 993
89 993
85 994
85 994
84 995
84 995
83 996
81 996
80 997
80 997
79 998
79 998
999 78
78 1000
69 1001
68 1001
67 1002
1002 54
54 1003
53 1004
50 1004
49 1005
1005 48
48 1006
45 1006
44 1007
1007 43
43 1008
1008 42
42 1009
41 1010
40 1011
1011 39
39 1012
1013 38
38 1014
1014 31
31 1015
28 1015
26 1016
25 1017
12 1017
1018 11
11 1019
10 1019
8 1020
7 1020
5 1021
1021 4
4 1022
1022 3
3 1023
2 1023
1 1024
