20 200
0 588 35 844 843 186 519 668 128 875 201 645 195 180 417 672 222 12 193 184 
847 0 332 358 404 629 957 405 773 136 587 2 340 508 579 251 692 732 86 16 
196 559 0 955 2 290 427 152 471 251 327 576 488 545 273 779 885 550 40 846 
140 392 730 0 394 59 93 228 612 47 44 652 83 555 336 934 723 796 978 248 
934 784 314 880 0 940 788 537 596 879 800 422 992 583 925 216 569 35 245 752 
89 971 486 838 838 0 91 132 850 204 150 477 606 168 261 481 885 24 122 677 
592 697 393 215 95 544 0 908 912 718 32 576 820 794 16 694 161 100 60 687 
164 15 628 752 299 432 184 0 80 401 844 460 790 715 604 151 136 44 797 252 
387 908 661 348 776 623 980 825 0 590 792 243 698 770 376 766 433 607 125 225 
885 883 34 611 253 453 851 933 671 0 981 6 385 702 299 743 641 292 640 669 
422 125 414 60 9 58 706 647 597 545 0 294 952 948 752 223 652 217 373 316 
512 731 998 781 157 6 992 134 560 367 737 0 24 703 118 978 1 940 375 815 
168 132 81 979 727 945 415 846 600 351 366 256 0 914 506 207 779 837 175 965 
487 653 919 435 184 444 774 601 974 892 708 931 644 0 333 406 178 158 453 167 
559 331 918 331 661 360 822 15 340 355 822 241 917 991 0 479 299 947 165 678 
487 729 507 373 446 393 746 715 802 13 264 222 751 943 98 0 320 999 230 791 
48 610 224 563 287 152 260 373 98 652 597 595 56 546 449 929 0 862 865 2 
616 603 921 88 999 696 879 164 243 760 156 621 41 612 598 710 461 0 540 262 
190 600 993 650 378 993 10 845 162 107 854 491 687 493 416 228 171 545 0 179 
213 328 41 850 128 267 989 472 515 654 955 290 663 86 373 837 444 644 533 0 
6 14 15 19 3 12 10 11 11 3 16 19 1 5 12 12 1 5 11 1 19 13 17 2 3 18 4 3 1 13 11 6 12 9 4 1 3 14 9 4 6 2 9 11 4 1 17 2 20 8 20 10 6 9 15 20 19 8 6 8 5 10 14 11 10 13 10 5 5 6 14 8 16 19 7 1 15 17 9 19 12 2 15 18 14 17 10 10 14 20 2 2 5 14 7 3 6 1 10 14 4 17 10 7 3 7 11 8 12 5 13 11 20 13 6 3 12 6 1 2 11 14 4 10 18 5 11 2 10 9 2 6 5 13 16 2 16 16 8 8 20 15 5 7 9 3 16 3 8 18 15 9 3 1 20 10 17 8 9 13 5 3 5 8 9 10 11 1 1 11 7 13 16 8 19 16 11 19 1 18 3 11 10 17 8 15 14 14 11 6 19 7 15 3 5 2 15 10 3 11 
