50 500
0 85 15 35 63 83 73 25 17 37 36 50 42 74 1 34 54 1 11 14 11 12 63 87 37 43 52 11 44 31 7 24 92 90 29 23 40 85 65 38 7 96 78 24 40 14 45 44 92 37 
73 0 18 2 76 27 18 23 13 1 26 83 40 29 76 53 95 69 57 5 78 24 65 83 47 96 50 47 23 90 29 52 54 5 3 10 92 14 85 25 53 94 95 4 68 37 9 94 46 0 
71 20 0 41 59 77 84 21 62 87 75 47 41 70 39 77 67 50 78 19 98 84 24 95 7 65 77 4 73 58 60 22 40 55 2 50 66 34 80 67 60 7 6 25 31 23 65 94 90 94 
43 69 68 0 10 49 32 80 51 36 91 20 15 8 79 65 40 14 30 63 12 36 15 81 24 94 1 80 10 12 42 93 27 3 96 55 28 57 14 52 3 34 65 78 10 69 65 78 0 10 
44 15 87 60 0 1 39 89 49 34 43 1 2 21 30 85 26 44 30 4 99 65 16 75 58 36 48 12 33 4 96 68 13 95 11 59 53 9 60 36 45 64 48 4 64 15 88 97 1 95 
40 4 67 26 22 0 6 50 50 29 17 80 68 27 81 19 61 58 99 29 80 3 6 38 16 59 65 91 13 45 44 72 5 60 83 87 96 85 96 4 62 13 91 88 94 90 10 80 4 64 
45 68 18 33 62 62 0 90 10 9 76 0 0 84 94 96 48 84 88 95 93 67 1 73 6 78 71 52 64 13 85 51 22 45 15 39 3 46 35 2 72 55 16 85 85 17 17 48 93 68 
21 56 6 96 54 26 69 0 47 69 32 36 12 64 1 26 58 67 73 33 77 90 99 52 87 47 66 16 18 87 86 7 82 66 90 18 83 34 32 75 24 6 59 21 18 81 54 14 82 96 
52 2 45 36 30 73 69 28 0 57 8 0 2 45 25 21 96 73 97 7 22 32 72 39 25 76 1 55 39 90 73 44 60 93 36 20 24 83 7 81 39 90 23 38 54 35 64 86 70 24 
73 62 50 89 35 80 72 29 10 0 0 18 12 18 52 64 41 1 35 28 6 97 8 71 37 51 57 16 39 78 79 7 64 39 80 87 21 74 24 60 4 59 51 36 78 13 70 46 1 22 
54 58 69 77 9 39 95 33 15 88 0 28 58 80 88 93 87 92 57 59 49 83 84 54 79 13 63 21 25 13 3 65 11 56 31 90 40 25 93 33 54 49 35 13 41 70 35 24 99 47 
12 11 16 43 28 60 3 97 83 42 23 0 62 41 39 22 33 13 27 78 36 56 36 39 31 28 64 38 86 25 10 80 27 60 85 59 30 39 92 28 53 26 17 65 9 25 3 3 52 78 
44 92 86 31 63 84 59 68 78 69 84 98 0 74 61 44 53 44 74 40 38 79 19 19 67 7 57 64 55 22 3 11 42 53 65 85 36 26 94 13 97 40 85 19 23 86 26 73 68 60 
35 78 67 49 85 60 31 65 47 21 26 0 81 0 49 3 4 84 10 28 91 13 90 92 35 94 27 66 86 86 42 41 51 12 43 86 24 36 9 24 41 88 71 19 73 27 33 50 17 3 
21 71 25 37 98 54 35 52 98 49 16 25 34 91 0 20 12 40 2 31 28 58 72 89 6 72 83 54 77 94 15 71 10 71 96 17 82 55 23 11 69 16 75 84 16 41 51 11 53 4 
33 23 34 5 23 8 45 54 66 67 5 36 29 49 80 0 71 89 22 24 19 5 56 62 23 97 86 30 17 53 4 98 14 15 25 88 40 38 96 79 76 13 39 40 30 0 13 99 10 33 
56 17 32 4 59 31 20 69 59 81 14 68 84 32 81 72 0 53 52 8 88 19 46 13 80 0 41 44 44 11 52 92 87 90 80 98 67 36 64 75 23 18 81 64 88 80 45 46 39 84 
47 30 29 18 40 18 31 19 21 40 91 18 28 46 66 51 41 0 86 93 50 43 7 83 25 92 23 55 2 27 16 51 89 13 1 23 3 65 77 55 86 32 65 87 39 90 72 60 13 6 
99 84 56 23 6 93 88 42 48 12 26 1 93 0 37 39 45 11 0 9 69 2 38 41 69 50 39 97 80 74 78 62 28 70 82 81 69 83 55 45 51 8 88 12 39 2 99 95 49 62 
46 64 63 95 87 91 56 29 46 61 82 56 92 0 10 88 17 42 46 0 23 70 29 37 41 42 46 97 25 42 23 89 52 76 44 48 98 97 92 89 51 93 62 54 17 99 71 67 13 50 
61 16 33 44 59 2 43 44 88 99 81 21 55 46 16 31 47 28 26 85 0 54 34 10 63 91 36 2 16 6 66 98 64 17 44 70 34 29 38 92 27 89 6 71 56 94 40 51 70 0 
31 34 34 58 0 72 98 54 30 16 95 60 82 70 12 97 66 21 99 89 89 0 34 61 60 89 56 34 71 34 13 31 22 97 46 42 59 6 39 62 12 87 3 23 78 36 3 16 85 44 
43 49 89 84 71 65 10 29 33 98 60 29 99 11 42 62 5 1 17 20 53 52 0 38 9 56 33 82 89 55 3 88 52 45 13 33 73 16 52 95 22 82 11 58 22 91 13 84 25 89 
32 8 89 51 87 42 96 37 40 28 46 3 35 11 89 90 87 4 69 19 21 65 31 0 63 65 83 88 99 88 75 8 97 20 94 14 98 46 64 41 12 61 66 82 63 59 42 28 79 32 
91 10 48 17 75 28 37 12 99 57 80 21 10 1 72 29 70 31 92 18 65 27 38 94 0 98 71 97 49 46 95 95 83 67 80 12 88 39 43 57 74 0 93 23 0 88 82 21 16 14 
41 40 12 30 60 66 24 44 34 47 98 90 94 13 83 51 73 88 20 87 38 49 9 53 24 0 74 84 24 9 45 64 60 79 13 2 7 97 97 15 12 91 2 56 54 50 63 49 54 57 
95 69 31 86 0 66 83 6 73 94 86 94 18 98 70 37 40 13 41 49 99 21 7 50 81 81 0 22 52 67 8 87 43 73 84 25 14 51 92 96 47 15 56 95 99 52 63 16 96 70 
70 75 32 59 56 22 61 78 29 64 52 77 7 97 45 73 49 97 15 16 89 97 38 35 40 83 31 0 22 7 73 25 47 18 43 28 54 21 19 7 26 13 38 10 13 77 16 60 89 28 
77 86 37 11 15 15 38 19 64 60 84 70 36 20 83 78 30 96 34 75 2 8 53 58 88 24 94 37 0 83 16 41 70 9 76 41 73 53 22 55 59 65 97 80 96 92 86 58 78 34 
23 78 86 54 36 53 61 36 90 5 99 97 71 42 78 50 71 17 8 52 86 23 80 47 63 76 68 43 12 0 80 78 59 52 4 3 51 38 55 86 42 59 29 93 35 92 26 80 50 31 
25 67 56 98 66 84 80 38 41 49 8 53 57 42 25 36 26 25 59 1 72 39 5 65 18 78 90 41 97 83 0 75 40 71 45 78 16 89 30 30 86 67 22 36 50 63 42 30 40 41 
9 13 61 49 17 7 87 36 88 23 39 7 61 23 37 54 9 93 25 72 72 31 63 79 4 52 13 88 19 11 80 0 30 33 47 58 35 51 45 50 40 96 3 19 37 99 62 62 48 32 
96 30 84 43 27 22 80 21 63 77 72 59 76 76 47 30 82 43 61 21 18 17 19 94 51 58 71 78 5 40 73 66 0 13 48 43 70 33 23 33 92 20 71 89 61 7 8 82 7 6 
41 43 76 41 7 60 59 70 26 23 23 4 70 53 16 1 4 35 2 19 74 18 77 25 47 12 84 54 20 59 58 23 87 0 19 66 48 32 19 78 66 96 39 40 56 33 0 30 58 32 
75 48 66 31 29 42 68 10 48 52 88 46 51 79 4 21 72 71 89 34 69 73 16 12 41 80 32 50 94 27 32 94 12 42 0 51 73 60 34 77 15 85 30 39 19 59 39 24 10 96 
85 54 57 5 8 59 93 71 70 62 3 97 40 24 82 46 84 52 83 21 19 13 86 65 45 93 25 76 45 85 27 10 70 46 38 0 68 2 13 21 48 76 11 42 1 90 39 88 80 83 
55 40 25 91 53 49 71 68 71 46 54 48 50 93 94 77 58 23 77 94 30 12 70 1 39 5 8 26 86 73 61 78 18 15 18 27 0 1 79 15 92 35 32 45 72 21 35 22 6 0 
64 20 93 30 96 90 85 95 11 69 98 11 5 6 84 40 6 19 32 48 74 32 67 17 17 22 75 87 62 37 46 98 12 83 82 23 72 0 60 71 20 84 97 99 50 88 6 68 35 65 
63 10 14 71 21 59 2 4 22 60 21 62 98 73 97 13 0 29 48 83 22 70 69 48 81 72 86 66 82 57 86 73 17 86 76 94 45 12 0 57 33 41 42 99 66 22 28 16 87 43 
66 37 97 99 10 50 35 46 2 69 2 72 63 36 93 6 56 73 72 96 30 2 61 54 97 50 76 68 5 33 97 74 65 44 55 8 5 56 3 0 61 38 66 93 65 61 45 39 40 35 
60 98 22 90 46 14 45 78 88 78 45 82 0 53 18 95 72 57 37 87 72 10 41 43 99 25 11 35 80 14 66 93 30 12 1 46 53 8 9 71 0 90 94 60 21 26 35 21 38 4 
62 84 14 0 34 90 26 86 51 33 93 0 79 24 16 18 63 79 79 78 28 48 33 31 44 36 60 97 32 41 90 1 91 95 64 51 68 38 34 65 43 0 34 81 61 74 80 18 56 29 
55 3 0 24 60 19 60 84 80 22 44 19 12 71 83 8 47 55 37 67 37 51 9 77 23 9 39 59 77 10 63 84 68 17 92 25 65 45 3 43 22 36 0 27 31 84 81 86 60 5 
73 84 85 30 71 23 52 78 79 85 6 79 63 23 12 1 38 16 7 88 59 43 92 71 21 21 44 63 39 20 47 20 45 93 81 5 30 8 5 67 8 50 25 0 57 31 53 40 64 12 
86 17 94 78 4 84 18 74 38 47 92 6 38 71 73 61 73 9 95 78 51 95 47 28 65 38 65 66 85 0 71 52 92 92 68 63 66 3 46 59 86 90 70 29 0 62 52 16 34 8 
87 42 24 76 66 56 89 24 85 88 74 23 48 34 49 49 83 91 38 6 19 0 57 65 41 25 13 9 87 29 52 63 12 29 50 34 35 74 29 5 18 49 72 8 53 0 44 38 54 40 
86 5 35 82 9 39 27 42 41 66 48 43 74 11 62 96 77 81 45 80 20 42 85 15 51 43 89 45 5 48 48 90 17 39 97 67 72 40 73 28 20 68 20 21 73 61 0 18 12 71 
53 90 72 58 51 75 30 30 23 98 81 24 25 0 72 1 98 5 23 24 38 68 10 67 93 55 78 68 64 70 71 28 96 72 56 5 70 12 86 47 19 26 10 64 4 67 81 0 3 47 
32 87 79 10 23 87 84 90 39 69 17 83 17 4 96 92 69 40 98 33 86 63 59 64 42 63 25 21 17 22 72 57 30 82 17 98 76 3 70 42 49 89 98 14 65 15 65 41 0 61 
71 78 71 83 79 32 48 62 61 45 56 51 92 92 59 87 81 96 34 33 29 14 7 17 60 1 85 57 27 65 19 91 17 3 82 60 3 3 72 54 65 73 3 36 6 56 83 69 11 0 
44 27 4 32 14 15 46 5 49 8 21 26 38 50 5 47 18 26 48 18 12 4 23 14 25 39 24 45 39 21 37 22 38 29 33 37 18 22 25 45 17 43 47 26 22 44 11 3 30 6 6 18 17 21 48 46 24 16 49 11 49 35 3 26 7 44 3 44 2 36 23 23 29 32 1 24 46 27 22 23 26 8 21 47 50 25 34 39 35 15 10 44 35 13 34 19 40 26 38 14 48 15 10 27 11 16 17 28 1 43 4 42 42 38 43 21 2 23 7 39 25 29 37 37 21 42 43 31 7 49 34 8 19 46 39 46 6 6 34 4 4 37 5 32 34 42 39 31 24 2 17 6 50 24 20 36 40 14 39 49 49 43 11 14 38 33 11 43 39 25 40 2 13 13 25 39 14 17 37 8 35 34 2 49 24 22 50 15 40 43 32 15 44 1 5 23 17 4 47 34 43 28 43 40 17 48 29 25 48 40 43 30 20 16 16 5 29 40 26 49 21 11 20 27 40 25 39 40 10 45 34 19 29 17 34 24 42 6 4 28 28 11 49 17 15 45 40 39 14 1 40 49 25 8 44 12 12 17 30 33 35 9 35 34 50 19 7 6 8 2 43 24 23 6 20 6 45 37 47 40 3 23 36 2 38 46 7 36 45 5 48 12 16 12 25 28 19 18 16 38 1 26 42 46 33 38 32 5 29 49 20 8 37 30 4 2 19 42 43 24 4 21 7 8 44 40 21 6 5 39 5 14 38 19 49 40 17 14 10 4 15 5 8 16 2 28 6 37 26 43 14 47 35 25 2 45 38 36 41 1 35 49 27 2 21 2 44 7 6 41 50 37 45 41 37 39 37 43 1 27 45 5 7 2 31 4 45 11 12 26 31 35 12 18 13 1 12 42 6 37 27 24 43 40 32 30 28 17 23 28 3 15 47 17 45 47 18 23 27 35 36 10 36 22 13 39 38 23 49 42 11 32 22 40 31 38 43 21 22 47 25 40 45 46 33 15 9 7 37 5 31 11 26 24 34 44 39 16 5 18 12 7 48 27 11 13 20 43 5 8 3 9 10 9 44 40 8 5 16 22 33 44 4 10 49 9 47 28 21 8 21 35 17 43 42 23 1 24 50 19 
