100 900
0 1707 309 704 1272 1678 1470 505 347 759 725 1003 848 1490 37 693 1081 37 225 294 226 247 1261 1749 747 868 1047 237 883 624 152 498 1843 1802 584 461 813 1702 1318 766 156 1926 1572 495 803 284 918 895 1845 743 1466 914 361 56 1537 553 362 478 279 26 531 1662 817 591 1530 1064 1917 1398 1148 114 1562 488 1309 1679 952 1925 1006 952 478 1814 587 1056 1080 108 68 208 1842 280 1702 518 1077 1881 1917 84 1378 746 187 1894 923 5 
1432 0 1221 823 1182 1547 1697 424 1258 1753 1508 951 828 1415 787 1544 1352 1008 1563 383 1963 1689 492 1919 152 1300 1558 80 1466 1161 1203 453 806 1115 58 1015 1334 681 1609 1345 1208 155 121 510 624 473 1301 1891 1816 1892 863 1395 1368 1341 211 999 648 1603 1031 722 1839 413 306 161 1597 1312 804 281 619 1278 240 734 310 1638 488 1891 32 1619 200 259 857 1876 553 73 1924 1101 561 1158 299 1040 72 696 1300 1573 215 1383 1318 1564 9 204 
895 313 0 1200 40 32 780 1788 986 682 866 24 51 429 619 1711 534 894 615 99 1985 1319 336 1504 1168 720 966 244 677 88 1929 1376 279 1913 235 1195 1064 184 1214 729 918 1296 964 82 1299 307 1766 1959 24 1915 815 95 1350 538 443 1163 131 1000 1007 582 350 1610 1374 559 1633 387 1226 1178 1984 583 1615 71 137 779 330 1181 1303 1826 279 913 890 1456 110 1210 1660 1758 1920 1709 1929 82 1243 278 1829 1773 1880 1806 217 1617 99 1292 
900 1374 379 0 1252 1248 1428 1805 217 187 1535 11 6 1699 1894 1928 963 1681 1763 1906 1872 1354 34 1476 120 1565 1424 1056 1286 265 1704 1021 443 916 303 796 73 921 704 47 1459 1114 324 1719 1716 347 358 963 1879 1373 436 1135 134 1929 1081 522 1394 422 957 1391 645 733 246 1290 32 528 1178 1341 1472 676 1551 1811 1983 1056 1749 941 1324 323 363 1742 1722 155 1650 1328 1807 371 1661 688 646 1501 481 120 1188 422 371 1633 1087 297 1640 1923 
1045 59 906 737 0 1474 1389 575 665 1142 165 4 45 916 513 436 1934 1467 1954 148 444 646 1458 790 513 1531 30 1109 794 1810 1471 887 1218 1877 721 417 494 1676 144 1633 780 1809 473 775 1080 709 1296 1721 1406 491 1472 1252 1013 1792 716 1610 1457 597 216 93 8 378 242 368 1058 1299 838 25 717 571 121 1942 168 1432 757 1026 1157 338 797 1571 1587 154 1281 792 1619 1743 420 1492 482 1216 86 1191 1034 724 1561 261 1403 922 26 454 
1095 1174 1395 1554 184 0 1912 667 301 1764 1180 564 1161 1601 1769 1861 1743 1858 1147 1180 982 1674 1681 1083 1586 278 1277 427 508 265 61 1304 222 1127 624 1811 812 504 1870 671 1093 985 708 266 822 1409 702 499 1993 952 254 227 323 873 573 1215 77 1944 1673 853 469 1017 1243 830 786 448 660 275 546 1570 727 1120 734 797 635 565 1284 772 1737 512 204 1602 548 1216 1712 1199 605 794 1859 562 1078 535 349 1315 190 509 64 76 1043 1573 
894 1851 1728 624 1278 1696 0 1375 1577 1394 1687 1960 95 1488 1239 886 1078 884 1494 812 768 1587 397 386 1351 156 1150 1282 1115 445 76 225 859 1062 1312 1719 728 525 1881 276 1954 815 1710 399 460 1722 530 1479 1378 1205 716 1573 1349 987 1719 1209 623 1309 949 439 525 16 1634 1761 990 63 82 1680 218 573 1838 273 1812 1854 708 1888 547 1324 1721 1720 850 829 1031 243 862 1728 484 733 190 482 829 1775 1437 394 1466 557 676 1005 349 61 
434 1432 501 756 1965 1097 714 0 1962 988 339 500 689 1830 1820 406 250 806 40 631 578 1164 1458 1790 135 1456 1679 1098 1555 1887 301 1430 213 1426 1928 345 1646 1101 470 232 1387 328 1505 1699 339 825 1031 225 1064 80 671 473 693 113 461 173 915 1099 1335 1342 106 725 594 983 1603 1055 1433 1783 448 494 390 118 1124 1243 460 1941 1725 615 342 1069 92 1970 294 312 514 1765 808 776 1930 1580 1523 277 787 814 616 6 279 1997 205 660 
1133 358 658 82 1194 638 418 1385 0 1629 280 1367 1693 651 1623 1445 1413 1066 1059 160 1761 393 930 273 1610 11 833 880 894 225 1041 1858 1744 1806 1614 1973 1355 731 1293 1519 471 367 1628 1289 1763 1613 910 923 785 1680 945 605 590 367 803 360 637 399 420 802 1827 363 574 926 1324 1022 823 1797 1736 1874 1005 865 154 1666 514 1856 470 1102 41 557 328 1028 1795 277 31 460 66 1302 1556 1112 1733 646 1316 1751 799 1811 1448 1213 275 121 
1980 1695 1126 461 125 1876 1767 858 976 0 533 36 1876 15 750 780 905 236 1147 198 1387 40 762 825 1389 1009 799 1951 1601 1483 1564 1256 572 1405 1648 1625 1399 1667 1117 910 1026 164 1774 243 785 45 1996 1905 994 1255 933 1292 1278 1913 1756 1822 1127 588 923 1235 1641 1127 1857 6 218 1778 341 841 932 1593 471 1417 580 754 838 844 932 1959 507 844 467 1783 1052 1522 899 969 1974 1955 1847 1787 1023 1863 1242 1094 343 1991 1427 1359 275 1005 
1234 326 664 893 1186 44 861 889 1771 1998 0 430 1106 923 335 635 959 564 532 1713 26 1092 695 208 1275 1827 728 50 327 132 1322 1972 1295 342 898 1418 698 585 772 1841 550 1780 139 1433 1138 1892 807 1032 1410 2 636 686 683 1172 2 1450 1976 1096 619 336 1907 1213 1658 1417 248 1959 1330 426 1985 1793 1796 392 696 1222 1202 1792 1120 694 1439 689 268 629 453 1946 925 850 1191 130 787 1256 248 1753 75 460 1572 720 73 323 1713 890 
871 984 1783 1693 1435 1307 212 582 676 1970 1217 0 1994 228 858 1246 108 34 344 400 1075 1046 427 772 180 1139 679 1658 1789 1107 74 1762 1054 914 261 667 1475 335 1043 1913 456 1648 224 1163 454 1826 278 1694 507 1780 655 164 1790 1023 1746 856 1930 747 802 560 939 69 702 224 1787 1809 1758 98 1385 384 429 1309 633 1713 1263 1305 1671 1778 1990 1765 1506 161 1956 416 1880 299 1970 920 1295 837 246 1230 1335 1640 1264 1195 858 575 1586 655 
1825 200 965 355 1502 570 748 245 1988 1153 1618 435 0 23 1455 582 1404 624 1849 360 1308 553 766 1894 869 1961 1423 1941 986 929 1918 1904 1666 1343 1601 241 1761 789 879 1141 1493 1 1868 465 6 1765 1641 428 331 286 826 805 240 618 1201 1322 483 885 685 946 1974 1804 1886 264 1673 1023 1478 1766 413 1746 766 988 189 1075 489 224 1487 1690 497 184 903 1292 1208 1584 268 54 144 1942 1957 305 255 1836 52 1139 1083 1018 1265 981 1098 1142 
1909 1385 622 1722 19 1323 1675 135 1468 1883 1721 1882 372 0 1405 747 815 269 835 982 1994 433 159 1007 1621 1621 673 445 1051 1345 167 1746 862 1473 1689 516 285 1039 1843 1934 944 316 1127 1918 1984 1048 1269 330 1938 1405 1412 1511 641 1187 1137 459 1232 1565 590 1284 1040 1543 147 1941 908 1461 986 1956 305 328 1792 1944 770 710 805 1669 620 1195 459 153 1464 506 945 364 878 561 1088 429 386 145 538 275 761 212 273 1545 327 1213 1791 565 
1542 1732 745 236 308 319 777 395 1282 1213 1682 1405 737 407 0 1560 619 1925 699 1505 51 165 1061 1176 1777 480 1898 755 79 1666 331 836 1417 187 1531 830 1465 1063 445 1110 1188 1302 1953 1618 1939 1849 1728 1169 1568 687 460 1568 1720 1085 732 1061 1228 733 1803 110 1996 1955 1433 856 1566 1012 1436 343 167 1056 1722 466 1606 959 1274 1522 1376 875 242 788 1601 1575 1190 1055 81 73 1022 777 1111 1732 849 1195 590 1860 708 1846 534 1602 1008 620 
501 1346 1122 1960 1329 1693 1611 776 831 983 161 1076 1150 852 502 0 533 504 1187 38 1449 783 105 1302 361 1570 1807 831 1956 1676 74 1502 805 1423 918 1576 339 1784 613 613 1735 1358 457 724 1004 1260 846 601 809 820 195 260 1228 985 343 151 1742 723 1764 462 781 149 1232 463 748 1088 189 1862 513 1457 1459 637 1260 1587 93 1055 277 1772 387 238 1600 634 613 678 947 1178 705 1034 900 1004 810 1920 78 394 752 1988 1242 1254 974 646 
1930 619 1684 865 559 459 1609 430 1278 1551 1448 1197 1523 1523 955 618 0 875 1237 425 362 356 384 1885 1032 1166 1429 1577 118 807 1478 1326 1648 277 965 865 1401 673 476 666 1844 400 1437 1784 1237 150 178 1642 145 138 834 870 1527 831 148 1213 1180 1411 539 466 471 86 1407 1062 329 26 80 703 54 386 1491 371 1543 507 947 259 1689 1090 407 1186 1162 471 1756 1192 393 1325 974 651 397 1571 1331 1938 798 814 1129 678 11 607 1174 647 
1515 961 1326 630 592 843 1373 201 961 1054 1765 936 1029 1595 83 423 1443 0 1794 688 1382 1470 337 243 823 1613 645 1005 1894 550 646 1880 256 857 776 1036 1475 1211 689 1545 300 1710 603 790 390 1184 788 496 206 1936 1712 1085 1148 113 177 1195 1879 1428 1414 1246 74 1951 818 492 1655 937 1687 1042 1671 429 397 262 1730 1303 908 1870 500 1527 919 1710 545 211 1417 931 767 120 1375 49 265 437 963 1520 231 854 37 1804 780 1778 1610 1663 
1115 800 511 1824 1061 982 1422 1364 1421 923 1082 974 1006 1869 1890 1554 1160 466 0 1895 608 258 1404 26 786 101 164 539 1728 1461 1231 1561 370 302 362 541 308 33 1586 319 1855 702 650 918 1449 428 713 441 122 1 1296 414 1873 600 1929 1817 1706 1918 235 1386 1970 220 118 120 1683 801 130 398 643 974 1495 658 1358 349 359 458 1511 1752 1258 748 934 1977 242 1669 1659 470 1454 1247 1201 1420 406 1683 1952 1998 1006 1768 134 1372 719 1304 
1270 205 286 1424 428 1192 54 87 440 1217 420 1249 1971 1470 1953 269 3 592 970 0 453 1409 1395 973 1626 1457 1721 1325 1651 1144 1722 1473 359 1730 1532 1886 913 247 1875 1140 679 822 843 1994 1322 456 572 336 1745 870 1321 745 1957 1990 218 1001 705 922 49 1395 45 1444 1265 731 1868 125 1127 1479 1456 1925 612 51 1230 1097 1953 1010 1537 1368 110 665 1954 1489 1310 887 1107 172 106 1129 72 1359 1231 768 1326 1871 1301 1233 911 789 804 718 
1205 1968 450 1811 930 281 901 1568 1766 1571 916 1651 14 1069 362 1906 1452 1150 753 1752 0 214 823 874 1980 509 236 708 1613 299 1320 1866 600 254 30 929 1065 176 181 1426 272 1812 1884 1216 438 525 707 421 760 93 1242 1682 288 5 693 1806 529 1732 1034 663 1872 8 1584 495 332 379 1276 1598 1585 1565 574 961 670 622 885 721 1206 1959 649 831 1811 39 1823 1909 1285 1027 1375 772 691 1312 866 53 694 1637 1225 1483 1614 373 1129 589 
1104 67 12 499 1204 396 1210 1686 1602 443 896 397 252 1428 1676 160 943 1105 748 1348 753 0 180 1543 474 195 793 1189 1540 219 1271 1694 1373 349 1852 514 1316 904 60 860 453 736 805 558 636 1697 1636 1736 1202 114 1477 1680 1703 612 1434 478 1051 1568 1580 1708 120 1588 1276 464 258 33 763 324 156 1776 1186 879 1854 1436 420 421 896 1264 794 413 949 400 905 1870 1630 100 617 171 105 1359 160 1001 505 1320 1143 634 1075 802 1293 244 
1730 344 1891 1577 81 1692 367 1486 767 941 1844 128 763 1434 1470 1237 1473 190 1917 1571 1037 1900 0 562 1318 774 1308 1338 1710 12 1432 1045 1858 1853 1365 1262 1330 70 936 1186 1720 1801 1403 583 1227 1248 1058 329 687 179 1753 859 482 1529 1321 1133 1786 499 1715 1763 1480 476 960 687 991 984 1673 1829 771 127 382 17 1154 1319 822 518 260 185 1756 588 1059 1275 248 597 1013 696 716 1495 597 113 373 983 1455 174 1065 315 898 764 1093 809 
1722 107 702 1648 199 780 553 852 831 1334 968 865 1480 238 1250 1934 1556 1633 910 1613 403 853 1704 0 1024 872 1795 900 109 977 978 1818 345 788 1957 1347 1449 800 1461 569 402 1379 411 428 1464 1236 40 366 258 1425 1067 1819 1442 1177 1025 1510 615 608 479 1972 1623 497 510 2 1456 22 1972 106 477 493 771 1378 213 1345 1872 1117 1573 1378 1290 1404 1431 573 1928 1449 1123 115 1406 252 1731 947 385 531 214 1293 93 1354 1636 1386 65 941 
648 1747 1584 210 466 1756 1681 1802 791 1392 348 1679 359 92 1926 1846 1386 817 1972 677 1722 1264 1194 1286 0 1276 511 430 358 447 1452 1149 601 1655 340 1966 1522 65 1405 840 998 1799 1969 290 1311 319 1308 832 663 1223 1421 1568 1423 1672 1588 643 961 1242 1237 908 1135 1030 1840 1857 1181 1755 1637 1924 681 669 585 285 152 344 1219 33 1711 1152 546 1307 394 1823 346 74 1653 1208 70 67 1453 1086 1309 1465 70 736 139 1137 1665 1381 226 1142 
1748 1055 128 1244 521 571 1839 173 1952 302 818 1022 1510 1968 191 1868 692 1032 1904 709 468 140 892 549 979 0 931 1796 1527 806 1452 851 1486 1127 1304 1470 689 867 987 1781 657 1698 1855 1007 866 1753 401 88 1178 221 230 680 669 810 1881 1805 941 616 1940 434 1933 1399 108 1033 275 1740 97 1731 68 1407 916 914 1125 1265 5 924 1801 1047 868 917 1003 316 813 1869 1966 971 1340 1521 1381 590 382 1743 1391 482 1344 721 1595 1037 1498 544 
1891 583 371 1073 413 615 656 1089 30 1716 148 1674 1648 1507 1695 838 63 906 256 1544 987 1154 1467 1446 807 1678 0 1239 259 1934 1335 298 738 1827 1541 1839 217 232 1359 152 147 1443 197 1261 1326 1672 1524 1228 943 69 674 236 1982 920 766 1439 1562 544 1539 1923 1929 1692 417 531 1500 1302 411 1699 1541 975 1576 67 488 507 997 1535 547 678 1461 296 1398 1329 50 1944 938 844 1966 589 1578 1715 1245 589 1740 22 189 913 645 129 1849 1336 
1683 1097 1718 1579 679 1900 1130 965 1914 1585 1709 1168 779 607 634 182 1142 1595 1002 1938 815 436 799 1043 1598 979 1535 0 367 1797 1356 723 1132 641 1331 950 1650 216 151 1087 1083 411 1952 670 572 1765 1594 1542 523 33 1573 1930 969 304 1759 473 457 671 1161 1319 1377 337 1392 1357 1983 756 259 226 293 45 1719 935 888 236 797 208 1779 1453 1874 1568 115 919 1415 41 1489 1834 271 1400 1799 168 1911 479 606 466 964 1113 725 707 631 1514 
23 1016 1642 1817 1306 1501 1242 186 1120 1946 763 299 1470 1160 123 55 744 1668 1715 950 135 831 264 298 1740 1577 834 224 0 1539 189 520 1481 727 1946 1595 669 528 398 156 569 164 300 613 79 1100 222 1475 1019 1712 526 1874 1360 983 58 1775 1487 1418 1628 3 1365 1954 1050 59 807 49 1753 264 216 1607 1965 1468 1794 1621 1441 1527 1466 1703 8 1060 1791 183 273 44 1205 150 1761 416 449 1018 1209 1397 444 712 508 23 440 1655 228 1479 
1069 943 1708 1568 1245 1199 1109 661 910 1115 90 563 1864 664 1779 1844 690 917 1043 1374 1401 378 1427 848 516 1547 1481 904 1947 0 404 1269 865 1590 1212 1500 1698 807 863 1846 987 1577 1799 1804 1311 592 326 260 1442 177 1229 430 1001 957 1339 1724 1524 628 196 718 447 260 1883 1052 421 498 775 1683 166 316 80 359 394 330 1735 1569 293 185 603 873 1305 1742 142 391 1949 325 1868 1110 822 288 820 1362 645 1689 1657 894 31 941 1994 726 
1400 882 478 457 385 1390 1405 511 297 1381 1259 1569 335 1939 1848 1973 1684 1199 1843 1913 939 596 935 675 147 19 658 1039 1258 1901 0 1460 1837 1282 1388 215 832 16 671 1528 739 1346 471 1599 1042 326 385 1834 1092 315 629 1547 1862 362 84 575 1412 1925 1279 20 1079 838 694 1128 1055 1504 1369 1201 1593 1924 1892 1012 1301 15 1808 78 1705 434 1706 1552 508 1280 689 443 1320 204 647 1300 1279 1067 114 351 445 1818 1559 1608 825 590 919 1828 
51 1648 542 1778 665 1974 177 543 963 172 1755 1268 1114 722 1898 1841 905 1972 349 1151 1686 654 531 961 663 1567 1080 0 1865 1744 1787 0 1419 1513 1605 1163 1256 467 1572 1368 262 1789 1786 962 601 802 1055 1881 266 875 587 1750 1415 467 1456 772 1433 1403 499 1284 844 637 1687 386 1720 109 1761 909 1208 1633 1393 1632 457 1439 1084 55 385 646 1288 1194 1462 1748 1413 314 1949 53 610 1297 1373 902 1624 1260 1960 585 651 562 904 1871 1244 417 
16 1987 1019 843 677 319 428 1814 727 1037 683 1881 474 1108 152 162 62 1641 1042 1122 1446 1399 1224 1912 367 1276 1895 1264 1118 1189 486 403 0 1392 1198 438 1652 293 1093 1891 1501 1019 663 567 572 1659 348 220 1954 888 558 1756 1279 1715 1595 459 1153 703 172 1378 168 1545 398 1592 1416 485 276 677 1947 1845 858 1237 169 1112 967 1936 731 1303 658 136 1507 1603 268 16 458 553 859 421 83 1950 286 1305 1792 774 1070 684 605 182 1151 326 
379 535 722 556 1570 1135 901 532 334 1864 1988 1648 1816 334 962 1077 1787 1476 1452 1657 1440 580 1557 1970 1117 425 489 384 1700 1698 633 1400 767 0 784 1101 801 1300 1368 1636 439 1232 1465 483 735 913 785 1932 1408 1714 734 561 334 1549 1566 1547 1135 1879 526 387 1667 294 1143 1369 902 485 1756 371 976 833 1031 1278 1352 814 1729 1379 1073 140 191 866 1604 960 65 1406 1322 617 681 1155 1450 885 1078 1171 866 1790 296 701 192 419 521 217 
566 1523 1174 183 1761 1801 304 1518 6 275 953 668 1697 1533 786 270 1424 138 1528 1839 641 1895 1287 70 500 1475 1197 75 266 168 1852 227 934 27 0 213 1448 1774 238 237 1109 71 318 188 1400 1679 529 930 390 1224 1783 976 927 1004 1132 173 49 944 257 1214 583 804 711 1913 973 10 1653 684 429 1188 1751 765 1789 201 1866 1782 213 1045 1785 1582 1308 140 384 1868 355 820 1795 43 1689 967 393 1270 417 1279 1316 1630 1320 1715 1908 1184 
753 1354 799 185 719 1390 1887 996 1057 65 1535 627 391 315 820 1380 930 676 1370 714 1961 1821 208 1855 1111 1099 1049 1979 273 1503 1539 1108 301 1428 1343 0 830 1711 663 715 33 1290 1278 757 1052 1258 1796 1384 1011 1714 1592 1532 480 353 1494 585 1577 990 296 406 679 447 68 476 1327 888 1500 1514 731 1158 1593 993 609 1395 1192 385 1595 411 1269 14 405 1524 1632 1675 1770 514 454 568 1703 1537 1084 450 1477 151 43 234 18 1718 938 1457 
1793 1246 369 624 123 1854 45 726 1949 1453 815 829 1759 448 621 1718 1104 660 976 703 803 324 872 1950 1324 1939 535 428 1154 1669 856 1053 570 787 588 924 0 208 1748 1053 1317 1233 849 1843 810 1516 430 1844 982 663 1525 1494 542 461 168 1209 1991 214 726 1909 365 1995 700 1162 1902 186 1029 172 1606 993 1751 1216 507 708 1345 1699 806 1814 847 163 827 148 734 625 371 228 1039 1504 1151 1505 267 273 1080 1179 363 478 1874 1466 1316 1603 
1487 1311 669 1328 1923 1566 1652 833 469 622 1077 431 866 1594 1224 1914 677 1397 1451 194 1787 1133 722 1495 727 857 1514 1350 724 637 116 1946 1887 1906 988 165 759 0 546 1061 1299 1026 1061 1423 133 1306 808 1101 1496 129 598 102 1230 1428 491 752 291 620 982 1145 511 1301 1949 1830 1667 1387 1757 1548 1615 463 1185 1441 412 1623 699 1573 1888 185 1240 237 1573 1138 256 1200 1787 1056 612 1282 1507 1601 1858 1513 210 1287 1382 423 1207 398 1511 1280 
254 790 1127 251 1372 1708 95 8 1445 420 1366 116 522 1171 1335 136 955 1855 1307 1924 942 589 1032 18 871 1517 108 1159 183 1676 1428 1446 1672 1682 1273 1237 754 176 0 540 569 431 1682 45 1270 1006 967 1898 1185 1772 272 182 518 1150 1403 164 376 933 243 1921 1268 754 1167 1037 1003 691 1895 135 1578 673 0 980 752 419 1269 1511 295 1673 1591 883 1304 1680 456 1235 1237 694 389 480 1254 633 584 364 768 424 1060 315 1454 642 105 1917 
1454 35 929 1005 766 219 1178 1191 556 60 444 1182 101 534 1014 804 1712 1497 1501 1212 1642 295 963 1026 1472 221 116 1643 959 1391 351 76 1270 296 1406 185 755 842 1347 0 791 1823 698 1045 173 146 1067 1267 756 1781 504 858 1306 1421 261 242 1124 1557 836 873 1721 357 268 1344 518 1792 1042 429 1760 690 329 162 1155 734 1939 400 611 4 726 127 1159 384 520 5 1587 295 189 1158 695 1259 1781 989 1144 960 509 839 1619 950 1194 956 
973 384 106 128 421 1322 472 1327 1353 943 763 24 1629 1365 902 1183 923 888 769 868 1193 1001 1845 855 533 1190 1428 1542 1923 1879 1516 19 215 1992 1879 254 358 1779 992 1448 0 458 1234 611 787 790 88 1704 431 1947 930 1478 30 1960 675 1980 1867 1211 1853 1845 1374 600 1153 1033 732 1639 1321 136 287 1209 1185 1865 1082 52 864 1622 226 79 419 596 1787 334 1016 766 1710 690 404 1023 1370 632 550 1167 446 86 1969 962 805 336 1945 1816 
274 914 1838 1865 475 73 763 1792 41 1693 674 1781 161 1614 134 1600 456 189 1659 774 1604 1784 1503 1232 1117 810 1093 932 1996 1173 1700 684 934 1641 1248 1504 1381 1286 1132 1989 198 0 1910 61 1543 1901 1419 1576 1433 1823 1590 1732 1117 1909 594 1861 1332 1860 1474 1686 1577 610 1107 31 1434 1423 313 1212 585 1897 958 551 1322 1268 1079 645 756 1358 1022 1477 773 1933 1818 782 1475 245 487 475 1613 397 1432 1942 1693 831 1879 1562 995 1885 1526 1273 
1212 1362 1104 1365 551 360 384 333 1740 657 125 958 1931 236 1813 1997 1979 1631 1347 1348 1325 51 1157 1505 1007 1330 1514 1544 391 1432 1862 1027 143 183 1653 860 901 1426 287 660 862 1180 0 1022 338 555 1163 1770 801 763 953 358 238 1528 1402 1986 334 805 399 1887 1720 1746 1185 188 919 1504 1815 1207 798 1740 446 454 1949 755 813 739 457 334 214 92 1685 1806 531 676 1495 117 1094 1390 538 175 892 496 573 5 1941 1573 1866 1778 496 777 
819 1987 78 499 1515 913 683 830 1005 629 1625 1826 110 431 1695 1758 725 417 1988 836 912 845 342 750 1703 1147 1281 1280 1426 1140 1898 1704 1901 559 729 1544 427 1405 939 870 1788 911 778 0 1597 1435 169 888 1852 1460 1306 1517 262 1672 868 574 1545 1292 725 738 1903 1131 1786 1560 1757 437 943 228 26 1712 485 194 1183 1638 1223 1169 592 812 560 1406 829 828 559 1148 113 1448 1869 1909 1823 982 596 867 481 1536 1475 406 1051 843 1344 1325 
1859 1062 1217 1815 535 70 93 725 545 802 66 951 1564 55 707 314 1623 1404 1922 1665 577 814 1012 1909 355 93 245 1337 1642 1480 804 1246 1736 1795 1815 701 1578 376 1846 1806 522 1086 1530 553 0 912 1869 1924 789 296 1659 648 963 284 694 853 42 153 545 1727 250 1452 946 1880 188 1115 123 1527 1499 206 465 1666 434 1086 357 1272 3 478 396 666 191 21 259 593 182 80 795 117 837 37 1036 411 1176 101 786 257 626 1600 1606 1146 
1545 1398 776 162 957 833 909 1087 968 859 1484 463 311 809 630 1491 1269 1327 382 1463 1950 1985 1691 1271 867 185 1892 1060 74 197 1795 908 1260 532 628 114 273 326 1441 1091 176 613 1095 393 282 0 1502 1699 162 834 1673 1785 1978 1825 1551 1500 196 1445 8 1671 1300 894 32 845 490 146 294 842 578 520 380 1447 1821 861 1672 1273 738 1496 1920 445 872 376 1396 1887 804 486 1302 1904 187 888 928 1365 1175 1864 1099 1252 197 1591 1090 1849 
1500 745 1402 698 318 1815 21 516 129 995 848 33 588 667 25 823 1919 1561 982 1378 418 1598 1464 1259 1437 1831 764 1897 1058 1170 314 872 1058 305 731 1654 1861 316 1865 791 1073 834 1013 1081 279 117 0 1818 783 555 200 47 998 1474 1252 660 526 168 1826 826 605 259 1182 1698 1533 1061 1591 1174 910 1770 1648 1108 872 301 836 516 1449 514 1565 350 1162 1890 113 792 464 1835 1182 239 121 1025 793 896 1637 1214 1808 1930 1379 985 238 548 
375 1294 942 1541 101 1050 917 1405 1925 710 662 1208 1235 655 1355 1452 1210 956 1649 1950 1851 1604 1316 985 971 827 394 609 1158 96 1713 174 1854 416 1064 1232 383 850 236 1401 357 1059 575 1668 1889 284 203 0 1225 346 1319 804 1221 1656 1174 579 175 1090 1968 789 844 1971 88 1521 1860 247 1343 25 1792 1342 1543 476 1326 719 1865 1041 856 1638 937 1168 500 1502 164 1619 1365 1326 1970 1860 1959 902 515 952 1381 187 373 1185 185 357 850 627 
570 982 1103 1949 684 1828 1864 1417 1825 1452 1390 308 1917 1039 687 1977 1476 649 1882 523 1419 1024 1255 442 707 1350 520 1520 166 824 353 766 748 2 337 322 1050 1021 1027 818 780 513 1615 253 1486 448 1132 1967 0 740 1228 1622 214 1354 1 1750 34 948 134 1231 110 231 13 1890 55 1194 1533 1610 91 1376 1368 432 1587 1486 394 1189 883 858 1487 1221 8 1348 288 162 24 73 573 1759 252 1148 1857 809 482 886 1894 608 252 609 1670 1854 
1234 111 1626 1414 513 1846 489 69 736 888 1966 1251 218 555 193 57 610 1976 254 610 1940 1288 1017 1941 650 293 306 449 737 346 1960 192 911 1409 814 1943 1720 646 1213 521 1932 1497 445 387 638 182 61 724 1987 0 1051 1127 1180 1321 1314 1773 1472 1782 856 1469 1303 832 1253 664 38 562 492 1963 1815 1407 979 991 348 1805 1765 988 489 588 1188 232 1548 1625 705 1303 847 1176 722 1379 1663 289 1403 1339 1384 761 831 1878 1372 1840 197 1249 
1590 1933 592 213 1184 1125 1304 1008 502 1880 1359 855 701 34 593 462 1025 888 811 371 179 1879 1721 1961 1967 1133 779 1876 988 383 352 257 684 1186 919 800 712 1291 858 976 1160 864 1651 992 368 1389 1923 1873 971 1264 0 189 561 1635 711 291 600 348 796 1979 322 1550 838 284 938 171 1128 1685 43 1527 1380 275 1665 1230 344 105 1883 1013 1260 937 1140 875 1303 747 765 64 996 1024 876 1552 447 1083 217 1550 1470 1676 78 48 1031 1444 
1304 235 1176 750 1329 851 1831 1259 1219 1381 1967 596 1811 1153 1524 1272 1706 1370 295 1961 1273 1102 1151 714 792 1384 624 1348 1102 1743 1920 1020 653 1553 1919 30 1407 781 570 1279 13 568 987 77 1533 284 1113 112 998 1419 158 0 988 708 1885 1602 1154 268 1942 1445 823 68 1182 494 1423 1580 1188 887 986 932 631 113 483 1342 148 581 178 1062 1122 1695 108 804 699 1754 1754 301 470 1777 420 216 1000 821 917 68 1837 1226 286 618 185 1032 
1870 182 1967 69 871 1759 849 801 1497 1018 1448 808 605 479 1363 1336 1966 1165 1713 943 789 887 682 1727 1419 349 251 1664 812 844 117 10 1099 669 728 530 137 1713 1608 1297 1657 687 112 209 1323 1156 101 131 1478 1018 822 976 0 1023 855 1575 360 219 1850 952 1922 1063 971 1933 1181 678 130 1487 1142 1722 1344 894 946 880 1443 805 693 382 1831 1481 619 633 1674 1682 1836 183 1959 553 1288 903 534 577 370 852 605 1653 592 1661 856 345 
1914 1920 61 318 680 1041 368 644 1466 1876 1820 46 329 46 1174 1470 456 376 880 369 931 1844 1785 1698 968 345 940 1143 1573 1907 789 324 1669 1441 1881 853 907 1096 1284 74 1757 1341 1280 60 521 642 971 1134 1310 1338 716 837 1910 0 317 265 253 181 986 800 152 1722 761 1056 822 29 378 1089 462 1666 147 27 1324 1566 662 1468 866 1494 10 1447 1333 1377 514 340 1510 246 702 1544 294 559 266 1269 18 1889 1205 201 796 1609 197 1261 
986 618 186 880 1280 748 644 1647 1886 187 563 1459 1308 556 675 559 582 563 745 810 1687 525 891 263 1772 1417 173 104 1670 734 1153 1415 1028 1372 1067 475 1810 1828 918 1620 958 477 513 1839 169 1949 470 942 478 170 1257 612 1432 1103 0 1820 1838 1803 1312 1868 1132 1905 1915 331 350 1845 79 275 1573 1881 979 176 1561 1184 425 1785 1022 1102 1466 8 1682 1122 252 339 1055 1387 1998 1926 19 1144 274 548 1527 645 564 1211 1160 324 855 1098 
637 1905 1218 1376 181 1571 1319 883 1075 27 1005 1175 457 27 587 1210 74 308 580 50 1513 1866 211 21 420 1102 1780 1225 1058 511 1594 859 1457 1397 587 624 4 1981 754 599 1715 592 610 312 1982 1674 1465 347 1176 1660 523 854 1253 1941 1354 0 845 1673 503 690 1947 1005 131 936 926 1013 1155 895 1695 493 1714 717 929 1815 1596 837 1974 1749 573 378 1015 472 1391 833 1215 5 136 1132 935 1606 1152 1822 787 1299 1800 1005 1789 1391 1139 656 
184 483 1475 767 155 607 1032 337 1844 1269 1209 1311 1823 1000 1804 865 176 1487 1721 1277 35 1866 1781 1359 1007 462 841 76 496 314 49 1374 163 891 994 850 1334 1121 503 421 846 1172 732 727 382 235 1034 979 1822 1883 687 1785 1013 873 258 1051 0 1474 1729 139 732 1049 63 1173 1004 292 1496 1851 1886 165 1589 1251 1578 193 1659 880 934 846 1527 939 371 1743 1037 1217 495 1760 192 199 318 270 1493 314 1222 1295 986 1743 1851 1906 934 895 
317 621 50 483 1846 1871 1782 601 746 47 898 1616 355 1745 797 456 1488 1701 496 1010 722 294 1845 1257 672 1050 1328 572 815 802 949 1018 965 672 965 658 1302 1416 352 759 1938 12 366 1177 449 112 1018 569 814 1202 1577 1111 1332 1586 1516 267 101 0 876 572 1630 1698 1505 878 443 556 1381 1166 272 1284 179 491 829 583 1980 1037 1628 574 605 1853 1518 735 1638 1989 128 993 304 412 526 1679 333 1670 161 1822 1584 106 1039 803 66 138 
1432 323 238 1876 144 412 315 1942 846 1342 1544 1988 1316 136 617 1914 1641 985 898 1586 354 1283 698 850 1260 1575 1088 1475 1607 1321 453 1848 105 113 896 70 1052 260 1628 1315 776 1879 1671 901 1282 175 1462 835 1107 983 1286 669 1153 423 1495 347 607 1422 0 902 793 734 565 1921 1073 31 1101 1694 838 17 1714 1680 159 137 1779 1349 1820 1926 1184 1045 694 1680 979 699 718 1463 1779 936 246 72 727 1160 674 1639 228 693 1194 158 829 1681 
328 1370 1949 738 1007 673 583 1900 123 827 1435 998 638 1314 961 1100 1455 970 170 391 1000 1759 510 705 1876 1604 1962 1711 165 641 274 1348 653 1550 1764 1001 1608 896 1380 1025 1036 863 835 883 1300 1462 1284 69 516 1308 310 627 1566 1973 1156 13 1685 700 1437 0 963 1239 763 59 1862 1096 1935 577 1844 552 407 865 43 1445 1496 925 609 1130 8 165 1034 298 1947 1788 1702 159 1705 1256 764 1175 389 93 1169 1384 668 881 1767 161 61 1164 
1124 1903 1506 1989 1379 982 1141 63 1879 30 1536 1939 1910 1861 1366 1199 172 49 750 1859 1941 855 1716 1755 1019 774 65 1294 1236 1129 194 1729 928 1130 551 242 937 1790 1939 1689 412 411 1894 1105 1146 1406 893 1120 1651 719 443 1183 1547 245 882 983 1469 232 1419 1643 0 1651 221 101 1475 707 728 1951 679 1185 1532 1754 821 42 399 1799 1024 1900 503 153 1036 1477 1255 1306 1875 456 1109 1818 865 531 681 176 400 876 818 1160 1817 536 819 1518 
1964 1414 1638 1038 53 84 1771 1862 837 868 630 1782 937 885 1113 1552 1218 1497 1147 85 997 245 1940 937 703 1204 1684 1583 1008 881 32 1666 285 1024 445 1705 988 71 1974 1801 115 201 345 837 167 1218 47 1490 1819 766 277 1487 895 1730 1377 1054 1397 761 833 1064 308 0 1004 1468 1245 746 260 1282 848 420 192 1509 635 1927 879 562 1283 1361 1802 480 223 1744 1316 681 1854 1942 1244 1481 877 1324 1734 1531 1071 1956 1346 1515 1597 462 747 1559 
1101 920 235 1154 479 1888 1696 1450 834 820 121 1705 1159 120 219 1027 6 1989 890 667 917 1558 1506 658 444 1288 799 290 1658 502 4 190 831 555 161 848 387 849 1957 1442 1589 73 1736 977 356 1079 455 1503 1663 1481 1645 1574 1669 83 1030 682 1676 1233 1367 93 804 801 0 199 572 796 714 1530 1616 1047 1768 1069 446 143 1517 1099 1656 637 262 1495 207 604 859 819 598 640 1894 617 1979 608 1309 1569 499 782 1054 1533 479 376 224 1368 
726 255 1847 717 1566 779 598 1535 1686 574 1807 803 1934 265 816 1912 394 278 1219 1022 1885 1220 432 1944 1816 281 506 1032 1708 1919 660 844 709 714 799 1473 901 875 1511 1394 430 1857 251 216 1077 627 1289 125 1090 770 997 698 513 1153 1402 1644 858 1138 1404 1536 1425 181 655 0 1150 41 1540 513 179 1484 185 1488 701 1626 1018 1278 1523 1821 1146 1845 1467 481 1971 270 1016 237 1823 1764 765 1140 254 539 1783 1883 418 379 1432 1061 768 1301 
990 1022 636 1337 1444 1258 705 1937 1446 1474 1922 1958 1916 1086 679 617 523 216 1242 944 1889 1463 375 353 221 1727 902 84 1779 1707 33 1832 561 1926 575 1452 1346 509 1901 1100 717 1433 231 1733 624 545 141 533 1236 895 552 13 550 1583 1475 1934 1557 1204 1536 1871 1274 626 1065 418 0 1947 859 1443 752 1873 1448 1304 484 1792 595 1972 1836 585 1003 1438 950 1466 1914 939 974 791 665 1142 266 644 1855 1524 494 154 1322 217 776 649 324 796 
890 1395 1486 1178 49 1677 582 855 1120 758 535 146 519 794 1793 577 119 635 526 667 6 507 1861 1346 1076 502 769 505 1694 347 821 579 1217 1329 1689 275 395 1011 1836 657 358 1746 227 511 1849 778 587 1040 1329 56 315 325 1016 1707 971 935 1069 277 108 1722 849 313 750 1312 1693 0 850 816 1265 1015 708 397 447 124 1031 745 1192 1728 1970 1724 576 1739 587 933 631 1335 526 426 1871 367 114 1091 1149 804 59 1495 1296 1130 618 1719 
208 98 531 669 973 1268 1354 574 1745 725 664 708 1785 831 656 1245 1880 538 1384 1861 212 552 277 536 569 1864 1498 789 1965 1754 59 1531 1103 1962 32 315 66 1936 1630 1287 1774 1773 568 945 777 1956 185 1956 293 1012 222 28 1228 1116 842 13 801 232 690 1698 895 1724 1841 4 1766 1386 0 498 1285 303 396 957 339 1846 891 1077 1510 1240 908 520 502 335 1101 856 1078 1319 1583 444 1862 866 1692 795 630 896 1109 618 1184 1705 1657 1882 
1868 120 320 642 1039 1496 1025 1911 919 437 1326 1566 223 511 268 590 540 707 1702 1252 1942 1703 815 1160 1669 10 426 733 921 1542 1809 249 786 1920 1561 867 760 1155 56 132 1380 1028 1049 1593 538 1521 1422 1573 301 1251 1384 260 1970 448 258 1104 120 1133 725 457 1440 1492 1883 814 476 1434 248 0 1994 281 937 1833 48 103 190 994 1810 1199 565 1346 204 1739 1813 781 1252 278 1015 370 638 1983 814 1363 400 1976 562 1183 1389 1315 803 456 
1950 137 1824 689 310 1878 229 1964 323 823 584 1809 1575 892 1073 1789 1380 974 343 1038 1773 1492 600 118 476 991 1566 836 129 1969 1553 309 1766 1955 625 1852 443 589 1283 436 1776 1034 38 235 607 295 1490 1068 1484 374 966 1397 881 1266 816 1489 1443 1832 189 1119 1880 693 379 566 491 954 131 1009 0 1757 1674 48 1294 929 1513 1219 1684 1642 1361 158 92 1246 1937 1299 1706 499 663 1293 1242 1350 872 907 1083 1246 810 1323 84 576 278 789 
1020 1118 29 183 369 1120 493 1590 844 349 940 833 1552 816 337 1085 1636 794 1032 570 1630 1310 865 243 192 675 373 1395 671 538 153 1925 272 1881 1479 1182 1969 970 1369 936 858 401 1227 1994 571 832 459 460 1472 1376 430 1205 307 1290 1537 1281 153 729 1855 1216 879 1986 925 347 1450 134 1155 1357 1513 0 1137 881 749 1273 1604 819 1562 1694 1182 682 317 1884 1575 553 1888 1262 1532 787 844 391 347 1731 708 1961 370 1659 322 519 427 965 
1995 1439 357 460 766 1361 1984 1595 1813 1169 400 1419 1200 1735 763 1155 1507 455 1851 1200 1465 511 1372 1678 325 1957 578 1498 1455 90 950 918 100 323 588 231 1944 1304 1020 1584 797 1486 21 650 986 695 1474 541 628 842 1270 1758 745 1691 890 1629 275 1256 1278 810 62 787 1276 919 1276 845 1 1337 700 1046 0 1855 387 113 1043 1275 1126 44 1481 806 452 1371 668 1153 1964 1122 858 924 1212 331 613 1241 1162 809 168 1995 1348 1720 38 1332 
1947 1664 665 735 140 26 819 1436 1170 1778 102 665 706 1821 165 723 1129 1788 773 1486 1051 556 339 824 180 1094 1955 1293 1105 588 119 43 868 1699 1148 137 1303 1564 239 1270 1996 1532 1506 201 1999 1604 1111 1584 1295 1401 1434 1587 1168 1216 1129 203 712 1703 142 521 974 1122 1033 1579 972 555 1866 1242 1498 1838 1677 0 1334 1564 1849 1724 469 1320 905 1041 1266 312 1330 713 470 873 1929 541 1041 1901 1735 1351 454 1430 209 804 678 646 771 126 
1624 837 241 1384 825 341 386 1080 962 1756 1943 989 855 780 499 1463 4 1114 713 1183 470 1235 666 940 674 1037 917 929 1700 1973 774 391 1813 760 21 1422 427 1852 1581 280 1874 964 58 990 1100 906 80 701 1045 1964 293 1174 250 105 1398 511 1802 510 963 393 1875 922 61 115 1557 1812 564 1911 421 65 1515 1203 0 1433 1724 1076 1631 440 1277 44 1265 282 987 1920 1284 267 972 977 126 738 1058 247 668 592 171 1227 1016 1435 175 1097 
1602 921 1396 132 1202 1974 1350 27 374 1786 1677 1613 1901 155 313 1477 420 1648 5 1867 2 351 259 878 1644 718 609 1210 546 1272 1115 862 297 41 321 1446 179 349 350 714 954 802 839 374 837 666 1753 552 1201 1975 1087 464 219 654 1128 1300 519 1876 670 1435 157 1362 1631 241 1840 655 1555 1619 708 1083 191 982 1591 0 189 658 1224 1080 1437 1750 323 946 133 1597 1079 561 1712 183 122 1767 1131 1032 85 47 1784 903 715 1757 1457 499 
878 1664 297 545 886 380 1869 1795 1469 1471 646 653 663 1222 1756 372 31 1848 778 139 403 1209 819 13 1417 1912 359 526 669 1465 1647 1207 265 1986 1817 1368 1686 562 234 485 821 1789 400 97 533 523 377 329 534 1533 1664 114 1154 201 1774 1971 1248 968 217 1325 251 1462 437 1694 754 1740 648 20 1038 436 1451 1942 858 228 0 1165 1720 761 1285 1137 1634 1619 585 112 329 638 623 1718 1749 486 569 1912 1683 105 1333 313 1050 1283 1710 1877 
553 570 1770 1983 1425 1298 265 735 200 1710 1445 1663 539 1572 1020 1361 265 493 1507 736 1948 580 1626 1138 1617 150 1267 512 1973 1672 1546 1885 1527 1128 555 1074 1513 1395 588 346 1517 905 133 402 1741 1632 523 1221 718 1620 1796 1629 524 1746 1090 405 1282 727 1871 1207 1415 1778 1962 1931 1514 1528 990 89 1550 1445 664 965 1794 412 47 0 1826 1320 1556 837 673 1678 99 1814 1041 778 602 1482 1540 1114 1692 108 1235 395 1964 110 1863 1227 671 1191 
179 1031 81 1201 875 571 1654 1893 358 1719 25 1141 1010 735 446 1041 1738 370 892 1154 1721 847 569 1606 852 412 629 1327 1906 1001 1902 589 1303 1832 383 387 1676 1038 491 1187 499 1919 313 668 1601 1545 1431 993 158 1040 272 701 1137 1424 1929 1344 1036 1189 1093 1839 1213 1550 1216 1151 581 1223 1194 1380 1761 1313 1860 1099 1017 821 1332 1230 0 1010 1594 1004 500 563 527 343 851 1268 955 193 16 741 1409 109 1365 775 91 1159 1513 637 1019 1790 
1933 17 489 342 363 1286 849 1637 1759 173 304 87 1850 1836 1373 1013 649 766 224 133 1083 481 940 390 1808 693 658 933 735 620 1531 756 201 1856 1056 310 1596 758 1320 913 1874 98 32 1418 1675 337 386 1777 700 100 1219 1650 1472 1918 687 1769 1882 1371 1942 803 1079 878 1890 749 304 53 94 725 573 1301 1718 835 1742 1727 1555 1161 1817 0 14 816 946 95 537 1996 1186 101 1140 1805 173 862 571 918 1495 131 699 954 688 1974 609 824 
606 388 1576 25 1172 1508 1439 1206 2 1168 1531 90 598 527 961 1567 1872 1148 860 689 186 1509 1695 1076 791 1106 1305 1534 846 155 930 1619 910 1046 799 1515 1070 1526 1469 1719 757 1696 1121 1998 263 1117 722 989 139 1897 1374 1361 1033 647 1374 539 1987 947 354 962 1252 1807 1673 1671 1623 455 550 1784 1067 1660 236 1631 1972 251 262 1816 1972 230 0 1960 23 291 1797 1054 1023 562 377 1265 1883 133 1886 177 1959 1178 1772 1069 1326 1987 688 1076 
1979 629 1030 1056 113 1714 1299 873 1729 1327 1663 918 1573 1187 1146 455 242 1219 334 1351 1884 1021 1300 250 1263 419 887 1938 1187 76 491 1449 1138 1758 555 1590 1370 848 44 521 282 1250 380 632 1050 469 761 182 735 1088 621 1181 1171 416 148 1550 1071 294 1455 1507 464 199 1675 73 636 1502 1712 88 65 460 1679 1810 135 1429 1513 599 924 1233 559 0 193 1358 1737 288 267 129 283 1483 980 1448 717 1147 579 294 1977 1608 942 971 1572 155 
483 825 1212 265 360 1802 239 78 1690 1435 90 510 562 70 733 1988 373 84 1414 783 1931 1603 339 986 342 1200 589 868 827 1262 299 1707 90 1080 780 1411 467 1291 616 1833 295 1402 1440 696 1626 1673 1781 138 1667 681 1214 1850 975 29 572 307 1874 1460 1947 950 1921 1729 1098 1976 1932 354 841 1274 340 1246 1618 1508 918 397 1779 549 22 1235 440 1459 0 1333 1748 1167 1579 693 1901 1042 1336 719 377 520 1572 1413 572 1031 539 999 70 19 
191 1782 995 1067 1908 1311 1261 1493 255 1990 944 1537 353 1832 1219 1284 114 404 1216 1509 1303 1740 1390 339 747 1393 1485 237 481 1344 48 1231 774 1579 1581 221 1923 691 1737 188 1110 728 1031 217 14 484 1438 816 51 1370 519 869 1062 1856 1548 503 447 1402 1644 1334 286 358 811 233 100 657 1261 1023 1370 1052 1696 190 1549 1377 477 127 1319 1929 804 219 1971 0 1222 1641 1224 1242 807 1446 222 406 433 1264 214 1409 1607 1535 503 1307 247 214 
209 1512 893 663 1316 323 1587 1733 685 1925 1562 353 1465 1362 840 455 1666 1478 972 1661 1177 313 1022 390 1361 405 619 533 844 1911 818 1299 1368 1309 1891 627 1826 1711 1340 393 592 891 1070 279 1943 410 57 1508 502 876 1345 1095 951 1190 372 1187 725 61 924 1809 1254 345 1444 955 836 280 952 1254 1193 456 1741 1201 1879 1930 1706 1060 1527 195 1700 905 1357 1424 0 1993 605 152 844 357 234 1388 805 880 954 1159 330 778 1161 158 1521 230 
83 1758 538 1312 419 707 1139 351 1939 1155 1978 1150 969 1105 1953 1474 88 538 1986 1343 145 1644 1237 315 452 711 1563 1525 1059 193 1259 257 1868 573 56 294 1826 773 546 1141 1548 1168 1571 1416 1990 1650 1084 1202 1770 900 1513 427 1985 143 1298 1770 1210 1257 792 439 255 666 1041 1673 1603 497 974 976 616 969 1088 926 705 542 870 610 352 20 246 392 125 915 213 0 1282 534 224 250 534 759 268 1916 1799 973 829 874 980 962 368 1823 
1711 231 1509 291 928 620 1313 689 1257 1141 1885 1169 1405 550 1866 576 811 1960 1749 305 719 752 1728 1956 395 439 112 1847 1095 725 946 1554 1999 732 939 1907 1789 1238 973 570 1022 1015 1285 1735 706 1405 366 408 710 1115 1617 763 1254 451 1069 129 1284 993 1501 1429 510 495 139 139 1349 385 1915 1824 1065 1829 838 1851 1416 869 565 1042 50 1734 1225 605 497 1597 1097 1206 0 298 1976 1842 1580 977 1035 308 1272 1516 1846 1337 980 994 1639 484 
1491 1017 575 219 1143 529 1110 1444 1688 568 1108 1710 1986 1369 1451 1171 538 1192 561 1350 887 1492 1655 81 243 1590 314 58 58 1405 986 99 1685 1045 815 1937 1569 1921 1242 1030 1480 1382 720 1967 360 1570 697 1986 1567 1418 1198 1534 1825 672 243 758 1650 626 1730 43 134 1286 1606 377 1615 1836 182 1965 526 49 875 775 1453 1115 915 835 1189 1956 807 1320 1959 1964 690 1551 1633 0 765 1053 1850 1396 1537 578 186 104 618 1536 1960 1650 1538 45 
657 6 1552 219 1379 1263 206 484 517 1409 902 1229 1807 1927 1615 197 700 477 34 1806 1473 230 1240 1090 1226 1745 1861 1392 150 47 1564 1634 608 568 1015 411 1374 867 1476 485 1184 1479 1680 437 399 1087 1301 1422 600 1173 1320 366 1327 954 753 1836 232 1384 534 1161 1641 161 818 435 1999 380 643 612 500 1066 1335 154 931 1704 1548 308 1015 627 1448 834 193 899 1835 27 1701 1577 0 601 699 562 449 90 1377 1566 1417 714 1136 1588 1655 16 
168 1250 1442 21 370 220 566 1664 375 477 692 1273 1398 1591 119 1082 80 1347 438 1935 479 1396 525 1566 1592 1937 1630 1695 229 1648 1354 1936 720 1691 1033 1654 1912 640 102 877 447 1495 1351 568 1337 1797 1768 1907 918 1367 1779 1088 1037 1627 338 1227 777 1978 557 1995 49 1623 258 1633 481 269 1965 212 603 713 70 1802 965 890 1934 1827 1187 1211 1634 538 1166 942 249 1574 979 1047 239 0 746 1407 526 1365 1415 1368 194 608 1772 239 1841 1043 
529 65 1193 1569 691 1890 1371 1949 1132 362 1239 367 1903 1901 528 56 214 643 1714 622 344 764 1137 241 1410 1585 1559 1434 1687 1346 1234 378 858 985 1824 1489 1623 328 741 423 1846 361 1838 738 63 923 878 419 978 1388 1883 505 1581 1740 1634 1883 970 1721 788 1230 1468 1747 1329 31 89 310 1345 1240 636 1811 348 1729 813 908 1354 1379 1503 479 1546 387 513 109 1110 28 210 1317 58 138 0 351 638 1765 579 1131 1997 1423 1950 1658 747 193 
1904 273 1405 407 1274 331 1135 1842 1938 515 52 1756 291 643 1490 1410 1968 1673 429 743 469 1538 1636 1085 446 1374 1352 1835 1607 1009 1343 1650 682 552 1222 516 314 839 489 1195 696 1376 712 1781 1877 161 1294 1506 1570 1305 1560 1249 17 1503 1433 1509 1786 1813 1711 1704 1266 1817 1028 1297 1760 1759 1832 1703 1355 1074 641 1847 279 96 8 1186 383 253 1170 1725 672 1411 343 179 269 1160 825 751 1616 0 296 1916 531 1987 1853 361 1833 1804 1813 116 
1733 744 99 834 342 1109 1509 833 566 655 1921 1631 1076 744 1794 1335 1011 727 148 757 1451 1730 285 1109 1846 413 939 539 1269 543 810 1027 351 903 808 351 1062 566 1461 99 260 147 1137 760 1100 428 841 1171 1230 482 1394 1953 1216 1307 817 1904 101 60 776 325 725 1105 1330 493 1665 71 656 1400 1100 606 1484 461 332 129 1053 1848 1786 1213 59 1707 907 423 1914 1862 377 622 1894 341 175 31 0 1777 866 397 402 814 1197 1694 1430 1467 
1006 819 1160 450 769 103 1757 363 1785 83 1314 1692 397 1704 1656 815 1782 1330 741 54 1837 460 600 831 1745 1026 1303 1264 1921 1730 1046 1512 72 850 777 1512 707 268 1557 76 886 251 1595 1350 1105 484 996 1079 489 1966 1764 50 748 811 1161 1026 1084 660 1195 1355 749 1757 538 1636 1834 590 1500 1945 945 176 1649 1229 1137 1225 1340 1708 148 1621 1642 1628 284 1402 1747 246 725 1856 1270 1209 437 1554 106 0 670 1683 1957 387 1564 1267 1593 1101 
1471 225 1369 977 1498 401 131 1396 601 1210 1269 1371 612 269 1439 602 174 1196 138 1598 1160 631 384 1078 345 990 1612 372 1955 1966 67 783 572 1074 715 1677 354 900 1340 670 370 1541 533 698 276 1654 716 849 1001 380 164 1726 234 240 703 156 966 1502 136 790 135 358 553 947 1404 160 1745 972 1449 229 1244 1435 43 687 210 1472 751 22 760 924 1686 574 1253 1715 527 1272 883 518 183 1348 494 1925 0 1744 1805 1314 1378 169 1423 1679 
704 1091 318 157 1190 531 1893 422 837 784 1006 966 490 616 1352 404 1982 643 189 1633 861 651 1534 1354 996 1008 994 977 1033 1102 951 1984 1635 1265 1001 1630 1622 563 21 426 794 651 107 330 406 1936 69 1667 923 429 543 509 1262 1794 1754 28 996 1429 1945 709 1491 372 325 1755 1301 559 903 530 992 1300 1988 1072 252 1676 945 193 1549 611 1285 1595 1894 535 627 1656 851 306 1705 385 1261 654 1907 1455 126 0 928 476 827 1527 1219 238 
1991 904 1806 125 1931 827 1351 344 1450 1986 459 1331 1199 1250 1352 221 1114 1705 1423 1046 1700 727 1141 525 1865 227 1052 651 785 1489 825 1055 128 355 1009 1225 174 359 1051 306 129 153 929 1499 519 1010 1793 653 169 1574 879 1671 756 1040 1475 628 1613 864 1049 1588 1042 1048 1342 1327 1213 756 838 748 329 1061 979 1870 838 1590 1186 1381 790 1608 1196 1707 1433 1252 868 613 1061 1195 204 202 1068 1436 486 1410 636 1617 0 1983 320 1879 458 996 
1951 248 614 107 910 1225 1994 1616 547 223 1659 1450 1499 766 53 61 443 1812 1127 1366 792 1129 692 1873 1438 1496 1982 963 675 1883 115 908 1079 69 615 539 687 1040 1327 795 1733 427 1519 572 1695 1223 756 169 331 926 1793 406 1752 1517 1466 1380 1301 668 1180 1227 1489 370 666 910 261 1163 990 236 1815 494 1746 764 449 369 609 45 681 1953 670 862 1980 193 1379 670 727 1332 1868 1568 271 418 435 1757 947 1286 1164 0 1408 1276 15 751 
1494 454 936 476 1013 1080 881 427 1303 526 1706 457 1117 656 1645 1262 210 1455 1645 798 891 1448 174 1875 1808 203 1632 52 1083 1042 884 867 1236 1408 994 857 521 880 1324 275 481 1876 795 1461 58 1966 1243 482 127 599 245 1065 1117 1719 1882 1491 961 1515 646 1720 1676 1579 243 1892 1468 15 1383 857 652 263 1462 242 1611 1883 1582 914 1270 1584 843 1517 170 755 196 1956 348 1704 233 993 1817 1659 1582 1398 796 481 1832 645 0 1471 457 1370 
448 937 1327 847 594 1097 1869 1913 1964 1750 1406 1200 1450 1109 400 244 286 1880 1528 158 1586 1776 1334 1862 995 247 382 448 811 996 150 434 1750 1525 78 202 1704 1742 461 1970 908 1219 38 7 1283 493 58 1845 1520 1413 624 1662 557 255 676 1088 764 1912 136 251 245 218 1945 609 1472 1401 268 1296 290 239 1423 694 1033 1040 1010 327 1128 1466 958 382 1564 809 1146 30 983 1867 536 1032 1027 1927 1957 1917 356 64 389 1027 840 0 1965 1608 
1461 562 64 612 166 1504 899 209 277 793 466 1281 1150 1336 1525 1939 1393 1027 850 107 432 116 792 1105 1458 477 1996 1381 1659 422 262 1588 270 433 808 106 989 1781 782 36 1380 228 871 764 1906 179 1964 1825 1691 1776 1868 1070 1306 968 202 553 1147 1279 507 1556 246 1412 332 396 1804 1523 1524 934 1960 753 1954 471 540 1854 727 1151 129 1539 772 781 1499 1443 392 438 344 351 1239 1031 1231 1194 246 1250 1440 1825 734 1277 137 242 0 383 
316 1147 1855 1331 1840 1677 1351 1375 1877 1145 495 148 1672 407 1109 1242 1461 956 1029 199 1793 1590 652 748 1208 643 1644 1574 1262 307 30 1304 1645 317 954 594 345 585 1871 1517 915 543 1243 250 477 7 976 783 1306 1318 986 1863 1679 918 192 265 1327 466 673 67 1984 1116 1795 543 122 1964 913 176 1976 573 1845 925 700 1415 1852 1182 1586 1026 1715 215 1589 1293 290 334 906 974 366 762 523 359 1829 494 1681 259 926 311 872 1480 248 0 
23 2 88 6 27 13 50 77 74 11 32 45 76 100 64 71 30 53 61 7 63 15 16 75 88 11 67 35 65 39 2 13 6 12 82 87 26 61 64 22 7 42 50 6 97 26 48 11 99 66 99 28 29 88 89 70 9 26 18 38 67 86 79 91 70 75 16 100 22 6 31 54 28 8 60 50 11 59 25 55 69 97 52 60 12 17 95 9 17 79 49 30 61 7 45 71 71 92 71 63 8 33 80 74 90 1 26 79 63 53 70 32 31 43 88 29 21 75 32 92 50 25 79 3 24 100 51 84 21 12 71 31 96 99 67 16 58 22 16 94 72 8 70 26 73 77 90 46 47 55 23 31 49 71 75 70 33 54 84 46 66 97 28 29 77 23 82 49 100 74 32 6 31 76 75 45 57 98 55 47 67 16 71 73 71 90 56 14 85 45 30 56 71 54 23 10 83 69 86 49 85 60 88 92 56 37 43 48 18 64 21 56 57 6 20 79 35 23 23 30 1 18 37 16 49 41 28 35 14 2 20 83 29 18 73 55 12 46 73 3 90 30 42 30 48 29 15 73 14 52 91 41 69 40 82 51 21 43 98 23 57 87 25 66 50 99 74 2 99 47 5 17 34 51 28 11 72 85 57 53 39 12 84 60 22 17 17 27 10 34 56 60 7 81 27 33 57 69 58 46 62 10 23 9 97 94 77 8 49 85 45 63 11 73 88 81 73 7 32 48 82 32 1 60 16 14 14 99 25 73 43 11 64 83 12 6 14 90 83 3 56 17 58 68 62 92 36 44 36 19 24 87 92 25 66 28 49 31 80 3 4 63 26 51 10 23 78 97 18 56 22 99 22 40 39 42 45 9 49 64 71 17 5 73 81 25 27 96 53 85 41 88 43 21 71 90 45 72 15 3 16 33 54 64 83 81 70 67 12 97 41 71 85 34 46 34 67 48 80 13 26 68 33 26 62 14 96 86 68 85 78 9 4 76 70 8 100 50 86 4 96 16 98 55 49 76 7 46 34 23 95 3 90 37 42 95 47 47 29 77 10 94 18 32 44 11 34 23 13 78 78 83 87 82 6 75 36 80 88 73 44 86 89 95 42 91 24 12 62 85 51 60 95 62 47 43 70 86 35 24 63 74 87 58 16 45 2 97 96 19 6 2 78 15 5 34 53 26 81 72 74 18 20 65 60 68 4 68 80 84 70 58 32 42 94 54 16 6 65 54 39 12 44 5 18 20 21 17 61 63 99 98 18 2 76 67 42 86 45 78 37 77 37 58 79 2 38 45 96 88 99 1 23 54 16 33 77 14 78 56 84 64 17 61 11 76 82 11 19 45 43 52 33 22 57 69 85 49 50 96 67 56 76 87 15 74 18 65 84 87 29 26 54 7 32 71 90 95 75 77 93 3 20 3 75 24 9 23 77 68 62 59 13 4 73 61 91 42 90 53 58 56 35 22 83 45 69 93 59 51 71 53 94 36 93 46 31 11 6 60 29 81 66 12 89 23 62 59 3 93 8 75 96 58 46 3 95 19 53 83 35 9 25 64 99 37 72 71 89 79 63 28 27 37 29 75 59 25 99 54 13 78 60 1 98 73 7 5 5 66 91 38 51 99 85 72 89 14 95 63 89 7 39 42 8 43 97 10 9 39 48 28 39 38 97 35 64 5 33 7 16 33 62 24 89 46 28 22 84 87 49 18 88 34 82 92 89 73 5 90 27 18 34 45 1 16 82 21 33 3 77 97 41 27 65 66 91 12 89 47 45 63 39 4 35 20 35 5 93 5 67 85 64 52 33 64 17 74 71 92 82 93 34 72 31 74 19 48 6 12 99 92 84 88 76 48 14 96 21 21 89 35 75 36 20 4 11 88 98 71 78 59 3 73 14 86 41 56 47 18 82 54 77 74 86 30 22 60 76 87 9 7 47 90 71 42 40 40 59 75 49 13 39 70 48 41 27 81 36 85 20 25 86 19 32 22 19 32 41 4 87 48 69 79 48 44 100 41 14 94 22 80 5 67 10 81 79 66 72 100 
