30 300
0 1176 70 1688 1686 372 1038 1336 256 1751 403 1291 390 361 834 1345 444 24 386 368 1694 1962 664 716 809 1258 1914 810 1546 273 
1175 0 680 1017 1159 503 1385 1464 173 33 393 1118 1015 1910 4 581 854 305 943 503 654 1152 977 1091 547 1559 1771 1101 81 1693 
281 785 0 1681 788 119 186 457 1224 94 89 1304 167 1110 672 1868 1447 1593 1957 496 1869 1569 628 1761 1302 1880 1576 1074 1193 1759 
1601 845 1984 0 1851 433 1138 71 491 1505 179 1943 972 1676 1676 270 183 265 1700 409 301 954 1212 336 523 962 1770 49 245 1354 
1185 1394 787 431 0 1089 1912 1817 1824 1436 65 1153 1641 1588 33 1389 323 201 120 1374 328 30 1256 1505 598 864 369 995 161 803 
1689 920 1581 1431 1208 0 273 89 1594 505 775 1816 1322 697 1552 1246 1960 1650 918 1181 1584 486 1397 1541 753 1533 867 1215 251 450 
1771 1767 69 1223 507 907 0 1867 1342 880 1963 13 771 1404 599 1486 1283 584 1281 1338 845 250 829 121 19 116 1412 1294 1194 1090 
1208 588 1904 1896 1504 447 1304 0 747 633 1025 1463 1997 1562 314 12 1985 269 1121 734 1475 224 49 1407 236 1957 2 1881 750 1630 
336 265 162 1958 1455 1891 830 1693 0 703 732 512 779 1828 1012 415 1559 1675 350 1931 975 1306 1839 871 368 889 1549 1203 1949 1785 
1417 1862 1288 1492 667 813 357 316 906 0 1118 663 1836 662 1322 721 1645 31 680 711 1645 483 1835 1983 1494 958 599 1895 330 1357 
974 1459 1015 747 892 787 1492 1430 1605 27 0 444 1503 1887 196 383 640 1998 460 1583 97 1221 449 1127 575 305 521 747 196 1305 
1195 1191 113 1092 899 1859 1267 1725 1730 5 1233 0 1843 177 1998 1392 1758 328 487 1520 313 1243 83 1225 1197 1420 923 298 1080 525 
381 1200 1986 1301 757 1987 20 1691 324 215 1708 982 0 986 832 457 343 1090 1389 359 427 657 82 1701 257 535 1979 945 1031 1308 
1911 581 1327 172 747 1674 888 1289 1067 932 581 1328 1405 0 298 1117 970 1084 1016 269 1524 1835 82 489 1114 1193 8 417 1027 34 
1818 1285 1680 186 203 1738 352 207 84 1200 1057 598 1149 862 0 5 261 1375 823 335 561 166 890 1016 332 83 1610 150 1950 761 
1998 931 572 883 1497 1958 1843 797 570 741 406 967 1322 1081 965 0 969 430 489 568 1399 781 1504 1875 621 56 1441 1684 897 1820 
1137 188 1444 1726 1339 1688 904 920 1349 1937 170 142 419 1311 623 211 0 20 979 1397 314 1651 973 666 213 628 1090 773 1150 409 
1295 1040 1971 1254 505 281 1191 533 95 189 1005 1349 301 935 1732 430 1080 0 946 850 153 593 403 1204 1543 196 1522 1575 798 767 
1953 1413 481 673 899 279 1574 223 718 1760 1431 833 202 67 1930 994 1660 714 0 1236 426 257 478 793 894 981 1055 2 93 1039 
603 1221 1598 708 1820 1519 1083 1843 12 1702 285 1072 905 1615 713 1463 1326 1395 1029 0 1849 605 1470 265 477 126 1481 923 273 1054 
993 1561 667 863 923 476 213 1486 1823 1731 770 472 274 1166 1938 1680 1760 909 212 1439 0 882 554 78 881 11 20 352 23 183 
1479 1042 1923 1550 1613 1301 1126 382 1243 1838 1862 981 1654 510 1555 359 969 840 1656 1650 1148 0 1045 734 122 321 68 229 1664 850 
1859 885 512 906 483 999 755 102 199 1811 1358 379 1525 594 1531 1001 306 1536 196 1697 333 1176 0 248 1851 1340 1808 1796 1793 263 
1241 1481 1549 63 1567 406 683 1325 338 36 999 643 201 835 333 1038 891 1747 1675 1504 1764 1643 55 0 260 1597 141 375 299 1711 
404 376 1071 364 365 959 487 1289 851 312 193 1430 1080 1268 1578 1672 465 569 571 1744 286 232 1023 1186 0 197 998 1064 1592 1714 
938 316 270 779 1654 406 1627 1867 1870 919 1928 1897 1823 30 1475 1047 979 1581 1564 542 1525 905 917 12 1382 0 686 322 672 237 
790 1040 361 1693 148 1406 233 471 6 1561 428 1648 1069 276 655 1219 1208 1255 795 1626 1088 63 1708 196 1855 332 0 1751 197 909 
996 1377 1117 1779 147 705 851 279 1588 1443 1599 1767 704 1045 787 1597 74 806 1594 84 418 1807 831 1808 1194 1930 382 0 1051 843 
1048 650 1796 324 1164 514 1374 77 225 298 1880 472 1248 57 196 114 671 690 216 1720 1464 716 672 1996 730 1712 1951 287 0 59 
51 215 1506 1874 1444 1761 292 1691 1235 1023 300 1665 1164 1768 847 32 661 1533 220 1751 1380 1411 331 179 852 1376 1001 846 294 0 
7 1 28 26 23 30 25 7 14 9 22 5 29 28 30 18 15 30 20 6 8 9 8 17 19 1 24 29 2 15 18 6 22 10 16 23 22 25 15 24 24 23 1 17 20 6 23 25 14 6 19 4 3 12 22 16 17 6 17 18 1 6 10 30 6 21 13 9 22 27 23 13 2 5 13 25 1 16 5 10 15 4 25 19 26 26 2 11 4 27 4 11 6 20 8 13 16 14 13 1 15 1 7 20 5 20 4 9 29 18 9 17 12 4 13 27 16 9 15 11 16 6 13 4 22 18 24 9 27 8 18 16 13 16 15 15 21 28 9 30 24 10 19 9 17 9 6 5 3 18 27 14 1 20 13 4 23 15 4 21 1 20 16 8 30 12 18 27 30 27 10 1 21 4 21 13 3 10 21 22 30 23 7 16 8 27 6 21 12 2 14 28 19 27 4 30 23 1 20 22 19 11 1 17 3 26 7 22 28 10 16 18 7 8 24 23 21 26 30 3 20 11 8 18 24 3 3 2 26 19 18 22 27 18 25 26 12 9 28 11 29 21 9 17 16 22 29 30 17 1 30 6 29 21 8 3 10 22 1 15 3 15 22 16 24 27 27 12 28 12 7 1 22 26 13 17 24 19 8 27 10 22 13 27 25 7 14 28 19 29 25 2 20 30 26 23 27 16 4 4 
