84 68 2115
1 1
1 2
1 6
1 7
1 9
1 16
1 17
1 18
1 24
1 25
1 32
1 33
1 34
1 38
1 39
1 49
1 60
1 62
1 63
1 65
1 66
1 68
2 1
2 3
2 13
2 14
2 16
2 19
2 22
2 23
2 24
2 27
2 28
2 29
2 30
2 31
2 33
2 35
2 36
2 41
2 42
2 44
2 48
2 50
2 51
2 56
2 62
2 67
2 68
3 1
3 2
3 4
3 6
3 8
3 10
3 11
3 12
3 13
3 18
3 19
3 21
3 23
3 28
3 29
3 32
3 34
3 35
3 37
3 38
3 39
3 40
3 44
3 49
3 51
3 53
3 55
3 58
3 59
3 66
4 1
4 2
4 3
4 9
4 16
4 18
4 25
4 37
4 38
4 43
4 45
4 48
4 50
4 52
4 53
4 56
4 60
4 66
4 67
5 1
5 3
5 4
5 5
5 9
5 10
5 11
5 14
5 15
5 16
5 17
5 20
5 28
5 30
5 34
5 35
5 36
5 37
5 40
5 43
5 44
5 48
5 54
5 56
5 59
5 66
6 1
6 2
6 3
6 7
6 11
6 12
6 13
6 17
6 20
6 23
6 26
6 30
6 34
6 36
6 40
6 43
6 46
6 47
6 55
6 58
6 60
6 62
6 63
6 66
6 68
7 2
7 4
7 8
7 19
7 23
7 27
7 28
7 33
7 35
7 38
7 41
7 42
7 43
7 44
7 46
7 51
7 52
7 53
7 54
7 55
7 59
7 62
7 66
8 1
8 2
8 4
8 5
8 8
8 9
8 10
8 12
8 13
8 16
8 18
8 19
8 22
8 30
8 33
8 34
8 35
8 36
8 37
8 39
8 41
8 45
8 46
8 48
8 51
8 53
8 56
8 57
8 60
8 63
8 64
8 65
8 67
9 2
9 10
9 11
9 12
9 17
9 20
9 24
9 27
9 28
9 32
9 38
9 44
9 45
9 46
9 52
9 54
9 57
9 58
9 61
9 62
9 63
10 2
10 6
10 7
10 8
10 9
10 11
10 12
10 15
10 19
10 20
10 24
10 25
10 27
10 30
10 31
10 32
10 35
10 36
10 37
10 38
10 40
10 41
10 45
10 51
10 52
10 54
10 56
10 62
10 64
10 65
10 67
10 68
11 1
11 2
11 3
11 5
11 6
11 7
11 9
11 11
11 18
11 19
11 20
11 23
11 26
11 31
11 32
11 36
11 41
11 43
11 45
11 46
11 53
11 55
11 57
11 59
11 63
11 64
11 68
12 9
12 10
12 12
12 15
12 16
12 18
12 22
12 27
12 29
12 31
12 34
12 38
12 42
12 50
12 54
12 57
12 59
12 67
12 68
13 1
13 3
13 7
13 10
13 11
13 12
13 13
13 15
13 16
13 18
13 20
13 23
13 25
13 30
13 32
13 35
13 38
13 39
13 40
13 44
13 45
13 47
13 48
13 49
13 50
13 51
13 57
13 60
13 62
13 63
13 65
13 66
14 3
14 5
14 7
14 12
14 18
14 19
14 25
14 27
14 29
14 30
14 32
14 34
14 37
14 38
14 43
14 44
14 45
14 47
14 48
14 49
14 50
14 54
14 56
14 57
15 3
15 5
15 8
15 10
15 11
15 13
15 17
15 21
15 24
15 30
15 32
15 34
15 35
15 36
15 37
15 39
15 42
15 47
15 53
15 55
15 57
15 58
15 59
15 63
16 2
16 10
16 11
16 14
16 15
16 18
16 19
16 20
16 26
16 27
16 30
16 37
16 38
16 39
16 40
16 45
16 46
16 54
16 55
16 60
16 64
16 65
16 66
16 68
17 3
17 6
17 9
17 14
17 15
17 18
17 20
17 21
17 22
17 24
17 31
17 33
17 35
17 36
17 37
17 46
17 47
17 48
17 50
17 51
17 56
17 59
17 61
17 64
17 68
18 1
18 2
18 8
18 10
18 11
18 13
18 15
18 17
18 24
18 28
18 32
18 33
18 44
18 45
18 46
18 52
18 55
18 57
18 58
18 63
18 66
19 1
19 3
19 5
19 6
19 10
19 24
19 29
19 30
19 31
19 33
19 37
19 41
19 45
19 48
19 49
19 53
19 56
19 61
19 62
19 65
20 3
20 5
20 6
20 9
20 13
20 15
20 16
20 18
20 20
20 26
20 27
20 28
20 30
20 32
20 33
20 34
20 40
20 41
20 45
20 47
20 50
20 52
20 60
20 65
20 66
21 1
21 3
21 4
21 6
21 8
21 9
21 14
21 15
21 21
21 22
21 25
21 34
21 36
21 42
21 43
21 46
21 48
21 50
21 51
21 53
21 62
21 64
21 66
21 68
22 2
22 3
22 7
22 12
22 23
22 24
22 33
22 34
22 38
22 42
22 47
22 49
22 50
22 52
22 53
22 54
22 56
22 57
22 58
22 59
22 60
22 68
23 3
23 4
23 7
23 9
23 10
23 11
23 13
23 15
23 16
23 17
23 21
23 23
23 25
23 28
23 31
23 35
23 37
23 42
23 44
23 45
23 47
23 50
23 51
23 53
23 55
23 59
23 60
23 62
23 65
23 66
23 68
24 1
24 2
24 3
24 14
24 16
24 19
24 24
24 32
24 33
24 34
24 36
24 38
24 39
24 41
24 42
24 44
24 45
24 46
24 49
24 55
24 58
24 61
24 63
24 65
24 68
25 1
25 4
25 9
25 13
25 14
25 16
25 17
25 19
25 22
25 23
25 28
25 31
25 33
25 37
25 38
25 42
25 43
25 47
25 48
25 51
25 56
25 57
25 58
25 65
26 2
26 5
26 6
26 12
26 22
26 27
26 30
26 31
26 33
26 34
26 36
26 37
26 45
26 46
26 47
26 49
26 52
26 55
26 58
26 60
26 65
27 1
27 2
27 5
27 6
27 9
27 15
27 19
27 21
27 22
27 27
27 33
27 34
27 36
27 37
27 38
27 43
27 45
27 46
27 49
27 53
27 55
27 60
27 61
28 2
28 10
28 19
28 26
28 27
28 28
28 34
28 35
28 37
28 38
28 42
28 53
28 54
28 57
28 60
28 64
28 67
29 1
29 3
29 6
29 12
29 15
29 17
29 19
29 20
29 21
29 22
29 26
29 27
29 31
29 35
29 39
29 44
29 48
29 50
29 51
29 55
29 56
30 1
30 3
30 8
30 11
30 13
30 14
30 15
30 18
30 26
30 28
30 31
30 33
30 36
30 37
30 48
30 53
30 59
30 60
30 65
30 66
31 1
31 10
31 11
31 18
31 25
31 29
31 35
31 38
31 41
31 42
31 43
31 44
31 46
31 47
31 49
31 50
31 52
31 55
31 57
31 60
31 62
31 63
32 2
32 6
32 8
32 12
32 14
32 18
32 20
32 23
32 24
32 26
32 28
32 32
32 36
32 37
32 39
32 41
32 45
32 46
32 50
32 52
32 54
32 55
32 59
32 61
32 62
32 63
32 65
32 68
33 2
33 3
33 4
33 5
33 6
33 16
33 20
33 22
33 25
33 28
33 30
33 31
33 34
33 35
33 37
33 39
33 47
33 48
33 50
33 51
33 52
33 55
33 56
33 57
33 58
33 59
33 61
33 65
34 2
34 3
34 9
34 10
34 12
34 14
34 18
34 22
34 23
34 25
34 26
34 27
34 28
34 29
34 33
34 35
34 36
34 37
34 38
34 42
34 45
34 46
34 54
34 59
34 62
34 64
34 65
34 66
35 3
35 6
35 8
35 10
35 14
35 15
35 16
35 18
35 23
35 26
35 28
35 36
35 38
35 42
35 45
35 48
35 50
35 51
35 53
35 55
35 60
35 61
35 65
36 2
36 5
36 9
36 12
36 15
36 20
36 23
36 24
36 25
36 28
36 29
36 31
36 32
36 33
36 34
36 36
36 39
36 43
36 51
36 54
36 58
36 59
36 67
36 68
37 2
37 3
37 6
37 11
37 13
37 14
37 17
37 22
37 23
37 24
37 29
37 30
37 33
37 38
37 39
37 40
37 42
37 43
37 52
37 54
37 64
37 65
37 67
38 1
38 2
38 4
38 5
38 7
38 8
38 13
38 15
38 17
38 19
38 22
38 25
38 33
38 35
38 39
38 43
38 45
38 56
38 57
38 59
38 64
38 65
38 68
39 3
39 6
39 20
39 25
39 31
39 33
39 35
39 36
39 38
39 39
39 41
39 45
39 46
39 47
39 52
39 55
39 57
39 59
39 61
39 64
39 66
39 67
39 68
40 3
40 8
40 12
40 13
40 15
40 17
40 18
40 20
40 21
40 22
40 23
40 24
40 26
40 29
40 30
40 31
40 34
40 37
40 40
40 45
40 48
40 52
40 54
40 56
40 57
40 58
40 60
40 63
41 2
41 5
41 6
41 10
41 12
41 13
41 16
41 19
41 20
41 25
41 26
41 32
41 36
41 44
41 46
41 48
41 50
41 52
41 55
41 56
41 57
41 63
42 1
42 4
42 14
42 16
42 17
42 18
42 19
42 20
42 24
42 25
42 26
42 27
42 30
42 31
42 36
42 39
42 46
42 47
42 51
42 53
42 61
42 62
42 63
42 64
42 68
43 1
43 2
43 6
43 7
43 8
43 13
43 15
43 17
43 20
43 21
43 23
43 24
43 28
43 31
43 32
43 35
43 39
43 41
43 46
43 48
43 49
43 55
43 60
43 61
43 62
43 68
44 4
44 5
44 6
44 8
44 10
44 14
44 17
44 19
44 25
44 28
44 29
44 33
44 35
44 37
44 39
44 43
44 47
44 49
44 50
44 57
44 59
44 60
44 61
44 64
44 66
45 2
45 6
45 7
45 8
45 12
45 20
45 22
45 24
45 26
45 29
45 30
45 33
45 34
45 36
45 40
45 41
45 43
45 44
45 46
45 47
45 48
45 51
45 53
45 54
45 56
45 57
45 60
45 62
45 63
45 65
46 1
46 2
46 3
46 7
46 8
46 10
46 14
46 17
46 20
46 23
46 31
46 35
46 37
46 38
46 43
46 44
46 48
46 52
46 56
46 57
46 58
46 60
46 63
46 65
46 66
47 6
47 7
47 8
47 15
47 16
47 19
47 21
47 23
47 24
47 27
47 32
47 33
47 35
47 37
47 38
47 40
47 42
47 47
47 50
47 51
47 54
47 56
47 58
47 61
47 66
47 67
47 68
48 1
48 3
48 7
48 9
48 10
48 13
48 14
48 17
48 18
48 19
48 20
48 21
48 22
48 25
48 26
48 28
48 29
48 30
48 32
48 36
48 38
48 39
48 48
48 49
48 54
48 58
48 59
48 60
48 63
48 67
48 68
49 1
49 3
49 4
49 6
49 8
49 11
49 16
49 17
49 20
49 21
49 22
49 23
49 26
49 27
49 30
49 32
49 35
49 36
49 40
49 44
49 45
49 47
49 48
49 49
49 56
49 57
49 58
49 64
49 65
50 1
50 7
50 9
50 13
50 15
50 21
50 28
50 29
50 35
50 41
50 43
50 44
50 49
50 53
50 54
50 62
50 63
50 64
50 66
50 68
51 1
51 2
51 3
51 4
51 9
51 13
51 15
51 28
51 31
51 33
51 34
51 35
51 36
51 37
51 43
51 44
51 45
51 46
51 51
51 55
51 56
51 63
51 65
51 68
52 1
52 3
52 6
52 8
52 9
52 12
52 14
52 18
52 20
52 22
52 25
52 28
52 29
52 31
52 39
52 40
52 43
52 50
52 51
52 57
52 58
52 60
52 61
52 65
52 66
52 67
52 68
53 5
53 6
53 7
53 9
53 11
53 12
53 13
53 14
53 17
53 23
53 24
53 27
53 28
53 33
53 35
53 37
53 39
53 40
53 41
53 45
53 46
53 48
53 51
53 52
53 54
53 63
53 66
54 2
54 3
54 4
54 6
54 8
54 9
54 11
54 14
54 16
54 18
54 20
54 21
54 22
54 24
54 26
54 29
54 33
54 39
54 43
54 45
54 47
54 48
54 52
54 54
54 58
54 62
54 64
54 67
55 2
55 6
55 7
55 8
55 10
55 19
55 21
55 23
55 24
55 25
55 31
55 38
55 39
55 41
55 44
55 45
55 48
55 49
55 50
55 53
55 54
55 55
55 57
56 2
56 4
56 5
56 9
56 16
56 18
56 23
56 34
56 36
56 40
56 41
56 42
56 47
56 53
56 54
56 58
56 60
56 62
56 64
56 67
56 68
57 5
57 15
57 18
57 19
57 22
57 23
57 24
57 25
57 26
57 29
57 31
57 32
57 34
57 36
57 41
57 46
57 51
57 55
57 57
57 58
57 59
57 61
57 62
57 67
57 68
58 3
58 6
58 9
58 10
58 14
58 16
58 17
58 22
58 23
58 24
58 25
58 30
58 32
58 34
58 35
58 41
58 45
58 46
58 52
58 55
58 56
58 57
58 59
58 61
58 67
59 1
59 3
59 4
59 6
59 8
59 10
59 13
59 14
59 19
59 20
59 21
59 22
59 25
59 26
59 30
59 33
59 37
59 42
59 43
59 47
59 50
59 51
59 52
59 53
59 55
59 57
59 58
59 62
59 63
59 65
60 4
60 5
60 7
60 8
60 10
60 14
60 16
60 18
60 19
60 20
60 22
60 26
60 27
60 29
60 30
60 33
60 34
60 38
60 45
60 47
60 49
60 54
60 55
60 56
60 57
60 59
60 66
60 67
61 5
61 8
61 12
61 13
61 16
61 20
61 25
61 29
61 31
61 34
61 38
61 42
61 45
61 46
61 47
61 49
61 50
61 53
61 54
61 57
61 61
61 64
61 68
62 1
62 6
62 12
62 13
62 14
62 15
62 17
62 18
62 24
62 25
62 26
62 27
62 28
62 29
62 31
62 32
62 33
62 36
62 38
62 39
62 40
62 41
62 44
62 46
62 50
62 52
62 53
62 56
62 58
62 59
62 60
62 62
62 68
63 2
63 8
63 12
63 13
63 17
63 22
63 25
63 26
63 27
63 31
63 33
63 44
63 45
63 50
63 51
63 53
63 54
63 62
63 65
63 67
63 68
64 1
64 8
64 10
64 11
64 15
64 18
64 19
64 27
64 28
64 34
64 36
64 39
64 42
64 48
64 49
64 50
64 51
64 56
64 62
64 63
64 64
64 67
65 2
65 3
65 4
65 5
65 6
65 7
65 8
65 9
65 10
65 12
65 13
65 16
65 20
65 23
65 25
65 28
65 31
65 33
65 39
65 44
65 47
65 57
65 58
65 60
65 64
65 67
66 1
66 3
66 5
66 7
66 8
66 11
66 12
66 13
66 15
66 21
66 22
66 23
66 24
66 25
66 26
66 27
66 28
66 29
66 31
66 33
66 36
66 43
66 45
66 53
66 57
66 59
66 61
66 64
66 65
66 66
66 68
67 8
67 13
67 19
67 21
67 24
67 25
67 26
67 29
67 34
67 38
67 44
67 47
67 49
67 51
67 53
67 57
67 58
67 64
67 65
67 66
67 68
68 5
68 7
68 10
68 11
68 13
68 19
68 20
68 22
68 25
68 32
68 33
68 34
68 36
68 42
68 43
68 44
68 47
68 49
68 51
68 53
68 54
68 64
68 65
68 66
68 67
69 4
69 5
69 6
69 7
69 9
69 10
69 13
69 14
69 16
69 18
69 19
69 20
69 21
69 22
69 24
69 30
69 35
69 37
69 39
69 41
69 45
69 53
69 57
69 60
69 62
69 65
69 68
70 1
70 3
70 7
70 8
70 9
70 11
70 12
70 14
70 16
70 17
70 21
70 22
70 24
70 29
70 33
70 35
70 39
70 42
70 44
70 47
70 49
70 50
70 51
70 55
70 57
70 59
70 60
70 63
70 64
70 65
70 66
70 68
71 3
71 4
71 6
71 8
71 11
71 12
71 13
71 14
71 18
71 19
71 22
71 30
71 37
71 39
71 41
71 44
71 50
71 51
71 53
71 55
71 59
71 60
71 66
71 67
71 68
72 1
72 3
72 6
72 11
72 12
72 16
72 18
72 19
72 20
72 21
72 22
72 33
72 35
72 38
72 39
72 41
72 43
72 50
72 53
72 55
72 56
72 63
72 68
73 2
73 3
73 4
73 8
73 11
73 12
73 15
73 18
73 23
73 25
73 27
73 30
73 34
73 36
73 42
73 43
73 45
73 51
73 54
73 56
73 58
73 60
73 65
74 2
74 3
74 12
74 14
74 16
74 17
74 18
74 22
74 23
74 28
74 29
74 31
74 32
74 35
74 36
74 38
74 39
74 42
74 45
74 46
74 52
74 54
74 55
74 63
74 66
75 5
75 19
75 23
75 27
75 29
75 31
75 32
75 33
75 35
75 36
75 38
75 53
75 54
75 56
75 58
75 59
75 61
75 63
75 64
75 65
75 66
75 68
76 2
76 4
76 5
76 6
76 7
76 8
76 11
76 14
76 16
76 19
76 23
76 27
76 30
76 31
76 32
76 34
76 35
76 38
76 40
76 43
76 44
76 46
76 50
76 52
76 53
76 55
76 61
76 66
76 68
77 2
77 3
77 5
77 8
77 9
77 11
77 12
77 15
77 16
77 17
77 21
77 22
77 28
77 33
77 34
77 36
77 41
77 43
77 45
77 47
77 48
77 50
77 51
77 54
77 56
77 61
77 64
77 65
77 67
77 68
78 8
78 10
78 14
78 20
78 21
78 23
78 25
78 28
78 35
78 42
78 44
78 45
78 46
78 51
78 53
78 56
78 58
78 65
78 66
79 3
79 4
79 14
79 16
79 17
79 19
79 22
79 25
79 27
79 28
79 29
79 31
79 32
79 39
79 43
79 50
79 51
79 53
79 55
79 56
79 60
79 65
79 67
80 1
80 2
80 11
80 12
80 13
80 16
80 19
80 23
80 24
80 27
80 28
80 29
80 33
80 36
80 40
80 41
80 44
80 45
80 54
80 55
80 57
80 60
80 63
80 66
81 2
81 4
81 6
81 8
81 9
81 10
81 11
81 13
81 17
81 24
81 25
81 27
81 29
81 30
81 32
81 34
81 43
81 51
81 52
81 55
81 56
81 57
81 59
81 60
81 61
81 62
81 64
81 65
81 66
82 1
82 4
82 8
82 9
82 10
82 17
82 20
82 23
82 26
82 27
82 30
82 32
82 33
82 35
82 39
82 42
82 44
82 45
82 46
82 51
82 54
82 55
82 58
82 59
82 63
82 66
82 68
83 2
83 3
83 4
83 9
83 10
83 13
83 14
83 15
83 21
83 22
83 23
83 27
83 29
83 34
83 36
83 40
83 41
83 43
83 44
83 46
83 47
83 53
83 54
83 55
83 56
83 62
83 63
83 64
83 65
83 67
84 2
84 5
84 6
84 7
84 10
84 12
84 13
84 14
84 15
84 19
84 21
84 25
84 27
84 28
84 30
84 31
84 33
84 35
84 37
84 42
84 45
84 48
84 53
84 55
84 57
84 58
84 63
84 65
84 67
84 68
