71 60 1572
1 2
1 5
1 7
1 8
1 13
1 15
1 18
1 21
1 24
1 28
1 36
1 37
1 38
1 45
1 46
1 50
1 52
1 54
1 56
2 4
2 5
2 6
2 12
2 14
2 19
2 21
2 22
2 23
2 27
2 31
2 37
2 41
2 43
2 47
2 50
2 51
2 52
2 55
2 56
2 58
2 60
3 6
3 7
3 10
3 11
3 13
3 16
3 17
3 18
3 19
3 20
3 21
3 22
3 23
3 27
3 28
3 31
3 37
3 39
3 41
3 43
3 45
3 47
3 49
3 54
3 57
3 58
4 1
4 2
4 7
4 8
4 9
4 13
4 15
4 26
4 33
4 34
4 35
4 37
4 40
4 45
4 46
4 47
4 48
4 53
4 56
4 58
5 1
5 2
5 10
5 11
5 12
5 16
5 19
5 20
5 24
5 26
5 28
5 30
5 31
5 32
5 34
5 35
5 36
5 39
5 40
5 42
5 43
5 46
5 47
5 49
5 52
5 53
5 57
5 59
6 1
6 4
6 6
6 8
6 10
6 12
6 17
6 18
6 21
6 22
6 26
6 27
6 32
6 33
6 35
6 37
6 39
6 43
6 46
6 49
6 52
6 58
6 60
7 5
7 8
7 10
7 11
7 13
7 16
7 17
7 23
7 31
7 35
7 38
7 42
7 47
7 48
7 54
7 55
7 57
7 59
7 60
8 3
8 4
8 6
8 9
8 10
8 12
8 13
8 18
8 21
8 23
8 26
8 27
8 29
8 32
8 40
8 41
8 45
8 49
8 51
8 53
8 55
8 57
8 58
8 59
8 60
9 3
9 5
9 6
9 8
9 9
9 10
9 11
9 15
9 16
9 17
9 18
9 21
9 25
9 26
9 30
9 32
9 37
9 38
9 41
9 44
9 48
9 55
9 58
9 59
10 2
10 6
10 7
10 10
10 11
10 13
10 15
10 17
10 19
10 24
10 25
10 31
10 33
10 34
10 36
10 37
10 38
10 42
10 43
10 45
10 46
10 49
11 9
11 21
11 23
11 24
11 29
11 35
11 38
11 46
11 48
11 49
11 50
11 51
12 3
12 6
12 7
12 10
12 14
12 15
12 17
12 21
12 22
12 25
12 30
12 34
12 41
12 46
12 48
12 50
12 51
12 54
12 55
12 57
12 59
13 9
13 10
13 11
13 17
13 19
13 22
13 23
13 24
13 25
13 26
13 29
13 30
13 33
13 34
13 38
13 39
13 40
13 43
13 45
13 53
13 56
13 57
13 58
14 2
14 3
14 4
14 7
14 9
14 10
14 11
14 18
14 21
14 22
14 23
14 24
14 27
14 28
14 30
14 34
14 36
14 39
14 42
14 43
14 47
14 49
14 50
14 51
14 53
14 59
14 60
15 1
15 2
15 3
15 4
15 5
15 7
15 9
15 12
15 14
15 16
15 20
15 23
15 24
15 26
15 27
15 28
15 30
15 34
15 35
15 37
15 39
15 42
15 48
15 55
15 56
15 59
16 1
16 11
16 19
16 21
16 22
16 24
16 33
16 36
16 37
16 38
16 39
16 41
16 43
16 46
16 52
16 55
16 59
16 60
17 2
17 3
17 4
17 5
17 7
17 12
17 19
17 21
17 26
17 27
17 28
17 31
17 39
17 43
17 48
17 49
17 53
17 54
17 56
17 58
17 60
18 1
18 3
18 4
18 5
18 12
18 16
18 18
18 20
18 28
18 29
18 31
18 32
18 38
18 43
18 44
18 46
18 47
18 52
18 53
18 54
18 55
18 57
19 1
19 6
19 7
19 9
19 10
19 11
19 12
19 15
19 16
19 17
19 18
19 22
19 29
19 34
19 38
19 39
19 42
19 49
19 59
20 1
20 2
20 3
20 5
20 7
20 12
20 17
20 19
20 24
20 26
20 27
20 29
20 32
20 34
20 36
20 37
20 38
20 42
20 46
20 49
20 50
20 53
20 55
21 3
21 10
21 15
21 16
21 19
21 21
21 26
21 27
21 31
21 32
21 36
21 37
21 39
21 44
21 45
21 46
21 51
22 1
22 7
22 11
22 14
22 16
22 25
22 26
22 27
22 28
22 31
22 33
22 36
22 39
22 40
22 41
22 46
22 48
22 52
22 53
22 56
23 5
23 13
23 16
23 21
23 22
23 23
23 25
23 26
23 28
23 29
23 34
23 37
23 39
23 41
23 43
23 45
23 47
23 49
23 54
23 55
23 58
23 59
24 2
24 4
24 5
24 7
24 10
24 11
24 13
24 15
24 19
24 23
24 27
24 28
24 29
24 33
24 39
24 44
24 47
24 48
24 51
24 52
24 53
24 54
24 55
24 57
24 60
25 4
25 7
25 8
25 9
25 10
25 16
25 19
25 24
25 25
25 36
25 38
25 40
25 41
25 49
25 53
25 57
25 59
26 5
26 6
26 8
26 11
26 12
26 13
26 14
26 16
26 18
26 19
26 27
26 28
26 33
26 39
26 47
26 48
26 52
26 53
26 54
26 58
26 59
27 1
27 2
27 3
27 9
27 17
27 22
27 23
27 26
27 31
27 33
27 34
27 36
27 39
27 44
27 48
27 49
27 51
27 54
28 1
28 2
28 6
28 11
28 13
28 14
28 18
28 21
28 22
28 24
28 27
28 29
28 31
28 32
28 33
28 36
28 38
28 41
28 42
28 47
28 48
28 49
28 50
28 54
28 57
28 59
29 5
29 6
29 11
29 12
29 14
29 15
29 16
29 22
29 29
29 30
29 32
29 33
29 38
29 47
29 48
29 49
29 50
29 51
29 55
29 56
29 59
29 60
30 1
30 4
30 9
30 10
30 14
30 15
30 16
30 18
30 23
30 30
30 31
30 32
30 40
30 42
30 43
30 45
30 49
30 51
30 59
31 9
31 10
31 16
31 21
31 22
31 28
31 32
31 34
31 37
31 41
31 43
31 46
31 56
31 57
31 59
31 60
32 9
32 15
32 17
32 18
32 19
32 20
32 25
32 30
32 32
32 35
32 37
32 42
32 43
32 45
32 46
32 53
32 55
32 58
32 59
33 2
33 10
33 14
33 17
33 18
33 23
33 24
33 27
33 30
33 31
33 33
33 37
33 39
33 41
33 42
33 43
33 48
33 52
33 56
33 58
33 59
34 2
34 5
34 8
34 16
34 17
34 22
34 24
34 25
34 31
34 33
34 34
34 37
34 38
34 42
34 44
34 45
34 48
34 49
34 54
34 56
34 58
35 1
35 4
35 17
35 23
35 24
35 26
35 29
35 32
35 33
35 36
35 37
35 39
35 42
35 43
35 46
35 47
35 51
35 53
35 55
35 59
36 3
36 8
36 13
36 14
36 16
36 20
36 22
36 23
36 24
36 25
36 27
36 28
36 32
36 34
36 36
36 39
36 42
36 43
36 44
36 47
36 50
36 53
36 54
36 55
36 58
36 59
36 60
37 4
37 7
37 12
37 14
37 15
37 20
37 26
37 29
37 31
37 32
37 33
37 35
37 36
37 37
37 38
37 40
37 41
37 46
37 47
37 48
37 49
37 51
37 52
37 57
37 58
37 59
38 6
38 7
38 11
38 15
38 16
38 17
38 21
38 23
38 24
38 31
38 32
38 35
38 36
38 38
38 39
38 41
38 42
38 45
38 46
38 47
38 50
38 51
38 55
38 59
38 60
39 2
39 4
39 6
39 9
39 11
39 12
39 13
39 14
39 18
39 22
39 24
39 25
39 27
39 32
39 37
39 39
39 40
39 42
39 44
39 46
39 49
39 52
39 54
39 55
39 57
39 59
39 60
40 3
40 8
40 12
40 13
40 17
40 19
40 26
40 28
40 30
40 32
40 33
40 38
40 39
40 40
40 41
40 45
40 46
40 47
40 48
41 1
41 4
41 5
41 7
41 8
41 16
41 18
41 21
41 22
41 24
41 31
41 32
41 39
41 44
41 47
41 49
41 51
41 52
41 55
42 1
42 3
42 6
42 8
42 11
42 14
42 16
42 19
42 21
42 23
42 28
42 31
42 35
42 43
42 47
42 52
42 57
42 58
42 60
43 1
43 2
43 3
43 8
43 15
43 19
43 21
43 25
43 32
43 33
43 35
43 36
43 38
43 40
43 45
43 48
43 50
43 51
43 52
43 54
43 56
43 57
44 4
44 6
44 10
44 16
44 17
44 18
44 20
44 22
44 24
44 25
44 26
44 36
44 37
44 38
44 40
44 43
44 45
44 47
44 50
44 54
44 58
45 2
45 3
45 9
45 10
45 14
45 16
45 20
45 24
45 25
45 27
45 28
45 29
45 34
45 35
45 36
45 38
45 40
45 42
45 46
45 49
45 50
45 51
45 52
45 55
45 56
45 57
45 58
45 60
46 9
46 10
46 11
46 13
46 18
46 27
46 32
46 37
46 43
46 45
46 47
46 49
46 50
46 52
46 58
47 3
47 5
47 6
47 14
47 18
47 22
47 24
47 25
47 29
47 31
47 37
47 38
47 41
47 44
47 45
47 47
47 48
47 50
47 51
47 52
47 53
47 58
48 2
48 3
48 7
48 10
48 13
48 16
48 17
48 18
48 24
48 26
48 28
48 29
48 32
48 37
48 38
48 40
48 41
48 46
48 48
48 50
48 51
48 54
48 55
48 57
48 59
48 60
49 3
49 4
49 8
49 9
49 10
49 11
49 12
49 14
49 15
49 17
49 18
49 21
49 29
49 30
49 31
49 32
49 34
49 40
49 44
49 46
49 52
49 53
49 57
49 59
50 2
50 4
50 6
50 10
50 12
50 13
50 15
50 16
50 17
50 21
50 23
50 30
50 33
50 34
50 35
50 37
50 38
50 39
50 40
50 41
50 44
50 45
50 47
50 48
50 52
50 53
50 57
50 58
50 60
51 2
51 5
51 7
51 8
51 11
51 14
51 15
51 16
51 17
51 19
51 20
51 21
51 25
51 26
51 32
51 34
51 35
51 36
51 41
51 43
51 44
51 49
51 50
51 52
51 56
52 1
52 2
52 3
52 4
52 5
52 16
52 20
52 21
52 22
52 24
52 31
52 32
52 34
52 35
52 40
52 45
52 49
52 53
52 55
52 57
53 2
53 5
53 7
53 8
53 9
53 11
53 13
53 14
53 15
53 16
53 19
53 23
53 25
53 26
53 28
53 31
53 33
53 35
53 38
53 41
53 43
53 45
53 46
53 48
53 49
53 56
53 57
53 58
53 59
54 1
54 2
54 3
54 6
54 14
54 17
54 18
54 31
54 35
54 37
54 42
54 55
54 57
54 58
55 3
55 8
55 11
55 16
55 18
55 19
55 21
55 28
55 31
55 34
55 36
55 38
55 42
55 43
55 47
55 48
55 56
55 58
55 59
56 3
56 4
56 7
56 12
56 18
56 20
56 24
56 25
56 26
56 30
56 33
56 36
56 37
56 41
56 43
56 44
56 49
56 52
56 53
56 55
56 57
57 2
57 3
57 4
57 10
57 11
57 12
57 15
57 18
57 21
57 23
57 24
57 25
57 28
57 34
57 36
57 37
57 41
57 43
57 44
57 47
57 48
57 50
57 54
57 56
57 57
57 60
58 5
58 7
58 10
58 12
58 13
58 15
58 17
58 18
58 19
58 20
58 21
58 22
58 25
58 26
58 27
58 30
58 33
58 35
58 36
58 37
58 38
58 39
58 42
58 43
58 44
58 45
58 46
58 47
58 51
58 52
58 57
59 2
59 3
59 7
59 9
59 14
59 17
59 18
59 19
59 20
59 22
59 25
59 27
59 32
59 33
59 34
59 35
59 36
59 37
59 40
59 41
59 45
59 46
59 47
59 51
59 53
59 55
59 56
59 57
59 58
60 1
60 2
60 3
60 10
60 11
60 15
60 16
60 23
60 24
60 28
60 30
60 31
60 36
60 38
60 39
60 42
60 43
60 47
60 50
60 53
60 55
60 56
60 57
61 2
61 3
61 13
61 14
61 15
61 16
61 24
61 25
61 26
61 27
61 28
61 43
61 44
61 45
61 48
61 50
61 55
61 57
61 59
62 2
62 7
62 9
62 11
62 15
62 16
62 20
62 21
62 24
62 26
62 27
62 34
62 35
62 36
62 37
62 38
62 44
62 45
62 47
62 50
62 51
62 55
62 58
62 59
62 60
63 3
63 4
63 6
63 11
63 12
63 13
63 15
63 16
63 18
63 22
63 29
63 32
63 33
63 37
63 38
63 42
63 49
63 51
63 52
63 55
63 56
63 58
63 60
64 3
64 4
64 11
64 12
64 13
64 14
64 15
64 16
64 18
64 19
64 21
64 22
64 23
64 24
64 26
64 30
64 32
64 33
64 34
64 35
64 37
64 38
64 40
64 41
64 42
64 43
64 44
64 45
64 46
64 54
64 56
65 3
65 10
65 11
65 17
65 18
65 20
65 22
65 26
65 30
65 31
65 32
65 34
65 45
65 54
65 55
66 1
66 2
66 7
66 10
66 14
66 23
66 25
66 31
66 41
66 44
66 46
66 49
66 53
66 54
66 55
66 57
66 58
67 4
67 6
67 14
67 15
67 19
67 23
67 27
67 33
67 36
67 41
67 48
67 49
67 50
67 51
67 53
67 55
67 56
67 59
67 60
68 4
68 6
68 10
68 11
68 17
68 22
68 24
68 27
68 28
68 32
68 34
68 37
68 39
68 40
68 42
68 44
68 48
68 50
68 56
68 58
68 60
69 3
69 4
69 13
69 14
69 15
69 17
69 19
69 21
69 27
69 28
69 29
69 30
69 33
69 35
69 40
69 42
69 44
69 46
69 48
69 51
69 53
69 55
69 56
69 58
69 59
70 1
70 3
70 8
70 9
70 10
70 11
70 13
70 17
70 26
70 28
70 29
70 30
70 36
70 39
70 40
70 42
70 46
70 47
70 49
70 51
70 52
70 53
70 60
71 1
71 2
71 3
71 4
71 7
71 8
71 11
71 12
71 17
71 22
71 25
71 28
71 30
71 33
71 38
71 40
71 41
71 43
71 46
71 47
71 49
71 52
71 55
71 57
