58 84 1801
1 2
1 4
1 5
1 7
1 10
1 11
1 12
1 13
1 19
1 20
1 22
1 25
1 28
1 29
1 37
1 39
1 41
1 42
1 46
1 50
1 58
1 59
1 63
1 64
1 70
1 74
1 75
1 81
2 1
2 4
2 6
2 8
2 9
2 10
2 11
2 14
2 17
2 18
2 21
2 25
2 26
2 31
2 34
2 40
2 42
2 45
2 48
2 51
2 55
2 61
2 62
2 64
2 66
2 70
2 71
2 74
2 75
2 76
2 81
2 84
3 1
3 2
3 3
3 7
3 10
3 11
3 12
3 14
3 17
3 18
3 19
3 20
3 24
3 25
3 27
3 28
3 30
3 32
3 35
3 39
3 42
3 45
3 46
3 49
3 51
3 53
3 54
3 60
3 62
3 64
3 69
3 70
3 71
3 72
3 76
3 77
3 82
3 83
3 84
4 3
4 6
4 11
4 12
4 13
4 15
4 16
4 26
4 27
4 30
4 33
4 39
4 40
4 46
4 48
4 53
4 58
4 59
4 63
4 66
4 72
4 73
4 74
4 77
4 79
4 81
4 84
5 1
5 3
5 4
5 9
5 10
5 11
5 15
5 16
5 18
5 19
5 23
5 24
5 25
5 26
5 30
5 32
5 36
5 37
5 38
5 39
5 42
5 43
5 45
5 47
5 50
5 51
5 53
5 56
5 61
5 68
5 73
5 78
5 80
6 1
6 5
6 7
6 8
6 11
6 14
6 15
6 17
6 20
6 25
6 31
6 39
6 40
6 41
6 42
6 43
6 44
6 54
6 55
6 58
6 61
6 67
6 71
6 73
6 76
6 77
7 7
7 11
7 16
7 18
7 22
7 23
7 24
7 25
7 28
7 29
7 32
7 34
7 35
7 36
7 38
7 42
7 43
7 46
7 52
7 55
7 57
7 58
7 59
7 68
7 71
7 74
7 75
7 77
7 78
7 80
7 83
8 1
8 6
8 7
8 8
8 13
8 18
8 19
8 20
8 28
8 29
8 35
8 36
8 42
8 44
8 48
8 49
8 51
8 52
8 53
8 54
8 57
8 58
8 64
8 69
8 70
8 73
8 75
8 78
8 83
9 2
9 3
9 5
9 7
9 10
9 14
9 16
9 21
9 23
9 24
9 26
9 27
9 38
9 40
9 41
9 43
9 44
9 45
9 46
9 47
9 51
9 52
9 53
9 56
9 57
9 72
9 76
9 77
9 82
10 4
10 5
10 7
10 9
10 10
10 12
10 14
10 16
10 21
10 23
10 30
10 31
10 33
10 35
10 36
10 42
10 43
10 45
10 47
10 48
10 50
10 51
10 54
10 57
10 60
10 61
10 69
10 71
10 77
11 2
11 8
11 9
11 10
11 16
11 20
11 23
11 26
11 28
11 30
11 32
11 33
11 36
11 41
11 48
11 49
11 53
11 55
11 62
11 63
11 64
11 66
11 68
11 73
11 75
11 78
11 79
11 83
11 84
12 3
12 6
12 9
12 10
12 12
12 14
12 16
12 17
12 20
12 22
12 24
12 26
12 27
12 29
12 33
12 35
12 36
12 43
12 45
12 50
12 52
12 54
12 57
12 58
12 59
12 65
12 66
12 72
12 76
12 78
12 84
13 4
13 7
13 9
13 14
13 15
13 16
13 23
13 24
13 25
13 26
13 27
13 28
13 30
13 33
13 34
13 43
13 45
13 46
13 50
13 51
13 57
13 63
13 66
13 67
13 68
13 74
13 75
13 76
13 81
13 82
13 84
14 2
14 6
14 9
14 12
14 15
14 20
14 21
14 23
14 25
14 30
14 34
14 35
14 37
14 38
14 42
14 43
14 46
14 48
14 52
14 53
14 54
14 56
14 58
14 60
14 62
14 65
14 66
14 69
14 76
14 79
14 80
14 82
14 83
15 1
15 2
15 4
15 10
15 12
15 14
15 16
15 19
15 22
15 23
15 24
15 26
15 33
15 34
15 35
15 39
15 41
15 42
15 43
15 44
15 46
15 47
15 48
15 53
15 56
15 58
15 59
15 60
15 61
15 62
15 66
15 67
15 74
15 75
15 76
15 77
15 79
15 83
15 84
16 1
16 4
16 10
16 15
16 16
16 17
16 19
16 22
16 24
16 26
16 28
16 30
16 32
16 35
16 36
16 37
16 41
16 44
16 46
16 51
16 55
16 56
16 58
16 59
16 61
16 63
16 64
16 65
16 66
16 80
17 3
17 4
17 5
17 11
17 12
17 19
17 21
17 25
17 28
17 31
17 33
17 35
17 37
17 38
17 39
17 42
17 46
17 51
17 56
17 58
17 60
17 62
17 65
17 68
17 72
17 73
17 74
17 76
17 78
17 80
17 84
18 4
18 6
18 7
18 8
18 10
18 12
18 14
18 16
18 18
18 25
18 26
18 30
18 31
18 34
18 36
18 37
18 39
18 40
18 41
18 43
18 47
18 49
18 59
18 60
18 65
18 73
18 74
18 75
18 77
18 83
19 3
19 4
19 7
19 8
19 11
19 13
19 14
19 19
19 21
19 22
19 23
19 24
19 26
19 28
19 31
19 34
19 39
19 43
19 44
19 45
19 47
19 54
19 55
19 58
19 59
19 60
19 73
19 75
19 79
19 83
20 5
20 9
20 10
20 11
20 13
20 15
20 16
20 17
20 18
20 20
20 22
20 23
20 24
20 27
20 33
20 35
20 36
20 37
20 38
20 40
20 46
20 48
20 49
20 56
20 59
20 61
20 63
20 64
20 66
20 67
20 69
20 76
20 79
20 84
21 1
21 2
21 8
21 9
21 10
21 11
21 17
21 19
21 22
21 23
21 25
21 29
21 30
21 32
21 34
21 36
21 37
21 38
21 39
21 40
21 48
21 52
21 55
21 56
21 59
21 60
21 61
21 65
21 66
21 68
21 70
21 71
21 79
21 81
21 82
21 83
21 84
22 8
22 10
22 11
22 12
22 17
22 21
22 23
22 27
22 33
22 34
22 35
22 37
22 39
22 42
22 44
22 47
22 48
22 49
22 53
22 57
22 68
22 69
22 70
22 73
22 78
22 84
23 5
23 7
23 15
23 18
23 19
23 20
23 25
23 28
23 30
23 34
23 40
23 44
23 47
23 51
23 55
23 57
23 58
23 59
23 60
23 61
23 62
23 64
23 65
23 67
23 68
23 69
23 70
23 73
23 74
23 77
23 80
23 84
24 1
24 3
24 4
24 7
24 12
24 13
24 17
24 20
24 21
24 28
24 31
24 33
24 36
24 37
24 38
24 45
24 47
24 48
24 52
24 55
24 56
24 57
24 58
24 61
24 62
24 63
24 64
24 67
24 70
24 74
24 75
24 77
24 83
24 84
25 1
25 3
25 7
25 8
25 10
25 11
25 13
25 19
25 25
25 26
25 28
25 30
25 36
25 37
25 41
25 46
25 48
25 50
25 51
25 52
25 55
25 57
25 59
25 60
25 62
25 65
25 68
25 73
25 75
25 76
25 83
25 84
26 3
26 4
26 5
26 6
26 8
26 10
26 17
26 20
26 21
26 23
26 25
26 27
26 30
26 34
26 35
26 36
26 38
26 40
26 41
26 47
26 51
26 58
26 60
26 67
26 69
26 72
26 75
26 76
26 82
26 83
27 1
27 3
27 6
27 8
27 10
27 14
27 16
27 18
27 20
27 21
27 24
27 26
27 28
27 42
27 44
27 53
27 55
27 57
27 60
27 62
27 65
27 78
27 79
27 80
27 82
28 2
28 4
28 10
28 12
28 13
28 15
28 16
28 18
28 20
28 24
28 25
28 26
28 28
28 29
28 32
28 34
28 35
28 37
28 39
28 44
28 47
28 51
28 56
28 61
28 65
28 68
28 69
28 71
28 72
28 73
28 74
28 76
28 78
28 80
28 81
29 4
29 7
29 8
29 9
29 14
29 15
29 17
29 20
29 22
29 28
29 29
29 32
29 41
29 52
29 57
29 63
29 69
29 72
29 75
29 78
29 79
29 80
29 81
29 82
29 83
29 84
30 4
30 5
30 6
30 7
30 8
30 9
30 18
30 21
30 25
30 27
30 30
30 31
30 32
30 34
30 35
30 37
30 40
30 41
30 42
30 46
30 54
30 55
30 56
30 57
30 59
30 64
30 67
30 68
30 70
30 72
30 73
30 74
30 75
30 76
30 78
30 80
30 84
31 2
31 7
31 12
31 13
31 18
31 21
31 22
31 28
31 30
31 31
31 34
31 35
31 43
31 45
31 47
31 48
31 49
31 52
31 60
31 61
31 64
31 67
31 70
31 71
31 81
31 83
32 1
32 2
32 5
32 6
32 7
32 9
32 10
32 11
32 15
32 17
32 20
32 34
32 35
32 40
32 41
32 43
32 44
32 45
32 46
32 50
32 51
32 52
32 54
32 59
32 61
32 63
32 64
32 66
32 67
32 69
32 70
32 71
32 72
32 75
32 77
32 79
32 81
32 82
33 1
33 4
33 5
33 6
33 8
33 9
33 10
33 11
33 15
33 16
33 20
33 36
33 37
33 42
33 45
33 46
33 49
33 53
33 59
33 60
33 63
33 64
33 66
33 68
33 71
33 73
33 75
33 78
33 80
33 81
33 82
33 84
34 8
34 10
34 12
34 14
34 15
34 17
34 19
34 27
34 28
34 30
34 37
34 38
34 39
34 41
34 42
34 43
34 44
34 46
34 48
34 49
34 52
34 53
34 54
34 58
34 64
34 65
34 70
34 74
34 75
34 76
34 78
34 79
34 80
34 81
34 82
34 83
35 1
35 2
35 3
35 5
35 7
35 9
35 11
35 17
35 18
35 22
35 23
35 31
35 37
35 43
35 44
35 47
35 48
35 50
35 52
35 53
35 54
35 55
35 59
35 61
35 62
35 63
35 65
35 70
35 72
35 74
35 76
35 79
35 80
35 82
35 83
36 3
36 5
36 8
36 10
36 12
36 13
36 16
36 17
36 20
36 25
36 26
36 29
36 35
36 37
36 41
36 42
36 47
36 60
36 67
36 68
36 70
36 79
37 3
37 5
37 7
37 8
37 9
37 10
37 12
37 13
37 15
37 17
37 18
37 20
37 25
37 26
37 28
37 33
37 34
37 37
37 39
37 40
37 42
37 43
37 45
37 48
37 52
37 55
37 57
37 58
37 59
37 61
37 65
37 70
37 72
37 73
37 79
37 82
38 1
38 10
38 11
38 14
38 15
38 17
38 21
38 22
38 29
38 34
38 35
38 36
38 42
38 43
38 44
38 49
38 52
38 53
38 57
38 59
38 65
38 66
38 68
38 69
38 70
38 71
38 77
38 78
38 82
38 83
39 1
39 3
39 5
39 6
39 7
39 10
39 12
39 15
39 16
39 24
39 26
39 30
39 32
39 35
39 40
39 41
39 42
39 46
39 47
39 49
39 53
39 55
39 56
39 58
39 74
39 76
39 84
40 2
40 8
40 9
40 10
40 11
40 14
40 17
40 29
40 35
40 48
40 49
40 52
40 54
40 55
40 57
40 66
40 68
40 73
40 75
40 76
40 78
40 80
40 81
40 83
41 1
41 7
41 9
41 11
41 13
41 16
41 20
41 22
41 32
41 45
41 48
41 49
41 51
41 53
41 56
41 59
41 60
41 63
41 66
41 67
41 69
41 70
41 71
41 73
41 76
41 78
41 81
41 84
42 9
42 10
42 11
42 12
42 14
42 25
42 26
42 29
42 32
42 33
42 36
42 38
42 43
42 47
42 50
42 54
42 56
42 59
42 60
42 64
42 65
42 66
42 67
42 68
42 69
42 71
42 72
42 73
42 74
42 75
42 76
42 79
42 82
43 2
43 6
43 8
43 9
43 10
43 12
43 14
43 15
43 17
43 18
43 19
43 21
43 27
43 28
43 29
43 33
43 34
43 39
43 45
43 50
43 51
43 52
43 53
43 54
43 55
43 57
43 62
43 66
43 68
43 77
43 81
43 82
43 84
44 1
44 4
44 6
44 12
44 16
44 18
44 19
44 21
44 22
44 25
44 29
44 34
44 35
44 38
44 40
44 50
44 51
44 53
44 54
44 55
44 56
44 57
44 63
44 64
44 68
44 72
44 74
44 75
44 78
44 80
44 84
45 1
45 4
45 8
45 9
45 15
45 18
45 19
45 21
45 22
45 23
45 25
45 29
45 31
45 33
45 34
45 37
45 38
45 41
45 43
45 44
45 49
45 54
45 56
45 57
45 58
45 59
45 60
45 61
45 66
45 67
45 69
45 72
45 73
45 78
45 80
45 81
45 84
46 1
46 4
46 7
46 11
46 13
46 19
46 22
46 24
46 26
46 27
46 28
46 29
46 33
46 34
46 36
46 37
46 39
46 46
46 50
46 52
46 55
46 56
46 61
46 63
46 65
46 66
46 67
46 71
46 74
46 75
46 78
46 80
46 84
47 11
47 13
47 15
47 16
47 17
47 20
47 22
47 29
47 35
47 36
47 39
47 41
47 42
47 50
47 51
47 52
47 58
47 59
47 61
47 68
47 69
47 71
47 73
47 76
47 77
47 78
47 79
47 83
47 84
48 3
48 6
48 10
48 19
48 22
48 23
48 25
48 26
48 27
48 30
48 31
48 33
48 34
48 38
48 39
48 40
48 43
48 48
48 49
48 55
48 58
48 64
48 65
48 67
48 68
48 69
48 74
48 75
48 76
48 77
48 78
48 81
48 83
49 9
49 13
49 19
49 21
49 23
49 26
49 27
49 30
49 35
49 37
49 38
49 39
49 41
49 45
49 46
49 47
49 51
49 52
49 54
49 59
49 61
49 62
49 70
49 77
49 78
49 80
49 81
49 82
49 84
50 8
50 10
50 18
50 19
50 22
50 23
50 25
50 26
50 33
50 34
50 36
50 39
50 41
50 42
50 43
50 44
50 51
50 53
50 58
50 59
50 60
50 62
50 64
50 65
50 69
50 71
50 74
50 75
50 82
50 83
51 10
51 11
51 12
51 13
51 14
51 18
51 24
51 26
51 32
51 35
51 45
51 49
51 50
51 52
51 53
51 54
51 56
51 57
51 59
51 64
51 65
51 70
51 71
51 72
51 74
51 75
51 79
51 81
51 82
51 83
52 3
52 5
52 6
52 11
52 13
52 15
52 17
52 18
52 20
52 21
52 24
52 26
52 28
52 30
52 32
52 34
52 35
52 36
52 39
52 42
52 43
52 47
52 49
52 50
52 52
52 54
52 56
52 58
52 60
52 61
52 64
52 69
52 71
52 73
52 78
52 80
52 83
52 84
53 2
53 3
53 5
53 6
53 8
53 12
53 15
53 20
53 21
53 22
53 25
53 29
53 33
53 34
53 35
53 36
53 37
53 42
53 44
53 47
53 48
53 50
53 52
53 53
53 57
53 61
53 63
53 77
53 78
54 3
54 10
54 12
54 14
54 19
54 20
54 22
54 25
54 32
54 34
54 38
54 39
54 44
54 46
54 49
54 51
54 53
54 56
54 63
54 64
54 67
54 70
54 73
54 76
54 77
54 81
54 84
55 3
55 10
55 12
55 15
55 17
55 18
55 20
55 22
55 25
55 26
55 27
55 31
55 36
55 38
55 39
55 42
55 43
55 44
55 45
55 47
55 49
55 50
55 51
55 54
55 61
55 66
55 69
55 70
55 82
56 2
56 3
56 4
56 6
56 11
56 13
56 17
56 18
56 22
56 24
56 25
56 30
56 34
56 36
56 39
56 41
56 42
56 45
56 46
56 57
56 58
56 61
56 62
56 63
56 64
56 72
56 74
56 82
57 1
57 2
57 8
57 10
57 11
57 14
57 16
57 18
57 26
57 30
57 31
57 32
57 33
57 34
57 35
57 39
57 42
57 44
57 46
57 47
57 50
57 59
57 60
57 63
57 73
57 74
57 75
57 76
57 84
58 1
58 2
58 3
58 6
58 9
58 12
58 13
58 15
58 18
58 22
58 23
58 27
58 28
58 32
58 36
58 37
58 41
58 44
58 46
58 52
58 55
58 56
58 57
58 61
58 69
58 71
58 73
58 77
58 78
58 79
58 81
58 82
58 83
58 84
