503 943
360 85
162 360
478 162
87 85
74 87
281 162
476 162
262 74
449 87
39 281
107 478
83 39
272 449
69 360
195 107
375 83
124 262
212 87
210 195
391 360
438 195
78 69
51 69
8 478
67 162
43 438
164 51
140 87
75 360
480 478
207 74
229 195
113 85
330 391
159 87
291 478
248 83
329 8
174 159
472 85
125 272
495 51
201 472
258 125
213 75
32 107
173 83
81 69
350 330
38 67
187 173
200 43
142 85
276 32
321 329
91 281
6 276
457 330
152 480
343 78
68 329
114 329
182 8
221 78
2 360
163 272
122 140
383 124
154 43
94 221
256 276
183 113
73 258
244 6
45 83
385 173
119 94
344 187
481 229
132 83
446 182
398 256
176 281
257 51
499 183
192 125
284 360
62 207
117 113
115 329
237 344
120 237
342 38
95 329
56 476
222 291
63 56
263 213
223 122
136 457
382 142
217 222
414 478
290 74
393 478
188 67
171 263
71 438
295 73
208 207
286 74
432 163
53 212
55 74
310 2
191 212
30 85
374 478
482 30
177 132
34 177
406 177
297 414
199 117
453 222
300 223
65 195
431 262
293 107
17 67
285 431
288 344
151 207
323 258
58 406
41 385
35 344
90 286
273 286
307 257
15 360
59 73
158 115
216 41
469 140
475 398
84 41
498 115
445 244
299 173
384 281
219 208
397 136
251 183
403 174
496 300
156 34
130 391
249 55
103 403
25 258
110 32
48 156
490 164
429 130
439 188
98 249
88 374
104 158
181 162
175 291
234 321
112 288
426 398
10 51
3 257
327 104
492 140
441 192
378 45
204 130
289 113
369 327
129 107
351 256
456 3
282 110
101 163
280 152
427 397
278 84
479 119
198 498
153 310
336 344
318 78
317 103
100 257
193 391
373 71
224 223
166 495
102 453
169 88
72 478
497 284
80 113
433 210
450 15
294 450
308 10
46 39
461 103
298 427
464 295
172 478
97 492
316 69
118 208
145 151
161 427
305 166
261 282
226 74
202 300
23 48
471 119
418 207
275 256
422 278
366 112
149 38
376 275
1 478
339 2
155 282
484 329
349 289
389 439
28 175
4 74
400 187
345 262
420 125
362 300
423 118
292 63
425 34
452 107
361 204
128 98
500 176
459 155
27 393
57 104
126 263
358 292
465 84
180 43
60 229
14 57
270 248
458 204
411 476
313 270
250 145
493 291
443 102
331 153
470 63
66 237
230 103
36 122
357 65
44 257
417 174
325 458
408 169
47 55
190 456
238 284
434 375
367 166
395 282
235 499
157 391
271 308
147 492
363 112
220 297
260 281
322 101
76 149
31 443
186 229
347 235
18 369
315 154
437 310
20 115
167 297
206 191
304 91
368 118
228 166
312 368
144 400
214 53
77 175
283 429
225 481
26 376
419 117
421 300
170 479
502 2
255 59
352 347
123 78
333 480
410 393
179 446
11 221
503 115
247 104
268 249
96 503
86 151
287 102
194 212
488 291
338 465
396 177
440 421
233 142
402 446
218 75
165 200
353 384
265 26
12 27
296 278
231 470
454 122
9 18
334 39
64 55
139 469
416 125
5 58
377 288
215 179
266 295
232 14
372 4
13 4
301 231
189 110
24 117
37 86
356 249
236 2
246 144
259 97
105 313
70 94
466 325
184 453
424 38
239 310
253 331
494 292
277 246
211 248
137 288
328 445
320 63
380 298
435 128
116 27
486 410
405 261
477 297
370 15
42 435
462 124
121 107
185 155
387 190
52 328
314 475
444 400
61 316
394 250
348 503
468 15
319 43
29 195
245 300
474 188
404 259
252 426
254 280
267 310
264 237
89 456
242 500
49 358
485 277
93 315
415 480
430 322
467 262
22 462
205 57
379 154
326 223
150 179
487 3
381 207
455 140
240 286
111 406
483 121
19 167
148 184
332 9
388 93
209 478
324 271
279 148
168 326
390 177
354 226
243 482
428 414
138 126
274 277
241 32
407 465
491 192
392 85
160 19
227 116
133 244
412 462
463 467
33 95
16 138
460 411
196 336
409 166
359 69
134 429
442 223
473 231
99 75
40 467
365 89
146 115
447 227
448 279
309 491
302 358
311 421
269 277
203 8
489 80
335 431
79 459
337 159
371 305
109 480
197 25
355 378
131 14
401 156
143 32
501 10
82 461
306 248
108 234
340 163
50 283
141 271
54 474
106 96
436 272
413 40
7 60
135 251
303 239
341 60
399 220
364 195
92 443
386 478
451 436
21 343
127 487
178 400
346 456
137 211 56430
306 422 9442
199 133 20060
382 1 76092
329 28 17277
412 153 13785
332 128 26506
325 142 97282
205 143 13751
33 287 33368
19 424 41874
158 226 10013
112 329 60757
52 112 24287
13 441 60337
243 349 60757
460 82 98316
322 407 5212
480 108 13785
461 46 60493
98 64 3136
353 221 19583
24 238 15435
235 289 92778
446 301 25858
182 40 33368
478 499 75012
303 223 60337
269 199 13751
283 62 26506
81 64 66414
111 417 89384
462 345 3136
449 76 49677
139 426 12400
174 104 98538
462 486 92778
423 285 6997
98 459 13930
383 238 29690
210 223 93369
100 334 98538
21 197 61314
179 142 89384
122 185 89173
271 358 60337
459 316 97540
452 141 26653
70 143 92755
389 22 89173
266 231 29690
111 235 9442
278 256 95789
285 434 61314
273 53 44920
183 228 98538
196 88 20926
97 36 60493
283 105 77374
423 493 97282
203 160 61394
111 176 95789
351 453 95369
190 234 99933
76 411 70493
146 90 44044
383 286 546
433 287 85387
25 66 6997
262 489 66602
17 93 29690
410 203 33070
32 459 59957
316 50 33070
28 30 98587
105 80 13751
1 463 66602
392 392 98168
316 417 85387
249 175 64371
76 97 13930
471 3 85387
130 442 47740
146 255 66602
396 187 94325
458 292 5404
106 197 65783
448 494 44920
70 306 49677
260 459 3136
246 439 10013
419 407 9442
101 33 59957
242 179 2568
432 479 26809
53 433 61314
352 443 49677
12 387 97468
64 456 95369
28 118 97302
167 363 2306
307 183 97468
355 283 61394
341 429 49677
486 262 33070
314 315 95369
244 68 80571
370 488 71088
391 48 66414
214 75 97302
495 147 84422
113 358 2568
138 209 97282
195 46 47794
430 28 53866
42 247 70493
86 395 75012
477 166 60757
249 53 78043
382 266 10013
33 162 18457
47 179 66414
147 316 76230
435 7 99933
51 341 19583
23 382 75012
214 372 22863
377 346 75012
22 91 99171
216 377 97764
390 410 95369
207 456 98316
287 4 64371
167 344 13930
500 394 59957
263 321 36328
272 439 95369
172 312 2652
142 238 76230
164 359 95789
451 245 99171
206 357 60337
140 140 36227
294 306 23059
359 207 97282
357 375 5212
139 143 95789
292 220 26653
192 266 2652
87 430 2652
359 377 9442
34 488 41874
477 29 5212
421 227 55737
204 82 95369
286 439 76230
184 482 24287
18 175 22863
68 366 6863
260 357 3527
403 213 6863
97 151 30887
147 125 21531
336 42 28445
232 150 97540
239 435 60281
213 116 68691
139 133 99933
189 200 51435
96 459 58441
338 263 33368
358 264 65783
362 410 47740
394 242 89173
54 473 19583
203 209 60379
288 326 68691
350 369 98168
492 54 41422
400 54 68981
67 391 90028
449 245 93369
384 8 98316
442 306 26809
352 359 99171
3 59 13930
496 251 76230
99 2 76092
336 493 20926
175 295 36916
377 361 60757
243 212 71088
278 92 13930
315 438 55737
403 286 546
460 193 3527
128 186 50847
25 189 77374
196 429 36227
419 100 36916
193 381 93369
263 26 89173
387 208 15435
110 427 92755
44 326 66602
337 283 12903
497 315 70493
500 339 92778
409 31 10013
307 355 23059
405 44 60281
265 211 20060
336 94 61314
498 109 29690
91 152 74068
378 393 76230
355 387 33070
13 288 5212
268 193 71088
448 404 98168
129 210 41422
191 379 68981
88 211 98587
193 110 71088
221 106 95369
71 483 53866
109 334 24287
460 252 3527
49 16 13930
77 463 22863
458 88 20060
285 184 56430
228 176 12903
264 368 50847
218 85 76092
323 156 73318
223 169 16125
6 125 89173
484 174 80541
53 155 60493
26 109 28445
208 299 48095
170 23 26809
343 191 44044
28 408 47179
320 227 10013
497 450 61394
410 360 99933
165 341 36227
344 393 97468
386 323 97282
421 27 49677
136 102 15435
435 444 90365
95 376 53866
247 98 34023
460 499 23059
337 405 97302
244 67 13751
324 315 53866
55 197 85387
303 20 18457
250 155 26653
220 494 89384
379 493 83427
348 237 34023
448 98 30887
399 339 6997
206 80 61314
164 403 98316
11 363 21730
180 162 23059
281 411 60379
483 127 28445
28 411 36227
356 160 3136
183 104 20060
5 407 21531
232 14 47740
430 177 13927
344 187 51435
360 367 76092
394 49 55737
488 29 66414
70 464 40796
49 221 33368
264 403 75012
73 407 68981
125 41 71088
162 375 26653
98 121 13927
396 385 15435
257 180 99171
25 165 48095
233 139 98316
443 92 12903
214 355 36227
496 332 10098
178 361 94325
377 19 75199
154 21 95061
212 416 78043
39 74 13785
322 99 58441
130 236 2568
401 176 92755
294 294 66602
86 192 65124
189 369 2306
333 147 5404
253 300 34023
388 417 46620
309 360 75012
1 178 71088
171 307 68981
383 109 12400
279 402 95369
433 392 40796
416 77 13785
256 314 74068
19 63 16650
401 355 30887
3 160 24287
276 66 77374
457 141 34023
370 20 97468
459 298 34023
243 133 10013
218 45 85387
466 205 68981
263 223 97468
360 26 85387
274 28 90028
140 208 20060
87 161 51435
246 27 58441
104 390 10013
269 129 20060
321 251 3527
355 119 12400
105 381 49677
325 237 36916
396 8 93369
124 52 85387
230 43 38336
476 288 56430
239 297 65124
204 62 51435
301 287 97468
442 139 13751
189 148 5404
158 472 84422
248 364 53896
174 393 98538
403 119 97540
193 500 26809
418 235 25858
435 438 23059
485 235 2363
282 78 38336
198 266 60379
399 423 97764
333 72 98316
180 246 26506
485 50 55737
330 242 84422
368 62 19583
198 401 41874
498 382 36328
78 65 46620
204 262 16650
477 157 61394
215 395 2652
126 479 80571
430 460 22863
254 192 70493
74 56 90028
128 158 34023
21 57 30887
53 134 93585
162 337 58441
441 215 546
41 334 80541
216 460 60757
38 386 53896
412 136 65124
22 209 95061
5 241 95061
389 166 97282
52 218 25858
283 284 36916
273 221 2652
229 261 34023
76 382 61314
401 419 60757
84 328 97282
462 254 33368
391 163 26653
288 48 16650
242 5 66602
234 287 38336
59 464 5212
4 189 98168
283 169 73318
422 66 61394
444 55 2306
410 13 94325
82 308 41422
401 93 16650
383 334 94325
78 64 79803
465 27 98316
65 31 24287
334 218 30887
481 41 23059
449 484 25858
240 296 94325
190 377 12400
207 179 98538
271 58 61394
245 41 2363
2 2 49677
127 474 21730
346 305 12400
231 187 66602
86 132 83427
498 372 47794
419 466 76092
49 169 3136
370 344 98587
330 85 97282
354 494 90028
309 118 47740
294 368 44920
306 95 6863
453 85 44044
486 79 26809
216 402 97302
322 451 97282
104 222 76092
351 456 94325
40 306 73318
233 16 53896
301 214 66414
171 16 98316
132 374 18457
224 356 53866
90 477 2306
420 295 66414
321 303 77374
62 55 16125
295 502 6863
16 231 93369
357 437 50847
468 104 47794
170 140 546
459 363 98316
324 357 41874
401 274 6863
329 499 13751
479 465 68691
486 256 23059
295 177 33070
25 30 71088
472 497 30887
336 163 48095
165 119 41874
159 347 12903
127 149 92778
389 478 97468
260 358 76230
186 340 76230
111 36 49677
171 469 6863
164 342 51435
165 174 25858
210 243 47179
114 306 60757
375 432 47740
311 222 66414
242 482 47179
39 164 76092
92 179 60379
225 254 3136
388 322 98316
450 391 51435
484 97 9442
133 211 66602
128 82 21730
82 393 74068
105 36 98587
390 75 33368
416 71 28445
70 295 80541
96 85 36916
464 439 55737
406 419 51435
496 48 10013
388 80 13927
208 162 15435
250 171 97302
175 466 40796
264 378 2568
436 352 30887
263 353 47740
412 218 41422
449 25 92755
79 17 60281
327 309 13785
153 14 61394
372 168 73318
28 343 98815
166 8 98538
374 443 10013
278 107 60379
267 16 65124
190 369 30887
437 447 64371
132 270 61394
2 422 97282
346 195 9442
358 127 95061
331 197 36916
84 67 28445
189 250 93369
142 13 5212
218 202 76230
318 40 13785
434 172 36227
356 78 79803
101 424 98316
109 278 13927
363 105 26506
122 189 98587
227 282 65783
439 423 20926
68 42 60493
473 359 16125
318 290 23059
337 47 92778
275 148 53896
217 161 98316
190 20 75012
360 141 2652
502 273 98316
389 113 6863
289 181 80541
200 150 47179
245 373 47740
367 206 93585
63 385 53866
182 98 2306
483 288 53896
290 49 58441
286 47 53866
59 341 77085
65 126 48095
208 325 2568
111 474 89384
208 337 75012
256 304 15435
452 390 98815
209 369 75199
489 61 99171
312 346 93585
406 309 47740
15 374 95789
307 486 93369
151 501 16125
271 110 97302
189 365 21730
397 313 16125
199 19 13927
193 412 47740
235 220 79803
229 28 65124
60 42 94325
424 254 73318
11 309 3527
480 76 36328
279 265 75199
286 158 97282
180 356 76230
348 453 2306
72 184 58441
47 318 33070
330 377 13785
483 203 40796
20 118 77374
465 94 5212
13 372 66602
333 60 2363
463 239 5212
13 491 34023
383 60 2363
61 106 44920
79 435 84422
138 319 99933
451 243 25858
65 109 3527
163 26 6863
22 358 34023
446 318 71088
124 235 77085
254 114 98815
473 79 92755
2 157 2363
221 200 78043
234 147 77374
270 211 21730
399 279 99933
396 300 21730
358 243 21531
55 366 47794
147 22 60493
299 494 79803
52 400 97302
50 118 17277
365 256 84422
230 22 60337
297 325 98316
295 123 97540
147 480 13927
221 439 6997
434 82 66414
163 380 30887
474 337 15435
343 386 13927
411 152 3136
27 286 61314
356 80 95061
366 279 50847
172 330 6863
220 47 5212
443 385 60757
185 45 90028
324 15 95369
265 262 49677
228 169 2568
447 195 93369
89 455 84422
55 222 71088
49 393 36328
426 14 80541
236 362 26506
127 43 61394
302 271 3527
216 33 80571
419 260 22863
271 203 3527
314 196 46620
435 156 75012
237 204 92755
367 126 13785
41 361 95789
4 392 83427
419 96 29690
345 216 16650
29 131 18457
384 307 76092
240 117 49677
455 456 21730
389 189 60379
213 53 12903
458 501 16125
58 1 90028
108 419 23059
20 260 16650
278 193 92755
387 73 65783
5 217 99933
322 168 6997
291 54 25858
368 171 61394
476 30 50847
441 87 13785
199 194 85387
461 118 93369
434 395 66602
443 183 61314
255 93 60337
88 319 95061
377 107 48095
256 379 76092
187 351 74068
20 288 26653
356 392 546
9 254 50847
329 89 36227
338 29 97302
324 188 13785
431 181 75199
202 462 26506
435 119 47179
239 305 53866
73 229 21531
495 81 79803
418 497 70493
458 227 6863
294 61 5212
123 289 28445
139 216 15435
379 322 98815
126 253 2306
347 397 16125
321 469 60757
79 365 10098
133 279 20926
440 138 25858
332 337 41874
158 459 2652
171 95 64371
174 378 30887
135 503 98815
214 252 90365
502 69 16125
12 147 546
10 279 53896
1 215 98587
218 43 75012
305 105 85387
177 180 33368
264 353 66414
74 392 6997
137 102 79803
501 5 53866
422 16 85387
110 25 10013
76 433 78043
84 52 10098
21 356 15435
321 437 60493
212 197 47794
385 176 68981
54 217 95061
383 215 25858
371 133 18457
316 147 19583
35 222 95789
377 306 17277
163 231 2306
53 48 12903
123 164 97282
451 45 76230
259 3 33070
481 385 29690
300 158 65124
40 473 26809
212 4 80541
313 285 76092
371 447 80541
282 405 47794
126 24 34023
71 474 2306
192 134 53866
434 112 55737
387 316 78043
472 355 49677
106 471 30887
465 186 75199
435 53 33070
133 334 41422
285 459 97540
98 435 41422
457 28 34023
316 461 70493
465 344 78043
267 217 75012
39 323 99933
222 189 21730
91 25 17277
407 157 98538
121 347 20926
267 444 16125
288 397 2568
442 115 60379
110 76 61394
93 247 36328
335 285 97302
450 411 26653
247 407 70493
97 310 18457
185 336 89173
38 4 53866
421 196 74068
327 39 59957
1 148 13930
17 145 12400
250 385 71088
207 331 85387
257 483 23059
237 76 66602
373 165 60757
257 202 2306
176 24 17277
396 256 13930
228 256 51435
39 272 98587
97 427 24287
345 130 2306
500 292 36227
463 433 77085
137 302 36916
52 463 51435
377 135 36227
395 435 97540
451 64 33070
56 103 74068
214 104 95789
253 448 19583
25 349 60379
278 308 13785
9 350 95789
406 306 58441
312 179 99171
147 70 98538
331 17 94325
173 73 38336
191 191 16650
132 444 98538
107 468 33070
374 242 18457
474 250 53896
373 58 38336
135 274 76092
32 420 60281
268 153 18457
64 230 73318
466 420 2306
373 456 78043
319 59 98815
16 337 17277
429 308 26506
184 177 28445
150 216 546
294 247 95789
4 11 19583
139 75 53896
346 445 55737
146 314 89384
388 34 74068
92 50 68981
445 383 79803
449 471 90365
8 117 16125
343 410 98587
499 319 95789
400 457 73318
434 205 59957
290 350 60281
192 234 99171
466 230 97468
166 76 64371
77 430 53866
70 437 48095
373 181 64371
229 176 26809
96 480 5212
445 316 85387
137 102 41422
142 198 75012
86 161 98538
78 326 5404
358 307 546
102 376 50847
370 150 12903
42 379 25858
32 379 92755
384 321 17277
436 362 51435
240 409 6997
277 494 40796
448 476 16125
97 235 89384
270 336 74068
281 108 98815
377 149 56430
241 86 60757
489 374 95789
46 211 29690
112 450 60757
470 223 33070
486 73 71088
133 169 13930
182 344 92755
9 26 2568
393 403 92778
244 45 64371
378 438 34023
235 388 55737
453 499 95369
73 465 66602
186 352 15435
176 485 3527
401 68 68691
269 484 21531
338 373 73318
53 113 99171
261 396 97302
244 32 60281
30 484 77374
170 53 12903
29 143 80541
369 223 56430
469 26 98587
314 294 59957
184 128 95061
457 86 89173
270 251 40796
426 495 6997
57 429 76230
92 95 48095
88 123 65783
340 491 3527
71 361 6863
372 76 25858
55 260 26809
206 118 10013
280 292 80571
245 214 61314
242 176 70493
123 172 77085
465 259 47740
350 503 77374
458 70 546
496 346 41874
229 306 80571
90 8 44044
443 192 66602
41 437 56430
38 80 36227
463 107 36916
384 68 36916
428 323 97302
364 182 56430
62 175 546
244 308 15435
182 397 23059
142 337 17277
299 282 24287
166 320 98168
113 184 25858
231 65 51435
