1500 2000
1056 683
690 1056
329 690
214 1056
69 329
308 1056
351 69
194 1056
158 214
1027 214
592 683
625 1056
1415 329
1488 1415
865 625
679 865
548 329
1427 351
1257 1027
1360 351
745 158
1433 625
552 548
205 552
1229 308
1411 1488
1193 1411
720 552
33 552
747 1427
896 1056
697 1433
1238 329
736 214
309 690
249 158
429 1427
906 745
920 1027
1424 865
639 214
344 1488
298 1411
944 249
764 205
114 1229
1303 309
1107 1411
317 1107
291 1303
39 317
806 33
1189 429
471 249
831 309
918 679
997 1107
825 309
716 249
594 308
684 298
1021 1433
509 1257
773 1360
726 806
605 1411
692 825
88 944
340 920
780 1415
171 1193
670 997
999 329
374 158
72 831
698 309
508 745
166 374
305 944
849 291
349 171
123 747
1017 720
665 692
844 684
420 1107
742 1056
1462 1424
923 690
312 1189
204 944
657 670
243 736
662 340
1231 999
390 1017
306 639
473 906
237 736
1417 1231
127 944
523 214
966 773
901 679
917 662
283 1189
1269 999
1425 831
681 243
393 999
1125 605
601 1238
963 72
518 158
1375 918
880 720
346 747
969 1360
287 639
1474 317
924 825
77 1303
431 999
434 344
1106 158
423 1106
840 806
200 423
14 849
116 127
381 665
460 329
484 1269
126 194
169 317
908 1021
1 204
1045 716
372 309
633 312
6 633
207 1257
1090 381
334 716
75 393
937 780
608 1488
946 207
1070 423
680 625
919 429
37 1303
1413 1
448 605
941 849
160 518
439 679
837 697
456 351
974 116
588 249
142 918
1475 460
1156 639
373 806
1322 917
176 780
1320 745
892 439
909 456
949 1106
832 670
864 393
441 1027
1256 471
1184 158
519 298
1128 944
539 509
1051 393
156 896
421 484
118 923
90 194
62 349
1202 393
1082 1269
280 837
675 420
293 291
973 518
1173 6
119 973
626 592
209 1360
830 523
800 169
641 308
805 901
399 917
714 441
313 605
137 14
438 698
226 999
210 1303
612 243
506 1090
1171 293
98 997
656 1056
495 313
538 243
3 726
672 720
1453 1488
561 123
1351 166
168 509
1361 1433
1091 421
1080 317
216 973
494 456
1226 399
96 946
91 831
661 892
614 656
962 680
479 662
1327 280
25 1090
290 726
571 1361
315 431
507 508
325 683
1022 399
102 780
1369 1417
529 25
378 393
500 1320
409 1171
260 441
499 519
292 625
1309 1411
578 832
47 588
1112 409
1334 923
274 594
1149 399
391 832
1023 1417
19 96
272 207
369 205
42 1082
501 317
547 1051
289 429
798 1051
750 205
491 974
520 214
376 1051
597 605
498 243
1348 194
893 1080
897 548
1421 601
1408 832
30 973
476 293
1068 494
658 1173
730 605
22 1427
838 439
1370 1051
922 6
1414 675
1305 601
1029 1417
1031 292
869 518
252 1171
557 1080
903 1334
36 1029
1198 538
481 156
73 896
540 156
1380 865
1278 1370
904 508
818 1171
1182 1027
1040 937
822 1256
1160 849
1441 944
827 214
350 127
1340 827
693 798
1196 1303
628 764
493 306
630 315
1389 1226
1465 481
238 448
1108 1202
624 1021
647 1202
229 904
1496 736
285 1369
972 160
89 429
789 1160
876 317
1384 19
1252 209
1296 1384
432 831
1406 736
1443 96
1391 922
562 1031
1117 169
483 698
1140 156
1187 904
882 313
1046 1017
146 805
361 176
551 904
1024 949
133 1082
208 315
411 1411
691 920
867 519
1497 1303
1165 69
362 423
388 1128
490 1441
278 160
190 1196
875 1488
768 388
669 973
706 864
31 1045
231 1022
887 508
1445 626
847 491
879 837
1495 837
1204 1023
1053 36
856 1160
320 1375
1447 972
902 519
80 361
1353 285
1195 25
1036 780
497 344
1262 501
524 1406
1242 214
365 661
366 317
1146 902
101 1024
652 805
206 864
803 1296
535 476
1063 1187
40 1029
141 317
1275 633
1356 679
642 830
266 849
1143 669
988 1056
513 679
5 963
528 920
1271 495
785 346
649 506
182 123
607 750
761 126
295 1046
502 1269
984 805
560 529
1218 1361
223 80
1308 1375
784 832
1099 1173
459 77
1374 176
26 1149
1178 1040
1484 1140
468 507
979 205
16 374
815 922
472 924
282 306
534 1182
1169 745
167 780
1439 997
514 520
195 662
1075 880
1062 473
1001 918
845 127
994 14
318 141
172 690
1133 1187
1418 456
834 116
570 592
110 226
623 1146
1295 923
424 89
21 969
510 578
1463 513
629 562
138 1156
1293 1053
1292 1252
360 388
660 72
945 1488
1158 1462
735 1309
492 206
1074 62
504 523
255 803
526 346
1038 534
921 1001
370 764
531 639
998 1218
1326 1488
188 607
244 1143
279 388
268 1257
1342 1447
640 1418
1159 1056
426 441
7 1411
737 360
1219 1443
81 1045
1328 1117
58 1
525 88
898 346
503 483
686 438
537 370
1405 1340
709 378
581 1418
121 693
159 1447
1127 1031
734 1156
1478 526
738 662
179 1075
383 903
236 498
1335 984
801 764
606 424
861 494
550 887
355 1133
196 498
1039 837
1026 196
458 295
791 39
480 209
153 142
556 1024
881 118
175 714
1419 1421
622 429
1358 1063
1323 1045
348 898
415 390
38 681
1136 901
777 1391
1294 123
83 1068
613 36
754 494
1283 1296
566 1283
1151 1053
1456 498
651 21
971 476
1274 944
753 468
1176 880
1420 944
1423 272
584 737
795 438
722 309
1347 519
1236 524
850 1256
1192 207
673 274
394 1369
1083 350
1329 89
352 535
515 630
545 175
586 7
43 1017
1183 483
1435 1099
345 681
143 329
425 88
189 208
225 483
1121 229
1059 552
634 315
792 1023
82 237
574 571
1105 1001
1352 633
389 289
254 906
242 365
1301 556
1486 72
687 773
643 642
70 47
396 1375
201 206
1077 415
808 62
564 70
67 1080
1139 834
1276 5
20 37
828 1149
505 538
517 639
364 390
695 1320
689 349
810 844
122 290
723 1231
1081 709
536 1218
771 832
1485 231
440 1292
650 675
1174 388
1429 243
198 1026
1241 1391
899 720
1331 360
2 434
241 550
108 673
1359 592
555 325
1215 869
416 16
774 67
1048 1198
1163 856
886 495
889 156
211 1427
1205 612
337 411
1444 67
621 761
103 290
585 101
1085 176
307 1351
1266 777
541 806
725 867
1030 391
936 340
1032 116
1208 875
65 205
1123 411
655 518
1237 448
604 156
68 1340
1366 827
748 669
1172 1077
331 1030
1270 972
1008 1391
1057 946
704 116
872 69
775 850
56 1359
452 440
1005 994
1244 498
442 1305
721 1074
1289 501
180 266
965 566
1199 62
18 601
145 1384
1399 1294
1179 818
1154 102
930 169
766 698
17 1184
582 56
951 103
477 517
646 604
511 801
954 1334
422 1356
1224 439
1110 346
751 1356
1437 515
740 1475
1339 849
990 584
339 761
259 1187
181 272
199 308
788 190
1333 774
124 661
382 1208
938 1389
516 893
219 442
184 734
1379 777
755 1171
644 571
1132 298
814 642
871 1
1177 376
253 70
29 622
267 526
1221 999
281 650
1042 1117
710 459
324 198
862 869
993 110
826 806
482 519
1223 1029
1087 37
379 1176
905 901
778 267
1135 764
1012 840
1007 513
228 281
1058 834
105 441
1060 42
1373 411
49 771
1285 494
496 640
1277 607
878 96
978 1085
1310 33
653 1176
1092 339
54 498
532 946
1267 785
1064 548
221 236
1346 1478
836 20
1054 1474
926 1236
319 1177
113 1241
991 195
1084 750
1315 206
977 340
674 896
1097 319
1393 905
955 936
302 123
245 30
931 1433
212 1057
823 18
615 460
433 58
1102 1484
1338 506
929 399
13 971
129 282
833 827
956 1026
402 266
809 613
84 990
1455 644
347 753
868 1224
1009 972
406 490
217 200
851 346
1434 344
94 865
790 68
161 153
1483 383
1186 1305
1260 484
1466 929
1371 1303
746 225
155 426
567 307
436 283
28 1042
197 1241
1078 103
1116 1087
1477 1178
758 1001
1015 245
932 433
1227 501
61 1202
762 241
1442 740
404 319
449 1295
453 219
914 1333
417 882
579 936
203 751
144 302
583 309
1325 662
1130 169
1137 317
910 640
71 660
817 1373
273 1001
1471 513
816 642
296 867
418 963
246 105
811 1338
147 1418
1367 56
474 994
1459 1309
961 597
363 1219
1248 1252
883 641
1422 896
1194 1068
960 993
1250 458
86 350
286 774
616 1329
437 43
958 684
858 245
1072 1137
884 313
1033 1327
1126 1423
1217 1237
1235 722
855 1177
1298 458
387 691
227 1315
303 1384
702 81
812 1442
187 144
842 745
1426 390
357 660
44 289
446 1277
992 124
193 456
469 991
873 777
558 1294
1368 456
1372 474
1281 1238
767 840
407 1226
392 1459
1233 1433
939 1347
192 255
1166 557
712 1238
1162 221
1086 520
1362 477
829 1137
576 662
1113 650
894 442
677 1149
1324 473
1168 633
354 72
461 1024
1019 721
1155 192
1209 771
700 402
1180 1125
1142 372
1104 608
1041 36
1470 965
269 540
1222 1177
957 203
659 679
1261 442
705 693
59 266
1390 1459
150 283
233 281
715 1256
1006 201
682 990
741 417
1047 689
1153 1309
132 679
140 669
1188 1097
1148 1182
1312 844
1407 1477
186 472
435 774
666 241
1357 422
149 1326
299 555
928 574
92 884
782 1271
11 858
397 6
1282 187
1150 89
1469 1442
553 94
522 1338
637 363
772 674
284 675
1014 564
1025 774
1114 1465
1385 225
1246 630
728 837
852 754
63 1177
947 1057
638 1019
1101 501
398 456
465 150
813 1104
1043 56
1076 1116
635 225
544 11
1476 510
911 434
970 954
1239 149
1052 1045
804 736
338 472
1020 570
1010 540
980 876
444 105
1457 82
51 26
321 36
835 1384
1265 252
240 31
403 1177
1458 241
1013 143
925 1064
727 1399
824 858
85 364
395 390
248 138
1279 237
134 1142
1489 634
265 365
178 283
854 431
619 159
1203 127
1464 552
27 669
202 374
151 1123
1363 1187
97 1033
841 351
719 828
162 803
779 269
251 321
74 873
1230 449
258 361
1378 458
1479 845
262 424
1170 1418
66 861
343 1361
1491 779
148 6
1131 520
967 1064
1055 205
987 762
1035 268
1481 1375
1311 937
890 121
573 879
952 740
696 77
694 637
1450 329
731 1408
1494 490
115 258
733 251
713 1331
1228 1218
1258 882
819 197
916 689
895 289
443 1489
874 1076
32 381
335 649
488 1478
1197 295
1190 1172
627 1203
1093 249
428 490
46 360
863 138
1069 889
386 1163
1096 886
1376 1087
1307 461
128 508
1098 1126
1003 673
1164 1419
843 649
631 742
1095 268
464 1150
1272 805
983 1248
384 150
1448 101
1243 1361
230 199
752 498
358 1069
1350 1178
1134 204
275 283
1316 1020
470 1496
412 491
975 201
336 1315
611 1459
1111 1265
1306 904
24 11
1304 827
1119 498
1355 66
486 378
964 1132
1467 96
235 446
1382 47
1332 642
699 819
1381 962
1185 47
247 386
154 372
1234 661
413 103
174 862
1430 172
1299 1469
853 826
1120 1315
1354 1479
1100 1146
1402 47
15 1235
913 360
1398 156
183 169
323 1354
1288 1305
563 37
1461 362
701 921
1317 1098
668 858
4 991
1396 1485
341 141
1468 1277
671 291
1220 899
1300 813
554 1053
1287 557
1388 640
943 874
717 957
1364 1054
1225 835
1210 965
333 503
414 684
934 404
99 206
769 954
57 680
1321 366
1290 207
1449 1381
264 63
1259 302
593 534
1428 465
106 295
445 147
1214 318
596 1292
1344 101
546 1393
981 853
55 627
678 713
109 675
760 1335
1065 75
1297 655
1318 96
953 1453
1460 902
676 1007
1337 1481
250 553
60 7
356 571
1249 809
385 721
935 1367
328 721
1050 1052
332 670
1175 420
1018 17
1302 784
1206 470
277 655
569 449
450 1158
1291 563
1383 436
45 1075
311 644
770 109
408 231
1088 593
1319 1080
1216 1294
76 369
940 1170
959 969
877 717
165 1046
380 1322
377 1381
93 1458
294 1291
120 294
900 659
359 436
1343 254
342 194
1066 651
1264 230
1387 945
1212 60
1440 1131
100 758
87 1088
330 1029
410 1435
1255 1085
648 1322
572 627
549 528
995 554
1201 428
463 303
213 1264
48 154
1157 166
857 1010
1122 456
756 582
1011 387
591 1190
636 97
1432 1467
1336 1030
986 1083
375 1009
1073 858
1028 1301
664 735
599 1065
807 687
322 660
1089 1090
405 181
1240 612
257 973
587 1110
821 330
1498 331
933 62
327 380
79 332
427 114
866 249
131 648
595 1300
218 5
744 943
1377 767
1280 1363
718 549
1454 1290
53 1174
400 677
512 476
1167 284
729 1361
781 1379
64 200
326 1085
763 690
950 495
1392 1005
310 245
41 1283
797 36
1314 741
353 1091
173 1209
620 1035
776 1085
95 160
288 172
111 1096
575 690
300 926
1438 202
968 840
1079 60
793 178
1490 450
589 1001
314 975
78 738
839 898
263 324
1395 252
1124 1171
982 656
1144 968
1436 338
885 615
527 1156
1211 538
239 614
663 44
297 41
783 214
1273 564
1161 960
1386 149
1480 396
1094 1142
1412 302
759 275
1115 1275
654 718
724 1362
125 512
1313 385
927 664
256 22
1138 229
1253 1173
632 672
590 400
1268 103
112 1169
530 1364
732 584
543 1106
1061 1304
645 1211
222 1210
1145 1046
371 1148
1487 72
34 416
467 987
1147 1014
139 459
1004 1368
455 252
1492 1443
1141 874
891 1324
224 705
757 894
711 1056
996 782
1401 528
1400 1083
602 1145
1049 1282
580 834
368 928
1452 1384
185 896
12 146
451 816
739 901
1499 1260
9 88
1403 1055
989 582
475 40
316 348
1473 438
1345 111
870 167
430 1441
163 168
907 178
559 398
1129 931
270 315
454 1393
1213 580
618 306
1493 1183
1002 21
1247 1082
136 1225
603 1230
1416 126
478 945
104 512
707 156
749 1448
1397 1479
35 146
1431 616
568 1165
1263 1022
1341 410
577 739
1181 983
304 1344
1410 75
1000 19
164 1420
1067 1334
1200 26
533 968
234 930
23 188
1245 304
276 557
1451 995
1118 523
948 336
1482 79
1284 639
367 154
1500 1485
215 1346
1446 957
542 268
860 23
157 463
610 187
462 453
794 1449
598 1465
271 453
135 869
1071 1485
1232 1090
107 1091
1254 959
170 44
10 1478
1191 697
786 818
600 987
743 595
1044 26
1152 594
787 480
1472 111
915 771
1037 660
1109 954
1286 83
985 1437
888 343
487 1366
848 1257
799 278
521 541
1365 1254
1330 1271
765 616
52 817
261 724
177 2
130 400
220 1441
50 1451
117 89
1103 475
859 1077
942 255
1394 1206
485 757
796 1470
820 1134
1207 1437
846 717
301 831
708 1215
802 274
489 735
685 607
667 734
1404 444
688 1096
609 797
912 1333
1034 88
617 219
8 459
232 91
191 3
565 1161
152 764
1016 342
703 834
447 192
1409 1359
1251 138
976 763
401 721
1349 70
457 1252
466 678
419 947
1119 1028 86716
1174 957 13751
1413 409 17277
131 477 49677
1220 957 71088
56 840 68691
1213 1009 36227
898 266 97282
1131 1473 6863
530 662 12903
919 632 60493
378 657 18150
945 570 6863
371 1052 47797
1027 1124 65783
1073 31 41422
780 95 65783
260 992 9442
1310 974 47740
482 3 97282
738 1273 99933
521 502 98815
112 1446 76966
816 668 546
144 194 50847
781 118 24287
1108 897 49677
592 9 53896
694 1318 75012
768 651 13785
355 1388 76092
573 760 68981
1447 1224 15435
243 539 98538
90 683 92778
264 315 77857
468 1422 22863
766 866 48095
907 59 30020
521 826 46620
489 1180 21531
229 252 4568
470 198 41422
1360 792 33070
1417 1233 47740
167 1496 6863
886 815 18457
1002 80 16650
1478 1338 6220
1419 358 80571
863 846 24287
194 1426 38336
636 747 60757
450 606 26341
1154 874 12400
1040 1040 75199
92 778 23059
565 631 51529
756 609 38098
652 527 98928
578 241 63369
182 434 98815
390 1070 13927
1147 371 47797
1195 24 6997
976 1415 60379
1105 6 97468
196 922 32872
70 177 724
930 1181 56430
1000 258 13930
767 439 93369
459 1180 74068
1250 826 6863
1147 873 93452
417 348 97282
1078 1452 13930
1017 499 59957
438 569 33070
467 350 85387
1022 1349 5772
670 967 55307
752 278 44920
1106 27 21730
331 1173 30020
1430 89 66414
944 19 36227
462 1387 22847
902 324 92778
371 790 44044
1019 663 92755
425 1333 90365
621 936 97764
848 893 34482
401 1223 78043
826 5 5772
451 948 13927
379 1409 21531
805 1163 33070
652 33 32872
848 1403 6997
1244 327 15435
1459 1299 65124
451 999 98587
970 1399 17277
13 1077 6220
1348 379 36328
850 1109 98538
237 765 12400
652 1416 44730
355 1115 47797
721 1211 59709
1271 1169 12400
108 472 83427
190 1441 68981
1494 305 65124
154 152 44920
909 1353 78043
424 442 58032
1102 1093 26809
663 1447 42619
127 1020 77085
270 790 99933
211 1250 97540
2 291 99171
43 284 36916
13 789 36328
712 197 63369
1020 972 16125
592 925 79498
431 88 66602
237 566 42619
1253 835 78043
790 1397 97468
797 1398 4568
1097 293 10013
200 657 64684
159 1368 99171
323 887 97282
575 1478 90676
772 409 58032
1267 997 75012
1281 750 15435
936 39 26506
341 835 98815
387 431 59957
717 983 34023
686 1493 10098
852 315 10098
841 1242 98316
254 865 58441
1255 631 92778
173 763 90676
1073 198 99171
722 890 89384
621 1277 58441
811 493 76092
510 30 95369
76 881 26506
528 221 98316
1310 475 51435
1000 581 16125
539 753 10098
826 677 84422
1152 1399 93585
1164 871 66602
458 533 93369
735 1042 3136
1004 1117 56430
439 497 55307
764 306 98815
804 158 28445
327 696 48095
259 21 61394
1093 24 10098
965 39 50847
964 849 21531
308 83 61314
829 1438 30020
1434 376 98538
760 1491 74068
912 1147 60757
496 1473 33070
832 583 3136
697 176 47797
459 1140 93369
1444 955 33368
1461 1262 80571
1371 942 6220
898 876 63369
921 487 20710
102 1399 20710
939 746 24287
1324 430 92755
229 1126 93369
1009 436 26653
680 731 2652
847 691 50847
1448 914 65783
838 311 18457
252 84 64684
8 537 47179
910 327 18150
636 150 89173
592 378 95061
724 239 10098
1198 918 76966
775 617 63369
466 916 73318
1450 254 38336
1457 857 59709
802 1216 75012
398 977 76092
739 112 61314
9 703 41422
404 278 3136
86 1476 29690
499 1102 93585
807 419 33070
175 368 93452
1354 324 546
1468 1478 58032
970 727 53866
447 1465 90028
425 1473 73318
780 728 98928
226 1165 55307
237 516 47794
1216 1322 2363
110 1496 2568
758 202 98928
761 521 66414
832 1491 22863
26 789 97468
1184 1213 47740
44 492 2652
1033 717 5404
498 1305 20060
1064 1372 38098
900 1482 93452
752 1091 28445
132 703 66602
988 34 94325
1071 412 30887
1469 447 93585
692 490 40796
993 374 90365
959 871 77857
292 786 18457
1298 538 99933
800 1289 79498
854 272 74068
1429 1260 85387
846 1182 90365
1051 2 10013
1320 693 60337
581 538 60281
910 348 28445
1395 640 26809
604 789 97764
1294 88 18150
426 942 58271
613 1222 66602
833 568 89384
316 470 13785
245 290 61314
1015 1222 36916
1010 631 63369
376 877 49677
1232 1481 58441
772 126 98815
805 904 95369
758 16 68691
1173 848 98538
918 15 21730
664 259 97302
1454 125 25858
1282 1134 25858
309 362 28625
1475 93 30887
429 1216 20926
1323 873 6220
158 482 724
567 154 16650
42 1071 75199
339 586 84422
925 540 60337
84 673 20060
1373 1333 16650
1243 1307 71088
1092 587 5404
1419 410 89173
1149 919 77857
1246 1485 10098
690 379 93452
148 717 60337
216 494 41874
408 577 72354
586 802 98928
1476 896 79803
1311 487 60337
1213 758 93369
487 758 93585
242 504 47794
150 1193 22847
1481 1341 95789
398 56 38336
205 816 36227
685 1401 70493
1348 228 22863
318 38 85387
1374 102 9442
191 588 21730
278 829 58032
702 1331 15435
4 1311 95789
23 560 54587
886 765 76966
1178 301 18150
771 148 5404
1259 465 4568
1086 338 3527
169 880 26809
362 10 23059
1058 711 25858
1447 1067 95789
879 1089 32872
367 826 12400
670 504 60493
1225 126 13751
508 1385 55737
532 970 66602
305 1490 97302
666 352 56430
708 1409 97468
579 207 76230
261 1086 98815
855 1452 12903
712 622 44044
870 346 36227
27 1205 17277
796 236 63369
1107 541 76230
1150 58 77374
1201 1117 85387
815 196 97764
1143 808 44920
263 514 546
561 78 4568
1361 947 93452
1139 1325 95789
801 972 48830
1432 579 95369
905 580 9442
728 280 32872
812 1095 58441
1103 1089 55307
1330 204 21730
9 764 73318
1161 976 47794
11 615 26341
65 1415 58271
354 199 26341
388 1455 29690
479 1034 16125
538 346 60337
1145 300 93585
1059 129 76092
338 490 8118
47 150 60337
701 160 2568
1180 224 3136
1130 930 55737
510 1317 18457
821 647 80541
1059 1184 53896
96 828 47794
221 738 5772
549 1428 55307
492 1474 29690
1410 1026 13927
1443 705 5212
594 686 46620
1443 47 83427
746 867 30020
1082 778 44730
616 873 60337
800 1093 16650
1113 141 8118
415 632 47797
571 893 98538
534 1187 16650
1424 280 77857
596 222 58271
1083 1319 60337
1069 1253 20926
1090 720 98587
790 19 64371
1228 1484 55737
445 750 54587
1135 1320 48830
203 705 20060
1475 629 30020
784 1224 34023
140 1158 3136
363 726 98587
214 667 75199
938 1457 49677
1253 1184 86716
561 481 95061
851 467 33070
534 669 64371
1404 995 3527
1405 279 92778
479 418 77857
872 780 60757
1369 994 9442
1085 783 66602
820 535 48830
889 1095 98168
208 798 77374
495 1331 40796
338 86 60337
1161 1490 53866
559 821 61394
1114 192 97540
1247 413 76092
547 1497 75199
154 1168 65124
945 557 20060
1068 764 61394
510 110 26809
620 799 26653
224 459 6997
107 1017 2363
759 983 64371
1042 729 9442
819 127 26341
229 281 32872
174 77 76966
66 1497 90028
754 506 58032
125 1125 86716
1434 1348 18457
1232 306 6863
350 1064 38098
11 958 99933
437 276 83427
859 504 36328
948 1030 70493
94 1095 2652
355 700 49677
725 1177 68691
746 1110 5212
1226 1193 55737
1222 42 2246
1052 404 76092
110 1192 72354
795 550 20710
612 1498 46620
154 91 90028
43 797 36916
790 373 83427
808 1119 85387
1378 844 74068
754 917 63369
1193 468 84422
1441 929 36227
816 224 18457
1046 835 97302
806 1340 99933
511 235 51529
916 1024 55737
201 683 47179
595 561 47794
1033 1314 66414
12 1358 47179
895 150 28625
321 1317 79498
296 862 5772
621 167 58032
1387 678 59957
1450 445 44730
385 646 5212
438 92 34023
186 1125 56430
850 1488 59709
481 882 78043
1392 54 30020
1027 702 80541
348 174 48830
212 60 16650
311 9 49677
1432 745 44920
588 34 21531
656 219 13927
889 1068 10098
979 400 71088
70 292 93585
829 170 92778
598 869 80571
885 1080 12903
701 1390 30887
961 174 58441
719 1113 5772
920 621 2568
1097 9 5772
1261 1340 98538
807 261 65783
1111 1090 77374
615 539 60281
293 275 42619
382 975 16650
831 787 9442
877 357 53896
605 128 53896
903 76 13930
1120 1337 97540
237 995 3527
1145 605 5404
1074 1220 68691
723 364 2568
1452 1097 98815
922 779 60379
565 156 98587
172 1112 2652
400 514 34023
988 133 59709
1415 722 30020
602 366 99171
1231 292 26341
897 1366 3527
838 1317 72354
604 1090 79498
9 506 29690
123 678 6863
716 1429 98928
1384 916 30020
389 830 42619
740 283 89173
195 13 98587
1222 910 13930
1463 247 90365
1301 1202 51529
769 63 98815
744 537 36916
330 104 60379
781 1487 5733
216 727 9442
373 1466 55737
1247 161 42619
1264 1382 60757
1146 1344 83427
1197 1496 97468
1190 764 26653
1336 359 79498
1011 688 97540
966 1468 48095
1484 184 97764
535 908 47797
1016 654 59709
10 417 97540
265 62 26653
1470 111 89384
525 1300 60493
345 1135 49677
702 997 18150
1161 462 68981
459 797 40796
132 1331 77857
122 1198 2306
624 60 49677
1007 676 98538
85 646 2246
1011 1170 5733
1201 366 54587
601 1067 54587
336 728 2652
743 38 76966
1333 169 65124
1330 642 98538
832 1265 71088
750 771 28625
1082 1208 79498
23 718 60281
616 418 98168
1194 1018 3136
1269 206 49677
656 948 85387
1192 1133 42619
57 962 97302
472 646 4568
946 1395 80571
596 1328 71088
890 203 44730
1206 818 98928
387 511 61394
986 631 64371
1165 1287 36328
1381 978 55737
265 1386 51435
143 710 99171
138 155 13930
903 1102 90028
227 492 68981
268 549 61394
727 1287 10013
1408 772 94325
793 788 98168
330 668 61394
647 933 44044
778 1427 3527
405 64 93585
1427 1318 41422
1129 44 47794
1032 312 22863
605 1390 85387
688 1297 65124
253 942 13751
1105 1271 97302
285 418 5212
1203 47 56430
1330 451 5733
464 730 2363
699 358 53896
277 1389 17277
755 493 61314
1019 32 28445
906 285 53896
81 241 48095
1424 877 70493
1050 932 68981
603 761 95061
572 76 36227
358 774 72354
539 1402 98316
1032 656 33070
1414 174 13930
92 1080 34023
64 1160 15435
1306 1083 9504
317 985 12903
874 87 80541
1085 1010 60281
174 219 63369
1471 758 50847
9 289 26653
540 202 33368
1454 645 59709
1152 1060 75012
294 865 58032
1460 33 10098
910 1258 21730
1120 843 84422
257 1016 63369
168 1338 5404
333 1347 75199
1153 386 97540
646 691 94325
71 342 44730
1007 987 2246
377 946 51435
380 707 44730
1173 678 78043
1475 1287 2306
848 1454 92778
978 638 5212
248 290 77374
71 1288 97540
539 210 61314
918 1216 65783
1013 92 60493
1141 823 2568
1027 847 3136
606 822 63369
1201 169 98538
485 1499 47794
1115 246 74068
982 317 18457
39 1207 19583
1289 976 44730
525 488 59709
1058 129 60379
798 1155 41874
68 612 13785
623 312 36328
1484 1148 48830
1483 1114 58032
623 595 75199
1402 985 38098
538 773 12903
93 1297 94325
1239 855 724
560 152 55737
728 571 59957
568 1194 6997
929 29 79803
936 11 60379
393 985 94325
165 886 2568
1144 275 9504
449 367 546
242 458 26809
163 1369 55307
442 596 60493
981 16 76092
683 944 89384
384 732 25858
1199 1124 56430
1461 140 38336
1207 1283 98168
225 232 79498
892 825 546
1265 988 8118
290 1429 546
237 1261 5212
1377 443 76966
1397 1179 92755
280 877 30887
148 837 72354
1253 895 72354
1132 1120 2306
1378 863 46620
933 628 84422
357 1269 85387
728 5 21730
1466 233 55737
147 481 12903
1412 761 2363
1151 1260 47740
1030 1012 20060
1044 995 58032
140 1225 98815
61 657 70493
969 1365 94325
1010 944 12903
459 1261 13751
1054 260 19583
1328 523 40796
1330 525 3136
1020 55 4568
105 1450 58032
661 441 33070
580 502 18150
1477 1470 44730
643 1331 55737
164 641 95369
1418 195 6863
152 374 97468
1498 203 36328
1103 74 26506
923 179 5404
237 839 55307
424 1418 55737
471 247 63369
734 1241 66602
441 1404 50847
261 1321 22847
339 324 60281
940 321 41874
917 275 15435
948 1197 5404
928 286 93452
200 1061 26341
1474 31 89173
69 1116 5212
1494 57 92778
912 669 84422
524 1359 6863
509 1150 5733
1400 566 8118
865 13 546
155 1292 68691
988 344 74068
239 317 2363
1235 737 71088
824 1082 47797
316 494 99933
1480 1017 47794
1468 378 59957
629 277 98168
64 1141 61314
1399 148 72354
1168 1135 10098
496 225 2306
559 1460 75012
1385 1135 49677
1119 1450 13751
373 281 94325
985 601 24287
1247 81 8118
575 496 98538
267 394 2568
898 61 93452
725 909 33368
1219 1467 97302
950 203 4568
614 173 65124
771 545 47794
796 29 77085
51 128 55307
1082 1054 2652
605 1320 75012
628 1069 60757
637 645 83427
870 364 47179
1415 165 546
93 1130 98168
221 752 60281
981 399 724
1193 449 76092
1485 30 99171
772 987 79498
804 466 77374
897 1454 2246
750 1175 53866
1273 1089 50847
146 1182 94325
1043 254 33070
984 86 95369
158 1278 83427
606 1262 44920
960 885 48830
1132 188 20710
1225 1437 30887
111 1038 97540
1211 811 53866
1328 1308 77857
1073 1203 97764
70 1038 79803
965 1195 61394
808 653 60493
1033 112 79803
1096 95 36227
476 1320 51435
1309 1430 58441
669 1492 20710
765 1319 30020
1246 892 93452
480 1313 46620
151 777 21531
1099 84 18457
660 1469 97468
1105 1416 94325
941 744 24287
362 904 10013
820 72 10098
940 1188 36916
1219 933 47797
849 264 2306
368 414 28445
1081 364 77857
947 1023 48830
1275 979 12400
198 420 84422
440 1133 60757
1315 452 77857
682 243 16650
219 313 2652
999 13 2363
91 380 15435
1459 313 36916
614 111 16650
886 1385 38098
277 83 13751
411 874 72354
1448 1041 9504
1057 574 17277
354 792 93369
1287 642 53896
983 732 23059
1445 1042 36916
771 155 546
1471 1392 93585
149 520 64684
1099 930 79803
180 878 55737
417 786 42619
895 1491 55737
186 1277 5404
990 760 98538
1377 704 61314
224 1474 20710
1033 1444 59957
226 445 77374
1354 395 3136
707 926 98815
1100 1342 86716
566 737 92778
1175 922 92755
925 763 60379
610 639 8118
1336 1214 40796
1068 746 13785
1044 1324 79498
1188 29 98815
1465 735 99171
1119 686 25858
58 103 23059
840 1277 36227
1399 1053 46620
420 162 3136
1293 349 44920
1344 1416 20710
190 960 41874
980 999 46620
1016 963 48830
125 933 49677
928 990 80541
967 682 58271
428 932 47740
651 1351 36328
364 1496 44730
1291 191 76966
316 380 97468
663 211 98815
1391 1226 38098
1352 202 58441
499 1482 68981
99 948 6220
1328 1375 93369
608 877 4568
402 93 30887
895 1383 546
1304 550 20710
24 1213 51529
1242 1103 21531
774 1306 76092
1238 304 72354
1192 755 78043
678 582 90365
1448 41 22847
568 794 36227
35 541 47797
1192 344 6220
1228 368 47794
326 461 74068
1353 1235 18457
1081 972 95369
791 1015 64371
300 545 26653
1183 492 51529
1443 1411 42619
647 1445 2306
86 1136 94325
74 1215 16650
1274 392 95369
928 244 80571
739 1324 92778
854 966 98538
927 1265 80571
81 948 92778
776 1242 99933
1468 741 97468
848 826 36328
923 899 97540
218 1024 5404
1473 803 93452
1314 41 48095
626 1247 98316
953 673 47740
324 754 68981
538 381 79803
662 348 25858
730 47 6997
785 1321 5404
554 390 60379
1066 714 23059
321 527 53896
1252 5 79803
148 957 68691
308 133 546
268 670 78043
1469 1332 2363
410 561 66414
528 198 48095
44 751 24287
583 669 29690
424 989 10098
657 1092 17277
637 1239 99933
141 399 20710
398 666 47740
239 634 56430
427 1395 90676
661 422 42619
1067 465 97540
11 1399 94325
21 322 3527
909 1330 68981
1449 466 97540
297 958 56430
778 207 99933
428 445 46620
261 871 95369
654 31 58441
1245 1450 79498
290 312 92778
1151 332 72354
704 1240 8118
997 40 6863
1381 337 89384
662 1114 4568
609 393 21730
392 653 93585
1218 1306 65783
168 1402 98168
1435 191 20710
747 193 92778
1085 897 90365
1252 745 44730
736 625 46620
1178 1287 26341
327 747 36227
272 1490 33070
1087 59 95061
1137 227 99171
784 161 13751
1095 1259 76092
237 843 15435
970 946 42619
243 182 5772
204 1359 90028
1278 537 9442
96 808 17277
714 747 63369
1490 383 60281
667 19 36328
386 1113 60379
650 201 92778
1458 1170 78043
363 265 2363
1392 820 90676
1411 950 86716
676 1045 10013
1430 611 64371
743 600 98168
634 118 12400
685 855 77857
847 5 70493
351 314 2246
1152 676 55737
635 919 5404
1476 829 23059
205 4 2363
1242 286 42619
377 1028 64684
599 514 38098
486 1198 61394
690 896 13930
741 1246 74068
814 898 98928
3 32 9504
1160 359 34023
617 563 97764
1119 305 20060
731 1033 19583
1294 483 63369
826 969 78043
65 158 16650
807 1250 6997
363 916 55737
947 918 2306
1301 577 26341
983 46 19583
1021 16 22863
1344 1099 9442
47 1244 99171
762 922 80571
379 986 68691
540 292 6997
798 655 56430
453 101 6220
843 1401 53896
91 1235 50847
1401 756 13751
368 951 36916
719 997 47179
52 611 19583
706 989 20926
368 380 54587
1280 1177 6997
459 129 50847
204 1323 76230
1229 1413 20060
799 1314 22847
736 181 53866
272 899 44730
1051 1302 38336
1251 507 25858
1288 1227 60493
116 1006 2652
1099 317 61314
1033 520 16650
1220 600 60281
1493 250 6220
1021 985 85387
1499 1256 47740
326 1158 48830
1263 908 98316
893 1047 55307
550 1163 98538
235 761 9442
49 645 60337
38 716 44730
1439 708 99933
1153 228 66602
1047 227 24287
1043 552 98316
488 667 65124
1144 59 2363
1174 960 22863
1414 1194 13930
117 95 33070
1192 132 13930
217 70 13751
992 74 65124
1251 1120 93369
117 1014 55307
141 1 47794
1425 1497 34023
755 22 13927
99 1435 86716
203 52 77857
1303 95 44044
119 311 60379
1495 154 17277
98 1404 33368
779 21 89173
863 513 73318
466 437 44044
126 43 97764
1098 141 2363
263 695 72354
1374 498 77857
1468 968 34482
131 962 60379
719 1411 90028
926 1041 53896
998 404 46620
1070 1221 22863
1491 198 68691
433 147 30887
1161 761 5772
441 634 59957
518 601 71088
906 1083 546
1448 301 16650
745 78 13930
62 1075 46620
1391 645 83427
509 987 55737
1170 1419 48830
471 1079 53866
466 371 83427
1311 889 13930
123 646 51435
600 593 3527
988 189 97302
917 250 78043
1248 493 94325
504 1353 99171
1457 1022 64684
1056 1492 93585
1416 458 76230
1262 268 44044
560 742 41422
940 193 26341
473 1181 61394
436 597 26653
1121 696 80541
1302 1199 36227
1321 1155 51435
1258 1063 23059
773 978 16125
1363 1091 41874
1341 502 58032
817 294 3136
885 766 724
1493 1201 66602
1203 1173 97302
1405 1326 93585
1460 1146 98538
1388 903 47179
955 528 68981
184 742 98928
1179 583 65124
268 251 2306
1049 1135 83427
362 1479 68691
271 1182 17277
875 1438 97764
30 1397 33368
340 136 33070
563 1091 72354
616 126 75199
260 1304 2363
405 423 33070
843 1471 85387
898 684 83427
1006 954 58032
1139 329 98928
1097 710 55307
700 1049 93585
58 464 26506
295 1079 58271
1274 190 58032
1334 594 2306
497 288 98538
1145 38 16125
272 1395 6220
580 1033 48095
1178 629 98168
524 181 66414
5 590 21730
577 885 12400
125 658 98168
977 843 5733
1104 191 51435
1201 1336 48830
481 107 46620
1067 1039 2363
481 1068 9504
957 91 5212
981 95 49677
320 1023 34482
1089 1148 90028
196 976 90676
601 579 61394
1293 631 60281
170 1464 60281
793 1030 66602
1301 11 2363
1290 967 89173
1458 799 36916
716 1118 23059
62 706 13785
65 1254 89384
1263 706 61314
1151 498 64684
1226 1019 60337
1407 663 77374
1479 464 36328
1117 253 60493
846 562 26809
1021 1278 9504
718 191 20710
415 256 44730
1439 18 73318
393 20 32872
1478 97 18150
1026 3 60379
456 333 6997
1395 1450 85387
1005 795 19583
1060 315 93585
1437 1384 20060
1371 298 71088
1058 588 44920
302 981 26341
395 958 76230
1154 836 78043
1427 1291 93369
1016 37 85387
1208 1041 47794
462 953 47740
1345 889 48095
919 1111 60281
747 1020 32872
1297 1321 77374
365 567 89384
1030 220 2652
549 498 77857
752 365 75012
905 73 22863
703 886 20710
816 731 28445
1164 149 5212
661 1247 41422
746 1043 12400
311 1408 93585
1186 937 13785
1395 337 16125
247 1440 77085
987 844 55307
1267 399 98316
1000 1214 59709
472 1229 71088
1407 389 34023
8 1135 60379
634 1445 89173
1473 1482 95789
236 1377 65783
996 475 12400
972 1461 21531
1021 1227 94325
807 726 5733
1323 50 26341
839 1456 4568
101 315 58441
406 948 36916
970 1273 59709
1322 8 68691
510 1355 36227
1490 826 89173
665 698 21730
238 356 73318
1376 530 93452
1094 1368 4568
1200 321 32872
1293 726 80541
534 548 73318
904 369 18457
3 1231 98168
1075 1220 60757
608 736 95789
1367 973 16650
203 1200 13751
589 793 20060
929 492 93452
436 636 61394
539 1169 48830
765 573 75012
1351 927 85387
642 501 2652
759 1108 59709
426 1326 44044
448 29 90676
1351 617 98928
622 397 26653
213 833 6220
882 223 85387
949 1339 34482
1385 41 99933
403 683 64371
640 293 98815
112 718 2568
908 17 59957
1403 1368 58441
1190 841 33070
1469 1054 84422
1235 787 85387
669 587 93585
1028 824 36916
1164 1226 38336
1449 366 47797
194 477 12903
264 1385 75012
714 139 90676
280 1329 95369
946 1297 61394
945 1031 66414
1165 551 60379
76 430 5212
528 94 546
513 394 95789
791 587 18150
287 1202 98168
151 415 33368
234 1046 28625
1157 844 95369
486 288 5772
952 1452 5733
505 380 78043
1233 1259 68691
187 271 24287
1005 1062 48095
4 200 26341
387 702 26653
909 1287 42619
110 1295 93452
608 280 6997
987 84 33368
417 940 34023
629 673 61394
1285 859 63369
835 715 26341
1324 1071 724
366 1457 61394
1322 1217 6220
1028 1327 85387
77 786 51435
913 272 30887
201 1041 19583
571 521 16125
348 305 89173
747 1492 30887
707 167 90028
70 532 64684
134 705 5404
336 233 97468
684 309 41874
1312 1222 97764
875 274 16125
1378 844 89384
1404 43 72354
789 789 6997
92 1495 55307
113 416 18150
442 549 30887
840 1236 12903
1416 420 48095
1277 583 98168
1410 1458 47797
1082 187 60757
127 90 97302
976 878 33070
316 969 64684
174 1433 48095
563 727 41422
508 418 26653
686 334 44920
24 462 61314
583 371 77857
267 305 18150
1146 431 99933
568 1406 15435
779 573 73318
188 746 77374
1160 160 46620
385 667 6997
846 1352 83427
225 1375 30887
539 457 56430
1162 1075 2246
471 1073 65124
222 492 49677
850 122 75012
1298 309 70493
531 1469 5404
490 353 21531
867 1198 34023
428 275 93452
451 1165 36328
1197 1179 77085
746 501 26653
726 722 68981
1314 423 28625
975 221 3136
1380 1103 98168
797 93 16650
528 959 99171
462 238 546
271 689 16125
1241 385 5212
1433 1130 20710
401 707 50847
1008 873 68691
237 347 4568
1275 578 30020
1132 1374 53896
194 401 53896
806 1215 6997
543 337 5733
1445 77 13930
525 361 61394
458 761 74068
1112 269 97468
1040 857 61394
1189 631 84422
1292 615 64371
339 1160 6220
344 817 44044
586 1360 4568
721 1304 18150
1239 681 63369
239 1490 2568
298 1101 99933
1228 992 80541
1005 1032 63369
211 1175 18150
790 13 5404
270 356 13927
1316 1294 2306
51 514 47179
362 604 66602
1033 843 36227
169 1492 89173
1073 1219 36227
1334 1075 12400
1077 137 47740
1434 927 2568
302 1196 89384
1487 1364 93585
1383 1414 66414
1435 275 2652
1018 159 5772
239 328 92755
1263 252 26809
279 85 12400
679 1161 51435
401 1446 60337
487 248 41422
1281 586 58441
368 821 36916
320 1107 83427
876 624 22847
1125 1214 53896
1366 977 2363
177 107 86716
414 785 70493
436 37 63369
236 876 51529
1232 656 60379
942 1024 98587
566 195 3527
463 1070 44730
1223 1047 61394
810 1264 74068
649 1440 28625
924 353 95061
859 1141 95789
740 1376 48830
1220 1107 92778
1138 549 20060
727 1466 58032
1423 428 86716
94 503 21730
1126 1312 97764
839 812 5772
658 235 38098
113 1094 97302
1105 685 97540
1472 757 75199
1347 394 19583
744 1472 56430
1040 246 20710
554 339 16125
1465 317 79498
992 1155 60757
105 664 59957
275 776 8118
85 381 10013
123 352 60493
1267 198 58441
663 1294 97302
1172 833 64684
1312 238 6863
103 555 68691
909 46 6220
674 502 724
1026 1129 48095
971 65 47794
101 187 58032
338 305 64684
969 967 28445
423 990 3136
474 802 19583
864 1256 97468
70 664 12400
782 189 724
1009 1215 93452
864 685 30887
746 1137 22847
184 1475 5733
172 1295 47179
1452 569 47794
1269 1394 93585
1324 758 95789
784 1179 13751
642 813 65783
1001 321 22863
1340 1184 97468
595 782 78043
1185 1317 97540
932 1488 93369
497 292 13751
1051 60 61394
1259 1383 33368
73 667 97468
1051 1308 51435
1069 1160 28445
801 1351 47740
1217 445 2652
474 482 20926
853 265 3527
230 1113 16125
175 663 63369
14 773 47740
609 846 97764
1235 748 3527
1173 316 84422
1432 1116 47740
578 1184 40796
505 158 36328
248 1362 83427
331 92 64371
705 618 92778
1139 631 89173
1455 92 98928
141 178 48095
134 1351 36916
138 134 55307
1492 711 20710
642 67 83427
626 666 24287
873 997 78043
733 201 3136
107 191 13927
253 497 5212
97 637 47797
687 770 92755
445 907 70493
169 1250 44920
1429 744 93585
1346 1369 6220
329 1093 26341
902 325 23059
593 431 30020
119 684 47794
1235 1132 36227
1029 318 59957
673 1114 15435
1154 135 42619
493 63 5772
250 261 68981
673 589 41422
943 1490 13785
1414 935 59957
928 1405 60281
938 1139 6220
84 668 38098
352 192 90676
27 1346 90676
155 690 59709
1026 1292 51435
617 464 89384
1300 258 48830
808 524 2652
1099 1451 60281
572 1240 6220
29 1323 94325
155 527 99933
1394 553 60757
1268 707 93452
1204 232 40796
252 848 3136
240 999 47740
217 307 21730
1481 257 63369
1148 1180 15435
454 1208 70493
779 1362 18457
1296 1256 86716
509 1375 53896
412 1430 61394
106 181 44920
967 772 80571
234 988 18150
375 1320 12400
819 968 47179
1353 273 97302
210 1052 47740
1093 1199 80571
1380 207 60379
1225 619 9504
153 1076 60337
1428 543 95369
702 1128 59957
985 354 47740
1173 24 98538
1040 1377 86716
966 86 92755
1106 31 6863
1001 262 20926
770 339 2246
468 491 58032
1050 419 26341
551 1472 83427
1392 956 60757
904 980 66414
1383 871 38098
634 689 2568
1289 294 36227
493 147 5772
1052 1268 77857
1433 236 75199
1390 137 58441
740 688 48830
70 931 59957
1253 334 51435
1311 216 92778
1246 1201 4568
118 1341 6863
520 334 5733
35 237 53896
1389 170 58271
233 411 9442
1347 2 76092
932 71 53866
676 175 98168
1048 1486 77085
1495 83 33070
777 200 95061
705 719 71088
1131 1105 77085
973 993 28625
253 77 44730
818 1423 3527
922 1206 68981
808 382 74068
1027 281 72354
313 275 55737
800 1052 79498
1479 608 9504
1343 239 71088
1443 63 8118
565 315 70493
96 1485 92778
1481 1258 3527
1437 566 75199
419 444 78043
886 757 93585
287 408 97468
1387 738 47797
557 580 47794
831 522 47797
950 1438 2306
794 386 10098
912 366 71088
1087 654 18150
1292 1072 5733
629 809 68691
240 1447 20926
1255 185 2363
229 1093 18150
941 424 90676
567 225 4568
507 1018 53896
432 781 70493
466 368 95789
1065 511 54587
607 1491 98815
1258 230 64684
1167 336 47179
1462 916 16650
1187 356 86716
286 1274 2246
823 281 23059
244 1064 724
735 29 47740
380 1093 24287
1096 551 47740
324 660 80541
999 327 2652
711 288 10013
15 326 84422
1242 612 17277
45 1434 53866
1366 529 44920
1172 1264 18150
1344 495 21730
879 90 95061
403 765 13751
861 616 77374
1303 178 49677
12 192 44730
576 285 98316
1266 329 68981
736 547 59957
1269 218 66602
330 413 3136
1187 143 97764
1095 898 13930
514 258 36916
259 60 38098
643 423 93585
204 999 48830
377 1116 13930
834 352 13785
320 120 90365
273 802 26506
368 488 16125
1256 434 26809
1409 947 24287
676 1205 42619
473 699 55307
460 1255 89384
732 131 9504
1332 964 66602
1330 136 6220
397 408 21531
1376 1128 98538
998 883 22863
369 791 64371
1498 319 64371
1186 791 58441
148 1250 50847
461 833 59709
389 1016 60379
316 1197 9504
1066 93 2363
766 321 86716
953 1318 3527
425 539 2363
844 536 74068
1320 221 2568
994 720 90365
774 1180 2568
684 68 98587
409 735 5404
622 301 60337
1242 1066 98316
341 870 89384
674 1294 59957
298 990 36328
592 809 90365
176 302 20710
1362 1427 85387
380 610 13927
765 1370 66414
495 491 76230
670 584 9442
1164 1276 47794
328 450 93452
382 1099 26341
619 191 5404
280 366 28625
661 579 97282
721 958 47797
52 223 22847
1266 1069 10098
484 238 89173
767 254 48830
771 933 2363
569 1315 64371
207 785 21531
302 1065 97764
1401 225 77374
575 1297 2568
709 1348 6863
713 1466 53896
60 449 71088
342 68 72354
399 838 89173
906 258 89384
1011 465 75012
158 1118 10098
1170 1018 50847
113 444 5404
14 1153 20710
488 717 47179
531 1128 97540
16 321 71088
1253 720 6220
423 125 97282
1259 1487 64371
1028 144 99933
712 165 2306
973 278 44730
1029 291 20926
137 778 61394
358 161 94325
232 176 24287
172 1428 29690
950 351 44730
486 461 44730
837 1488 75012
806 1052 48095
292 876 26809
221 756 97282
507 893 78043
9 102 18457
990 333 13930
792 857 94325
165 306 68981
1162 1143 51435
645 832 90676
623 137 65783
766 428 95369
1185 1000 98587
747 358 29690
1086 366 2306
85 208 26809
1111 999 80571
916 16 42619
1072 1177 48830
540 674 53866
1495 1296 2306
854 913 12400
1087 950 16650
928 196 75012
1309 1281 70493
644 217 6997
311 179 68981
1186 1094 76092
866 1017 19583
893 408 56430
1399 755 3527
893 108 10013
1166 46 54587
939 974 25858
1421 782 18150
1120 277 94325
675 939 12903
432 624 41422
204 342 83427
1152 1234 90365
1274 1133 68981
43 877 65783
1224 543 9442
707 333 6997
32 605 98815
1342 224 28445
1015 1250 90028
71 533 2363
220 736 36328
589 388 94325
1366 161 65124
1045 555 36328
35 278 18457
219 1336 9442
227 1368 55737
221 1209 5772
140 1075 58441
997 1497 36328
1329 568 59957
855 1157 36328
1262 1022 41422
505 919 94325
624 953 90028
1286 23 33070
1131 602 3136
433 822 98587
1458 961 20710
1084 809 16125
1243 990 58271
638 344 6863
771 457 48830
1065 1313 95061
412 436 55307
389 573 22863
202 556 3136
233 988 9442
325 945 28625
1491 880 2306
1153 975 64371
1383 112 53866
121 1234 26341
1381 798 20710
910 62 41422
1392 450 47740
397 1003 90365
2 1236 55307
781 412 54587
1021 402 2652
921 54 38336
310 289 42619
394 761 38098
1286 993 26809
490 755 65783
129 646 28445
341 1042 95789
1108 1396 99171
214 676 13930
616 548 77857
398 320 90028
1153 629 77857
872 1374 546
324 11 99933
925 500 2306
88 981 13927
52 1321 18457
1018 1281 42619
924 346 60493
888 962 68981
1254 1359 5733
877 1011 41422
788 734 95789
311 1409 97540
827 834 2568
949 1273 2568
217 1324 12400
526 1193 32872
1082 616 22847
1165 356 20926
648 461 94325
451 1337 58441
1234 976 29690
390 1286 2306
1409 965 47179
632 765 93452
482 981 33070
505 6 24287
1012 1439 5404
13 1456 32872
678 603 30020
1202 1053 38336
88 786 60337
1207 28 72354
1087 288 30020
300 919 92778
1137 253 92755
297 1109 2568
1002 621 2306
1174 985 36916
201 162 97302
40 1363 6997
863 1450 2363
13 9 66602
