100 100
11 27
93 11
72 93
37 27
51 37
69 37
68 72
67 68
83 37
31 68
13 72
39 83
54 83
60 11
34 68
1 68
22 34
59 51
29 54
14 69
28 60
57 31
63 27
56 13
47 56
45 27
49 72
70 37
53 39
38 72
99 29
76 38
9 49
66 69
8 31
50 37
92 37
81 70
25 45
3 59
6 38
35 14
64 3
82 53
19 14
52 9
26 81
94 14
74 60
42 6
4 53
86 6
15 26
2 82
33 66
44 37
10 70
12 10
36 4
61 72
71 53
65 99
97 57
46 8
88 50
30 3
90 93
7 83
89 37
55 88
73 83
16 30
58 69
100 59
43 55
78 74
21 100
20 83
18 97
32 12
5 13
87 49
95 47
80 61
40 60
75 69
62 33
79 64
77 58
41 15
98 63
84 60
23 74
17 42
85 58
96 56
91 81
24 89
48 27
18 97 97764
44 71 16650
91 100 60493
26 45 89384
6 40 97764
87 70 92778
43 65 60493
8 56 47794
49 12 92778
29 100 36916
47 69 2363
23 12 2363
6 2 30887
31 79 38336
21 37 47794
27 23 38336
9 17 68691
59 25 68691
63 25 89384
37 53 97764
80 51 16650
72 74 90028
82 31 20060
95 61 36916
100 82 97764
97 60 36916
14 69 38336
96 27 90028
85 41 2363
85 77 68691
37 8 89384
57 80 36916
88 13 20060
73 60 41422
37 11 68691
88 7 85387
14 73 30887
56 20 47794
22 5 47794
12 41 92778
6 29 92778
51 85 20060
21 25 60493
70 97 30887
31 85 60493
73 73 38336
26 86 92778
100 41 92778
99 14 16650
91 25 38336
10 82 41422
37 33 2363
95 5 97764
70 74 90028
51 56 2363
43 80 47794
94 6 90028
68 5 20060
62 55 85387
60 45 60493
3 7 97764
22 43 36916
29 90 60493
9 59 36916
37 9 20060
49 4 20060
34 49 89384
55 68 85387
69 30 38336
47 89 92778
50 91 20060
34 64 92778
54 93 85387
26 53 30887
76 89 68691
30 37 89384
15 22 89384
5 29 60493
51 49 30887
3 95 68691
100 44 97764
3 29 36916
1 82 92778
39 60 90028
36 35 47794
93 16 68691
5 30 47794
65 86 47794
44 36 68691
1 39 90028
50 90 92778
89 93 38336
44 45 41422
91 83 38336
42 70 90028
33 62 68691
61 18 36916
62 82 41422
91 26 90028
68 78 41422
