2000 2000
43 1312
361 1312
1026 1312
1140 43
762 1312
82 1140
1825 762
1687 1825
1426 762
1348 361
455 361
1306 82
473 1687
1645 762
1627 1645
525 82
1386 762
218 1140
632 1386
206 43
359 1426
313 1312
627 1687
1101 313
312 1140
727 1348
995 218
917 1348
1260 1687
722 1306
1530 727
384 722
291 473
1565 1530
221 917
1052 312
749 727
1632 1052
460 291
268 82
628 995
57 313
1887 460
1215 1825
228 1825
1513 1101
281 221
413 268
1431 221
616 361
970 1632
1360 206
1986 455
46 627
1642 1530
1009 455
1269 43
988 1632
279 281
339 1260
567 1009
1771 455
756 228
857 1771
418 1312
835 82
478 1269
1850 835
1067 418
1206 279
1789 1431
270 57
519 46
946 279
784 917
874 756
459 1360
1587 1789
1638 459
290 762
369 43
1773 1887
935 290
758 312
1315 1348
735 291
466 413
1442 1026
850 1360
1619 57
1439 1009
812 46
1389 1431
1412 1619
794 1067
1149 268
1682 627
11 1619
468 857
1039 413
700 1850
1418 1140
1840 525
559 1039
1622 1426
179 727
66 1986
1174 1825
1921 1850
1676 1260
873 221
550 700
1391 1530
1559 339
557 616
417 413
1116 1771
1522 1530
97 835
575 1676
1492 279
55 1439
437 1513
65 1522
147 1391
189 1627
1502 1645
1342 525
1941 722
225 988
782 857
1202 1565
743 478
134 632
1003 1206
135 995
140 988
799 279
754 1687
1213 935
251 218
1397 970
126 850
1971 1687
1863 525
813 1206
50 361
978 384
686 251
1537 995
1573 835
142 988
666 1315
558 799
1472 1213
602 50
1027 567
1468 794
506 735
13 1468
1498 126
1237 1140
1133 1522
33 126
1106 43
818 1619
1480 743
1245 627
888 359
470 1202
1935 135
848 270
1264 1213
956 339
1716 722
1590 57
1769 290
994 749
360 794
1550 179
612 1513
823 602
577 1850
1119 279
130 140
212 1149
346 1921
538 988
333 1140
1487 994
263 468
643 1264
95 1771
1815 339
241 1622
919 1418
488 756
763 1360
1776 1550
1818 1771
920 126
79 1771
733 812
295 970
1018 1622
26 538
1104 1009
1138 559
1278 1213
1976 66
1958 359
286 1360
859 519
926 147
173 291
226 762
520 1260
73 550
837 994
698 627
1056 295
1091 559
1248 11
338 82
1972 468
246 1716
308 1638
1634 1935
31 1009
790 1027
354 1863
185 988
852 413
1139 359
1251 848
1869 790
1907 79
598 79
1007 43
714 1386
738 251
950 700
1121 189
752 1101
572 1215
764 31
1678 1590
597 57
1633 417
866 226
1742 616
1037 733
1956 754
362 1264
1216 1037
1212 97
1623 686
1775 857
755 946
1929 55
1322 1360
294 313
401 1039
1923 228
428 478
404 1565
1247 1587
1284 1468
311 1972
704 1101
69 1956
1006 946
348 1133
951 1887
186 279
213 360
1515 348
292 290
921 818
1276 1389
925 291
141 417
496 1632
1233 1431
411 1776
1977 1056
1164 1513
1899 823
625 1921
1141 346
595 1537
1466 1116
351 69
1263 1315
1539 1958
181 213
1779 951
1724 698
325 268
326 1007
1123 612
1289 351
187 135
1822 97
673 251
1366 46
748 1215
272 384
1777 917
433 142
143 206
198 66
1669 1777
277 186
767 428
1047 950
825 749
729 857
247 567
1304 873
721 1284
1085 1623
211 1342
1107 602
1381 1929
121 488
377 1003
127 291
297 1276
1053 1107
309 135
40 333
1560 1632
713 1513
328 134
1017 926
1105 460
1110 1213
451 1138
262 837
867 1247
1848 559
634 277
133 852
1864 50
1171 1110
1990 277
1363 525
1210 1342
112 1276
730 1537
788 988
1346 270
766 1091
1948 1067
304 1245
1876 1530
1892 1822
197 354
591 1442
63 978
430 333
1132 970
1448 525
1858 988
1183 1858
1008 790
207 133
604 557
1721 1487
809 1590
1983 950
322 1539
1488 466
1416 758
1636 362
315 722
138 73
723 1278
893 749
1035 1322
1151 1037
947 291
1596 95
12 226
330 1818
710 1397
117 369
1709 1052
596 1498
2000 346
174 1067
431 1948
154 616
8 1619
1273 127
149 597
456 478
904 1009
1249 330
1358 1009
144 595
171 26
1564 339
861 174
1683 730
962 1141
210 1003
1087 40
554 1386
1176 1249
497 1322
584 1487
86 1215
1477 46
965 95
1945 63
1893 782
1526 794
1529 326
365 893
1408 767
1491 873
680 418
495 1623
48 1498
579 185
92 698
929 1306
1649 1682
696 1119
1097 722
68 1264
889 700
726 26
816 133
646 251
980 1530
395 173
940 812
1723 1116
1784 57
527 680
658 473
492 893
1828 577
1578 171
1846 1776
1060 673
1347 893
1150 1202
911 704
529 950
242 1678
1310 1634
759 874
611 1347
383 1247
578 1213
1891 46
982 1264
366 1526
989 1101
932 1526
1010 1956
778 413
22 940
601 940
62 366
953 1010
21 1110
16 812
736 496
1369 1215
638 1206
718 935
1196 1346
777 112
14 1956
786 359
561 867
386 722
454 360
963 1596
1836 1315
387 1151
209 135
556 1310
1673 134
542 995
7 197
1425 1977
695 1213
998 1682
885 1008
1772 1683
1368 929
1020 978
1272 1921
448 270
300 1010
1510 333
502 723
324 330
667 492
810 1347
958 1442
619 1097
1762 1948
199 351
489 21
1433 1171
1671 361
1853 1775
425 837
240 21
1483 538
323 1560
915 451
1155 1893
109 680
1188 718
1453 1346
1059 1850
151 1138
791 1480
100 210
688 386
1204 130
1152 277
1538 1106
860 1123
148 920
1190 1578
1167 149
1501 926
1857 857
785 673
1602 704
465 1121
1353 1669
1378 1921
1512 602
38 1152
1518 1276
1362 181
1005 228
10 1426
683 638
1911 595
524 386
1639 962
1253 97
728 8
157 627
1783 748
1441 1742
1570 263
422 377
1034 764
581 982
679 312
1078 1202
842 1110
1628 673
1147 1850
1957 625
845 387
475 12
930 117
880 1892
1730 1412
442 1386
992 1887
44 262
1443 1034
594 1828
565 2000
792 211
177 241
111 604
1242 1132
1791 383
933 1709
317 1190
39 575
725 926
1292 1986
1759 294
1352 1537
1684 189
1878 1369
1704 1056
834 1412
1199 1784
1189 1174
1356 810
1156 1034
1794 1619
445 1550
907 1346
1424 1106
1302 946
824 1121
1287 1709
75 762
1359 1578
1255 451
61 1539
1246 550
374 1009
6 956
49 7
283 1431
1611 187
458 361
669 1468
1076 1623
526 581
1327 965
1625 1389
660 1510
1894 281
191 1518
1845 1035
1689 75
1239 581
740 338
1073 627
1077 428
692 1269
1967 1442
1054 723
1618 718
924 1368
1317 1645
1842 524
1667 1233
868 11
245 92
1994 740
544 263
393 283
1796 339
869 268
1326 1907
522 824
1175 1067
155 1789
29 837
1217 598
843 211
826 1315
375 100
1473 778
654 247
1870 488
227 1689
1653 935
316 1678
798 1893
1991 953
1419 100
1763 919
1484 383
1727 245
1475 8
981 1763
771 788
239 1759
708 1368
1458 1151
1268 813
32 495
334 75
513 65
1741 748
1413 1326
1137 14
984 1018
1162 1212
56 940
123 978
1601 1971
1481 65
1095 157
1584 1352
1554 1559
610 826
390 1894
724 1857
939 1202
256 1006
699 538
991 32
166 963
1194 998
1906 422
1357 1363
1600 727
1323 130
464 893
1399 1147
954 835
570 221
1830 1759
1949 239
806 759
534 1892
1096 1573
780 788
543 1060
201 1255
521 277
335 1009
761 596
605 602
651 442
1793 1573
883 1171
1230 826
745 638
1702 816
1461 1957
1280 8
1690 251
1650 1825
1236 1642
972 240
1340 852
1465 1671
751 470
1514 561
765 1322
1516 758
1350 496
1914 1477
403 740
1882 718
1012 806
928 1771
750 1650
416 149
192 1188
1288 962
1583 1649
266 759
1004 1724
1517 177
509 542
1841 1825
537 527
1405 1018
1364 497
1285 123
664 1618
914 174
305 1273
1593 998
1668 1073
379 86
1331 177
1975 268
472 1206
855 1151
219 667
905 850
836 932
427 790
1394 726
652 612
684 835
803 954
838 69
1079 241
1460 1116
1939 1363
71 292
1728 1994
1993 970
518 304
1451 907
707 1690
1965 1368
817 1433
1332 1368
822 1967
804 460
1606 1477
1572 761
1536 1636
547 930
1181 1618
863 1958
278 1096
1614 1204
1030 210
1240 7
1788 581
936 360
183 837
1533 1137
1718 8
85 1763
349 577
1209 822
342 556
253 728
382 1008
1108 85
1159 460
103 666
877 883
1922 1776
821 867
1267 605
564 111
1995 460
259 921
952 1264
571 1948
370 1684
1485 1087
1960 1794
1786 1123
1231 1162
87 834
744 1611
1166 1347
1157 893
1609 1836
545 995
1844 1060
194 1157
1981 1317
67 366
592 771
717 393
1508 422
119 885
1677 860
1184 868
815 1522
1341 850
215 1762
1744 31
265 1842
461 542
84 1230
985 1341
580 917
879 1096
923 1171
536 1911
487 135
856 1039
1696 1488
853 816
1187 888
916 1322
1866 351
808 241
1731 1030
118 43
1888 933
1343 845
368 758
353 455
1454 1602
391 525
1591 529
439 73
1711 1017
1717 1095
1780 1822
1129 73
343 346
165 947
844 1123
1766 1830
645 259
576 873
1226 526
1436 197
1541 1573
505 825
1266 1983
1227 154
1305 1159
1500 1175
1726 925
517 1323
1904 666
1979 919
656 1492
600 1866
1038 628
1463 374
1884 270
1604 673
1761 1704
1826 804
1543 1005
711 1007
540 1584
1503 1682
1345 1360
223 56
734 1971
858 866
1872 513
235 686
1074 914
1615 558
1422 543
1719 123
1293 109
1833 1304
966 726
1523 764
614 1302
1954 861
568 643
753 239
1421 228
1354 794
1635 177
938 1922
650 1350
1407 240
1548 1212
1015 207
841 1340
479 848
900 1911
1220 142
1610 62
663 1352
941 761
1191 1766
800 1828
1130 1870
635 688
1617 1273
332 211
1838 950
195 804
164 1264
1509 558
968 1138
224 1310
1307 1443
781 950
830 1152
1987 309
871 952
1225 554
1648 1150
1592 708
188 1690
257 1683
1172 1332
106 257
1562 728
1877 1844
1062 1485
344 291
1261 1717
1644 565
367 844
1820 451
1544 932
1 1921
1557 1077
178 454
1496 1473
1621 422
122 522
672 591
1989 806
1395 904
1321 29
1228 1726
535 1264
1279 595
1511 1272
1125 1513
30 1954
363 1280
622 1848
685 1289
1912 1533
1180 1273
1219 40
618 1986
1556 561
125 1618
896 605
1265 1876
298 610
827 1772
356 1509
523 534
603 1668
1449 1773
819 1593
639 654
47 123
205 929
593 1307
1901 780
668 935
1586 550
1168 313
1456 867
971 1869
1952 858
1373 1468
1849 1260
168 1979
1385 1864
1862 611
1435 1408
507 540
1118 1559
1069 1587
1404 688
1494 49
35 643
1764 1230
229 984
1792 656
1680 928
552 1621
1252 806
486 1327
1114 1929
1643 958
446 183
230 1149
716 591
1966 520
1031 1604
1274 1792
890 1069
908 804
1714 1825
258 593
1563 1892
820 416
1432 1289
1223 605
1470 1150
787 1460
1707 559
462 374
560 1357
959 1466
1410 724
1495 226
474 952
1093 980
1400 1085
1029 684
396 1728
110 63
644 313
132 1315
1679 938
1396 611
1103 666
530 1838
942 1424
89 941
1355 956
1398 667
1417 1560
244 1368
373 478
1070 1891
886 1857
184 272
1932 122
588 324
1566 625
1758 198
1420 824
385 735
828 1472
98 820
1854 915
1071 1451
1701 1269
27 135
1843 312
1525 559
872 1389
1808 6
1811 890
996 547
528 1957
1597 1882
1816 1668
1732 1501
217 328
1335 611
1658 560
17 31
1452 664
514 1394
793 785
1344 1690
731 1141
1962 1668
1023 384
961 281
1528 517
1221 205
25 1348
1908 1323
1313 820
1942 1172
1839 324
1296 1461
1552 1784
1612 497
96 1906
862 1029
590 1945
1871 468
1997 1862
1561 416
1467 745
1499 1431
1090 1561
1774 118
327 1003
267 1611
1113 604
1390 1292
169 241
582 556
1032 1119
1286 1326
1339 1344
36 294
101 1255
1214 226
1051 1707
516 730
1445 57
1476 652
615 103
1094 1458
54 1954
1081 1517
945 462
347 173
1109 487
398 1322
1328 502
1665 1269
296 1633
510 914
1043 1400
1281 951
1036 560
732 1416
163 635
1238 537
585 1279
1057 215
23 413
128 684
931 1863
1920 1993
1588 1643
105 86
1271 1811
421 1458
1440 75
1867 184
1122 1331
293 105
434 1057
1372 1658
1694 365
909 611
1040 771
94 1331
1765 1344
1568 1920
1703 1005
960 1133
1681 1026
1675 100
997 1564
1259 1526
424 771
306 938
1082 1398
1950 1826
895 1452
884 1788
285 530
918 1327
1380 658
1534 866
1598 1560
447 1343
420 132
690 293
1988 919
1314 322
1519 1107
1608 1935
1934 1168
1937 736
1493 868
1446 1677
1243 1074
1931 838
1654 138
1626 819
1524 660
746 1051
42 1167
345 353
400 1779
548 1095
606 1184
102 896
15 804
1879 764
1738 1407
1464 294
881 763
846 1793
182 335
1521 1214
405 1228
532 1536
1661 1578
9 1884
222 1451
1553 488
1953 1871
811 1598
1160 270
443 390
1290 1095
1013 1592
1072 1719
481 1015
146 1650
1770 1931
1896 625
18 146
865 1436
1507 1074
1297 953
115 1398
1376 1877
1504 1162
1535 724
248 518
276 164
1434 1586
1429 594
1824 1609
1930 1238
303 1820
1880 178
1943 1436
1751 290
678 828
864 941
260 360
1748 398
1377 1052
1918 1644
1812 434
289 1770
1061 530
204 1822
1974 428
1402 707
703 295
987 845
1735 766
1080 195
170 1445
408 1223
1873 317
1756 1997
902 13
243 953
500 1794
90 393
1924 272
934 277
1829 1082
1798 21
1303 771
1936 383
906 646
1277 404
1411 1816
1099 581
1258 800
83 1332
1814 1937
1646 1534
274 85
175 1763
1506 489
1298 908
661 1426
1926 744
1551 707
1582 313
1938 90
562 726
116 700
1393 1432
34 684
72 1363
302 658
1755 1841
180 1960
419 978
24 47
1834 523
1459 442
381 1650
498 1030
1205 1644
484 17
1169 838
839 931
1055 297
340 1684
897 1354
1589 1923
70 1979
689 1481
336 223
1662 348
1640 1727
264 315
1549 1071
775 954
706 989
1743 1228
1486 1537
1691 1962
1706 266
944 753
776 1825
1201 577
910 1454
1427 1487
1462 1343
58 309
399 375
1729 548
789 1853
569 1172
1685 1668
1656 481
1333 177
927 1887
1471 445
1049 980
655 1059
452 1834
99 1789
1197 604
829 1508
1708 1424
480 1396
1933 766
1301 1621
715 259
671 1791
280 523
371 1741
1856 844
1641 927
742 227
136 736
1778 1166
1984 1306
1291 997
1695 421
28 385
1384 479
254 1877
1746 1828
1241 1721
1309 1373
1365 1439
1370 1989
397 1196
937 1093
630 1748
1652 970
648 1635
409 195
626 1824
687 155
1489 1611
1128 279
1693 858
1736 1410
1546 668
1457 766
1016 1679
319 400
1599 1537
1745 1167
943 1082
1256 1446
1001 1307
539 1396
1042 593
37 1645
1910 1491
629 1029
1021 1696
1019 1703
1542 484
1647 1836
153 628
1655 1197
1270 1989
1940 1291
1065 1067
287 1249
1832 867
549 518
983 1118
814 1328
129 939
352 1081
355 1711
1325 63
1750 1793
691 1930
501 175
1083 1159
948 1487
1102 560
440 140
1520 1348
1785 1511
1885 431
1919 343
450 198
674 509
108 824
288 365
1455 881
720 470
1250 1372
380 262
114 171
406 1854
1387 1378
913 1223
1722 195
677 157
389 794
1338 1007
1222 425
1148 556
1903 717
372 1133
438 1507
1917 1706
1547 1347
912 1756
4 110
1959 1258
1897 2000
208 724
1963 700
1902 1681
973 1668
1603 859
1000 1056
512 1850
1666 1245
1806 1132
284 451
1670 512
1951 971
1283 1202
273 1570
59 1222
1757 918
1580 1730
88 1691
1698 1517
250 379
967 1038
358 292
81 1405
1193 740
1605 1745
1807 749
1913 1231
1100 1261
1865 374
1002 692
232 806
768 1221
1143 1238
531 1220
1819 1425
681 248
161 18
574 1864
1218 819
172 547
1229 141
415 1432
1234 895
463 166
665 1551
1145 1696
376 1679
1630 1471
1631 591
1567 1904
2 638
633 1331
779 303
796 519
91 1099
214 1918
1257 1722
1367 211
1127 142
1254 857
694 1584
145 1716
1868 276
160 370
435 452
1674 455
741 140
231 1054
551 671
1790 968
849 1652
1383 1608
1637 1735
1064 210
1311 240
1058 1297
190 1454
1178 1564
1996 1451
407 1356
1208 826
854 1191
1692 1882
1294 1306
261 297
388 1228
1192 1619
159 1627
1084 384
1330 1512
1800 400
1540 1155
1686 247
1068 1684
1126 656
709 861
1577 213
969 204
747 1921
1198 812
202 209
78 1001
1747 1701
922 768
131 472
1801 1103
449 1986
1186 1284
1803 952
1629 1588
1787 431
249 1524
1720 65
797 1626
1011 907
80 488
553 1764
1423 29
200 1991
772 262
1782 102
1927 361
193 1902
1351 1425
1319 46
1235 902
589 518
1024 135
1713 187
493 1824
1874 1840
1980 420
1170 536
1900 1325
483 1433
364 1933
878 650
1737 1194
613 2
1409 603
1112 519
637 54
1135 1162
1161 1748
1158 1293
1134 1525
1982 126
402 1589
1316 1487
1262 1130
1185 838
1379 1736
1998 43
457 1449
255 1936
608 1373
617 1560
662 747
1207 1102
1804 89
234 687
216 190
299 175
1403 923
1497 632
282 133
1022 645
1928 523
1575 1197
1802 531
53 953
1968 273
1970 1400
1153 1402
675 22
1211 744
1651 714
1532 1090
429 239
1025 717
410 1774
795 418
1657 135
1282 1356
875 800
1581 1409
158 1367
394 1043
1232 735
432 960
1700 922
1374 673
676 1596
760 1680
1992 1321
1752 1395
1688 455
1855 866
167 1557
1624 1021
441 383
1890 390
1705 1
1075 61
491 1891
1734 789
903 1494
757 998
620 523
1505 674
320 1665
1725 843
1809 427
52 981
1739 1074
1664 610
964 1130
1835 1333
1320 376
1558 1279
1946 483
494 260
977 1931
712 685
949 1979
1585 933
60 381
1915 1887
1545 1082
1827 1494
1028 1914
5 560
1861 1736
1430 594
1883 1277
1760 297
657 1431
583 87
1334 1966
1414 1303
993 1983
1947 708
1710 866
1799 1731
770 1180
1985 111
414 786
1041 316
892 1717
1088 1619
1527 931
1574 270
1336 1424
1490 449
41 1170
1697 1070
898 1464
840 1585
1875 1309
1889 1284
1767 860
546 1315
659 1676
301 1716
682 345
1318 1770
636 1513
1089 1291
1401 710
120 1873
697 445
314 1758
1203 583
1531 1757
1733 688
719 1253
1142 1164
45 524
1905 44
1479 1727
196 343
511 1176
423 1850
976 1020
1964 1022
693 292
1860 760
1851 865
533 172
1428 559
467 1409
1847 1877
802 1142
587 22
233 1551
1925 1354
1033 690
832 1435
107 1402
1886 634
1195 352
807 300
1300 1192
1909 183
1881 854
1749 219
203 1011
1447 293
1182 1812
1415 1326
1173 1706
124 1399
701 454
774 478
3 1455
1163 696
1066 1908
139 978
104 249
1810 1347
1571 1642
237 761
1154 71
515 1412
1768 991
1375 196
1329 1518
887 1468
986 1635
236 1127
1063 308
1754 199
1805 1500
1224 771
220 1202
176 722
275 1809
1837 359
310 1858
378 283
19 416
1014 166
341 1221
152 266
485 1428
783 917
642 521
1086 1570
1795 568
1594 960
623 757
1576 44
1474 343
329 291
599 1991
1299 1920
1337 1571
769 120
1382 445
1437 921
705 904
238 1516
1813 173
1831 1062
499 981
573 1971
847 1722
1124 939
444 1228
801 1685
899 1664
1200 1087
831 1920
670 253
1659 1462
1244 391
1117 600
1115 230
1715 1497
1555 260
357 1054
1973 1707
955 182
508 1417
1579 1526
1295 175
563 1857
1406 798
975 1429
1179 1804
77 217
773 1983
1136 212
1050 1340
1349 28
1672 546
739 658
162 1467
477 351
702 1288
1797 1183
1324 152
20 1767
1478 1225
1092 1350
851 263
321 398
1177 31
1978 780
269 1107
555 1265
1712 1304
156 1289
1450 89
453 244
1781 1553
1740 1054
471 1555
737 1420
833 1846
482 1580
1045 1926
990 1839
1595 557
631 1773
974 1704
621 69
1916 1744
150 1872
640 1470
76 1314
1607 1959
805 768
1371 174
586 1799
1817 241
1613 1151
624 1764
64 1628
641 674
894 34
426 591
1660 1535
1165 953
137 1136
1098 1797
870 658
252 1561
74 1367
1275 212
541 892
1392 477
51 1365
999 523
1131 77
1569 1196
1308 72
1388 126
1821 1478
1895 888
1961 533
882 1741
1438 438
1898 1083
504 1442
1482 968
1859 826
1616 658
607 78
1146 231
1852 971
1944 1363
392 26
1111 1213
1620 196
412 1006
979 484
653 1966
318 242
1048 1571
876 1404
1144 674
490 611
1469 1630
93 1583
436 517
1120 1774
1361 1824
331 1187
1699 442
307 119
271 1320
1044 123
1046 45
901 1478
503 852
1753 360
113 1761
1444 490
1823 720
891 1835
1969 916
1955 197
566 715
1999 614
350 1790
476 737
609 1381
1663 1916
469 763
337 1042
957 1926
649 2
647 95
776 686 83899
1504 1466 88028
1530 1042 93369
1095 1538 41223
700 395 85645
1677 1519 35569
1110 219 55591
1193 524 95500
1042 1940 3527
1904 897 70493
1192 24 87191
550 1879 60757
998 1760 724
591 854 84422
297 1906 52997
1873 1934 19757
1619 1395 47256
844 587 73731
917 1980 8236
1468 1883 95437
1429 1075 62010
1724 1976 98538
1835 973 79108
1340 1915 2363
735 211 99755
524 436 18777
183 54 47740
61 897 34023
814 1813 90028
1858 1632 13203
150 1060 78207
817 1135 81096
1362 1322 58441
1667 1013 62505
1178 1747 66749
945 622 67622
646 1157 9189
92 1217 75408
125 382 11973
488 591 3178
382 1092 54260
54 1908 22863
1702 1269 40085
674 1288 70689
1560 465 6888
1009 1761 94893
1245 758 2652
1534 850 2246
719 1326 1962
68 1813 95344
1400 547 25858
1792 952 17722
1670 1005 98587
869 1678 67622
1080 1590 18777
1390 950 44501
674 195 59471
1113 1728 19530
1121 447 36227
1509 866 48523
840 618 17446
1261 409 26653
1590 430 24287
1539 1298 72814
775 729 45885
475 119 55940
287 1144 68851
857 256 97468
628 1728 8873
76 1237 46620
1337 428 59356
1495 1688 9504
605 1277 546
720 1167 89773
864 1941 8903
597 767 38047
1279 1406 60337
156 262 24915
1112 1242 90869
514 1317 17989
1133 1005 72891
722 500 80571
366 1456 7670
792 527 36785
866 1390 29151
1317 338 60379
590 1617 16650
1006 124 58032
1678 1587 66997
429 452 23206
416 1584 1962
830 657 78612
1283 1023 65819
1013 166 95500
1910 1383 17648
747 1052 22091
702 1641 42063
63 647 87344
37 676 29905
1604 1104 3882
487 1519 66997
727 700 60380
1466 1982 54341
1661 995 73417
382 1256 30020
844 354 66144
1996 1055 94396
764 1469 46229
359 1857 2363
1188 1460 95152
468 1947 7972
1684 673 33070
1908 139 13927
1154 151 41422
917 884 8283
62 79 71693
611 75 65783
800 1190 21397
1635 1549 22405
1497 736 92380
462 1556 90429
1297 1591 77857
831 1498 44730
698 651 8118
1560 1919 85387
1676 332 95789
146 942 2363
1670 1741 18777
1366 1727 40796
567 1575 46229
1228 388 49300
538 1684 73941
169 866 29905
642 1564 39812
1265 1123 13811
771 1150 26809
708 1295 2568
718 1316 9442
1918 682 73794
1018 1248 42063
1206 827 2246
948 1365 61238
633 1885 6863
1462 879 16128
1646 143 26305
1395 1266 10013
1828 1973 62755
1203 690 54539
318 960 62505
1511 329 60290
631 1886 69842
1787 1186 75580
978 1818 8283
1386 1631 5733
1710 1276 64684
1155 1023 8873
102 850 17506
1992 52 67638
1549 721 17506
1787 584 18809
1272 1214 72814
288 1352 29905
668 681 58271
933 67 90072
427 128 49959
64 1282 73304
1318 1736 20710
544 79 79803
812 1627 97468
390 1413 76122
297 1036 25662
442 1676 97468
1771 343 58661
918 1275 64444
47 54 29905
451 117 8539
230 1787 35929
858 330 47469
1889 1141 44879
1993 1531 89173
1032 179 10499
1285 620 71088
1241 743 49798
1877 1660 64371
932 58 51435
1761 860 53896
576 1089 6043
774 1946 75012
1402 187 79803
1656 531 21649
1674 1563 95061
1080 1199 36328
160 791 79108
1583 667 2337
985 1598 14770
87 1711 95789
10 286 75857
1719 1412 2216
1758 813 16650
1289 469 78043
702 494 97698
645 1925 18150
1560 85 39669
865 19 6404
533 1003 86249
258 1442 46620
843 1803 29321
516 1522 41501
838 1631 73941
1347 919 47797
386 1972 30020
1691 968 16125
1842 528 85387
1487 1744 68851
1446 277 48143
1707 886 36988
1678 1728 60050
287 595 40085
1954 1433 36430
1138 1131 55423
790 1516 16125
1288 1206 75012
1710 1399 51747
216 885 68691
1092 682 51529
1323 741 22863
1347 418 66602
822 1056 18777
169 1010 16950
1499 499 24287
1746 1289 2901
317 928 75012
207 637 48900
976 1204 65783
1488 647 99171
629 1970 16467
655 1668 21730
1112 489 58032
1812 1010 7972
648 508 85239
614 605 58032
95 921 35190
1485 1479 18457
273 454 49677
297 1942 76349
1355 922 97282
1152 1928 68140
71 1039 21730
1694 1203 5364
1029 1850 13997
511 816 18945
1985 910 69842
386 747 48830
1775 1019 78051
367 1316 27829
1958 1022 37765
1869 525 32461
1096 596 3178
1516 641 16438
944 1669 23206
1232 532 35929
124 868 44501
640 1254 18607
283 1028 85645
732 1747 54260
1825 1704 8283
1488 1924 52997
1429 1372 59356
761 887 68851
943 182 36785
1679 1765 87132
877 240 63369
1337 880 25662
895 1162 77857
1120 245 47256
1363 70 47687
628 1909 6641
769 1689 68140
1505 450 95152
1233 1744 58271
981 1774 33334
1261 651 26341
760 339 3136
1512 1234 44920
1995 705 28625
225 419 2306
157 1398 4340
365 166 41422
1944 1670 90429
761 902 68981
1760 235 44600
523 1847 29905
1525 606 55737
1055 469 97468
450 463 92380
441 687 13751
502 1196 98286
470 1912 5733
831 208 88229
1641 968 51747
195 1079 18150
874 1601 570
203 1126 51435
574 532 73789
179 981 59356
839 1421 49798
1918 1922 2216
747 744 88465
1741 1926 95437
404 1567 48523
321 113 65985
824 986 3730
821 1540 17568
1775 113 88028
1197 291 3034
1786 1482 39530
1061 1751 55630
1531 497 61314
616 237 58391
1557 993 33334
169 1665 56430
1859 489 16650
1150 1309 90869
1566 1436 88210
513 984 42619
792 769 17989
844 1829 76349
817 1711 10198
237 327 67373
1582 235 62010
494 403 76336
1517 261 82135
1878 1763 20710
1777 1328 36328
141 1841 22843
1148 632 41501
1635 1475 55341
225 643 6997
960 1231 67622
635 813 28445
950 1658 60380
1281 1174 16950
101 1403 54341
581 1532 98815
496 24 12925
1394 1523 2022
1061 1158 85645
909 1382 59471
467 693 66749
703 1327 60281
1173 628 62601
45 261 81096
1529 361 66414
1128 941 26809
54 1788 97468
820 1181 90676
569 594 55307
145 1854 71156
364 672 72891
165 1374 49677
1130 546 98491
1752 942 3178
1899 822 8236
1449 1949 16950
530 2 32037
1987 1173 55543
966 1742 36785
1454 1886 13811
1675 601 33453
589 765 30020
1182 1894 84422
754 1997 7972
586 1896 93452
778 1344 66602
262 226 6404
1885 564 77857
688 1529 85645
437 1334 26653
38 1008 35129
311 1597 44600
308 1130 19583
1203 235 25858
1038 820 36160
1695 1949 19757
653 562 34023
1612 446 10013
95 1485 90965
320 1921 69180
430 1959 57035
1492 621 8283
1319 928 35569
1392 130 76336
1813 1168 26341
1777 862 48095
1084 1866 43556
969 1477 97468
1416 1924 95437
1744 243 56191
1404 1024 67588
72 867 3730
688 186 59471
433 1929 79293
764 1741 99337
1914 1869 71088
1364 1304 60029
1023 272 19380
1479 40 31012
1420 1783 3730
1633 1538 51660
1452 1610 52552
243 297 59471
313 1082 53827
513 1845 99933
1880 111 90429
813 1826 60281
1611 849 79568
1885 679 47469
83 450 83304
874 82 88028
1041 1885 6863
74 479 5386
1292 792 57200
1142 1304 85239
732 1536 70461
542 348 62601
1655 1958 2216
1392 194 59709
1520 276 48095
1430 1502 81937
878 894 17568
286 967 13203
1991 258 75408
777 1751 85796
1760 834 68851
1204 1727 6726
474 1733 34023
944 1125 55591
445 644 5386
395 426 18607
426 1655 97540
342 1940 26506
737 1931 73744
1922 1059 66250
763 1170 70493
1139 374 46229
214 1199 21730
1246 495 44920
824 1291 76122
1029 1685 36160
735 110 28445
1686 452 99171
1603 1188 96659
1777 1461 22843
53 224 19530
1162 1362 72814
349 1576 67270
916 1173 94396
960 348 76336
1999 1376 13927
1463 462 38098
933 147 3034
1990 1749 22536
1682 1877 3034
432 281 26341
351 1794 42591
996 142 52960
1191 1410 62010
1880 369 37765
211 719 31327
226 181 73851
702 1113 53827
1982 1454 48095
448 1487 44600
375 1918 12903
877 621 35190
1093 1616 13203
883 806 55543
550 1037 56430
213 1599 27829
1603 176 11900
1806 1229 28805
1804 1210 61238
255 1658 48366
582 384 88028
1541 1261 21730
294 353 33070
1541 1587 61238
1844 137 68140
868 701 1256
961 655 47626
1235 460 71088
972 616 52960
515 1222 11341
1545 155 16438
492 1695 53415
411 341 58271
1945 1881 93585
636 76 546
715 943 11900
392 256 3034
244 1490 76349
1324 461 5386
1966 1328 73304
265 872 71088
948 1363 45551
1242 1773 82135
241 69 40085
826 704 73789
1899 1770 87744
24 161 20505
803 756 32173
41 79 5772
247 397 4795
1673 661 67373
1254 1608 18457
881 1202 97489
848 1442 69787
1047 267 58661
1321 517 68981
890 540 26506
714 1342 78207
27 1382 21802
505 1980 63369
1957 1653 19757
633 1258 67638
670 490 4340
832 1337 86249
1061 735 65124
698 55 44920
1751 945 17277
1669 1658 49798
1989 37 22847
1092 541 55307
239 497 51529
399 1129 2022
166 151 76349
1134 982 73304
1895 394 92380
922 1091 50847
465 1194 2363
899 862 5212
322 1202 57754
1830 294 78051
966 532 52927
458 930 90072
1207 1447 3034
445 932 48523
1371 826 724
1031 99 95747
1450 915 52997
812 1813 26341
1832 486 55764
1240 316 53542
1540 1633 75580
337 443 97489
614 1649 73318
1393 94 54260
1153 1816 87744
1306 1199 41501
902 648 61153
1691 1459 54341
1693 1643 95789
897 1234 21802
745 774 39508
1125 1110 48366
787 75 64820
247 1467 32037
990 619 5404
559 1924 55307
227 1178 45895
1161 868 47740
259 913 59356
1843 1809 71693
446 553 49300
682 30 55764
1359 1168 90072
37 1766 10013
808 755 67918
1747 1314 85796
1883 1540 65194
1019 1052 79568
1613 1310 86716
201 1505 32003
1670 1950 80525
265 631 54260
320 342 83304
450 378 46492
45 1538 12498
611 1636 49300
1100 1870 72354
1118 888 53276
355 852 45631
505 1052 7673
814 1074 18150
1676 1338 54587
919 1657 90965
1329 106 14614
1504 503 27829
786 1113 68851
1028 212 48095
1514 1681 60290
698 387 94396
1896 891 73623
246 57 32173
898 84 92778
532 1003 43556
859 683 53866
1563 539 28445
1805 1324 7670
33 703 39669
483 216 1256
1469 1266 60337
1658 1161 17446
1250 1407 80525
1916 656 60029
1918 1539 22091
1577 397 85239
46 311 5212
1016 467 67270
1099 852 75199
1744 1334 3466
422 802 21861
1486 811 78043
1792 413 16467
155 328 4795
601 245 2423
401 174 99933
1235 571 89529
256 1586 99337
951 684 59471
1997 780 3527
1611 1201 54539
489 686 99337
880 477 87132
677 983 90429
1129 1935 55764
1823 687 2955
913 1922 65085
314 177 39508
181 1479 32037
899 1476 66414
1302 1438 67606
507 278 87982
1227 1158 9442
6 1834 48095
1817 1315 34023
1520 1137 12184
100 50 2830
1250 363 5212
1985 895 53827
1756 145 1256
658 1446 86709
408 305 18945
1547 1531 64371
1163 1888 10198
1761 1704 98316
645 1575 18457
216 1674 49158
1708 923 47797
1728 1260 75199
1227 1015 84422
552 25 17989
1667 784 48830
1059 331 75857
1960 1493 21649
694 1605 53866
1095 249 61238
632 817 43325
570 524 53145
1574 604 67606
1120 182 53866
1514 1085 51529
1001 751 66250
1497 161 44879
1522 120 48095
1435 1166 64444
1052 260 43377
595 1243 28445
1811 164 61683
654 1737 98587
404 1208 974
1521 721 80525
1013 73 95152
937 1569 5772
1543 1443 98587
1641 877 86709
1695 280 14770
1998 1226 82135
1468 1389 4568
1462 42 59471
411 446 86991
1541 318 570
1404 1330 25858
721 267 40744
198 1809 47687
147 1802 92380
1261 1496 95437
634 1845 83427
1601 1313 10499
1083 1126 88028
301 1537 95747
1078 1077 20926
575 832 31327
145 1904 16650
1987 102 87765
919 600 2216
1079 1861 95152
1871 846 6888
1889 447 58032
1646 1881 97540
1093 182 17989
1689 1611 17568
250 186 55423
493 682 36916
1353 668 1040
22 1938 41874
492 1016 99755
458 1239 3466
268 1479 97282
1742 1124 3730
693 569 20505
1181 257 13997
1097 859 58441
196 1703 27685
1199 1055 78207
655 1077 78737
1063 1568 33453
978 377 80525
91 996 63921
2 1089 2337
1794 1782 67622
1766 962 2830
1701 58 64444
173 605 49959
1326 1804 6404
1146 810 90614
903 1872 58700
28 1202 99229
742 1644 9860
583 1646 67638
251 1439 98316
135 1556 56191
979 1609 62601
682 1781 85274
438 1107 3136
897 604 96659
1136 1859 77085
591 1886 9442
1126 627 48627
304 1561 49959
923 1811 2423
971 297 2022
684 1628 38336
454 309 6220
829 746 36227
1710 1995 39530
1049 1130 99171
964 72 87191
79 1197 11900
1190 1853 15668
1594 775 53542
1788 98 9504
1538 781 32037
895 1235 13751
33 415 48366
629 124 56430
181 1525 47794
1590 488 15435
885 918 38098
1158 108 98286
1343 53 60379
1691 1841 18777
336 1378 3178
607 272 50847
1539 657 3178
1568 1637 1040
1591 169 3178
1095 1759 67588
1023 995 92755
148 504 94429
1476 198 40796
1579 1889 72814
131 224 87765
1464 1182 72814
30 720 22091
1011 287 52997
467 229 32003
1799 1324 66997
1618 698 20926
706 1197 60337
254 673 86709
206 603 26341
1998 1086 55591
1519 549 48037
1663 578 95344
464 1940 53866
1253 758 54082
562 556 5212
1278 525 87744
1691 1583 72891
256 188 49158
1018 393 18945
20 742 36430
1597 260 21531
3 274 71044
1833 737 13203
1950 341 47794
295 903 97282
315 532 45976
1384 222 95995
1298 829 99171
588 198 27685
481 569 13203
1458 165 724
1336 520 73304
1791 352 13927
537 653 36841
41 947 682
453 1613 21397
1389 997 90369
611 646 54341
20 1234 52927
1821 66 88210
1067 1523 3136
220 1210 98316
1998 1352 21802
865 1889 49959
73 1929 64444
886 733 62010
231 473 88229
149 1083 92380
1247 1102 35569
543 1274 6888
408 340 75408
437 911 13203
1337 1261 54341
940 125 95368
844 549 12925
399 1435 74233
1214 17 16128
1729 165 48037
889 1411 60493
1635 306 72354
445 713 20505
1482 1501 39508
1377 1189 55341
975 128 16128
461 1324 5212
227 74 17446
726 1287 97714
50 1367 65985
456 607 40796
315 593 10499
1448 1390 71693
1273 871 19302
8 247 41422
355 1221 85796
826 33 69842
198 260 28805
1356 985 81777
530 1034 93369
1868 1841 39530
1321 156 72814
726 1603 23059
1548 1227 49909
1869 1234 92778
1731 1940 98815
1720 1118 12903
1736 1315 88820
1473 1023 64444
1200 1552 92755
293 1772 5364
1992 1092 13997
636 169 75012
669 1716 8283
1573 1937 7673
1427 1667 32872
501 1738 79445
1608 1473 86991
1326 945 88028
29 144 7673
117 436 44730
397 779 97370
833 1415 45885
1223 435 78051
839 359 67622
41 1785 8873
1183 286 28625
1793 245 60757
1718 1571 18809
1017 1599 8873
1868 67 94396
841 815 4340
554 1647 10198
787 1221 57035
1087 60 65124
1324 452 88229
1226 1634 78051
866 1427 73794
1977 1496 73417
385 865 67918
1639 732 87132
1329 1572 26305
1797 477 70461
31 1615 69842
1051 1054 33368
430 377 65124
1594 1954 68691
1394 819 52960
1087 1148 57200
702 1884 26341
1915 1522 88465
1546 850 22847
344 646 60290
788 1028 8903
452 431 47794
880 1212 8543
1759 805 1475
271 551 47794
562 1637 36916
700 691 62505
1702 957 57754
1787 855 70493
1795 1198 12903
280 1985 95368
1084 788 17568
940 19 20710
1173 1777 58661
1359 48 11706
715 961 67373
1571 12 8582
1957 65 19302
217 203 65124
1327 1997 15435
1786 629 32134
1272 1712 18777
1541 1003 16125
1021 175 40085
1305 1885 54341
492 952 18607
1667 522 25858
1532 830 72354
705 1047 46229
733 725 99229
309 510 89413
222 133 85274
1274 1673 47256
344 693 49909
1543 1998 48900
789 841 95061
995 507 97302
1916 390 32461
549 1094 96659
1736 178 99755
920 487 47469
1083 1060 86249
958 685 26809
187 1028 34482
1590 923 90965
878 1711 62010
1469 1058 75857
933 973 77085
1227 1874 60493
918 1609 75408
1334 880 56430
962 315 17277
371 1272 12925
1805 1810 30020
1931 1399 21730
406 629 974
73 449 76122
246 1382 43556
1160 960 67622
1167 1877 54082
1352 1210 85645
375 172 75012
457 894 97489
1575 1050 2216
73 980 95500
1492 1737 11973
622 1809 16467
809 406 13930
1969 1565 85796
1353 732 88820
698 83 3034
1275 810 7557
165 1618 66144
679 1193 35569
1001 1617 55591
722 1108 32173
1423 1730 60050
221 538 48143
1103 858 52927
593 563 65124
1959 1260 682
1238 886 62601
689 1403 73623
1385 81 47687
1130 1081 89529
207 155 60493
1373 1577 59356
347 149 19380
78 1252 77857
1374 196 73794
1401 506 79108
215 1743 84422
1837 783 70461
1077 519 65783
1861 1 32003
261 207 60757
1769 1931 78043
1357 277 68859
1131 355 13774
115 1728 65985
1660 1481 67270
817 47 93585
860 1883 98491
304 1312 76349
181 1172 76349
1490 1785 16467
601 1905 68140
1992 1261 47794
1532 392 35129
675 858 52997
13 517 5625
1856 1686 62010
1794 545 66414
514 1200 56191
104 1732 34023
1343 1221 57035
1492 173 19583
1219 517 15668
1575 48 15435
637 723 19126
1427 735 27685
1696 943 95368
364 1088 21994
914 1601 61153
775 56 83427
159 1750 76349
1328 1241 86709
752 460 974
1085 386 9860
161 1023 89529
446 449 95368
1248 496 3882
86 859 99337
1821 124 67588
1107 898 81777
124 1409 38098
714 1088 8582
1477 1839 22228
1107 924 21649
785 1436 13997
1537 1882 39508
1376 1481 38083
156 1918 32461
24 1738 26506
195 1196 17648
70 1320 89773
47 33 18419
1264 1861 59709
940 968 49798
1353 104 83899
1141 1641 78612
1376 1368 12184
107 1523 64684
49 1898 17506
466 445 73789
1428 514 93369
503 912 5772
312 175 65985
312 1114 93452
1235 819 97302
1594 311 97468
185 1686 16128
257 145 45631
1894 545 87344
1972 1010 78043
1246 789 68981
1839 1291 36160
817 1955 53145
1655 266 97468
164 1501 19380
776 1446 95789
1381 1630 58032
1352 1886 12925
1198 131 37765
1294 455 24915
1833 1700 89413
1238 1539 51435
1555 707 57754
46 713 75857
2 876 21531
1129 3 2216
565 1383 40796
1687 1087 29151
1305 636 4340
1467 281 73789
990 466 55630
1302 55 42591
1256 1609 25858
1164 6 84931
1689 360 16650
1715 1840 42591
1185 404 35569
637 91 99229
1975 1747 24915
1795 1214 8903
69 555 42063
394 1856 67373
258 1463 45895
1179 978 32872
813 667 89384
1321 381 96659
184 1917 47740
782 906 53276
817 880 94893
1488 1026 53542
792 1446 66414
560 1839 79445
383 96 19583
167 1275 66414
308 87 61314
1160 1759 22091
1851 295 43325
945 1428 55630
482 244 47626
1765 1732 69787
613 523 73744
1663 1082 20060
1273 1817 73318
346 335 10198
748 994 36988
1816 153 94893
1616 355 90365
1684 1299 47794
658 132 55423
862 1896 55940
92 860 14614
1118 523 6220
1631 147 58700
592 844 51529
1178 1591 72354
1851 1406 64684
634 1373 53145
1711 1409 32872
567 418 5772
1666 1631 60380
497 74 8543
201 1192 10098
1691 1174 25662
997 1765 36227
637 1295 1475
1270 1145 70461
407 130 57035
250 1840 5364
1744 406 54082
1369 71 17722
1593 919 35190
325 1472 49677
1931 1162 28445
1684 159 10198
632 795 74068
818 417 36988
1114 1175 724
1135 1777 2830
563 1872 13811
761 1592 36988
589 1184 53415
490 1509 21649
1935 1439 3034
905 1474 9189
1639 105 47179
1668 1275 73851
1192 740 22863
846 1874 42619
690 437 21531
1292 1197 53866
1964 137 11341
258 978 19757
24 912 48095
951 1816 53896
740 1807 74068
1323 1474 42619
1027 1017 28203
1553 1862 67638
207 904 55764
732 195 21802
848 510 78612
499 767 43325
1307 790 3178
257 92 63369
680 1183 97698
1208 858 974
1362 1884 81096
256 1788 16650
1375 1994 33334
930 1077 66602
1681 276 22536
1272 774 88465
1488 432 85274
1320 688 66343
968 1368 47626
773 575 44819
52 289 49677
699 896 48143
1207 270 85645
619 1199 47797
576 1231 3034
1043 502 22405
628 341 16950
1354 1661 36988
524 980 78043
877 1752 95152
86 155 66602
1531 853 89384
762 60 5625
339 1030 82135
991 1957 64371
1919 1351 66414
1972 1978 54260
456 1684 49909
1980 207 21994
871 1083 72354
689 1521 48900
794 1403 2830
147 164 3527
1768 502 47687
236 1845 62755
637 1763 78612
1188 86 25858
431 893 25662
1334 873 6888
1216 95 35569
1201 783 29690
1341 1929 55737
334 75 33070
1737 1842 1962
170 429 8543
911 1066 45631
1002 605 94893
1071 1035 46492
1175 720 94325
1486 1935 61683
1583 1487 47469
1200 828 14614
219 1513 4568
105 1601 20505
493 1770 25662
1077 1032 25211
1423 34 38047
206 1456 19757
1882 631 22863
781 468 3349
1775 50 11341
1552 1601 95344
1608 1819 2423
1739 275 53415
63 768 60337
815 1844 10013
985 1267 3178
1758 1824 45976
1566 1705 90369
444 486 79568
1257 612 57200
1908 515 62505
1738 123 6863
1080 213 55940
22 275 66749
1438 1441 39669
1886 425 33334
366 183 5404
654 100 13774
1572 543 20710
1309 1799 78612
1447 58 44879
1185 1795 2955
1093 874 95437
924 1248 50847
225 1037 85387
1018 922 94893
1781 1640 95152
368 293 60337
1011 217 10098
491 1877 78737
230 1676 65194
836 860 682
1916 1953 1475
856 1228 70164
774 1452 97714
1781 822 87344
1564 954 10198
1529 1673 48143
1593 1035 10013
551 1525 67373
1660 107 53827
827 942 35129
1788 858 97764
326 65 27829
112 839 13785
934 619 8582
1029 534 24915
764 62 67270
1495 6 21861
90 908 8873
1265 568 52299
116 1746 43377
178 1885 90028
192 210 33368
1785 673 13259
829 1606 39508
1047 987 42063
218 102 29905
1413 1596 1475
1643 37 47740
1398 1653 20060
1258 1768 79445
60 1945 5733
423 136 55764
499 272 68851
116 1101 15668
352 147 67588
1120 716 33453
302 480 99337
1488 123 11306
1934 1520 57754
947 777 46492
1705 1189 20505
699 1611 6404
255 461 38083
131 577 39812
1964 928 29905
1136 399 36785
408 700 81777
1628 188 570
883 121 37733
1791 1068 570
819 1124 75408
1791 175 63369
1250 429 44501
1333 911 1962
516 1226 62010
197 361 26506
593 1121 13259
1821 748 4795
818 1982 66250
39 125 67270
36 943 67588
1221 1085 58391
720 686 11900
680 19 99229
1568 534 57754
1735 731 44730
301 1323 27829
1566 1495 63921
1370 665 75857
1294 703 16467
990 738 95061
1809 310 46492
802 1381 56191
927 61 48143
1610 1980 8283
1870 1715 61683
491 367 87765
584 284 88229
1776 1653 44600
950 1298 45885
599 287 28445
1191 95 87132
866 1248 92380
1579 174 98491
1958 1783 3527
1223 5 13259
1569 495 7972
1238 1431 12925
754 1206 62601
933 507 61314
1815 1106 18607
1785 296 27685
65 1513 89529
1725 1092 98815
1797 1401 2905
1848 975 97370
1966 544 97282
449 133 89225
1568 1238 22843
338 171 10499
758 1985 2363
1465 1769 93452
618 185 87765
1018 1909 97302
1944 57 20060
653 257 17989
1717 222 13930
1628 1022 13927
1321 589 25662
220 1279 73789
1625 36 79445
487 1500 65124
1644 117 70689
665 1487 20505
778 1430 74068
291 434 55307
778 503 6043
161 482 38083
1676 1803 24915
428 22 66749
1351 1998 60290
961 484 11128
1988 127 79108
1552 791 13774
1376 1920 98491
1256 210 85387
1393 1340 16650
102 1500 85796
1833 1175 13774
857 1954 69842
806 1656 97489
1143 617 9504
1332 956 58032
1637 507 13259
1428 234 53276
1000 1490 54341
1358 882 93585
1866 983 95789
1208 1168 26653
1999 24 99755
1516 1181 53896
677 676 78043
674 7 61683
796 1643 5386
413 1422 5404
1950 773 3034
1696 131 69180
781 348 48830
1717 1555 6888
179 1906 75408
594 1421 8582
1017 449 18945
408 1122 22843
755 270 18945
1608 682 92351
1046 631 49158
1974 326 14501
1782 1458 46620
1277 1174 73744
1939 1704 94893
624 650 55764
842 18 18150
1734 426 11900
633 1180 84422
1877 1139 6726
543 184 18607
333 509 79803
605 643 89225
1224 1919 97764
1750 1858 16125
533 481 12184
736 1674 92755
1388 1408 8582
1161 392 13785
1555 268 33070
278 1162 59471
336 1846 17506
368 450 98491
209 26 28625
1575 1775 53542
997 660 17722
1068 1395 41223
1157 782 3466
22 294 47794
419 1848 8118
1953 478 70164
23 813 4568
602 1180 47687
1822 1740 32003
961 1667 47179
309 663 49300
490 1731 64684
344 887 62601
1957 1260 60337
313 1678 33334
936 1631 1962
1073 5 22405
1056 606 8543
1488 428 75322
1945 1740 40744
880 49 47797
475 890 21994
1112 1585 58441
1234 1541 75580
1298 1853 86249
1562 1140 54260
1950 213 36785
1503 1268 30887
236 755 3882
1412 1051 5212
1902 282 14501
1054 756 18419
289 219 28203
761 1453 70164
493 750 85796
255 663 20710
1646 613 63921
1042 467 12903
1396 1054 67918
176 465 9442
1048 366 2022
320 1772 47797
129 412 18005
1874 1172 67373
1511 17 66250
1000 271 2652
1981 1916 3527
821 1310 83427
1281 1057 49798
846 1584 90614
1462 632 73731
359 951 68851
11 1432 87982
234 1657 6888
1909 1520 64820
334 871 78051
1773 851 43325
1824 24 21531
693 1656 26809
616 501 69842
1356 314 63369
461 1024 7557
1337 1387 88465
976 1620 62755
1786 1529 57754
965 214 77857
765 1986 2901
481 161 47794
1506 1205 90028
1939 1821 68691
1956 1528 48366
603 1988 22405
553 1324 2652
286 299 18607
28 436 5404
1288 1752 11341
1419 517 55307
753 997 52927
109 855 30887
1121 793 75857
985 1100 18777
1162 1703 78043
363 607 80525
950 1245 68691
1509 1624 88028
1595 1263 39530
1895 1034 21730
531 1786 36328
1680 1894 5625
33 1014 72891
558 1998 20060
610 1512 21730
649 1874 73744
11 1176 62601
375 684 35569
822 630 60493
1373 876 76230
440 1407 48366
856 1438 53896
125 1470 45976
539 379 57200
405 988 16467
1972 1636 2568
498 1998 31012
268 372 8543
365 1545 80525
1725 1270 12400
1765 1709 55341
1943 916 58661
366 1393 66602
1802 283 7972
1588 687 2216
1237 659 32003
760 1156 58700
1809 1776 48366
1894 140 89773
256 216 53145
197 1981 3527
1193 275 67588
329 640 70689
935 793 54082
1918 381 34023
241 1969 36030
198 728 31012
505 537 20505
1534 430 36160
108 1037 81937
1599 1233 90028
1503 777 64684
674 1106 47469
1237 392 38047
82 309 724
1614 549 44730
156 747 11973
206 1603 28805
30 1136 89173
1994 1244 48037
526 1194 40744
1389 1048 67638
527 1721 85645
655 957 9442
1928 1391 45551
1581 1356 75322
1203 1512 73789
1552 1717 68851
1141 1746 90028
1159 92 10098
917 969 22091
1907 709 39530
26 1587 14501
1250 594 2955
1217 521 2216
1845 102 64820
669 1304 94396
943 1207 78737
1171 699 41223
182 209 26305
1141 1125 13259
941 1031 64820
140 1057 32134
1412 658 38336
1993 227 21861
1963 71 76336
1641 1091 54587
830 33 63921
87 1203 75012
1442 1736 48095
1239 876 89773
357 168 25662
183 660 92380
1947 71 70125
1953 415 36785
831 730 22536
162 370 6863
796 1200 95437
988 1638 61683
1878 1079 69787
976 670 32003
1198 1026 38098
802 1208 45895
1463 1506 18607
1133 1810 20505
1381 992 22405
1347 1153 53896
755 1948 58032
195 935 48627
1189 812 65985
270 139 40714
227 1336 67622
704 138 43922
1487 1952 78051
1045 1436 79445
1018 816 13811
1719 162 44879
1142 916 68981
1764 1462 92293
24 650 18150
1714 919 52960
73 1498 36430
1809 201 24287
752 39 51747
1552 1084 47626
162 453 41501
1412 171 51433
518 1665 88028
1571 1428 57754
1911 1803 86249
1063 1868 51433
705 1940 48366
34 100 69787
1501 851 67638
918 755 64444
123 916 42619
142 679 48366
323 1196 89225
122 767 58441
1383 677 49798
1644 91 52960
824 1147 17277
1853 1181 52552
1082 681 67622
702 1598 6220
1404 72 68981
911 214 8543
588 888 3034
1929 1361 73794
1049 743 89773
324 387 3349
1115 1562 6404
549 1415 28625
1730 848 24915
114 1549 58441
1252 1305 8236
1658 215 10499
390 802 72814
669 1082 47797
1715 482 55423
1437 806 60290
1601 272 75199
560 820 44501
1051 549 92380
222 1015 2905
1343 618 68691
887 275 44044
292 1016 48143
936 37 3349
940 1751 87191
39 1539 97540
1524 1139 89773
571 51 77374
1383 1453 32461
1043 27 19757
252 1721 86991
1116 607 39530
195 898 21730
426 185 60379
1739 1476 5386
1533 1515 87344
484 1038 88465
1706 1608 76966
99 991 92755
1392 33 24287
1700 636 1475
625 104 72814
176 298 77374
743 1075 55591
1698 813 18777
403 345 69918
646 1180 97468
732 1237 70689
867 1335 68981
455 727 49158
421 778 86991
107 1402 74068
751 1929 48366
292 1024 25662
369 721 60337
1570 1124 3466
636 121 95437
1092 852 48366
1156 1719 42591
209 525 32461
1999 1298 59471
425 1756 16128
953 507 89529
131 1150 49798
383 1519 55341
1799 1440 2216
1560 427 95061
853 1519 87191
1382 674 88210
1245 1234 62755
187 1233 75012
257 9 39669
1729 1313 18150
1481 1443 27685
256 177 67588
1751 328 26653
722 1887 61394
165 739 59957
811 120 13751
1176 1717 92351
417 255 2022
955 511 78737
1600 591 25858
752 71 88210
1053 326 18945
1224 429 12184
834 1502 10098
1222 18 66144
1129 828 57035
1708 355 67622
1873 771 40744
1622 77 89384
1379 29 95061
801 780 20060
1665 184 61238
1409 1759 46620
1129 944 58441
1087 165 85796
1783 1293 2337
1303 1001 24915
539 1225 39669
29 1199 89773
30 577 67606
973 1729 45885
338 1745 60337
29 1154 73744
500 282 29690
472 1368 84931
461 1502 98815
1278 1157 73304
801 1695 92778
1446 1724 18777
520 1753 98928
1270 1077 6043
1503 1414 51435
1567 1795 11306
93 294 1962
1210 766 12903
492 1578 44501
1418 855 53866
1344 7 89413
846 1805 33070
1899 324 6220
1528 1594 50847
885 1448 39812
339 1015 5772
946 1459 32037
1834 669 1962
793 1160 95152
1254 577 36988
1222 272 13930
533 1469 11706
1919 1367 92922
1409 894 60379
1975 131 66414
307 469 17568
784 1415 81777
1555 1600 44920
1443 393 59957
1261 1998 85239
1933 1219 66602
963 104 546
1798 22 72814
1308 1431 18457
411 1757 41501
1313 63 55307
1230 847 8873
957 753 5386
1000 548 35569
906 1808 47740
1388 92 92351
493 1054 42063
1418 1203 32872
1710 510 49798
1248 1272 51433
1267 937 47740
1755 166 95437
1657 1474 98538
1511 825 49677
108 1730 21802
1055 1469 2423
1220 1961 23507
1488 1730 7557
129 1792 89413
905 1391 13997
1085 657 18005
1679 412 1962
1472 420 56191
17 282 75408
1461 390 12925
712 1444 10198
54 1015 75199
801 502 45551
751 982 90369
1563 1886 69180
350 970 25211
1721 1001 2955
1961 472 74233
1322 840 84931
1859 300 2568
125 1011 25211
1859 1064 39812
1905 1864 53276
32 967 92351
1951 881 49909
1259 1230 85645
1576 950 85645
656 1262 94325
508 583 62505
289 793 75408
1163 917 94429
1832 1127 26653
1515 1031 60050
1699 1062 72814
1216 1012 36988
619 623 35190
1696 550 64444
1420 1206 8539
1968 65 2022
1354 705 94396
1392 1867 66602
439 50 38083
550 1564 60281
876 1614 22863
168 829 31327
340 1800 68691
93 1847 21649
795 1266 2216
1110 1585 33070
7 939 76349
1696 682 1040
653 1120 38336
736 1669 61314
201 896 23059
727 1415 69918
969 1754 8582
1481 198 70689
1247 992 98286
217 101 20926
1252 459 73851
1342 506 67622
1299 1510 36916
1304 245 65783
1225 797 19530
758 1876 11706
1824 844 3730
689 677 64684
1400 1923 3178
1729 491 19126
1642 1742 54260
493 1436 2022
377 734 48037
1732 389 36916
756 1613 11341
1028 723 22863
714 546 95995
153 1235 75199
142 986 78207
1123 714 6888
556 355 49959
799 847 96659
1196 1575 19583
1455 1307 44501
1958 414 86991
1609 1441 74233
1136 154 13785
1858 659 4568
904 800 53866
224 274 29905
386 1181 53276
290 1980 21994
1629 1527 18419
53 981 82135
866 1290 75580
1291 1251 75857
790 738 9860
1186 595 11128
817 1850 92293
1433 425 60281
762 810 58271
798 1100 5772
33 1080 36916
842 1133 16950
1309 1998 5772
541 1640 81777
1566 781 97302
745 1966 6997
933 782 18809
273 566 39812
1887 1680 58391
1033 477 49677
510 509 24915
1865 1702 2246
201 1010 47794
1827 1903 48830
1054 1468 49798
1019 564 27829
1577 1497 2568
1985 121 95437
1168 7 46620
1161 1391 88028
605 252 69180
1129 117 41422
784 317 18005
789 495 11900
784 1549 49677
1560 567 22847
301 143 47794
175 479 38098
615 1999 7972
734 1159 55591
34 1764 36430
1842 1244 26305
1351 27 60281
222 1167 73318
1347 303 16650
292 1862 98815
1448 162 61314
804 336 90869
1928 951 2022
1411 36 18809
989 69 2568
466 262 13259
763 1613 9504
1376 186 37765
836 1885 36160
1844 176 1256
1770 1975 95368
191 778 73744
1090 705 98286
