800 1400
482 597
8 482
402 8
180 8
549 597
337 402
453 337
447 482
130 447
412 482
301 453
27 402
111 337
335 482
546 8
415 549
515 301
585 301
205 585
44 549
151 180
69 415
794 482
182 546
779 69
589 337
248 151
401 482
85 69
119 779
114 779
727 401
175 27
77 130
569 515
662 779
413 662
227 8
187 401
450 515
740 515
145 130
317 130
167 337
379 337
668 44
314 447
102 401
610 585
319 301
676 415
253 668
757 676
502 415
320 379
507 453
599 102
131 180
90 515
387 450
195 379
259 794
730 27
432 794
693 319
49 585
792 599
82 401
286 90
710 730
529 314
345 415
516 730
298 599
354 387
40 114
166 320
526 166
684 727
620 412
799 354
624 320
651 482
277 298
672 516
704 77
420 502
671 799
169 145
490 662
479 187
291 529
550 27
1 248
724 319
219 102
396 151
348 704
75 119
363 412
264 314
325 75
696 27
83 597
198 77
242 182
351 526
394 651
701 301
45 130
191 546
525 502
265 219
720 317
657 49
471 676
316 546
238 525
398 727
260 354
87 387
798 799
189 131
209 345
116 684
333 450
603 379
675 516
382 111
224 420
43 1
531 401
332 298
767 317
746 724
310 85
36 363
789 701
170 298
494 248
330 191
322 420
635 379
270 710
564 75
475 526
544 387
255 603
427 277
505 599
235 585
141 36
280 227
570 77
179 799
318 432
562 603
438 348
407 351
271 798
184 8
509 420
424 332
173 599
326 354
19 291
442 610
3 662
612 175
478 111
669 412
707 82
698 479
543 635
465 277
105 40
308 189
718 597
495 707
584 471
212 238
626 87
629 543
500 83
285 412
466 684
369 478
536 264
223 494
556 175
193 223
406 727
632 589
220 337
65 402
665 544
120 173
489 550
101 310
213 570
627 438
578 627
59 49
636 562
254 36
283 665
128 90
159 318
307 420
463 283
477 502
245 447
142 471
653 45
700 693
293 49
751 3
269 227
472 442
483 75
732 75
682 751
196 179
13 330
452 238
168 585
484 85
32 549
782 283
302 794
132 589
139 603
221 732
709 128
367 314
15 111
512 220
476 322
596 546
299 179
583 354
491 85
485 483
598 675
343 367
737 330
25 325
98 704
511 489
294 394
152 348
292 180
786 698
17 612
470 105
460 302
559 556
247 476
11 307
510 767
275 682
607 387
715 470
115 105
256 495
10 205
456 45
765 394
753 102
267 227
305 753
42 727
674 782
537 316
468 159
506 179
455 765
734 260
492 317
385 569
563 305
725 757
425 45
324 105
276 314
486 635
2 452
55 173
203 105
127 245
371 105
250 442
278 671
426 585
586 438
423 280
231 432
454 277
160 456
240 559
31 424
5 511
565 193
113 85
304 676
338 145
582 120
346 562
781 740
282 270
602 27
795 674
638 31
788 119
370 710
576 282
136 781
518 85
281 584
480 271
561 136
185 423
183 363
284 345
328 330
342 494
368 328
165 406
331 627
362 278
355 183
249 432
527 569
545 470
340 675
593 562
134 447
28 515
121 151
164 597
135 465
153 299
790 168
434 281
137 527
352 44
793 543
392 544
24 653
289 305
649 387
143 398
215 283
225 479
53 426
393 345
381 629
542 224
776 510
694 795
448 322
641 526
643 324
52 294
229 402
650 651
591 730
462 730
360 285
587 281
774 238
654 529
551 789
630 271
46 316
770 578
397 672
726 256
703 231
171 700
530 362
791 278
51 280
615 491
722 698
445 413
705 304
88 649
673 727
451 651
147 316
163 283
380 242
313 270
646 277
702 479
644 740
467 276
706 792
783 215
126 703
501 782
190 338
279 363
539 629
762 684
752 401
194 11
535 221
640 546
374 282
616 328
208 282
22 167
430 143
103 501
34 779
754 675
416 542
186 362
523 460
778 662
200 589
439 700
12 139
458 794
133 265
391 173
435 492
156 264
62 168
744 328
18 245
138 120
237 337
178 163
522 101
742 231
155 762
33 328
372 340
388 320
796 762
611 237
201 407
409 145
386 782
625 247
71 167
678 270
295 562
57 726
347 195
162 185
296 624
741 141
174 794
520 333
149 725
383 650
504 159
617 585
759 710
713 673
547 28
699 224
359 180
422 346
595 307
144 359
553 515
274 278
199 285
214 434
457 595
708 535
690 427
100 653
681 227
266 296
48 682
74 380
524 85
513 506
158 274
384 442
498 495
176 550
357 324
125 153
658 641
514 275
440 387
590 214
341 247
312 178
633 477
771 164
92 556
588 527
755 320
739 466
680 370
47 224
290 595
777 324
464 162
766 201
339 585
645 307
14 715
78 529
411 607
72 98
519 681
16 282
461 237
257 208
272 198
64 231
79 767
428 796
146 370
96 369
197 111
631 582
508 505
84 245
7 453
667 259
334 483
797 641
639 791
772 25
365 318
496 713
661 372
558 209
692 175
50 90
768 270
89 700
378 247
618 504
399 387
634 778
99 463
623 354
685 294
577 167
566 173
481 428
663 25
745 245
206 346
431 347
211 24
410 342
177 402
377 616
41 633
575 772
773 447
9 626
749 754
400 205
622 539
81 156
210 187
697 151
473 253
621 227
604 280
659 98
58 90
408 215
6 72
784 525
76 301
232 331
605 496
503 587
349 312
608 468
73 490
228 213
554 223
243 302
775 501
336 773
361 786
403 512
262 506
157 163
358 472
106 143
763 754
642 57
444 576
216 12
756 577
414 554
218 259
329 793
677 180
404 782
60 380
300 629
417 25
761 674
712 175
192 191
735 602
637 448
474 278
306 276
124 501
344 414
4 139
288 398
747 248
244 279
437 341
780 157
688 710
446 344
154 64
541 228
487 582
758 403
499 596
687 145
373 167
421 412
376 677
647 295
405 166
449 675
297 587
122 285
38 388
104 513
366 274
557 578
239 531
695 185
375 194
273 608
469 367
738 662
56 463
534 200
433 269
234 348
664 663
574 435
560 693
666 212
533 507
112 712
670 190
736 636
246 442
691 709
86 393
110 754
21 602
679 121
181 435
594 13
252 286
601 379
140 3
309 31
800 430
61 78
436 544
35 333
567 542
592 599
787 33
80 472
517 275
20 673
743 76
222 196
441 201
548 131
555 99
581 788
230 222
118 272
769 399
66 345
497 645
207 454
719 369
731 138
39 235
311 360
443 680
389 443
161 235
538 646
30 206
204 455
390 751
268 597
150 432
528 635
26 135
521 245
652 347
356 274
29 472
493 365
572 180
655 667
188 139
764 496
723 85
540 463
459 625
721 219
129 267
733 766
202 731
606 150
571 641
258 160
429 658
261 222
728 400
68 746
609 582
95 465
711 152
729 702
70 462
552 157
109 385
91 754
315 288
656 195
350 530
628 515
108 652
648 656
418 672
226 531
717 343
600 355
532 371
714 195
353 447
613 452
660 68
568 87
614 556
683 151
123 357
716 653
63 161
395 95
263 627
236 532
303 95
419 662
689 348
573 98
748 720
488 668
67 342
217 513
760 638
287 587
327 669
117 486
241 306
97 442
580 654
323 387
107 196
321 438
54 268
619 728
94 289
148 797
785 64
23 67
172 577
750 733
364 752
251 159
579 377
686 752
233 139
37 706
93 608
674 412 3136
369 682 8538
484 500 6430
136 215 9384
770 347 60
673 592 9384
412 624 8538
658 237 887
640 482 5012
115 372 6430
619 597 4422
284 165 60
698 201 6430
75 336 8538
691 658 9384
750 530 8336
91 493 4325
430 350 8043
23 541 1394
244 656 8336
367 26 6863
454 661 2778
421 558 2778
88 184 7794
322 427 3427
6 728 4068
729 370 5012
28 799 2863
364 22 9384
284 617 5124
224 183 6092
312 636 8043
564 609 4023
569 696 6863
461 569 3785
210 574 1422
488 55 6916
458 82 6916
330 797 4068
743 281 3070
210 56 8981
55 367 2778
560 482 8691
374 602 8316
372 614 2568
700 23 2778
156 62 4422
781 72 3927
604 401 5212
1 343 9173
13 105 6430
560 159 3427
495 718 2778
237 291 8316
227 215 1531
338 466 2778
222 621 60
64 601 5783
787 405 5737
259 757 9803
11 769 8043
170 529 5369
247 575 5783
6 11 9171
366 590 887
91 127 541
639 700 8043
1 763 60
233 749 1422
418 208 6430
498 570 6863
329 740 4068
671 186 6650
481 543 9384
134 108 8981
1 551 9171
686 389 2568
391 741 4023
248 526 6916
62 495 5199
631 192 8336
721 521 5212
539 743 4422
131 423 7764
86 109 1394
181 109 541
403 346 5387
523 288 5369
158 536 2363
93 149 9384
587 331 6650
50 252 2568
157 790 5387
449 473 2863
483 558 541
177 738 3527
421 340 6863
606 415 3930
283 124 8168
37 216 6430
285 354 887
725 755 4422
437 111 4422
443 559 541
424 242 6430
512 770 4422
261 391 5783
356 548 8316
290 382 6430
759 418 2778
576 702 6430
275 179 7374
578 167 8691
70 162 3070
34 137 9171
107 200 1422
117 461 60
371 368 2863
687 209 8981
678 167 5012
436 294 4325
547 120 493
613 697 7764
341 318 9171
275 351 8043
3 9 3070
52 126 4068
491 48 5737
677 735 8457
796 164 887
532 152 3070
521 698 5012
689 62 5199
575 402 1394
270 229 2568
453 583 3136
483 634 4023
78 324 1874
391 552 6430
561 547 3427
448 630 7764
629 350 6916
129 590 6916
677 364 4023
391 185 2363
360 637 3785
785 672 5124
439 301 2568
140 691 8336
576 451 5369
727 451 3070
229 279 4422
780 759 3527
145 635 6916
712 578 28
258 137 6650
35 473 6916
796 111 3059
633 250 4920
668 377 3930
2 303 5212
764 83 7764
628 415 3070
634 559 2363
555 470 3136
660 728 4325
602 314 4920
319 661 3059
336 493 3927
244 713 28
154 714 5783
514 229 6650
352 57 2863
500 242 3927
482 796 6863
690 655 8538
137 9 2863
505 327 6916
534 215 60
365 458 8043
125 611 2778
539 324 8457
235 227 28
346 726 2863
567 407 8168
457 648 3059
627 785 8457
661 41 3070
556 574 8316
496 491 6430
347 167 6430
464 705 2863
9 491 2568
762 36 6916
156 602 60
345 611 1531
292 789 8168
248 649 60
82 757 6414
130 452 5199
635 350 7794
502 365 7764
244 373 28
212 334 5212
457 41 9384
660 737 6863
711 229 2363
298 476 9957
725 557 2363
126 686 9171
720 72 6916
681 125 6430
97 368 5783
4 131 3927
747 587 5783
395 446 2363
653 709 5783
99 206 5369
545 131 8168
148 608 6863
201 79 4371
508 759 3136
380 408 7764
176 411 3070
305 709 9173
27 303 5199
486 507 2778
724 605 8981
638 702 3927
211 49 9957
470 601 4920
351 309 8168
357 688 5199
729 63 60
784 719 5369
624 746 6863
462 783 6863
208 258 7374
512 95 6863
145 658 5199
738 327 2778
161 229 3785
342 585 8336
483 66 1531
234 49 7794
245 224 493
111 686 8538
484 445 2863
213 156 6430
643 301 8691
321 590 4422
151 750 5199
738 643 4325
315 325 4422
755 110 541
665 355 8538
520 17 3785
261 500 6430
707 264 2863
800 106 7794
302 778 28
130 129 4023
187 418 8538
380 284 3136
190 238 4371
48 454 887
481 525 9171
800 785 4920
315 244 6230
785 243 7764
308 97 4920
419 226 6430
32 764 8316
287 695 6650
418 436 8168
659 483 5737
454 516 493
618 515 7794
481 381 5737
607 365 3427
39 224 28
153 643 8168
746 226 9173
157 64 887
203 481 5783
486 692 4325
775 345 4023
789 162 8316
339 642 4068
580 449 5387
167 39 5012
651 543 9173
560 489 5369
336 197 6414
7 399 2778
114 436 4920
255 763 6414
111 303 5369
33 641 3527
687 772 60
105 490 60
547 340 5012
383 451 2778
444 787 9957
120 793 5212
277 458 887
676 264 887
620 726 5737
278 310 3427
481 196 8316
332 301 2568
221 47 4371
557 430 9384
229 425 9384
449 545 4422
619 373 1394
73 248 5124
640 420 7374
710 249 6414
171 729 4422
756 260 7764
230 32 9957
43 589 3927
307 369 2363
109 370 5199
704 188 6092
508 612 8336
127 4 7764
472 265 6414
327 787 6230
377 742 8043
279 523 28
227 566 8168
605 424 8336
159 533 2363
609 788 4068
631 495 8168
452 173 4422
693 645 2778
381 523 7374
350 99 5783
129 377 3059
388 603 6414
339 759 1531
659 469 1422
547 629 4068
175 459 2863
415 463 9171
657 355 8981
716 735 493
761 636 28
747 765 3136
456 704 7374
634 243 5387
84 101 8316
417 647 3059
738 22 28
304 788 8043
43 644 3927
778 111 6230
787 71 8457
94 18 8043
129 25 7374
767 659 8168
467 294 28
187 710 3136
536 647 2778
96 503 6430
117 97 28
493 75 1531
707 61 4422
404 507 5737
418 635 4325
335 153 6916
494 619 4068
305 6 9384
314 93 8691
345 188 2863
362 657 3059
127 349 5124
451 255 3927
397 210 1422
712 627 3930
603 513 6092
353 558 3427
747 62 3930
251 728 6650
754 272 2568
158 185 1394
11 312 5783
738 314 9173
278 262 1874
675 525 3785
555 327 4023
140 679 6230
343 626 5124
103 428 541
755 381 1422
347 91 2568
595 101 9171
743 391 5783
697 220 6430
413 94 4371
755 649 4371
361 788 8691
525 330 6430
303 784 5783
7 738 3136
335 637 4325
47 431 28
70 726 7374
758 174 6092
459 586 5199
684 540 3785
787 453 7374
769 177 7794
128 31 1874
267 38 6092
434 372 3785
595 418 1531
56 39 9173
708 348 3059
778 358 28
494 593 3785
58 579 6414
761 548 6916
545 227 8981
312 493 3785
369 478 5124
261 272 5783
488 680 2863
288 587 9171
614 564 5783
725 610 2863
575 667 4325
430 628 8316
461 372 6092
74 236 28
525 604 2363
546 416 6230
89 104 8538
469 743 1422
301 556 3070
137 32 3527
118 159 5199
677 588 3527
535 600 8691
171 673 8168
652 397 6863
11 495 7794
793 583 6916
654 603 60
653 455 28
415 592 6863
339 261 8691
129 489 8457
546 223 9173
438 745 3427
566 597 8981
48 607 4325
298 151 493
203 4 9173
51 656 5212
6 622 9803
792 512 5737
489 640 6430
324 737 3059
759 727 3785
266 492 6414
521 91 8691
23 389 4068
458 591 5124
696 641 2778
141 198 8538
176 542 8168
24 230 9384
359 553 3527
117 511 1531
171 328 541
373 401 7764
381 775 541
539 432 3059
700 680 6916
620 20 8336
713 547 5212
518 570 5737
163 129 3927
96 597 1394
755 767 9803
657 339 8336
297 719 8043
230 9 7374
401 708 7794
316 79 6430
429 791 4325
283 509 1874
718 223 8538
458 670 887
708 624 1422
37 480 6916
119 328 6916
174 557 5369
213 509 2863
131 377 8691
420 357 5783
456 640 4023
613 109 1394
98 566 5369
531 473 8691
130 62 1531
419 532 1422
178 257 8457
745 470 5212
771 152 9173
427 124 5212
73 131 4325
580 295 2778
60 392 493
210 474 3070
182 603 8336
538 573 2863
421 302 8691
412 246 5369
16 568 3059
444 194 8691
781 618 5387
508 397 8691
792 9 3427
394 218 5387
468 751 5199
155 488 5783
373 460 887
47 424 6230
543 439 3527
390 83 3930
264 415 1422
268 122 7764
566 466 2568
7 59 4325
721 526 8168
789 680 8336
629 252 3930
770 298 1531
260 392 2363
317 333 6092
567 596 6863
186 415 8981
202 180 9957
578 538 9384
19 458 3059
563 446 4422
794 626 8538
236 147 8336
550 406 2863
54 274 4920
440 40 9384
792 578 60
465 331 3070
156 109 5783
352 127 3136
178 241 4325
682 234 9173
190 470 5737
347 571 7764
95 624 6863
176 615 4371
405 606 7794
696 622 4920
270 777 60
30 681 28
600 58 541
367 739 6430
759 480 5387
50 26 6230
547 473 5124
517 648 6916
78 252 541
217 499 8691
238 769 1394
367 350 5783
622 149 887
670 67 9173
152 378 6916
6 427 8336
431 173 9171
230 689 4068
644 319 5212
62 87 3785
102 324 4068
471 690 3930
719 63 1394
225 733 3136
21 436 9173
648 793 7764
501 423 7374
26 205 8457
551 48 8981
79 109 5124
105 563 6092
452 233 3059
348 503 541
744 727 5783
759 299 3927
351 499 8981
370 199 6863
113 577 6414
448 679 9803
750 309 3927
337 765 9171
152 416 8168
655 315 6650
421 611 3070
471 569 3427
508 472 3427
90 41 9803
94 505 887
654 152 8336
109 453 8336
24 342 3930
502 493 9171
763 347 2778
727 320 9384
170 790 5012
711 50 8981
502 491 887
43 584 8043
513 789 9803
412 97 5369
620 472 5199
792 525 2863
131 488 6916
137 766 3070
753 135 5124
690 397 6863
297 98 9384
297 493 6430
800 557 887
559 168 3927
323 787 6430
75 778 3927
672 109 5212
367 597 5199
381 550 2778
736 439 3927
341 735 3070
787 231 2863
217 583 6414
786 693 5199
652 215 2778
541 642 5783
154 65 1394
255 431 6230
673 363 3136
73 298 4371
222 190 2568
21 177 8316
311 393 2778
710 730 493
476 581 7374
228 321 5212
310 475 4068
500 281 2778
39 153 3070
126 577 5212
652 799 6430
664 371 8457
458 233 5737
35 142 3136
304 617 3927
339 397 2778
664 706 9957
604 758 9173
527 796 6230
459 121 7764
593 324 6863
565 539 2863
264 549 887
708 583 2568
729 438 5369
434 776 9171
460 191 3930
512 347 5124
396 73 2568
432 83 8981
597 676 6092
759 440 5737
44 255 1422
361 162 1422
371 442 3070
198 76 887
421 87 4023
102 599 5199
539 546 5012
524 530 3070
629 326 1874
609 636 9384
680 231 6430
147 591 2363
548 514 9384
138 711 9171
152 684 887
708 337 6916
10 427 6430
536 150 3070
792 778 4920
124 139 6863
598 18 5737
175 517 1874
266 616 5387
350 754 1422
157 457 5199
402 716 6230
798 277 2778
139 12 7764
9 3 6916
204 478 6430
586 276 5124
399 2 3927
707 619 9957
375 168 1874
754 324 5124
568 278 6092
270 627 2778
47 765 9803
325 773 6414
580 528 8336
526 665 6863
137 616 2778
616 522 9173
110 96 8316
358 402 6430
261 521 9957
432 791 4068
526 389 9173
184 713 4422
644 492 5124
333 217 2568
298 705 8981
264 72 3785
400 182 1422
352 91 541
532 703 8457
188 334 28
471 412 3059
269 147 3427
392 790 6650
593 674 9803
659 171 8981
92 786 1422
398 738 9173
800 289 5212
354 372 2863
429 560 6230
46 582 1874
51 402 8538
320 793 6092
281 138 6430
10 348 6650
795 440 493
404 389 6230
194 388 9803
426 742 2778
113 722 887
133 768 5387
116 370 5212
245 690 9173
715 522 3136
610 531 1422
676 77 2778
632 481 6092
172 226 9957
705 204 493
458 316 7764
673 448 60
318 115 8538
364 359 6092
754 625 3527
482 434 493
109 662 6430
175 493 3527
629 216 3527
223 473 9173
558 482 8981
367 354 7764
142 671 6863
639 586 541
225 540 5012
684 573 8457
73 233 2568
243 407 4422
92 587 2568
519 10 6414
349 119 1874
46 485 9957
190 179 4325
448 17 3785
616 594 493
608 477 6430
586 102 4920
776 696 6916
211 787 2568
213 58 5369
687 758 3927
42 4 7794
550 193 6650
481 641 6863
198 456 8168
5 616 5012
385 401 60
548 728 4422
318 138 2778
674 702 8457
591 588 493
178 629 5387
602 731 6863
404 411 5783
223 160 6414
186 165 9803
178 101 5369
271 648 3070
259 165 6230
586 38 887
169 180 5737
62 710 9803
758 511 5124
47 467 5199
679 689 3927
167 426 4920
270 604 8538
325 426 9171
308 685 6430
332 470 3427
705 190 9384
66 252 8043
408 209 3930
679 607 7764
561 486 8316
155 652 4920
712 122 5012
570 446 5199
627 305 4422
496 636 8457
307 541 6092
650 158 3136
101 117 8316
415 796 5783
43 108 9171
263 614 9171
461 78 8691
461 647 4920
439 25 8691
301 72 6430
632 379 8336
705 580 8168
228 680 5124
312 295 6092
203 689 6230
130 504 1874
709 164 3070
161 176 7764
411 615 6092
165 115 8316
554 299 2363
588 555 1874
779 334 8316
638 646 7794
45 400 6916
359 529 2363
38 790 5124
147 150 2363
101 560 2568
80 724 9803
130 30 6430
110 617 5124
221 147 3930
659 784 493
496 28 8316
221 738 5369
449 328 8316
392 474 1422
510 126 3927
443 205 2778
394 686 8981
643 347 9171
646 567 4371
182 778 7374
716 473 2863
400 693 5012
613 341 6430
15 732 9384
271 793 4371
734 787 4422
224 380 3059
96 222 2863
583 419 6650
769 153 8457
490 420 3527
590 19 8457
628 184 5369
545 550 5387
135 20 6916
203 305 7374
475 529 3136
184 624 3930
240 758 3927
63 726 5369
214 767 8316
38 557 5212
553 384 1531
161 481 8538
51 167 3930
734 369 4325
604 395 9803
405 579 1394
779 18 8981
772 80 3427
469 294 3427
585 683 3927
720 435 7374
589 595 887
208 198 8981
295 131 4023
238 286 8691
261 690 3785
459 221 2568
614 192 6916
247 213 2863
647 797 9173
354 268 1422
445 57 5737
568 264 8316
410 110 7374
620 699 2568
424 159 3930
7 617 4068
759 783 6430
342 229 8457
219 427 6092
329 781 5369
74 777 5369
766 97 4325
54 506 5199
625 325 3427
234 748 8043
532 306 9173
250 264 7764
511 158 1394
537 376 8981
559 704 60
48 330 493
394 295 3136
555 700 6650
25 77 4422
546 310 8691
426 393 5124
122 642 8457
152 704 3785
410 792 1422
295 550 6650
512 598 4920
354 191 3059
643 297 6916
190 673 3527
508 419 2863
678 44 541
354 517 7374
293 668 541
741 629 2568
316 124 4920
146 635 6092
306 540 9957
311 735 5012
216 124 8168
101 183 5737
295 61 7764
433 414 3930
412 258 3927
295 550 60
521 417 8691
496 562 1531
621 67 6414
487 378 2778
650 145 4325
685 246 9957
338 92 4422
386 525 3927
150 488 2363
581 782 8336
392 54 1422
327 102 2568
448 274 6430
212 760 6092
711 609 3930
532 45 3427
88 734 8043
56 319 8457
789 468 2778
179 600 2778
470 192 4371
729 70 7764
398 69 493
485 280 1422
501 190 9171
661 274 7764
619 713 8336
220 321 5199
697 309 3059
61 40 7374
207 61 4023
311 790 8981
515 739 3136
193 775 6092
182 475 9173
331 687 493
77 57 9803
205 628 3527
203 76 6230
220 137 7374
37 695 3427
45 205 4068
474 720 2568
523 464 5012
52 197 9957
122 79 4920
465 156 3136
272 712 3136
400 114 4068
388 333 7764
415 722 1874
502 766 1422
131 792 541
497 66 1531
38 117 3136
404 590 3785
209 606 1422
423 78 5199
16 29 5124
484 416 4920
289 30 9957
340 83 9384
595 213 1531
322 710 4422
63 747 1874
1 702 7764
369 463 1394
444 437 5124
430 4 4325
81 487 8691
416 327 60
673 666 3427
447 461 5199
564 782 1874
746 44 3059
597 396 3070
590 764 4068
36 759 3785
711 388 8981
166 468 9173
484 84 2778
735 308 7794
716 754 5783
110 517 3136
565 462 1394
70 611 9173
725 400 887
145 435 9957
2 697 4325
661 62 887
559 97 541
432 31 9803
522 298 5012
624 760 5199
707 76 4325
385 146 8043
11 70 4068
401 566 4422
301 567 6414
236 428 7374
543 538 5124
133 169 8336
30 242 887
232 65 6092
150 771 9803
82 708 5199
623 718 9171
316 318 8168
794 618 6430
369 406 2363
356 148 7764
792 633 4068
457 662 6414
772 446 6092
246 595 4371
596 228 2863
290 403 3527
406 718 6916
287 711 6414
286 631 887
265 187 9803
781 178 8043
665 186 8316
343 510 8043
438 755 6414
503 102 5737
27 392 8457
268 349 6650
27 187 3059
308 472 8538
193 288 5369
130 268 5199
347 133 2363
778 27 8336
405 464 7374
627 518 28
629 544 3070
232 12 6092
105 390 3070
688 697 8981
653 442 1874
5 571 2778
685 118 4023
303 447 8336
430 51 5199
64 230 6650
599 58 4325
277 289 2863
655 393 6863
419 632 7794
206 485 1874
281 41 6414
624 277 4920
650 132 887
703 561 3136
772 176 7794
558 774 8981
439 602 5783
332 456 6230
614 74 5212
792 280 6414
164 560 1394
106 383 4023
517 585 3059
574 487 3785
585 10 4325
474 119 4325
771 558 2863
109 89 3930
640 702 3427
554 245 4422
152 760 6092
494 65 4023
760 133 541
710 258 887
420 43 5783
657 516 8538
68 38 1394
433 147 4023
453 786 493
546 91 6430
471 242 5369
507 287 7374
477 246 8691
680 507 3059
473 478 8168
275 687 5387
548 754 9384
578 738 5783
248 390 5737
171 488 8043
339 510 9173
18 216 6414
113 692 4920
341 123 5783
27 147 4920
106 422 1422
701 169 3527
85 299 5199
415 546 4422
282 717 9803
239 607 7764
789 176 5124
25 288 3785
658 629 1531
198 655 6916
568 312 4068
23 212 8336
584 648 8168
283 614 9173
723 95 4068
402 685 5387
238 673 8043
193 697 8538
39 555 5737
360 752 6916
28 71 5783
468 94 5783
629 229 887
736 511 6430
493 785 493
165 386 5212
444 175 1394
449 367 3059
742 758 8457
63 669 2568
742 696 1531
581 716 5199
183 544 5212
784 32 8538
399 524 8457
461 240 8457
407 683 7374
225 332 8691
292 625 887
465 688 1422
590 629 9171
337 761 8316
177 143 3136
597 479 1394
280 77 3136
748 537 3136
353 495 7374
132 720 4023
278 563 4325
733 228 5012
257 369 6650
28 705 7374
66 433 8168
647 581 4920
12 61 5199
251 360 2863
730 712 60
644 395 3070
440 225 6863
61 157 887
369 765 493
410 344 3059
59 761 887
554 160 4023
728 523 7794
530 325 60
420 255 2568
5 450 7764
661 441 6092
280 502 60
477 70 5369
243 31 5737
264 441 8981
718 195 2568
152 474 1394
798 203 887
203 174 6916
223 179 2863
637 39 4068
124 318 9171
471 347 5124
334 141 8981
541 404 8691
261 321 5012
139 24 1422
540 21 60
17 575 9173
548 797 3930
728 186 1422
100 661 9173
774 331 2778
269 216 9173
594 757 3070
112 569 6414
624 259 4422
9 350 8691
300 366 3427
765 113 5124
255 392 6414
488 44 7764
239 17 6230
335 637 3070
124 782 5387
316 94 2363
380 717 2778
468 278 8691
129 577 1874
364 541 8691
499 348 3927
468 35 4068
296 625 4422
359 160 9173
285 635 9173
519 150 8457
73 81 60
685 101 8316
47 581 4325
575 496 5737
767 194 5199
198 661 3136
25 509 5124
219 67 3785
250 703 6230
614 773 7374
271 45 6230
196 729 4068
751 328 2778
282 454 3136
705 420 1394
228 169 887
137 545 8981
670 764 887
115 565 8981
193 730 3059
421 552 887
281 299 3427
593 249 1394
685 530 4325
472 787 9957
4 566 6430
197 254 6430
450 475 4023
673 589 9173
446 782 7374
543 754 7764
684 586 3427
658 378 9803
606 262 8043
560 285 887
132 288 3930
225 37 3927
511 38 4371
311 711 9957
228 708 8981
73 3 3930
470 238 3059
365 95 541
508 253 8043
733 12 3927
496 495 2568
376 720 8691
509 430 3930
669 292 2363
265 519 60
546 592 9171
780 613 5124
351 177 1874
299 684 4325
60 169 6650
105 216 5124
341 144 2863
262 204 60
220 72 5212
440 688 3427
119 433 5212
249 764 6092
168 314 5387
181 164 8457
447 223 28
275 679 3136
598 220 8691
40 33 3427
615 252 8981
682 243 6230
19 713 1531
299 513 3785
391 680 9384
659 413 6430
714 411 9957
586 685 5783
577 483 6430
711 74 8336
248 241 6414
657 474 6092
154 492 1531
787 342 3427
583 732 4371
245 142 887
71 55 3136
471 192 3427
749 320 1422
799 230 493
80 478 6430
317 686 4068
795 391 9803
386 377 4068
490 160 5369
377 404 6650
324 474 2863
233 144 3930
26 445 9803
654 795 8168
107 426 6650
600 742 6916
766 737 9957
175 322 2778
725 363 1422
310 739 3427
36 614 4023
168 46 6092
44 424 3070
688 629 2363
665 735 8168
319 86 8538
658 403 3059
140 577 541
