120 1700
32 50
2 37
120 31
110 99
105 83
106 69
34 49
116 84
74 96
83 88
84 44
25 35
1 80
80 13
89 9
51 55
18 100
22 68
67 53
51 55
60 73
110 99
67 53
43 113
3 98
16 51
72 120
84 44
108 27
67 53
107 38
68 45
56 109
29 63
25 35
65 81
71 17
31 46
75 116
70 11
71 17
106 69
4 54
113 101
2 37
47 109
51 55
95 18
61 57
34 49
71 17
25 35
66 26
26 92
50 117
37 65
8 72
22 68
48 6
49 82
22 68
7 24
69 12
60 73
30 28
19 108
94 20
10 32
99 105
108 27
44 102
34 49
95 18
53 89
14 3
22 68
41 103
64 41
94 20
3 98
34 49
19 108
8 72
68 45
85 74
57 64
58 109
60 73
116 84
50 117
110 99
59 87
95 18
11 104
42 71
91 109
30 28
25 35
30 28
19 108
73 59
75 116
106 69
74 96
94 20
39 109
64 41
67 53
73 59
20 43
11 104
42 71
110 99
94 20
95 18
41 103
21 78
62 107
95 18
3 98
92 4
66 26
100 52
2 37
99 105
108 27
92 4
10 32
98 21
72 120
54 33
86 39
74 96
103 109
95 18
94 20
110 99
65 81
15 91
75 116
50 117
88 109
99 105
46 115
22 68
3 98
77 70
40 34
46 115
54 33
90 77
66 26
8 72
27 15
94 20
21 78
112 5
57 64
70 11
62 107
105 83
67 53
10 32
59 87
14 3
107 38
32 50
72 120
7 24
106 69
48 6
12 29
25 35
53 89
95 18
77 70
107 38
85 74
80 13
69 12
110 99
89 9
42 71
91 109
110 99
35 95
90 77
118 111
92 4
66 26
10 32
106 69
69 12
92 4
92 4
28 97
13 112
8 72
71 17
56 109
7 24
25 35
60 73
50 117
27 15
73 59
4 54
86 39
81 23
67 53
65 81
50 117
16 51
71 17
3 98
67 53
42 71
43 113
14 3
81 23
30 28
19 108
22 68
108 27
79 56
59 87
116 84
72 120
24 109
2 37
13 112
72 120
110 99
99 105
20 43
74 96
65 81
83 88
114 30
43 113
68 45
22 68
18 100
80 13
89 9
112 5
97 76
17 118
90 77
73 59
72 120
113 101
84 44
51 55
15 91
11 104
16 51
15 91
94 20
84 44
90 77
82 36
60 73
14 3
92 4
45 7
77 70
71 17
90 77
73 59
37 65
116 84
21 78
94 20
45 7
46 115
27 15
105 83
13 112
98 21
30 28
75 116
38 79
79 56
66 26
20 43
89 9
32 50
92 4
3 98
62 107
60 73
89 9
43 113
85 74
16 51
12 29
75 116
120 31
74 96
14 3
108 27
19 108
83 88
54 33
75 116
26 92
64 41
114 30
78 109
70 11
23 109
83 88
25 35
81 23
108 27
56 109
53 89
14 3
114 30
85 74
2 37
34 49
42 71
73 59
16 51
90 77
89 9
28 97
45 7
53 89
110 99
12 29
73 59
64 41
11 104
26 92
67 53
98 21
2 37
114 30
92 4
75 116
37 65
37 65
12 29
120 31
71 17
63 109
60 73
70 11
117 93
39 109
34 49
99 105
16 51
25 35
8 72
75 116
64 41
55 86
59 87
31 46
104 47
13 112
65 81
72 120
32 50
79 56
3 98
84 44
108 27
67 53
89 9
106 69
16 51
22 68
12 29
74 96
3 98
26 92
19 108
94 20
16 51
84 44
8 72
11 104
89 9
9 58
32 50
32 50
14 3
64 41
108 27
66 26
18 100
117 93
13 112
50 117
19 108
90 77
110 99
11 104
70 11
105 83
77 70
16 51
9 58
49 82
90 77
65 81
66 26
57 64
35 95
114 30
40 34
53 89
25 35
34 49
32 50
84 44
97 76
65 81
41 103
86 39
62 107
42 71
108 27
28 97
16 51
75 116
37 65
49 82
20 43
31 46
10 32
16 51
37 65
32 50
51 55
64 41
4 54
68 45
101 109
32 50
68 45
87 119
59 87
108 27
117 93
59 87
99 105
31 46
75 116
105 83
42 71
39 109
35 95
22 68
49 82
42 71
15 91
37 65
30 28
34 49
59 87
7 24
106 69
71 17
65 81
45 7
67 53
38 79
71 17
28 97
62 107
99 105
50 117
23 109
108 27
22 68
16 51
108 27
62 107
90 77
73 59
20 43
87 119
40 34
82 36
84 44
77 70
23 109
72 120
41 103
8 72
110 99
30 28
32 50
42 71
120 31
77 70
113 101
42 71
41 103
62 107
53 89
114 30
7 24
41 103
65 81
85 74
84 44
72 120
18 100
11 104
43 113
93 109
90 77
9 58
73 59
15 91
16 51
56 109
37 65
74 96
50 117
89 9
120 31
87 119
26 92
98 21
69 12
117 93
37 65
32 50
40 34
103 109
38 79
44 102
14 3
35 95
3 98
50 117
73 59
51 55
50 117
60 73
20 43
3 98
106 69
42 71
22 68
59 87
37 65
1 80
37 65
105 83
110 99
80 13
120 31
58 109
60 73
90 77
82 36
116 84
49 82
16 51
108 27
110 99
97 76
99 105
35 95
60 73
49 82
107 38
35 95
67 53
62 107
110 99
3 98
59 87
82 36
15 91
51 55
68 45
114 30
10 32
8 72
106 69
51 55
99 105
100 52
51 55
14 3
92 4
59 87
80 13
57 64
55 86
28 97
118 111
17 118
28 97
98 21
75 116
90 77
8 72
13 112
81 23
13 112
62 107
77 70
4 54
85 74
9 58
44 102
77 70
10 32
108 27
30 28
71 17
30 28
62 107
26 92
118 111
110 99
72 120
12 29
36 109
15 91
92 4
2 37
17 118
42 71
67 53
18 100
67 53
37 65
70 11
25 35
90 77
16 51
65 81
57 64
1 80
18 100
2 37
12 29
20 43
30 28
106 69
72 120
90 77
43 113
70 11
43 113
120 31
34 49
83 88
110 99
79 56
40 34
79 56
54 33
66 26
84 44
58 109
16 51
75 116
62 107
28 97
21 78
21 78
57 64
82 36
64 41
70 11
40 34
8 72
37 65
28 97
98 21
32 50
107 38
49 82
120 31
3 98
29 63
59 87
25 35
72 120
66 26
104 47
11 104
30 28
102 109
87 119
34 49
40 34
92 4
85 74
73 59
94 20
60 73
10 32
83 88
27 15
35 95
97 76
24 109
3 98
22 68
90 77
49 82
81 23
90 77
51 55
22 68
20 43
114 30
94 20
95 18
50 117
16 51
37 65
65 81
53 89
92 4
75 116
90 77
9 58
60 73
85 74
110 99
40 34
72 120
10 32
35 95
10 32
77 70
21 78
34 49
69 12
3 98
77 70
106 69
37 65
37 65
32 50
114 30
3 98
111 109
92 4
94 20
35 95
74 96
1 80
13 112
113 101
30 28
8 72
7 24
57 64
44 102
73 59
74 96
72 120
53 89
24 109
69 12
60 73
20 43
43 113
114 30
79 56
68 45
75 116
4 54
90 77
51 55
103 109
107 38
25 35
14 3
69 12
90 77
25 35
37 65
40 34
96 48
18 100
2 37
62 107
104 47
40 34
40 34
66 26
71 17
72 120
26 92
106 69
43 113
65 81
114 30
66 26
96 48
14 3
18 100
117 93
16 51
40 34
42 71
64 41
37 65
98 21
98 21
8 72
19 108
84 44
1 80
2 37
60 73
21 78
82 36
108 27
61 57
84 44
17 118
100 52
89 9
85 74
99 105
25 35
120 31
30 28
25 35
67 53
46 115
120 31
25 35
66 26
16 51
74 96
35 95
37 65
120 31
39 109
42 71
27 15
1 80
22 68
87 119
35 95
54 33
53 89
88 109
2 37
38 79
49 82
82 36
34 49
94 20
22 68
80 13
61 57
74 96
16 51
104 47
28 97
108 27
11 104
2 37
105 83
108 27
11 104
71 17
114 30
3 98
51 55
36 109
72 120
69 12
26 92
22 68
78 109
113 101
75 116
28 97
48 6
51 55
73 59
4 54
120 31
118 111
108 27
10 32
66 26
98 21
73 59
13 112
91 109
92 4
73 59
42 71
12 29
67 53
108 27
60 73
62 107
54 33
74 96
24 109
64 41
19 108
34 49
41 103
26 92
62 107
10 32
4 54
43 113
90 77
57 64
114 30
105 83
4 54
68 45
29 63
49 82
15 91
17 118
30 28
53 89
35 95
37 65
85 74
42 71
35 95
66 26
8 72
70 11
96 48
42 71
61 57
20 43
12 29
57 64
8 72
34 49
32 50
40 34
38 79
72 120
96 48
57 64
8 72
73 59
61 57
38 79
67 53
81 23
67 53
27 15
60 73
92 4
75 116
55 86
49 82
16 51
88 109
96 48
45 7
32 50
4 54
81 23
79 56
73 59
26 92
90 77
13 112
1 80
96 48
26 92
55 86
20 43
34 49
16 51
51 55
92 4
22 68
83 88
87 119
106 69
77 70
60 73
30 28
113 101
7 24
81 23
16 51
68 45
91 109
68 45
75 116
108 27
91 109
79 56
104 47
61 57
66 26
97 76
51 55
62 107
72 120
98 21
106 69
1 80
75 116
67 53
54 33
88 109
12 29
92 4
53 89
34 49
34 49
28 97
30 28
1 80
77 70
41 103
69 12
95 18
53 89
49 82
94 20
95 18
118 111
1 80
100 52
20 43
99 105
87 119
107 38
62 107
38 79
118 111
4 54
2 37
45 7
119 109
34 49
96 48
104 47
111 109
73 59
60 73
45 7
16 51
67 53
67 53
82 36
14 3
77 70
26 92
15 91
40 34
4 54
68 45
108 27
29 63
18 100
16 51
105 83
2 37
72 120
16 51
66 26
116 84
67 53
89 9
90 77
92 4
112 5
68 45
66 26
60 73
108 27
66 26
15 91
57 64
28 97
30 28
84 44
22 68
90 77
90 77
97 76
23 109
80 13
57 64
72 120
4 54
55 86
74 96
22 68
8 72
97 76
75 116
82 36
4 54
59 87
38 79
55 86
70 11
61 57
2 37
6 109
13 112
68 45
59 87
43 113
10 32
30 28
34 49
57 64
105 83
11 104
14 3
38 79
84 44
16 51
9 58
84 44
2 37
116 84
32 50
62 107
89 9
68 45
4 54
57 64
99 105
42 71
12 29
118 111
103 109
68 45
61 57
120 31
69 12
61 57
25 35
74 96
19 108
105 83
1 80
92 4
108 27
71 17
61 57
110 99
40 34
62 107
32 50
73 59
57 64
3 98
35 95
59 87
55 86
81 23
95 18
90 77
85 74
116 84
69 12
116 84
26 92
22 68
84 44
120 31
80 13
48 6
84 44
3 98
106 69
71 17
8 72
107 38
60 73
29 63
90 77
72 120
68 45
37 65
120 31
89 9
37 65
85 74
113 101
4 54
67 53
116 84
19 108
77 70
53 89
78 109
51 55
54 33
77 70
89 9
23 109
77 70
37 65
61 57
40 34
21 78
42 71
72 120
87 119
120 31
90 77
108 27
73 59
22 68
45 7
107 38
120 31
89 9
16 51
99 105
120 31
99 105
89 9
16 51
77 70
60 73
43 113
77 70
113 101
77 70
62 107
96 48
40 34
65 81
92 4
59 87
25 35
68 45
71 17
1 80
57 64
98 21
1 80
68 45
27 15
16 51
8 72
78 109
90 77
80 13
110 99
19 108
62 107
84 44
61 57
66 26
53 89
88 109
82 36
26 92
94 20
13 112
95 18
49 82
118 111
116 84
38 79
118 111
83 88
32 50
68 45
19 108
114 30
48 6
44 102
64 41
16 51
22 68
95 18
2 37
95 18
53 89
67 53
42 71
28 97
74 96
100 52
34 49
90 77
13 112
58 109
32 50
12 29
73 59
85 74
80 13
85 74
105 83
78 109
45 7
30 28
75 116
14 3
107 38
61 57
39 109
22 68
107 38
83 88
27 15
23 109
25 35
82 36
43 113
61 57
90 77
69 12
106 69
62 107
112 5
69 12
113 101
9 58
116 84
80 13
28 97
106 69
64 41
42 71
20 43
35 95
61 57
62 107
58 109
35 95
59 87
10 32
85 74
3 98
110 99
90 77
20 43
34 49
51 55
98 21
116 84
108 27
97 76
13 112
28 97
106 69
35 95
80 13
35 95
107 38
27 15
107 38
92 4
42 71
2 37
90 77
3 98
3 98
103 109
80 13
106 69
89 9
62 107
66 26
26 92
99 105
62 107
10 32
80 13
8 72
37 65
3 98
72 120
69 12
27 15
120 31
85 74
61 57
14 3
54 33
116 84
60 73
35 95
28 97
77 70
27 15
64 41
54 33
61 57
51 55
103 109
74 96
62 107
114 30
70 11
86 39
25 35
43 113
72 120
61 57
11 104
8 72
66 26
44 102
105 83
32 50
113 101
84 44
67 53
15 91
81 23
37 65
75 116
34 49
49 82
64 41
96 48
28 97
73 59
1 80
46 115
83 88
38 79
94 20
50 117
77 70
89 9
65 81
70 11
51 55
67 53
8 72
99 105
98 21
31 46
92 4
38 79
25 35
66 26
25 35
88 109
30 28
37 65
41 103
83 88
87 119
77 70
22 68
106 69
73 59
69 12
67 53
31 46
112 5
82 36
114 30
31 46
118 111
50 117
77 70
30 28
28 97
13 112
105 83
22 68
64 41
70 11
70 11
69 12
94 20
2 37
46 115
81 23
1 80
107 38
80 13
35 95
105 83
89 9
69 12
11 104
40 34
90 77
80 13
69 12
50 117
42 71
2 37
99 105
105 83
60 73
21 78
50 117
14 3
21 78
62 107
62 107
56 109
108 27
30 28
25 35
89 9
5 109
26 92
2 37
101 109
1 80
12 29
19 108
90 77
62 107
65 81
90 77
104 47
90 77
80 13
26 92
16 51
67 53
116 84
44 102
35 95
20 43
32 50
120 31
51 55
89 9
92 4
67 53
69 12
67 53
60 73
2 37
64 41
51 55
35 95
32 50
114 30
67 53
55 86
37 65
90 77
73 59
26 92
64 41
84 44
116 84
67 53
114 30
88 109
110 99
99 105
49 82
43 113
32 50
48 6
101 109
72 120
106 69
27 15
116 84
8 72
34 49
71 17
105 83
19 108
38 79
41 103
59 87
70 11
107 38
114 30
94 20
3 98
20 43
105 83
44 102
8 72
85 74
30 28
73 59
80 13
1 80
13 112
66 26
60 73
108 27
72 120
101 109
12 29
22 68
10 32
61 57
72 120
30 28
57 64
62 107
79 56
28 97
53 89
66 26
105 83
71 17
41 103
60 73
55 86
61 57
32 50
94 20
75 116
70 11
108 27
76 109
50 117
80 13
85 74
56 109
44 102
94 20
35 95
79 56
113 101
1 80
85 74
106 69
105 83
50 117
69 12
40 34
111 109
90 77
74 96
72 120
12 29
86 39
42 71
7 24
25 35
106 69
62 107
98 21
80 13
60 73
9 58
15 91
4 54
100 52
21 78
62 107
27 15
60 73
54 33
20 43
114 30
98 21
94 20
105 83
16 51
51 55
90 77
22 68
99 105
120 31
66 26
37 65
41 103
71 17
106 69
19 108
2 37
57 64
67 53
117 93
90 77
12 29
67 53
18 100
73 59
114 30
28 97
22 68
2 37
