150 5000
83 123
41 131
39 1
34 141
47 130
12 109
11 141
16 111
116 106
120 48
135 140
99 43
41 105
57 44
113 118
140 17
115 145
17 53
10 103
88 35
126 124
80 108
90 112
42 24
142 112
137 103
76 136
40 145
39 142
4 148
75 58
87 15
69 147
30 88
79 121
12 114
90 48
72 125
33 37
14 141
32 63
22 104
83 125
116 7
133 85
69 110
106 19
10 127
86 85
43 120
43 39
43 5
112 3
30 121
61 35
140 128
87 96
31 95
109 95
116 8
67 96
76 110
99 70
134 145
104 1
50 133
146 54
146 20
74 17
118 70
64 129
66 17
118 48
89 120
89 12
119 9
4 80
116 98
104 90
107 59
24 10
64 20
105 57
98 67
117 136
45 134
82 64
97 19
104 36
115 95
57 48
72 120
119 129
18 127
130 110
147 35
144 140
82 1
142 110
75 6
41 132
125 62
40 43
72 108
42 100
104 66
57 130
11 140
144 74
118 54
96 12
5 38
32 33
138 3
91 95
89 138
32 45
20 122
39 57
143 35
4 85
137 53
32 3
61 102
59 55
56 95
61 48
113 51
61 150
41 61
33 66
19 145
89 21
73 88
11 48
106 145
100 117
57 132
51 129
49 117
81 127
92 95
104 44
25 71
84 103
133 55
88 70
7 37
96 110
142 81
36 136
83 85
26 74
29 25
72 85
77 80
5 49
51 64
19 134
140 142
105 42
75 10
74 27
41 54
105 70
14 124
26 68
8 122
44 68
23 102
43 126
26 76
106 64
99 129
41 142
23 11
30 72
118 122
76 133
25 144
50 54
11 103
32 53
104 120
144 13
22 93
98 12
29 79
10 110
48 127
34 148
80 73
101 124
8 142
140 108
57 146
146 127
19 111
99 114
69 81
144 13
42 123
32 68
19 53
146 15
99 47
41 54
105 135
71 148
72 27
43 146
31 130
35 108
87 21
142 138
4 27
105 142
137 122
50 122
59 110
61 121
146 9
135 148
22 28
74 31
63 5
43 133
87 149
33 39
40 17
105 139
36 95
52 130
135 92
20 148
16 53
98 3
150 86
105 85
9 109
23 44
25 53
124 20
41 38
80 78
107 108
8 115
113 87
17 103
63 140
15 132
87 10
79 110
89 126
104 98
129 18
83 15
113 119
59 2
87 86
90 148
116 38
12 148
75 52
64 142
40 61
91 131
56 143
60 100
26 2
26 83
19 31
124 95
133 136
51 31
80 69
41 24
93 88
43 143
150 85
73 145
123 31
40 126
123 114
65 13
82 125
75 35
126 103
142 111
56 126
51 133
5 27
105 118
11 37
124 48
61 16
64 59
47 88
34 45
7 110
63 138
98 137
28 91
77 81
93 50
125 27
149 37
47 27
94 132
115 37
5 27
34 10
139 58
28 87
123 103
61 60
150 9
69 103
51 112
33 137
1 81
8 139
130 15
32 148
61 124
39 45
105 107
49 83
140 145
99 27
32 91
150 135
86 120
146 107
46 100
99 11
142 54
19 16
74 117
74 31
23 45
115 127
21 134
32 36
11 86
41 12
18 10
34 124
146 54
33 63
39 27
14 83
123 3
67 15
37 55
39 53
91 48
16 68
44 146
59 10
77 88
36 128
50 139
19 68
113 126
104 105
92 70
125 6
16 78
105 95
43 106
37 141
108 110
87 124
49 137
142 48
33 88
30 120
32 127
77 128
26 144
74 79
42 81
51 128
104 95
104 37
49 92
128 70
106 125
96 19
76 85
43 92
46 148
41 110
116 87
113 75
64 129
18 138
27 102
51 57
46 13
82 81
5 144
38 108
118 88
84 3
107 102
120 78
29 129
54 15
22 17
99 90
103 81
115 119
84 114
47 13
22 111
119 100
77 63
61 86
105 58
133 112
51 129
53 18
37 95
60 2
68 88
6 127
71 141
150 55
12 6
91 112
66 78
89 149
104 69
47 114
40 96
118 141
9 108
123 53
115 9
21 24
122 58
98 148
22 125
25 81
76 117
104 121
14 68
75 90
29 87
90 35
36 114
23 124
40 142
63 94
7 133
51 129
25 34
15 70
76 85
71 145
41 127
18 147
61 47
124 131
137 16
34 111
82 12
131 139
67 66
98 60
133 31
51 59
77 145
92 131
30 117
42 83
25 75
20 31
67 9
79 148
146 24
132 78
140 145
10 108
1 9
135 128
26 36
118 107
133 79
20 130
97 117
67 112
72 6
140 95
144 64
50 2
32 139
87 97
14 36
82 66
49 117
57 74
48 130
44 65
29 108
14 71
51 92
86 109
149 91
40 130
5 15
72 74
142 2
19 117
116 97
32 117
49 24
115 57
124 53
34 36
24 46
12 134
61 60
82 7
135 92
98 3
27 3
55 132
86 132
76 134
33 104
149 16
18 128
5 15
19 59
1 136
54 53
138 110
24 95
115 11
74 66
61 60
12 121
120 64
71 16
50 18
134 58
19 15
32 27
131 18
30 17
43 53
25 20
43 92
52 95
59 68
48 111
149 145
79 108
99 79
128 3
82 51
94 139
98 145
97 125
4 53
7 47
30 137
29 88
140 100
66 126
133 136
91 69
98 143
28 40
142 147
28 34
82 38
5 84
123 70
113 89
44 106
83 120
28 141
63 13
142 10
30 9
89 13
63 96
56 91
126 68
123 108
68 58
61 108
1 100
133 117
6 139
59 147
87 16
11 81
82 93
26 79
138 141
82 76
79 37
34 17
99 12
99 3
23 150
14 27
51 67
113 11
99 61
21 112
60 2
44 138
93 128
59 147
84 121
88 70
142 112
119 24
97 80
15 145
32 34
106 27
115 61
126 13
124 10
19 131
119 149
93 70
92 70
99 65
49 2
4 60
98 109
67 47
40 19
17 27
90 24
5 65
22 96
75 20
41 68
50 59
36 60
68 128
119 140
5 83
116 129
34 138
25 67
69 136
45 106
41 46
42 133
42 131
124 141
100 92
109 58
118 16
107 73
94 106
4 78
57 109
133 53
52 123
28 48
39 108
7 34
44 62
47 46
99 101
147 127
29 18
67 59
123 122
131 127
94 19
52 58
72 120
41 43
37 134
49 143
97 149
90 114
25 93
1 124
137 129
1 95
51 54
29 95
22 27
101 81
72 128
40 62
76 60
97 114
1 78
144 81
9 134
33 144
116 122
21 78
133 71
89 139
97 110
33 77
113 78
24 102
11 148
31 132
77 42
7 21
130 109
15 147
7 107
55 78
82 68
99 136
87 86
76 31
77 93
105 83
28 44
25 48
56 69
5 138
65 127
113 9
17 138
105 67
118 81
52 120
76 62
79 108
64 78
83 126
89 121
12 128
23 78
5 79
29 5
52 111
64 78
21 10
137 58
26 69
149 64
101 112
92 6
100 18
148 31
113 6
68 13
142 102
44 139
76 114
105 95
22 8
7 141
29 124
30 28
42 15
59 58
124 3
56 111
67 123
100 68
92 111
43 46
57 121
89 75
71 27
39 93
118 15
8 52
116 103
115 92
19 102
93 80
14 66
49 92
52 101
75 13
77 75
98 133
48 73
64 107
33 72
67 86
106 108
60 109
29 14
120 136
77 129
123 2
22 85
149 69
115 128
59 6
87 1
23 90
144 109
104 89
119 12
4 112
86 60
90 126
106 128
104 111
144 1
98 6
115 146
41 123
63 106
35 128
118 48
1 100
142 78
41 130
63 102
144 68
44 15
34 131
26 45
5 146
76 10
48 92
51 95
37 16
61 141
28 68
105 109
31 38
30 130
72 55
39 54
72 52
116 3
25 101
88 127
49 132
123 62
28 110
48 95
44 108
43 3
135 65
23 79
98 75
79 36
84 109
63 124
17 59
40 63
149 20
1 45
64 80
61 81
129 110
42 112
100 88
49 35
67 74
41 9
66 24
40 10
16 139
78 95
50 123
63 12
112 55
32 60
74 79
150 141
76 71
39 93
82 81
23 142
137 100
119 55
133 90
12 73
65 13
46 69
7 132
33 103
61 147
9 3
146 109
113 51
107 13
133 149
94 127
73 85
99 63
99 127
11 47
61 130
23 84
50 79
32 108
115 45
98 36
72 114
44 144
92 15
42 146
96 42
33 14
22 96
51 79
97 83
105 150
51 74
65 103
29 73
39 68
75 145
22 109
126 131
105 53
96 83
105 122
33 4
29 14
8 108
146 19
148 110
91 141
116 3
28 147
117 127
17 48
92 147
12 9
48 139
86 122
68 136
105 111
63 21
91 128
12 16
42 92
76 84
26 103
39 120
45 112
33 120
75 86
83 143
33 96
33 16
150 111
21 110
116 45
30 139
50 18
64 59
137 37
99 6
50 66
14 11
134 13
73 128
121 127
96 27
98 81
133 55
8 94
8 86
28 143
61 91
37 125
39 42
93 139
28 43
68 62
48 73
140 102
38 141
16 3
77 146
8 131
32 6
68 10
96 88
17 69
37 146
19 59
36 62
105 128
31 3
128 78
18 147
142 141
148 138
93 106
75 150
135 71
135 137
45 131
79 142
82 59
115 112
56 78
22 29
34 127
32 12
134 58
98 125
126 31
29 50
113 9
41 45
91 109
103 108
144 35
64 48
2 111
40 147
104 6
76 97
98 90
25 118
42 124
136 58
77 139
39 126
80 13
118 107
137 55
131 69
26 97
93 134
14 80
5 126
26 15
93 19
75 142
19 13
120 145
37 92
29 67
105 60
25 76
46 102
24 27
139 58
64 138
44 9
115 129
27 127
86 80
50 24
42 126
7 10
24 85
116 62
119 124
140 54
90 147
80 132
32 111
129 55
149 31
19 24
96 86
119 136
8 106
142 103
118 114
57 108
116 75
23 75
131 18
34 47
22 39
7 17
56 43
6 117
119 18
65 85
82 121
99 43
78 3
39 93
87 143
39 15
138 95
104 132
91 71
104 83
71 127
67 15
96 21
84 53
116 37
99 91
133 58
67 144
66 27
113 74
49 148
117 145
91 142
75 114
114 127
67 55
18 103
142 85
1 88
87 135
135 138
125 38
32 27
11 132
89 16
7 139
63 127
22 134
29 33
40 127
22 115
34 48
133 90
33 16
41 72
89 44
63 10
51 72
56 20
22 60
42 48
48 148
32 120
68 136
25 56
29 82
105 110
33 87
82 69
20 16
135 88
33 27
133 106
25 138
31 138
8 66
71 81
21 73
126 117
77 50
38 58
45 108
144 18
34 16
25 42
39 88
114 69
106 92
22 31
39 59
43 16
61 9
76 124
41 79
87 106
90 92
52 132
90 128
125 107
62 108
34 108
134 38
77 68
52 37
118 78
34 36
64 127
106 109
33 111
42 47
126 69
93 20
105 88
12 64
31 136
148 130
18 15
57 17
21 136
137 35
11 141
42 80
34 86
98 120
143 78
22 72
135 66
129 117
76 80
114 110
98 49
29 110
5 118
141 139
23 5
134 109
101 36
140 138
25 64
16 109
44 109
115 112
76 85
90 111
14 78
7 51
34 12
98 84
42 65
90 117
126 27
11 73
50 81
123 21
87 42
45 59
66 142
116 25
146 9
29 111
44 124
52 106
1 136
77 140
87 95
82 1
7 64
123 134
119 2
150 52
41 112
9 111
141 70
131 2
150 117
148 70
77 67
44 54
91 85
92 103
34 98
30 80
67 42
116 105
35 132
52 53
43 136
101 141
89 79
68 112
150 140
99 64
32 61
77 90
96 120
84 54
90 109
71 121
99 23
56 141
82 1
102 78
119 78
105 52
99 10
104 47
37 108
131 136
34 76
2 78
8 103
57 128
17 3
119 149
56 121
7 17
98 37
84 120
134 110
35 132
97 3
57 13
33 3
57 146
39 45
21 20
83 53
80 88
65 45
137 36
87 110
24 130
52 91
39 64
119 137
48 10
116 40
33 112
28 74
114 108
67 108
106 46
131 31
32 20
146 3
82 120
101 139
69 10
49 62
113 46
74 59
53 69
1 117
6 112
46 147
45 62
100 3
26 48
107 148
40 127
71 88
34 136
75 50
144 81
125 126
94 121
103 108
16 58
40 148
5 64
92 117
115 2
7 46
43 15
92 134
52 134
82 128
22 29
94 136
126 127
43 143
120 134
146 103
32 136
32 77
56 148
5 135
39 125
144 103
33 118
47 90
146 21
135 117
106 81
118 85
74 78
28 115
98 69
40 112
57 130
100 73
119 49
49 112
47 55
43 119
138 95
33 65
83 38
133 129
84 103
56 2
89 128
23 96
149 95
59 130
61 46
75 103
1 92
56 138
129 132
123 73
101 90
113 86
98 9
134 35
50 110
59 62
29 93
89 58
82 26
54 111
94 97
129 69
36 146
148 58
94 126
149 60
116 96
9 134
107 147
86 88
141 102
76 120
129 132
6 128
116 118
97 10
29 130
144 85
87 13
7 134
124 114
120 124
50 70
71 121
39 83
104 51
61 48
63 139
124 130
45 124
93 120
115 109
119 60
66 114
134 132
37 48
36 134
26 101
41 9
8 94
72 112
43 9
5 131
130 111
63 2
60 134
103 3
28 137
137 55
68 139
106 126
72 125
32 78
28 61
52 83
87 144
82 56
79 31
25 83
18 138
129 114
44 1
32 70
143 112
62 6
100 108
52 38
130 141
104 64
8 83
74 37
31 134
118 66
60 6
115 92
71 55
96 100
64 131
119 66
101 53
46 71
116 74
87 73
113 35
39 68
44 1
32 49
142 132
30 11
96 134
49 118
76 145
76 53
11 6
116 45
71 68
33 118
34 13
44 86
79 95
129 110
98 81
2 128
67 74
101 58
54 2
7 9
48 68
72 10
84 129
5 19
94 131
124 20
51 108
11 90
96 48
30 147
74 100
19 15
25 122
33 114
147 95
7 110
121 117
49 2
150 58
111 58
84 110
91 60
57 31
131 132
42 123
119 95
22 24
126 148
29 60
34 38
25 146
39 132
150 17
123 140
90 140
44 12
57 49
40 92
146 78
101 73
41 97
26 138
113 129
91 112
22 77
125 127
82 103
63 68
41 150
115 4
106 126
113 48
129 132
77 43
14 75
46 130
96 3
24 53
20 103
104 62
22 15
40 105
34 44
111 122
74 140
82 43
32 84
50 131
92 18
56 111
144 10
107 38
65 68
44 74
123 18
96 90
14 60
93 38
113 43
113 55
104 124
29 101
45 127
29 104
33 109
67 12
11 20
32 59
113 148
25 126
62 111
67 141
130 127
40 102
26 66
7 13
140 78
22 1
32 141
60 110
28 87
23 2
118 121
37 112
93 18
99 123
30 57
149 6
126 143
25 129
49 123
97 58
135 78
75 9
144 100
21 27
29 5
82 91
61 108
30 5
34 129
142 136
43 48
11 68
2 15
40 9
57 148
124 2
134 81
98 71
59 9
140 130
17 139
106 20
121 143
32 42
42 59
35 27
19 122
69 81
93 80
8 38
87 16
121 127
102 95
25 92
66 70
57 62
50 91
75 111
144 138
99 140
34 52
86 145
57 132
47 36
102 139
20 128
8 11
83 128
124 145
106 21
12 20
62 35
63 46
12 21
103 139
94 102
77 92
131 112
65 47
97 133
65 145
19 125
100 111
43 61
98 121
77 9
134 143
11 78
79 18
66 35
16 121
31 10
93 10
140 129
43 39
93 24
1 6
99 1
14 129
87 52
137 112
28 64
59 85
42 132
49 61
1 129
63 3
60 112
68 143
25 41
37 148
47 35
123 38
26 60
23 123
31 69
60 18
126 55
89 75
28 64
22 141
72 142
84 2
92 18
44 45
17 114
56 12
38 95
119 37
34 8
32 150
93 124
8 4
130 38
11 2
8 73
39 62
4 54
4 21
116 149
102 128
22 13
74 143
77 78
47 83
71 143
57 83
30 68
149 142
56 34
75 97
77 84
137 103
82 145
25 101
4 70
72 144
29 97
91 46
19 27
32 23
120 59
137 15
40 125
144 53
140 126
49 80
11 59
65 90
35 110
125 103
7 90
86 88
100 143
144 95
74 45
19 35
115 88
119 65
114 95
105 12
64 73
63 57
131 134
113 100
130 111
54 110
19 6
144 53
22 137
114 141
150 146
98 130
41 135
9 108
150 114
75 27
137 84
76 90
41 91
125 100
89 105
48 117
24 81
150 58
128 58
97 125
47 48
6 109
99 127
74 108
37 16
113 24
32 108
125 148
30 89
21 20
146 92
66 20
113 83
119 13
134 112
125 107
101 120
86 111
42 84
98 83
104 68
116 140
84 134
29 43
129 117
140 2
57 36
51 19
99 84
8 112
83 48
83 69
87 47
42 13
56 36
67 90
49 142
49 64
33 142
109 95
19 102
123 81
37 95
123 111
99 18
65 13
53 109
43 86
120 85
137 126
105 97
98 18
96 106
120 46
43 31
82 145
118 24
82 52
137 21
45 117
126 27
101 138
137 122
86 147
63 21
85 58
41 69
60 3
11 143
45 141
120 73
26 102
34 20
40 141
51 13
11 53
21 55
51 1
94 46
36 21
36 111
72 123
94 64
115 86
115 118
28 117
61 70
91 70
79 136
86 48
133 130
33 139
35 55
113 47
124 147
50 108
91 66
14 119
104 106
140 141
96 9
118 127
20 69
12 55
82 1
77 4
150 59
33 21
76 122
9 81
33 87
133 112
118 130
123 111
50 149
119 150
104 71
44 124
77 9
124 38
113 40
68 6
105 10
148 80
61 92
73 62
25 109
126 107
36 6
25 68
33 85
16 38
63 95
150 121
99 64
96 37
32 20
94 9
63 136
73 55
38 102
33 81
67 46
116 95
137 68
39 149
82 111
150 65
135 1
86 130
22 81
115 122
65 37
136 81
82 121
34 92
14 138
25 28
99 28
52 12
2 85
78 13
104 133
149 88
33 1
118 126
103 6
23 61
100 71
144 84
126 16
49 21
79 31
59 145
72 143
104 54
30 144
1 107
73 95
20 85
98 62
60 17
5 70
41 64
120 27
55 145
82 21
26 6
4 59
30 62
87 133
71 53
48 71
52 91
99 78
19 2
33 63
34 94
133 144
125 80
6 117
105 83
12 100
93 80
44 11
20 68
103 117
19 124
29 12
115 137
82 121
40 93
98 69
135 109
22 79
8 68
142 54
25 148
76 5
26 6
8 136
121 85
4 144
144 16
74 142
118 73
48 138
8 78
142 80
144 102
30 12
25 79
26 129
104 91
71 88
17 108
49 3
137 24
26 114
74 20
22 20
30 24
65 141
118 2
82 86
148 143
41 36
63 91
14 129
40 21
103 15
40 148
82 62
118 80
40 97
41 18
23 92
54 109
64 53
50 128
28 94
33 27
96 133
119 62
5 111
32 138
66 110
37 69
146 108
74 36
104 142
79 68
52 9
46 124
43 79
140 85
1 58
33 59
93 74
88 138
19 59
67 37
125 114
90 19
61 146
34 20
53 128
75 97
19 78
137 38
7 46
11 85
32 122
77 55
32 121
145 128
146 143
116 128
91 107
61 68
135 60
26 129
67 37
80 3
76 88
135 54
118 69
1 103
54 70
71 69
108 78
147 95
94 9
8 49
32 37
26 79
29 52
47 88
39 37
69 38
42 19
82 61
14 17
67 85
79 38
93 150
115 69
146 62
37 92
30 146
14 37
57 36
22 146
25 54
45 134
56 134
42 101
77 112
66 95
79 108
7 54
100 88
56 43
24 127
2 13
23 111
41 143
71 78
113 46
64 80
52 10
131 13
77 66
149 109
45 24
100 107
63 39
73 134
48 53
59 130
125 16
39 146
98 110
22 51
40 76
147 108
117 145
134 15
82 81
51 19
60 121
33 89
75 96
23 122
27 122
100 58
77 15
56 84
61 102
33 134
26 144
133 126
57 59
28 107
22 125
51 102
42 124
24 13
76 23
28 146
65 47
66 80
90 70
72 124
52 80
137 62
42 52
118 136
35 3
74 21
116 79
5 80
75 139
40 50
56 130
40 105
63 55
85 110
64 71
74 84
126 143
40 122
40 112
84 35
53 9
28 134
22 2
40 131
150 46
119 18
72 103
68 127
83 59
77 90
75 46
6 147
93 121
41 105
33 75
20 103
2 70
63 114
30 44
68 13
104 44
22 79
14 85
56 94
72 114
113 43
147 122
67 71
47 121
79 91
149 112
26 104
149 140
52 59
105 16
90 85
6 38
39 5
54 48
93 106
99 42
84 71
96 70
129 73
25 149
7 57
75 68
90 54
148 18
77 72
74 20
1 45
101 92
135 2
72 126
20 102
5 139
144 132
42 21
117 58
28 80
36 10
28 131
115 68
2 121
29 91
49 147
113 50
133 84
82 1
25 115
76 42
48 78
77 65
94 144
79 128
63 101
41 53
50 129
52 6
76 78
7 54
2 70
53 130
99 37
5 10
101 138
45 68
89 149
129 95
47 2
67 117
145 128
93 140
105 135
57 146
140 59
36 143
8 118
1 21
71 58
99 143
82 89
101 48
75 107
29 135
20 31
39 24
21 15
26 40
106 31
29 117
74 149
134 111
69 35
125 6
74 128
137 70
82 24
34 72
21 138
63 48
105 90
89 3
119 125
137 147
57 72
46 85
58 13
69 6
25 94
137 128
21 55
104 17
5 6
43 148
33 143
112 117
49 144
48 55
100 132
91 47
46 141
65 85
28 122
80 27
39 11
18 6
89 117
44 137
142 85
90 62
69 103
30 122
42 18
98 66
2 121
14 104
29 27
21 35
39 81
131 2
18 143
6 141
82 98
77 100
144 110
25 150
30 10
44 85
101 143
34 144
84 55
124 18
89 147
10 128
148 13
118 10
76 108
67 129
113 134
79 15
113 45
51 134
30 124
70 13
57 129
33 37
41 26
67 109
89 19
105 110
26 36
20 128
60 110
52 6
114 136
40 2
87 86
67 144
97 45
49 109
33 15
34 139
37 35
61 59
54 128
137 55
80 147
95 3
7 16
11 80
82 134
41 15
93 3
89 20
84 9
76 90
126 73
48 68
63 58
7 47
24 114
100 112
38 35
120 122
100 58
74 88
115 9
51 53
5 38
71 112
29 33
116 136
92 85
52 31
36 124
66 88
104 80
90 145
19 2
86 85
115 133
29 23
92 103
26 24
57 59
93 1
1 15
66 70
30 105
116 44
89 48
121 112
114 147
114 127
135 79
32 85
61 110
25 130
33 58
119 140
51 121
104 94
19 129
63 139
6 35
96 10
119 146
47 109
146 35
40 112
94 17
19 132
94 128
75 5
59 117
62 88
141 81
56 111
45 54
107 10
86 83
2 10
27 102
39 135
71 68
17 114
5 6
98 105
82 10
101 121
77 131
126 78
149 13
6 35
125 107
30 6
44 123
65 101
146 117
149 38
76 107
124 31
48 103
84 140
135 91
32 97
137 73
4 19
115 126
150 12
92 9
143 138
75 20
83 64
1 108
4 46
100 48
32 120
63 106
140 6
37 19
28 102
137 37
42 147
23 136
149 66
129 78
86 142
143 112
144 9
148 136
146 16
44 140
84 16
82 106
17 80
39 10
37 136
61 45
96 125
118 124
119 19
11 2
104 148
89 134
147 128
17 110
61 48
116 9
44 37
116 137
104 49
124 15
137 118
22 36
87 133
98 20
96 66
27 78
116 70
115 84
8 65
83 6
34 52
140 88
140 103
33 87
8 3
115 149
29 142
135 112
57 49
32 28
50 100
79 27
100 85
14 68
93 64
142 117
30 2
113 146
72 100
24 136
120 62
96 119
131 138
12 123
55 81
106 126
83 27
113 147
82 108
24 38
150 45
67 37
91 132
32 149
42 146
5 96
89 126
117 78
79 125
137 140
57 20
113 1
14 75
37 146
72 37
113 42
132 81
45 121
18 109
93 47
45 130
45 124
48 9
43 102
96 47
82 26
123 35
36 110
118 136
57 1
60 109
66 112
144 130
124 85
98 65
101 71
40 57
30 24
45 139
65 100
62 127
91 20
57 111
46 108
144 146
99 38
140 114
75 124
85 3
76 101
64 38
34 48
65 2
82 133
67 71
44 16
90 92
5 85
29 8
66 68
142 85
11 27
89 39
64 136
97 80
16 85
98 45
63 6
35 27
12 123
64 88
26 38
119 144
150 129
47 9
39 94
56 20
38 70
63 141
45 16
64 2
42 149
28 27
104 125
94 118
28 55
42 128
129 27
75 109
29 133
66 142
76 129
125 70
34 119
91 3
119 58
5 59
22 136
61 122
99 136
61 102
116 107
105 27
101 17
30 75
54 10
56 65
32 89
12 139
23 69
89 18
150 6
149 9
65 2
97 68
44 70
44 13
23 108
83 140
100 145
25 31
7 126
41 80
8 3
47 131
99 67
89 65
88 95
53 121
63 52
15 35
89 44
120 64
116 96
150 64
137 70
87 123
123 20
43 127
46 81
71 58
77 62
144 45
30 136
83 19
71 134
119 12
62 15
137 110
51 44
28 136
99 45
21 24
28 14
116 55
12 19
17 58
96 129
86 117
59 145
150 37
142 127
119 27
103 111
25 94
45 58
144 123
50 84
65 138
50 52
134 138
104 76
30 53
51 58
133 11
75 70
119 88
84 132
131 145
37 16
52 141
49 92
20 59
119 111
32 42
91 68
98 36
20 143
89 27
28 115
29 91
30 6
43 148
105 109
24 55
131 15
17 78
105 134
116 100
92 88
5 54
65 6
64 59
24 121
77 131
34 12
19 136
59 111
32 124
66 132
140 117
42 83
26 111
35 3
116 38
37 81
41 138
33 14
67 73
29 65
76 74
6 141
91 78
52 102
103 3
141 132
44 106
45 16
22 102
133 102
7 143
39 115
82 71
114 138
63 12
76 142
101 122
119 19
72 106
56 51
2 130
68 95
63 132
40 138
103 145
11 95
42 36
40 131
123 16
82 50
6 127
66 112
1 15
150 141
94 12
75 124
51 123
14 20
57 144
119 112
133 125
125 139
129 62
63 101
113 6
26 6
119 24
22 94
56 20
11 132
149 143
55 122
29 96
107 85
124 31
8 94
61 60
82 91
77 47
126 54
75 118
76 78
115 9
34 23
25 98
21 88
67 121
37 68
40 125
99 56
17 16
140 108
57 126
148 73
96 52
42 128
82 94
56 40
5 85
93 3
101 54
143 141
120 110
54 136
41 112
91 58
45 121
119 148
25 144
99 121
61 58
31 127
18 136
56 47
80 13
30 58
97 91
104 102
28 57
28 88
51 103
87 138
100 112
66 3
43 60
146 2
87 137
45 111
51 72
83 125
70 81
9 10
115 5
107 85
44 15
93 91
56 102
123 48
42 120
37 120
32 63
119 24
34 128
41 101
101 107
115 59
136 95
98 101
149 60
35 3
8 115
82 20
24 131
60 139
26 135
84 18
26 122
116 109
101 64
124 139
22 38
97 48
51 137
47 31
68 134
123 27
14 11
72 144
80 85
28 4
43 52
47 123
62 112
96 42
94 132
24 107
32 142
76 27
144 128
29 23
22 47
103 108
104 98
14 51
144 9
125 112
26 30
98 119
145 128
83 66
76 137
89 105
116 128
87 31
80 35
89 57
37 109
5 119
74 92
133 103
101 80
37 66
56 77
11 92
33 47
46 138
88 78
133 103
133 3
21 58
8 90
53 127
6 95
65 122
96 103
8 124
124 31
44 24
22 73
39 149
67 49
23 12
42 45
64 100
38 35
37 100
37 3
89 96
22 47
28 65
51 81
115 130
66 3
11 71
116 5
64 102
41 64
98 49
112 55
29 104
25 46
29 129
41 5
120 35
50 112
137 145
98 37
77 90
33 144
17 35
1 130
37 95
51 134
146 3
144 20
135 127
21 107
24 73
39 87
90 62
12 31
105 46
120 81
56 143
101 136
130 109
64 13
14 23
31 127
56 74
91 100
7 9
137 6
82 46
38 127
65 118
125 85
44 74
91 55
97 36
105 74
83 80
2 81
137 103
112 78
130 145
48 15
22 65
91 17
124 145
133 17
31 73
22 87
32 56
84 45
7 69
23 114
2 147
45 24
1 47
23 103
74 101
42 130
39 62
146 53
26 89
116 15
87 15
76 6
126 92
11 95
16 95
120 109
49 53
51 101
14 140
92 6
99 112
74 45
30 124
30 68
2 55
54 138
135 107
74 12
40 42
34 148
59 136
31 147
98 108
60 38
53 85
91 60
67 102
93 94
35 95
61 102
63 44
126 18
66 102
67 50
145 58
31 132
37 110
89 108
1 9
4 68
50 53
42 15
140 139
82 89
9 109
29 137
116 89
50 70
67 54
24 6
47 38
79 38
72 59
144 123
45 134
69 38
121 138
17 117
12 138
115 20
147 110
33 144
142 110
11 54
30 132
34 80
62 38
114 2
84 64
106 134
17 20
39 147
131 134
25 106
21 92
26 80
137 128
104 45
16 73
77 125
8 71
24 110
92 68
98 20
98 135
22 89
87 96
94 128
42 144
39 134
72 111
39 57
87 144
32 93
113 43
34 39
26 98
106 145
40 53
28 39
56 143
33 148
71 136
29 49
34 87
120 19
33 78
99 19
86 12
62 88
93 136
99 33
44 140
144 127
12 81
7 64
60 138
146 126
83 136
32 76
22 26
29 138
40 132
19 64
72 92
11 60
115 9
66 48
46 95
67 108
79 130
29 46
107 136
28 12
126 138
47 102
42 24
72 31
76 66
21 103
115 15
74 148
44 136
138 112
82 72
116 68
124 2
99 150
34 132
24 122
51 35
87 86
123 2
137 60
31 109
123 100
22 19
87 147
135 118
36 100
12 69
150 126
100 134
50 59
85 58
105 70
137 6
11 71
14 57
32 42
93 129
50 6
45 124
67 38
74 101
14 127
90 125
115 147
49 85
147 13
94 124
2 70
23 24
23 100
101 90
5 125
65 127
105 147
141 122
60 145
81 127
83 10
87 78
135 20
101 54
69 132
11 134
23 145
80 128
73 138
101 91
49 12
7 35
25 125
14 59
148 70
40 62
131 103
113 130
32 16
30 7
38 102
30 35
26 134
33 102
66 109
77 131
103 136
88 13
99 143
62 136
82 149
85 112
29 122
137 64
22 70
90 109
77 92
115 94
74 101
89 124
134 138
33 89
91 60
59 70
87 90
146 147
24 131
131 139
64 145
49 138
104 60
82 59
71 68
94 146
11 65
28 43
146 66
65 131
128 139
30 137
146 55
113 115
141 55
74 103
116 101
42 81
22 89
39 144
124 114
82 13
133 83
19 147
66 95
19 102
46 6
123 147
148 53
25 2
89 15
25 18
101 106
104 73
41 10
33 148
40 81
142 58
140 10
97 85
84 20
26 87
116 27
24 102
22 129
6 58
28 11
88 117
43 127
75 125
14 115
49 60
87 64
71 109
114 121
72 66
4 45
8 145
85 88
113 43
149 103
49 112
39 69
80 27
60 24
36 71
8 134
21 80
61 65
49 101
99 46
42 145
98 101
24 15
67 144
14 62
30 125
94 119
144 54
23 120
50 139
77 121
99 41
135 118
28 101
1 103
116 99
30 118
63 60
55 3
56 79
61 70
76 81
89 60
32 44
48 108
119 15
48 59
79 143
113 126
43 83
143 127
118 126
14 115
60 107
95 127
44 54
7 96
4 88
46 145
67 87
76 35
103 13
76 21
23 139
9 81
41 7
99 15
74 38
51 118
14 93
39 18
65 68
52 31
94 60
107 73
83 62
38 145
15 132
79 110
116 130
67 52
86 120
63 115
105 74
118 58
69 147
64 58
56 48
93 54
67 27
53 69
70 58
146 88
68 15
83 125
51 145
140 127
87 68
130 122
32 142
31 53
30 54
106 24
100 143
37 45
116 98
42 19
116 37
87 36
22 34
29 4
22 72
22 34
39 115
89 136
57 124
42 38
125 130
77 6
94 64
27 95
146 134
93 19
109 95
61 147
144 143
46 100
98 2
20 73
4 55
120 109
38 127
149 103
2 145
100 141
23 35
97 88
74 80
19 112
131 148
43 11
10 143
139 95
111 27
33 69
14 108
102 136
82 93
44 107
85 110
5 36
113 114
28 144
18 128
67 62
135 128
40 121
99 45
26 131
14 94
33 52
52 127
24 107
86 126
53 132
89 137
25 8
115 140
54 9
5 146
65 12
37 58
76 103
142 109
14 103
87 114
38 127
118 126
24 58
147 95
52 13
51 94
7 121
53 6
140 68
99 7
144 70
1 139
14 15
57 13
75 13
99 84
3 13
6 102
104 42
82 97
71 143
18 117
134 15
66 80
41 133
50 95
65 122
16 88
29 59
41 72
116 45
11 71
84 85
93 90
48 27
28 53
72 88
25 136
100 58
4 142
140 71
149 112
15 27
67 88
46 102
33 50
101 121
126 46
66 88
29 68
33 147
113 103
94 69
14 87
44 127
42 85
31 141
43 125
37 38
104 126
41 19
92 71
28 76
1 38
93 100
29 140
116 51
14 2
22 11
40 123
71 78
98 44
30 107
28 88
115 139
129 3
90 54
50 55
7 86
133 52
105 11
11 135
119 84
6 13
47 27
84 35
116 67
8 130
91 108
57 3
142 111
100 54
67 140
71 35
146 46
4 74
113 31
49 20
146 121
97 131
120 129
9 143
103 35
94 110
19 31
93 109
43 12
143 139
135 131
136 58
34 107
76 126
66 31
37 66
89 5
15 141
146 20
29 1
133 129
25 96
105 129
45 139
96 147
98 55
34 97
37 10
65 68
94 10
130 117
51 72
41 67
34 11
59 117
123 17
52 110
51 132
126 20
9 143
32 93
57 112
25 77
129 108
57 118
116 71
72 70
7 51
31 38
125 107
105 138
26 39
37 21
137 91
34 75
33 2
50 114
17 18
25 64
6 13
62 127
82 1
4 102
140 128
51 69
142 111
75 133
40 7
19 10
5 123
33 139
11 58
140 124
56 81
28 101
77 10
30 60
39 80
47 130
8 58
51 138
82 123
149 120
7 48
116 51
33 9
12 148
116 103
43 39
61 124
56 54
25 33
42 54
113 2
29 52
142 125
8 139
26 123
99 91
134 81
66 80
39 136
61 16
115 72
21 124
76 38
93 31
67 92
50 132
82 75
100 107
18 15
67 132
20 71
115 122
118 130
70 78
54 13
4 96
143 35
138 3
133 55
17 109
47 123
1 142
82 31
146 38
34 9
56 13
39 52
116 104
97 42
30 4
52 145
40 55
66 130
23 91
139 13
150 1
84 15
144 90
23 98
50 133
57 93
79 24
121 15
101 16
32 62
29 96
36 27
65 78
8 110
45 27
34 88
31 145
74 107
52 103
112 110
28 84
43 88
49 131
80 102
113 128
28 103
87 75
128 78
60 145
29 12
8 142
143 35
47 143
76 66
116 17
83 127
28 71
30 23
30 119
40 135
74 55
47 142
14 18
88 13
22 93
116 76
34 35
119 70
90 48
60 147
94 38
57 27
86 102
142 71
83 121
38 122
20 9
41 59
36 141
25 143
40 137
24 58
94 17
63 141
26 148
56 39
133 122
23 91
113 69
66 2
147 95
133 18
150 16
8 146
43 87
44 114
126 20
51 75
40 39
20 31
40 62
31 38
118 24
104 35
92 108
54 15
97 55
125 132
29 95
43 79
60 16
43 36
12 48
46 35
66 20
107 15
82 124
90 54
36 66
146 145
150 132
57 72
76 146
7 37
66 112
116 86
43 64
19 138
100 15
150 90
45 73
101 134
99 118
17 122
45 111
43 118
32 150
18 109
115 19
49 135
49 130
104 20
109 78
89 6
33 143
93 85
42 13
59 128
29 106
129 109
32 49
22 135
82 89
39 102
144 19
86 129
105 73
116 149
25 83
76 37
97 121
96 145
125 130
20 121
101 126
2 136
44 128
61 73
62 128
1 17
67 6
133 111
105 4
44 31
88 13
4 10
79 102
98 54
89 42
53 69
54 16
62 58
4 120
97 135
62 138
38 117
137 95
63 71
87 123
96 146
65 79
40 97
7 4
118 108
130 70
90 18
39 122
105 9
99 144
15 117
140 53
29 102
29 125
60 141
10 88
150 146
47 125
80 10
22 41
1 134
27 110
140 141
56 24
104 79
97 102
93 84
50 49
144 80
57 38
64 145
75 79
86 110
29 66
118 81
101 19
140 143
96 79
32 9
62 78
23 115
65 86
25 13
49 71
9 6
124 27
54 69
40 23
105 17
27 110
83 128
42 36
54 122
71 109
77 48
68 6
89 135
52 64
77 140
29 87
50 49
76 149
133 55
15 38
62 35
148 10
44 126
43 126
115 118
98 67
126 145
97 61
65 112
48 132
137 13
82 56
93 24
14 101
39 117
30 27
108 58
105 140
67 68
41 18
57 106
101 139
45 107
80 138
83 131
67 130
77 92
75 132
73 95
61 78
43 125
65 120
90 125
116 3
26 71
34 121
29 54
40 64
125 54
1 110
39 31
54 35
98 39
26 102
105 137
69 141
5 139
67 73
8 64
9 15
47 139
4 125
8 83
116 84
59 110
141 108
35 78
28 34
25 34
137 125
124 141
4 147
147 111
49 55
144 24
40 72
135 69
98 111
98 109
64 20
83 37
84 103
119 112
16 145
42 11
63 93
106 132
26 11
39 42
2 81
23 103
8 46
18 141
49 9
124 73
135 121
137 123
17 62
113 102
44 79
40 72
8 103
31 103
73 95
40 68
61 117
124 62
50 91
53 143
19 68
12 100
72 36
32 95
32 25
72 12
16 9
99 88
82 120
36 100
53 134
148 102
22 146
84 10
121 122
83 20
75 114
89 63
105 106
120 19
87 62
97 117
119 83
26 110
116 74
89 18
131 53
82 7
120 27
57 88
8 96
98 147
149 66
94 150
64 68
40 55
146 106
144 58
79 147
50 120
150 79
91 70
113 127
83 111
96 42
86 84
126 17
91 24
111 136
103 143
17 13
118 102
45 24
72 2
59 62
133 59
89 114
104 128
120 68
87 132
105 103
40 15
39 69
61 136
106 66
133 62
50 15
11 78
26 71
77 128
46 53
76 63
119 46
28 118
41 42
17 48
148 58
89 46
97 81
91 46
80 73
135 118
91 3
41 145
121 136
89 109
91 117
134 78
43 85
100 143
22 73
57 79
16 78
5 49
33 131
130 88
104 64
33 51
119 21
57 150
67 107
74 106
104 58
34 143
72 18
44 127
19 62
30 73
63 79
67 133
122 128
29 79
32 49
135 122
21 117
75 102
39 135
140 16
44 53
97 3
42 65
149 109
25 47
40 18
57 24
34 136
96 123
140 132
6 70
93 111
49 120
25 101
25 84
125 130
105 130
41 52
125 117
74 2
72 85
146 6
79 9
117 95
11 138
97 10
74 3
36 131
105 112
87 16
42 46
97 52
31 10
148 2
125 103
116 98
34 124
61 114
67 95
140 126
98 61
76 77
22 20
43 38
36 111
33 79
22 118
19 147
66 80
105 24
21 48
17 68
148 18
39 117
90 130
5 130
89 55
51 68
85 117
54 114
41 2
37 9
101 123
56 13
52 66
116 13
25 18
41 125
106 6
50 126
49 124
76 69
64 117
105 150
103 35
146 81
99 75
133 48
44 132
26 93
113 38
67 17
37 143
46 131
94 111
125 109
8 9
32 108
30 100
50 74
87 45
135 19
50 36
77 66
133 111
68 122
30 109
87 91
2 143
50 97
114 121
144 108
10 136
133 120
126 71
88 112
137 60
2 35
34 57
133 59
132 58
41 2
99 94
33 34
113 73
113 9
25 83
119 17
129 78
41 110
105 57
76 125
104 115
124 68
1 15
133 108
42 121
32 10
123 60
39 110
75 145
25 149
148 110
94 107
116 54
142 147
57 69
80 69
6 122
4 150
77 17
116 131
135 6
144 12
55 78
40 48
11 55
51 23
56 127
10 81
33 49
104 114
29 143
11 128
54 112
90 54
93 66
72 11
39 122
75 60
40 71
89 132
115 107
39 135
43 92
44 16
82 42
90 81
68 81
122 139
100 9
14 125
93 70
2 112
1 70
91 68
79 78
74 60
33 43
130 68
150 52
76 15
14 144
124 117
25 111
44 70
96 46
105 127
47 78
43 42
137 80
76 136
149 80
22 30
28 73
56 77
1 70
104 24
82 143
82 91
16 3
4 149
4 60
107 69
123 108
75 93
137 122
97 123
26 66
51 53
124 138
135 125
51 6
105 45
96 19
72 100
63 133
38 132
120 138
66 59
65 68
72 92
37 134
94 55
96 110
115 127
125 147
99 101
49 90
82 4
38 128
150 38
60 20
42 36
22 46
39 60
22 127
50 81
100 132
63 132
77 11
56 103
4 38
9 111
1 83
14 79
93 147
67 63
53 111
129 13
43 64
105 85
6 117
134 103
137 81
117 13
114 10
122 81
38 145
65 95
93 91
104 88
115 131
50 52
74 88
22 55
99 57
89 21
119 85
75 142
115 54
97 1
61 18
67 24
66 142
34 44
118 128
119 106
101 114
75 68
74 58
17 46
104 13
99 76
94 12
137 59
45 85
120 114
67 75
26 7
52 69
20 95
104 102
37 66
126 102
56 50
19 148
23 138
7 64
116 64
82 6
4 110
140 122
40 84
14 111
76 126
98 21
51 92
12 70
61 106
123 136
135 122
91 124
115 9
126 58
33 124
107 138
25 51
10 143
87 17
51 92
98 149
71 35
113 76
103 13
48 73
122 13
74 123
118 125
125 9
7 8
28 147
105 11
39 47
89 3
78 127
5 52
93 45
64 95
49 71
135 78
42 132
52 48
104 130
97 21
85 127
107 10
30 47
51 129
36 27
73 27
61 12
5 46
7 125
63 115
105 15
12 145
101 107
82 7
17 2
18 132
112 122
111 3
119 58
21 20
144 118
98 62
53 127
118 142
77 81
33 139
76 74
150 142
121 110
22 29
131 10
126 27
54 9
72 142
22 106
12 147
98 102
98 139
74 124
113 68
77 49
32 143
135 109
8 69
90 2
40 76
137 111
22 147
1 102
113 90
39 86
87 145
14 8
28 53
8 35
106 103
71 147
119 120
116 66
58 81
113 37
101 117
118 138
99 48
133 1
41 28
42 13
33 58
137 103
51 107
140 102
14 66
41 18
11 125
40 133
23 19
4 103
86 81
31 103
61 100
32 87
63 2
133 31
84 92
86 10
82 4
22 146
26 134
5 36
11 78
45 10
109 27
5 121
18 138
29 6
12 17
51 143
83 134
8 101
60 108
66 139
38 141
134 136
22 136
65 27
34 59
64 69
149 15
7 125
34 132
42 74
77 9
10 88
102 78
57 112
28 47
34 100
145 139
39 19
4 117
56 58
51 135
28 106
94 129
51 48
14 81
77 10
37 140
1 95
84 60
115 92
129 103
143 108
99 31
14 42
21 102
50 72
33 148
4 74
41 49
86 106
42 123
14 131
99 81
36 27
140 112
29 85
105 71
31 2
85 109
18 58
74 142
150 149
26 3
137 129
52 135
116 132
112 132
36 27
67 11
41 16
39 69
109 141
57 136
118 112
121 85
84 123
9 55
82 103
72 79
91 92
44 68
71 110
40 98
149 111
19 103
62 3
126 78
51 98
99 117
64 81
82 67
5 86
94 140
96 140
69 145
116 123
116 146
19 110
7 128
57 9
95 3
25 117
39 42
29 140
125 24
104 146
93 70
52 60
92 62
22 113
53 145
52 53
101 131
144 142
25 14
40 12
137 127
22 81
60 102
68 145
63 114
52 95
28 121
8 13
32 84
26 6
36 9
1 107
51 125
137 19
22 88
116 128
125 108
52 36
47 129
47 60
143 141
142 147
51 139
135 53
77 68
87 123
96 60
80 85
67 60
67 63
83 2
72 60
149 108
30 76
66 129
124 31
45 73
115 10
112 102
52 45
95 127
27 122
28 20
125 6
33 81
16 3
125 55
122 110
29 134
118 54
95 127
42 38
30 138
72 126
14 137
40 48
69 117
119 95
27 78
40 128
91 81
107 55
44 102
51 118
64 136
5 65
31 132
82 70
19 20
115 78
67 144
99 26
28 137
25 11
4 103
49 24
72 60
147 35
105 136
47 124
143 81
73 3
109 95
67 80
22 143
130 141
25 147
124 2
105 63
146 35
137 103
104 122
115 96
77 35
71 130
7 18
14 80
45 131
77 70
43 18
23 102
60 78
82 108
126 107
115 101
66 88
51 79
133 6
60 112
119 148
20 95
104 84
86 81
76 46
33 106
86 38
15 95
46 59
74 6
99 33
116 138
45 100
93 73
103 6
33 128
64 15
113 93
65 78
92 117
51 55
4 61
44 128
79 54
73 27
10 145
10 88
62 10
74 124
65 106
89 91
50 83
119 55
120 107
5 83
104 109
23 124
2 141
14 83
74 35
105 100
74 100
150 69
104 42
25 110
22 123
37 2
32 18
11 24
136 95
82 88
99 95
68 3
67 47
135 109
51 135
133 130
