129 2000
84 116
6 48
36 113
103 63
37 44
70 20
72 20
80 96
81 2
110 40
126 7
41 115
53 13
73 20
5 129
37 110
11 20
65 95
98 115
11 66
18 41
51 81
40 116
44 17
107 78
40 33
65 8
83 3
23 80
51 5
89 62
87 93
10 15
74 55
116 33
85 87
30 11
26 79
37 70
81 5
97 33
90 29
32 122
3 44
59 18
32 35
20 117
58 92
36 35
61 95
39 22
36 84
122 66
108 63
96 22
9 70
15 102
10 107
32 8
95 128
103 4
73 116
9 41
103 65
121 77
10 63
25 58
46 39
99 18
78 82
66 121
129 14
56 62
73 37
103 10
51 73
42 89
31 62
63 70
51 67
47 3
116 74
48 69
126 100
59 15
114 109
10 122
118 76
38 122
34 109
124 94
119 81
90 103
83 26
78 123
72 41
13 110
111 12
121 104
37 41
105 35
26 96
108 37
105 32
35 8
39 48
10 80
38 72
17 94
107 95
9 44
78 117
31 6
105 52
47 44
36 47
103 113
117 111
19 9
103 81
116 39
33 128
110 56
125 77
44 24
115 21
53 110
111 129
10 96
98 89
90 80
6 43
59 37
96 79
104 1
45 92
24 62
61 98
44 121
112 100
30 73
6 48
19 126
9 65
108 107
59 119
67 80
119 78
20 34
41 11
59 5
37 31
97 31
103 20
116 45
51 3
73 122
50 128
129 86
10 3
73 70
95 16
78 114
109 43
112 100
89 6
32 7
99 107
73 8
47 61
12 93
72 84
19 23
106 127
36 35
14 106
10 15
113 128
81 121
9 8
108 38
70 115
18 125
18 4
112 37
49 86
73 70
119 49
54 129
19 72
19 100
23 122
63 96
119 49
119 117
100 50
111 115
72 78
82 92
33 89
90 3
35 11
84 95
114 17
15 26
67 18
30 59
2 91
40 49
9 42
40 119
27 88
9 5
109 12
29 11
37 84
79 82
99 126
9 98
19 10
97 89
53 73
29 102
37 42
50 123
115 24
73 3
83 110
53 7
35 56
66 39
19 100
39 75
61 78
10 41
95 82
111 45
36 63
83 18
34 124
44 45
13 32
128 58
41 44
70 123
40 11
33 2
89 101
30 23
108 72
85 118
84 8
100 98
57 87
49 101
120 71
49 115
102 104
80 50
16 45
116 49
23 59
70 123
79 62
50 104
9 65
23 84
80 84
66 101
105 38
18 54
110 123
41 78
84 18
30 18
38 100
90 3
102 111
73 26
3 79
59 40
103 10
38 40
88 94
70 61
13 29
126 26
98 17
25 75
83 103
105 37
10 33
66 54
84 8
44 49
126 52
89 101
32 20
5 39
51 7
79 27
26 116
49 60
110 70
128 89
17 88
72 33
50 109
98 6
19 53
56 46
79 104
89 120
29 97
72 61
35 15
26 57
98 118
4 34
126 7
40 111
111 114
100 70
98 34
74 43
81 54
122 47
10 50
13 107
51 107
74 71
51 107
40 50
7 2
33 109
63 20
37 84
38 116
8 46
128 58
52 57
83 84
105 97
4 31
108 126
37 3
26 2
34 106
72 3
14 27
40 81
50 111
87 6
35 7
100 11
44 31
38 4
129 92
102 60
74 101
74 85
18 5
105 51
121 77
72 40
63 4
103 107
23 38
96 49
116 20
126 51
20 34
80 81
32 84
113 56
47 81
98 57
73 15
18 16
39 58
79 14
19 30
35 100
3 102
20 24
2 22
83 100
41 5
22 12
41 121
41 115
9 20
53 99
108 99
32 65
77 106
96 56
8 66
5 125
10 110
33 115
50 25
107 44
111 125
38 65
3 116
100 128
99 103
61 54
38 97
129 69
32 10
18 4
108 23
38 97
19 47
37 95
19 110
110 81
97 128
78 16
68 28
103 33
117 114
47 110
15 5
31 27
18 31
78 56
29 40
10 47
32 40
40 2
67 63
29 5
99 65
26 31
5 46
33 109
99 67
103 29
31 104
78 128
103 32
105 10
116 31
90 40
38 32
2 58
36 97
35 100
50 104
29 61
26 114
103 15
36 103
41 4
99 97
98 86
42 89
39 88
32 100
114 92
113 117
84 49
70 39
15 52
82 14
103 29
112 47
41 61
37 56
125 71
114 21
73 65
50 25
120 64
26 16
2 125
2 104
13 73
100 61
65 78
118 48
108 53
107 26
5 42
32 84
107 26
18 81
67 3
115 88
9 52
36 35
4 98
95 89
118 68
73 116
120 127
45 109
16 82
7 42
47 8
47 123
74 86
105 10
2 104
83 38
75 48
19 30
119 56
36 122
73 107
97 119
103 26
112 15
3 79
80 15
107 33
29 4
113 102
56 111
10 4
126 4
47 8
112 80
109 58
13 37
10 3
53 126
67 103
45 87
26 41
120 71
51 32
126 9
19 30
86 68
119 61
103 96
47 66
59 11
15 102
30 41
84 5
67 3
122 96
13 72
97 128
47 3
53 32
9 5
79 46
78 128
7 42
36 67
15 52
25 12
61 78
67 103
19 122
123 120
35 96
35 40
80 46
34 76
53 3
3 8
111 64
67 119
80 79
31 104
61 50
38 18
119 66
72 97
59 80
4 128
64 127
101 17
34 124
80 117
37 52
70 57
121 120
107 29
33 129
38 40
53 38
111 57
11 123
36 83
83 35
71 93
44 104
115 101
23 84
59 41
37 50
29 33
99 80
52 116
41 39
113 8
101 55
53 10
47 26
65 78
51 65
35 37
123 22
101 22
7 113
100 26
108 65
53 110
112 37
72 29
65 15
89 120
36 10
58 127
36 100
49 22
3 80
111 25
49 120
100 52
27 86
5 96
113 78
61 74
38 96
112 26
100 89
13 26
57 91
47 123
53 67
19 83
97 123
72 37
26 31
49 89
81 85
72 20
19 119
63 110
26 50
11 34
23 59
72 65
30 83
59 29
58 106
53 97
59 40
115 57
38 97
98 54
19 38
49 111
53 40
90 3
70 49
65 41
100 70
113 84
50 74
99 119
13 36
46 129
65 84
95 129
109 28
10 52
36 23
63 44
53 99
25 64
9 26
122 26
102 125
17 21
24 17
49 87
4 8
16 17
110 11
100 78
26 98
41 4
99 9
26 95
110 65
108 63
117 42
38 113
40 52
4 89
7 56
59 11
32 41
18 39
39 75
114 48
44 128
85 1
19 38
81 121
111 17
78 79
113 119
2 86
80 46
30 119
44 87
72 18
96 22
90 67
38 5
105 84
99 73
40 33
114 25
65 113
44 82
80 41
22 58
72 107
63 110
121 43
20 46
119 115
94 28
32 96
117 27
25 106
59 26
35 97
32 7
45 48
83 35
102 54
70 24
47 40
82 43
116 78
78 123
35 47
53 73
105 26
66 109
18 98
30 23
128 85
33 62
64 69
59 107
99 51
74 85
129 17
116 49
83 3
113 89
79 82
19 47
126 4
86 93
105 63
120 77
66 57
120 71
115 57
10 81
108 9
112 30
57 17
79 16
49 39
5 117
27 21
19 59
67 72
14 17
123 62
10 18
96 89
19 90
86 127
126 41
52 121
113 46
123 24
111 45
37 33
67 113
124 69
70 46
15 26
129 12
117 54
99 10
38 70
80 78
100 41
87 1
109 43
38 61
52 4
30 47
37 9
51 97
65 11
119 116
51 70
121 109
129 76
62 86
52 31
36 84
107 100
40 97
63 11
34 104
98 60
72 40
8 121
49 24
63 5
128 77
51 37
108 63
63 66
77 118
115 106
112 103
60 27
95 42
45 1
20 128
40 102
3 11
91 69
80 61
44 39
110 70
83 110
73 40
105 65
110 119
9 4
19 113
7 96
30 83
31 109
104 91
66 24
102 27
38 81
35 97
126 40
30 38
61 46
39 85
11 114
112 23
32 81
15 61
15 117
38 103
23 81
23 107
31 49
120 93
51 37
32 41
99 32
30 97
53 72
70 123
9 84
2 17
70 111
110 44
112 63
97 54
34 87
35 100
95 45
88 93
105 84
97 84
99 67
117 34
59 20
72 65
107 9
57 43
100 15
110 11
107 40
13 36
108 29
53 80
4 102
70 2
128 109
110 97
41 16
81 79
40 117
65 84
65 66
83 26
18 79
30 110
114 21
101 88
53 30
123 54
41 54
75 43
90 105
22 77
70 16
45 22
18 39
107 79
79 74
7 50
7 26
5 31
34 14
11 128
14 118
38 96
53 38
129 17
36 38
105 83
38 47
49 104
113 42
84 61
114 93
125 129
47 52
103 37
47 96
24 101
41 54
116 31
53 3
35 11
73 61
104 6
123 98
108 83
103 65
38 116
13 59
123 22
41 128
63 4
47 40
30 15
5 50
36 35
105 80
20 98
107 9
5 74
3 123
99 7
116 125
23 110
105 47
30 11
105 83
44 54
47 117
100 50
46 39
118 127
77 86
75 76
12 92
100 84
10 18
19 99
40 123
14 88
19 103
29 2
108 36
21 88
118 55
61 66
36 107
7 84
27 64
56 128
50 114
113 49
33 31
122 78
83 67
13 38
90 81
84 5
122 15
11 78
7 80
78 89
65 11
33 111
80 79
41 54
99 83
35 119
85 120
36 40
90 15
70 117
80 66
13 41
38 35
36 90
101 55
91 28
125 120
18 102
5 45
51 41
100 4
72 37
20 102
123 22
21 106
97 66
67 26
39 45
38 65
88 124
72 50
80 102
54 57
83 18
109 93
122 18
65 102
79 129
53 63
5 123
44 87
51 59
24 106
50 87
67 7
59 41
42 57
52 81
81 95
24 12
78 66
97 54
126 52
103 107
90 10
107 20
101 93
10 35
16 109
90 113
122 78
16 101
96 117
125 89
128 85
71 1
121 120
116 121
103 116
49 114
19 35
2 60
90 84
96 22
63 29
30 23
116 33
122 123
24 62
63 20
89 34
73 4
99 63
46 49
29 31
29 20
34 118
99 47
56 117
5 114
33 123
15 5
95 31
67 37
117 85
108 3
128 71
129 71
113 20
16 101
36 23
8 74
13 41
67 10
38 70
72 37
23 63
99 32
65 18
70 95
103 110
84 89
112 119
5 61
45 12
60 55
18 102
89 118
124 69
41 16
96 89
14 124
2 87
36 38
34 58
16 14
50 79
112 3
124 127
95 45
117 115
6 68
5 33
73 81
53 59
42 62
15 18
20 49
66 115
30 23
11 56
29 26
59 32
63 117
10 72
115 45
50 79
23 80
102 6
85 48
110 96
26 81
91 106
121 58
6 93
102 25
67 122
59 4
24 12
128 25
29 11
113 102
41 121
78 128
80 102
35 41
111 64
115 101
5 128
110 84
9 100
56 39
15 123
45 124
42 49
19 90
71 118
90 72
29 20
67 20
39 17
40 56
20 22
53 38
123 31
85 129
128 12
34 1
106 28
126 35
121 27
25 77
126 23
97 54
22 86
99 23
110 41
97 33
17 43
36 47
9 52
128 45
96 89
7 9
99 26
68 28
63 52
33 125
113 44
67 80
81 44
71 64
19 59
56 54
90 4
56 54
80 18
84 111
72 116
23 32
100 95
67 20
90 65
79 87
29 119
108 15
47 11
107 123
17 68
11 116
56 39
26 114
40 49
111 27
100 20
45 69
98 121
23 72
64 92
107 63
73 5
108 72
119 50
103 4
81 116
112 52
108 63
30 47
49 12
82 12
38 63
103 119
104 55
73 4
36 7
75 76
40 128
59 32
65 42
10 63
53 99
10 20
49 74
9 50
112 59
35 63
30 32
80 31
15 117
110 33
6 118
29 20
82 77
112 30
126 97
10 9
20 66
10 97
51 119
35 107
33 49
119 4
67 65
72 116
29 18
23 100
38 4
80 50
10 96
67 119
97 5
59 63
21 55
29 97
111 58
15 11
48 93
36 10
85 93
2 24
5 123
10 18
97 116
2 98
40 70
31 111
33 117
79 60
23 97
128 60
83 3
63 11
102 16
63 20
100 2
34 21
22 86
115 86
73 10
3 33
30 105
9 29
105 122
56 109
20 42
63 37
38 113
47 5
15 50
23 10
72 107
41 4
112 119
83 4
78 45
89 54
36 80
122 18
53 3
30 37
46 22
78 44
36 29
11 78
65 113
53 103
113 33
5 85
110 80
126 72
125 21
23 41
90 52
63 26
122 65
61 102
99 119
108 67
3 102
38 113
46 71
41 78
30 63
37 3
70 82
26 57
4 70
42 62
122 29
90 73
126 83
5 78
53 122
41 39
74 104
15 117
105 32
89 21
38 81
107 113
74 86
40 78
111 91
14 28
83 38
3 96
24 109
116 66
47 119
19 83
108 37
66 104
36 37
22 118
91 43
42 98
61 102
35 63
11 2
5 39
72 9
65 31
65 116
56 82
47 41
43 28
7 46
98 62
11 34
80 66
9 2
110 61
16 43
44 74
112 26
89 45
37 31
32 70
120 124
36 41
99 32
33 125
108 13
129 17
62 21
63 18
108 83
90 51
31 104
101 109
83 59
65 50
70 61
40 98
35 81
19 51
20 24
19 23
66 104
114 25
22 104
107 29
128 74
8 57
21 48
70 102
41 16
5 129
123 128
30 47
47 40
108 51
111 121
37 11
105 65
61 2
113 125
63 40
123 111
45 21
13 32
26 96
72 70
112 83
98 49
81 34
20 101
33 22
105 10
116 56
73 70
13 10
1 92
116 20
31 87
70 123
109 93
116 34
20 89
77 71
116 98
5 89
113 49
129 71
56 22
35 56
50 82
36 9
78 114
47 96
51 73
48 124
103 122
32 35
108 107
122 9
35 79
86 76
80 116
56 85
123 16
8 117
67 18
80 78
37 3
50 98
108 38
20 2
34 71
29 96
66 85
92 93
6 93
46 39
108 73
121 75
112 15
90 67
75 127
73 63
20 121
70 46
24 101
83 26
4 98
72 11
10 100
3 70
112 3
108 10
70 116
105 9
9 66
9 41
72 95
103 81
72 65
122 20
90 47
90 3
64 75
49 71
30 90
103 5
36 47
35 97
113 33
59 65
79 120
114 58
52 46
51 122
73 72
3 42
126 107
38 67
65 96
27 91
84 116
3 70
116 20
19 63
9 46
113 56
3 66
26 4
83 113
125 64
19 13
7 44
87 55
105 41
29 4
35 116
112 72
7 2
73 78
114 85
101 93
13 10
107 66
38 67
121 101
100 31
107 7
24 77
108 35
114 106
63 80
107 3
51 11
118 93
20 45
22 92
85 82
81 50
7 79
119 66
51 84
37 78
100 84
63 44
19 15
81 61
9 4
65 78
112 41
11 34
100 89
53 72
40 96
84 18
110 66
51 38
80 44
41 117
111 25
96 46
26 89
108 126
91 94
29 50
35 110
81 96
80 50
51 9
96 85
38 110
5 42
5 85
103 63
112 97
72 20
100 102
58 93
51 122
105 81
5 128
53 35
52 33
108 67
4 116
112 63
52 81
32 95
64 68
12 68
75 76
63 5
98 120
98 120
73 113
99 126
59 95
51 103
34 94
81 57
40 78
44 31
72 52
83 47
125 64
19 10
122 40
100 70
32 65
112 110
31 39
113 102
84 49
15 123
31 57
11 116
44 54
97 102
22 92
16 74
3 7
126 90
100 81
102 57
8 31
87 68
121 104
32 52
42 12
30 15
74 109
90 3
56 54
35 70
59 80
38 110
89 25
129 106
52 49
87 17
39 14
2 82
103 35
65 117
103 122
122 78
46 45
107 61
15 8
107 70
129 25
100 78
85 76
100 125
4 42
67 96
116 79
60 28
32 5
103 80
101 27
79 98
11 128
42 60
97 46
67 40
73 110
39 62
13 15
99 29
59 81
73 8
105 83
46 17
40 11
128 45
55 88
17 92
117 31
80 84
23 80
129 91
122 79
121 45
108 107
112 40
5 46
126 65
30 38
82 58
100 61
128 82
112 73
51 65
66 111
37 50
49 58
65 20
102 17
15 111
108 65
35 18
72 5
107 5
103 96
73 81
112 73
15 119
12 120
61 31
52 128
99 13
83 116
108 30
47 116
41 52
116 34
27 88
24 22
15 125
59 3
23 113
103 63
32 4
90 81
24 93
11 123
35 29
107 78
107 79
73 40
49 87
58 92
24 45
73 9
49 77
56 42
105 122
80 20
37 97
119 18
91 93
117 57
113 4
103 73
67 26
34 69
108 7
26 31
53 105
113 79
73 96
115 87
85 71
19 63
53 35
103 122
73 119
122 20
46 12
112 32
120 27
26 115
19 97
20 95
70 34
122 66
128 125
107 11
9 50
100 123
90 122
5 2
20 16
10 81
63 52
95 57
122 26
15 95
58 64
12 86
41 70
50 54
5 61
15 20
100 11
54 77
41 128
47 63
107 44
73 40
8 2
23 7
47 4
65 29
65 4
105 67
23 73
106 76
105 10
38 10
58 92
23 113
3 61
45 48
112 84
70 114
96 42
18 70
73 7
56 79
65 44
67 96
7 113
11 114
33 129
73 119
2 45
3 15
114 21
97 125
102 2
65 26
126 119
77 21
117 74
29 117
26 96
115 114
8 85
96 56
13 110
110 95
103 95
7 66
15 42
114 12
117 25
91 69
99 13
78 66
102 125
66 117
90 65
103 100
11 121
122 78
103 9
100 8
53 72
107 95
62 58
40 102
126 47
43 48
61 115
12 17
78 115
83 119
73 122
113 15
112 41
26 52
119 54
112 4
82 25
121 85
30 4
83 110
16 60
104 77
56 74
80 50
62 106
129 62
33 128
51 84
12 43
50 82
119 20
2 14
60 91
37 117
60 64
39 71
83 26
121 48
126 37
47 7
10 122
107 70
83 84
65 26
31 27
108 9
10 119
24 60
100 26
79 87
114 1
112 9
103 52
15 49
5 33
119 102
29 96
83 61
50 45
9 65
13 7
13 72
52 61
54 25
30 122
125 74
74 24
108 36
97 4
66 87
3 117
53 10
2 21
47 15
19 32
79 98
40 119
123 12
77 58
