170 10000
71 128
100 106
20 19
34 168
150 76
55 164
161 76
55 60
73 26
19 50
123 121
151 92
129 64
66 100
149 105
151 97
140 79
12 35
34 154
117 7
102 90
59 12
118 145
57 39
111 99
12 22
168 1
20 11
11 102
100 148
95 46
90 146
87 3
113 35
15 82
131 154
95 102
64 138
1 156
71 124
44 158
159 97
29 48
109 82
120 92
111 21
18 4
95 9
127 42
3 92
23 50
57 128
98 124
15 106
167 152
91 169
85 135
104 156
9 161
2 90
2 18
11 26
85 138
122 24
125 12
106 165
136 48
140 132
123 115
30 156
35 166
151 158
28 145
18 106
111 89
21 118
99 91
40 119
136 99
82 75
79 54
69 40
1 142
168 24
101 151
40 119
44 98
16 91
86 146
68 96
97 152
73 51
9 39
168 26
114 24
25 49
133 165
153 21
136 124
73 155
37 114
86 114
46 6
154 169
42 165
144 31
11 56
66 21
27 6
2 151
91 105
85 112
23 161
118 138
147 24
31 160
163 38
115 52
1 96
107 21
29 1
122 128
68 132
35 169
47 28
101 119
122 7
85 59
110 142
88 39
17 138
51 129
75 156
111 4
2 36
155 42
15 152
87 144
35 3
127 56
70 23
56 126
99 51
110 19
12 49
66 75
2 27
94 62
22 127
161 42
123 166
84 140
23 115
17 96
72 50
34 94
82 48
101 155
32 166
66 103
16 39
53 135
60 35
131 89
165 26
30 38
14 127
20 103
106 126
155 170
167 91
118 105
167 33
72 30
134 52
128 60
13 105
50 61
122 65
84 133
22 28
20 66
109 114
125 79
86 44
70 5
99 55
149 134
117 68
124 119
137 30
111 35
30 61
128 30
19 169
98 107
73 2
155 35
115 4
140 10
128 162
104 155
130 92
74 50
73 28
83 38
79 168
133 22
23 30
128 26
16 12
131 96
157 155
24 156
136 30
90 141
127 97
29 35
155 112
12 87
66 155
117 170
50 39
47 34
70 16
93 3
120 163
22 81
69 36
56 38
99 29
114 160
20 158
62 108
161 160
3 142
43 60
29 112
91 43
104 60
73 36
85 25
136 113
73 80
16 80
58 147
55 53
42 81
2 161
106 160
14 87
78 27
128 170
15 5
56 105
141 31
68 135
111 160
136 125
66 3
123 106
99 125
122 52
75 146
91 62
29 164
147 152
24 119
25 28
84 53
136 31
107 31
114 50
148 38
150 11
155 49
18 108
152 26
53 108
54 46
2 63
44 81
117 26
133 6
111 26
166 6
66 38
133 161
54 107
19 146
11 149
40 31
124 121
147 145
11 8
7 145
107 21
67 134
8 106
71 93
91 72
9 28
22 145
84 125
102 37
104 65
144 163
28 145
127 31
51 135
69 124
93 55
29 118
82 26
147 165
16 143
47 96
47 124
45 6
37 65
84 121
132 145
144 149
111 134
107 97
159 48
29 27
107 169
150 117
131 74
119 149
9 26
87 80
120 96
104 72
98 32
34 72
140 33
109 18
141 142
79 8
109 80
98 17
108 96
132 156
54 117
5 96
56 97
153 26
22 1
85 126
115 156
25 18
1 40
129 49
20 141
106 75
86 138
85 38
23 108
75 129
9 87
90 21
71 165
75 39
111 74
80 121
125 113
84 130
92 65
167 29
110 95
77 30
67 25
58 33
15 6
168 51
136 129
159 160
128 116
100 76
42 108
110 78
168 147
15 102
1 43
112 28
51 165
131 48
85 76
75 118
32 61
137 27
84 71
59 32
128 60
15 91
1 17
113 121
77 7
19 50
70 153
100 115
146 134
151 56
123 69
53 81
44 12
66 90
12 7
162 169
57 45
86 160
58 161
70 40
130 79
19 101
102 74
67 107
136 168
98 161
45 7
115 142
22 1
167 88
150 59
25 165
157 162
59 28
123 102
72 116
18 92
148 39
145 38
168 132
135 65
133 29
71 135
34 98
82 138
164 135
122 168
66 106
93 64
62 87
77 18
164 61
100 124
9 28
130 117
18 154
28 49
30 96
84 54
83 142
19 78
56 114
139 119
131 115
64 96
93 155
117 97
86 73
91 138
146 49
58 11
2 151
113 126
125 161
165 4
125 26
159 42
18 121
78 42
22 72
59 127
118 38
167 61
11 121
77 144
13 40
70 79
109 125
106 48
37 152
168 33
22 124
89 163
130 21
143 112
137 108
110 37
57 21
148 160
70 129
148 65
72 64
162 7
67 119
158 51
152 105
14 103
66 17
56 116
111 76
74 96
15 39
73 165
124 72
79 139
14 82
137 149
45 92
66 112
164 92
93 21
32 21
131 87
81 149
17 64
16 129
41 79
20 26
106 155
115 121
44 4
41 21
27 170
5 129
106 24
67 75
54 5
72 81
55 107
9 46
36 53
41 27
136 78
120 163
68 105
164 87
31 132
110 2
55 28
20 90
23 82
83 38
20 129
72 149
41 39
9 17
124 121
130 145
109 22
91 126
124 105
77 53
41 168
95 160
130 157
10 53
112 108
139 105
23 51
19 132
98 18
69 97
66 145
71 101
58 76
89 74
56 129
25 160
16 55
77 101
115 162
53 108
106 87
40 117
55 166
151 17
153 126
20 119
9 135
111 151
36 162
131 43
68 165
34 61
57 91
73 40
113 51
139 3
47 56
59 78
123 7
57 144
144 31
102 36
122 26
147 153
59 160
7 170
136 150
60 105
154 4
91 27
23 4
32 162
140 32
35 81
70 75
83 152
168 132
74 143
150 103
95 96
158 52
120 134
70 47
44 138
125 53
18 138
161 64
63 35
62 144
94 163
137 112
147 170
69 31
73 155
67 144
71 49
131 103
16 128
29 72
79 163
135 65
85 170
11 28
77 121
106 53
130 3
55 38
77 117
113 146
111 47
83 147
125 108
154 56
131 45
29 75
61 160
150 151
29 81
82 51
73 132
82 112
69 87
150 139
70 15
70 32
29 63
137 147
86 104
137 30
69 64
122 141
150 133
61 163
40 97
23 144
168 33
109 133
95 97
46 88
89 158
163 39
72 68
151 49
7 138
150 119
58 118
140 117
84 115
74 160
70 57
19 3
47 112
125 101
128 27
90 129
54 45
118 26
5 64
86 26
107 7
136 165
5 169
65 96
54 55
145 39
77 72
133 116
157 11
68 76
47 140
45 108
164 81
41 4
33 32
83 62
29 26
59 121
58 30
136 46
95 107
58 80
22 21
56 61
98 103
86 27
148 164
18 33
42 108
150 89
74 6
46 61
133 132
16 41
19 58
114 88
32 82
109 28
168 148
151 4
135 103
88 132
157 72
128 36
144 50
124 106
87 119
41 170
40 145
59 76
167 87
83 107
23 97
99 115
54 60
11 127
23 116
85 97
79 54
104 166
58 148
150 153
67 154
59 148
68 155
16 101
36 6
140 93
85 62
25 26
143 61
143 156
57 75
150 34
122 124
82 149
23 62
85 157
125 12
70 135
104 12
66 17
148 17
166 26
167 168
125 108
98 138
2 76
55 60
168 105
165 166
22 24
32 28
19 79
20 16
78 143
37 43
157 145
41 105
19 97
9 48
63 163
71 69
47 140
8 121
86 51
19 167
80 38
23 52
111 8
25 64
36 97
151 164
64 61
21 160
133 75
119 103
106 147
77 142
8 145
73 3
79 161
113 160
8 105
164 129
140 138
114 152
127 114
158 118
2 13
127 162
113 138
23 128
147 114
137 81
31 134
40 120
104 119
37 46
125 105
8 60
25 32
122 22
130 145
166 163
25 134
140 145
60 38
127 145
47 120
11 17
123 33
77 124
33 56
14 127
28 48
110 6
12 147
9 51
133 117
43 132
32 48
101 144
20 158
54 61
15 87
44 151
117 61
96 138
95 31
60 42
140 60
142 48
95 98
93 144
101 38
15 62
107 81
2 127
67 40
54 121
152 134
104 10
67 76
13 135
54 151
139 87
66 11
10 31
60 126
111 122
104 57
4 170
70 77
125 54
31 81
44 35
94 114
19 144
98 161
155 7
131 96
127 103
127 55
8 143
4 166
43 81
55 116
165 170
34 145
153 135
10 7
89 113
73 41
147 76
8 117
43 65
14 46
24 96
131 167
40 108
22 105
31 35
106 43
51 81
100 60
63 4
84 27
166 50
41 62
146 39
89 118
147 118
66 89
110 160
77 165
19 92
9 51
123 22
115 96
43 62
168 55
139 62
110 8
83 102
99 46
59 65
106 75
9 164
59 149
37 6
85 135
21 145
91 60
66 13
68 156
58 73
73 81
27 81
47 167
44 45
40 21
12 63
128 24
122 140
73 7
83 93
94 106
137 123
164 166
31 7
10 48
21 92
24 39
85 62
20 121
43 138
7 64
11 155
7 108
70 8
53 121
12 82
159 139
140 5
1 42
99 156
5 61
75 26
68 50
122 97
89 166
109 61
59 120
140 168
135 166
89 55
86 162
157 145
99 97
42 165
101 88
20 111
5 121
62 132
139 80
170 50
145 96
11 119
97 52
101 155
47 7
107 103
111 125
70 143
5 6
41 18
78 127
79 33
69 94
77 49
135 81
67 118
16 64
25 75
20 24
131 122
58 77
137 152
10 126
131 124
140 81
101 145
82 112
22 17
118 108
3 30
122 163
60 80
15 121
8 101
87 26
159 154
120 166
148 7
84 155
20 145
105 39
153 156
137 1
2 24
91 156
127 6
143 87
2 121
64 163
75 134
159 59
14 4
136 68
168 118
117 64
23 112
36 56
84 6
52 160
2 8
87 145
13 120
18 76
109 2
138 116
15 73
83 17
45 26
170 152
59 169
51 26
125 139
60 96
73 77
140 14
19 166
36 39
111 126
20 64
70 59
83 158
67 98
153 116
158 160
25 162
98 160
159 27
73 26
29 46
45 3
10 129
155 30
142 48
162 138
67 62
104 90
161 60
133 72
31 97
10 134
117 108
25 135
122 82
67 93
75 114
18 149
73 62
130 94
78 101
29 11
128 165
110 151
44 63
136 72
151 103
159 3
14 91
59 142
36 13
127 170
125 42
70 60
33 82
31 152
167 120
95 140
87 126
167 46
92 49
111 164
68 135
67 126
100 154
119 103
132 121
127 63
139 153
23 48
81 108
109 33
19 32
100 170
89 18
143 7
128 120
55 134
78 118
150 113
109 29
113 13
111 118
120 65
122 141
84 34
133 89
128 163
35 30
59 30
14 60
72 31
161 151
144 165
86 83
45 43
16 150
157 71
53 39
13 39
135 76
137 160
41 2
26 138
125 35
42 129
34 103
67 42
95 11
142 152
84 23
91 145
70 98
37 92
98 153
68 115
89 145
87 97
8 76
130 105
84 27
4 103
41 21
164 81
12 35
74 151
41 121
23 69
151 49
67 96
106 68
150 116
68 64
76 138
27 21
16 27
20 24
163 26
159 26
98 82
108 64
86 169
125 123
18 3
29 18
86 160
159 30
110 74
157 126
43 64
133 50
53 38
132 64
169 152
53 135
158 43
148 35
131 51
136 116
70 63
16 102
98 53
102 26
13 35
102 82
90 82
79 90
91 82
72 49
1 96
150 48
113 28
85 142
99 3
110 104
45 88
8 160
19 49
136 73
106 32
43 50
84 77
74 112
12 146
71 63
2 106
12 134
19 98
123 135
110 146
131 124
161 51
135 30
122 5
150 28
43 5
57 170
16 170
36 142
25 152
95 75
124 4
7 149
74 7
15 88
86 6
24 169
82 62
137 119
28 76
5 62
19 141
124 3
71 96
89 72
58 163
73 147
41 75
153 144
117 155
162 166
164 120
34 118
8 68
113 3
18 42
110 150
149 121
76 92
164 6
25 37
36 56
130 163
24 3
84 55
37 162
139 103
77 112
69 101
131 18
9 80
83 64
78 88
170 134
66 105
101 124
168 64
34 33
167 52
167 94
36 119
58 137
77 26
2 68
69 13
167 55
36 52
87 48
107 146
131 142
157 80
123 4
2 48
142 138
104 90
79 62
90 72
11 39
168 134
95 114
139 76
136 78
23 145
117 39
52 6
132 170
9 55
136 165
83 154
120 35
62 134
111 158
72 165
155 17
159 24
85 22
130 81
101 134
104 17
23 132
147 120
109 108
73 12
7 116
9 114
29 135
41 120
157 48
140 167
129 61
102 116
68 88
125 49
45 152
70 130
44 4
136 2
137 53
19 100
21 52
147 169
47 140
101 9
89 42
125 5
101 138
167 101
60 48
140 12
32 117
151 68
119 50
98 32
95 68
74 92
9 155
77 162
56 107
16 141
122 10
85 106
109 65
164 116
109 124
77 147
15 155
155 17
54 63
77 17
136 44
162 116
33 146
106 169
128 89
46 160
20 98
110 17
96 126
98 42
91 121
91 147
86 63
86 170
100 115
108 126
29 43
15 102
109 145
144 118
83 118
104 145
163 6
122 21
159 107
77 90
66 39
67 165
136 150
72 160
153 75
61 96
33 106
159 35
12 134
73 56
44 5
58 69
63 42
85 78
123 87
166 160
40 96
31 118
100 33
7 108
89 114
146 142
109 59
143 87
167 161
1 61
16 141
80 26
122 61
8 160
79 161
134 160
90 92
7 64
55 53
149 39
40 6
119 121
159 144
72 165
130 164
104 105
159 4
22 74
53 97
109 93
140 128
100 169
67 139
61 138
96 121
141 134
146 48
167 62
102 127
146 24
31 126
41 92
161 5
154 46
9 50
119 108
131 63
165 39
11 144
113 64
118 108
104 149
30 162
168 63
131 15
86 99
71 103
143 7
109 42
111 137
159 73
15 30
2 118
21 145
24 163
11 155
113 138
62 39
72 126
139 17
133 165
98 105
1 65
104 132
112 4
131 85
95 146
15 79
95 138
19 134
109 51
100 80
139 33
14 156
164 92
131 82
151 117
139 91
47 21
110 94
91 161
41 8
22 148
5 80
154 52
142 138
132 108
131 167
9 13
130 14
53 92
104 100
117 42
112 118
14 90
70 66
44 31
124 36
110 80
13 72
2 106
73 83
57 158
45 120
128 27
23 50
45 60
20 45
130 79
136 50
86 102
54 26
8 13
168 49
32 27
70 111
89 138
157 1
86 80
69 11
91 132
93 1
165 162
159 114
81 49
95 45
99 168
111 5
113 145
71 117
102 68
123 161
150 166
157 116
2 5
139 27
73 27
82 26
130 50
162 64
145 105
83 45
131 15
18 97
77 49
104 148
107 21
85 65
130 161
16 89
54 8
150 135
101 153
132 50
144 97
5 28
15 145
150 77
83 76
32 169
20 39
109 67
59 164
111 152
41 82
22 96
100 141
19 100
85 23
76 169
159 35
87 65
19 169
74 116
66 59
71 169
16 25
113 61
63 117
16 157
143 28
140 82
10 6
150 145
76 26
77 108
17 166
27 116
133 78
66 37
73 89
37 80
14 89
34 169
62 156
95 114
98 90
63 151
16 123
32 61
106 103
127 6
20 167
99 41
18 141
97 81
46 170
11 76
123 81
125 152
123 1
85 170
149 96
41 138
98 26
58 76
74 92
77 156
158 60
131 93
98 152
124 88
59 29
56 4
19 141
25 158
143 6
102 163
123 80
108 38
78 121
67 88
133 43
133 63
143 165
18 153
130 63
83 69
166 103
131 57
98 56
55 56
85 145
101 91
25 56
19 69
2 39
73 162
12 113
157 133
66 28
131 157
12 141
139 31
59 64
63 134
157 32
154 164
95 137
34 94
40 126
3 152
99 163
46 35
57 64
56 121
48 138
18 114
98 40
142 48
8 32
167 163
117 75
66 149
136 119
112 97
106 118
164 96
46 42
165 166
91 51
63 42
11 108
20 101
111 152
74 51
94 32
140 156
58 115
55 92
54 160
80 162
127 160
107 48
62 96
68 115
2 123
44 18
57 75
80 162
18 32
104 91
15 123
79 127
34 64
44 102
85 90
14 98
77 106
5 48
76 65
139 151
71 51
136 21
85 149
153 28
44 143
102 142
136 139
137 28
104 13
27 64
140 137
36 6
101 115
106 50
93 43
130 132
78 108
22 81
31 92
23 71
77 74
17 146
158 147
67 104
156 126
71 77
22 126
1 49
123 53
157 124
117 50
99 104
87 134
12 87
136 169
62 114
111 8
168 76
104 161
122 15
147 148
15 82
77 36
110 150
148 88
32 53
127 62
20 26
164 76
47 155
91 55
165 21
2 152
11 30
104 97
56 120
8 27
151 144
30 76
56 148
128 164
77 33
157 74
124 39
2 26
85 53
47 170
123 160
93 33
8 56
59 154
161 126
7 76
120 64
144 145
44 135
42 26
85 102
78 60
95 12
150 114
3 103
29 170
95 34
75 135
102 156
109 166
20 61
50 38
55 52
170 160
17 39
84 155
12 7
87 28
77 103
155 105
130 101
14 106
130 64
119 126
70 135
165 81
163 38
33 145
31 50
8 119
167 87
84 116
137 28
113 64
27 132
51 166
23 15
110 54
54 154
73 54
100 2
19 73
41 134
69 28
140 92
69 119
69 115
121 116
85 45
23 31
93 76
44 140
151 40
59 151
129 48
89 43
79 51
1 135
54 169
105 116
46 35
17 165
130 135
154 155
83 162
5 169
136 118
158 118
55 118
153 115
14 154
25 121
25 148
167 120
66 108
20 157
58 101
87 3
159 32
113 118
123 6
165 28
155 30
102 94
128 46
131 128
101 119
95 138
78 166
139 55
146 30
98 46
47 141
58 104
148 105
167 26
85 126
84 146
102 105
127 106
92 156
153 88
137 48
24 6
153 81
83 143
86 120
130 119
41 143
135 38
70 63
23 153
46 153
66 36
41 91
29 52
29 48
73 170
73 163
46 105
86 119
90 135
58 30
90 166
78 40
57 158
45 152
10 164
34 51
91 134
122 73
75 27
37 50
32 112
83 10
20 91
58 82
51 108
109 156
110 48
113 28
117 88
110 15
11 141
120 80
130 88
146 80
45 121
5 28
99 108
110 89
130 166
120 6
3 48
168 163
99 130
153 5
99 165
84 158
70 111
73 6
23 133
93 165
142 162
77 87
137 166
139 170
133 11
43 146
10 17
66 7
47 83
70 72
20 51
136 56
83 51
44 113
78 83
101 138
149 152
130 126
89 39
33 38
4 145
23 147
59 74
92 50
29 65
77 127
95 61
101 106
129 48
14 145
140 170
45 62
148 50
4 108
130 156
77 55
164 61
71 132
16 75
109 53
51 88
81 65
128 129
55 60
45 10
170 126
161 35
2 123
84 158
9 75
23 26
35 149
162 118
15 61
125 87
8 24
158 28
82 153
159 109
91 143
94 36
94 145
161 48
18 121
41 149
93 60
5 88
111 149
157 31
12 105
68 31
101 52
1 106
100 4
82 103
125 124
87 50
130 128
16 31
86 100
27 50
124 60
32 166
9 82
54 165
24 76
139 105
136 34
94 24
133 119
140 96
74 147
93 50
63 163
80 48
143 17
124 170
41 147
123 35
140 117
9 105
20 63
92 156
69 40
66 76
4 49
16 158
19 40
125 1
113 48
74 5
141 114
67 62
98 32
107 165
73 54
80 65
128 6
68 65
56 52
14 61
87 105
147 27
97 132
104 78
111 135
139 149
108 52
100 151
10 92
95 108
128 74
42 64
128 142
141 162
68 138
2 38
34 166
5 49
111 148
161 32
123 32
150 83
98 127
16 4
58 10
170 126
45 7
135 64
139 170
111 135
77 78
33 26
67 149
62 156
99 12
127 63
4 28
33 61
12 53
97 129
51 48
148 166
165 21
165 119
148 129
155 52
163 39
131 65
130 21
140 45
111 27
19 153
94 114
94 124
9 141
69 40
57 100
123 126
100 26
109 46
63 143
54 24
83 137
89 75
98 28
12 144
19 6
111 26
8 87
37 161
136 6
72 65
54 1
91 13
78 127
81 92
109 107
85 155
151 46
73 101
128 69
154 53
101 117
151 5
109 69
99 81
123 112
155 162
83 74
117 35
102 106
93 149
42 62
157 1
99 102
147 145
111 120
91 151
93 1
113 156
120 31
133 162
90 164
167 26
62 30
139 64
150 105
115 160
139 76
59 63
114 105
20 12
4 52
17 6
109 156
98 152
73 40
23 102
56 43
29 33
133 22
109 115
127 27
77 87
89 22
111 127
113 5
91 107
102 155
11 42
10 31
56 6
170 156
127 155
1 96
131 100
99 2
141 165
131 53
37 65
36 64
74 75
150 140
20 151
22 7
83 11
145 6
67 72
85 138
20 96
37 87
77 98
159 151
152 121
136 110
18 87
1 119
85 165
151 152
159 142
137 33
125 153
68 28
57 40
113 7
23 139
95 149
133 154
13 112
102 46
119 49
1 151
43 24
15 133
9 27
77 90
162 103
13 43
37 50
22 160
95 102
89 151
125 8
35 163
2 166
53 115
137 63
159 54
9 105
135 96
170 50
2 132
130 38
14 30
78 161
58 118
77 98
66 160
22 170
20 53
94 156
18 165
45 164
58 29
59 24
157 128
11 38
127 18
136 102
161 108
85 38
79 154
37 124
40 135
25 137
26 134
83 102
156 65
59 167
125 96
8 68
94 46
25 80
71 154
136 66
1 152
41 18
46 96
115 92
45 113
66 9
117 60
91 39
157 151
51 50
109 69
141 138
164 118
70 39
67 16
78 123
32 143
17 108
89 52
93 3
90 68
47 104
18 52
9 117
41 7
98 55
78 106
123 93
136 11
74 43
42 108
98 43
53 31
61 39
69 156
151 64
2 114
68 51
45 115
69 36
60 76
110 29
2 101
102 145
9 4
68 115
128 32
50 26
157 126
84 159
154 61
59 24
133 69
16 150
75 135
143 169
114 126
136 116
93 61
89 93
84 29
149 108
136 32
112 163
103 52
133 161
170 38
79 145
104 10
37 90
133 30
15 35
125 37
114 38
16 100
77 53
100 123
9 6
99 37
117 61
84 11
16 34
57 12
46 103
36 64
11 13
69 141
140 163
73 108
149 126
14 101
158 38
125 46
15 96
109 143
3 26
98 9
149 28
98 88
57 3
69 36
136 138
33 3
92 105
148 132
30 160
79 40
111 65
111 35
44 9
16 102
144 48
70 132
106 36
106 153
102 134
104 129
63 80
148 68
95 120
147 51
127 81
79 1
90 28
167 72
60 76
159 149
106 117
109 140
168 61
113 115
167 4
153 5
44 32
125 139
155 97
131 121
114 21
161 164
122 48
67 38
21 108
14 105
57 87
124 26
150 25
22 51
58 137
169 105
98 27
140 147
22 113
130 72
157 41
106 103
95 49
104 90
110 148
18 88
129 145
112 61
79 148
167 102
9 169
33 7
5 21
37 98
85 37
161 3
69 127
167 165
164 75
31 145
133 14
78 101
93 37
58 118
60 64
9 138
118 116
21 6
47 146
136 102
36 30
131 63
24 52
68 156
123 5
66 137
82 87
107 108
106 97
15 161
33 151
140 10
144 38
164 6
11 48
131 116
58 8
99 6
23 107
113 87
33 160
88 26
22 156
53 81
16 154
72 24
61 105
78 162
7 166
109 81
86 127
20 113
128 161
168 81
90 151
132 7
36 31
40 49
131 16
23 25
23 32
5 156
19 123
18 91
25 78
1 143
128 146
140 48
84 138
106 107
57 165
153 62
42 48
83 8
80 65
139 5
13 163
141 6
31 169
57 169
47 158
17 52
57 33
1 169
11 31
137 153
80 152
78 49
56 53
79 9
5 108
111 158
128 153
114 138
86 26
123 38
23 148
159 134
40 80
44 35
102 49
85 149
128 61
102 31
85 60
12 132
74 115
72 40
27 108
109 34
90 30
102 164
13 55
89 42
123 12
36 64
69 40
41 54
86 164
85 59
9 161
104 102
159 144
156 61
74 120
101 103
72 88
36 116
109 145
164 30
133 13
154 36
2 138
102 103
89 117
44 13
87 27
40 3
148 144
41 64
70 67
166 39
148 118
106 145
143 135
58 1
73 6
89 76
127 119
5 152
2 45
70 127
168 96
70 166
43 61
89 170
47 41
142 149
41 89
23 92
56 80
20 57
86 26
2 69
67 133
44 37
162 170
122 74
53 4
157 158
141 132
22 105
25 170
131 134
31 162
15 141
12 98
100 4
128 101
146 162
14 141
136 36
67 62
43 21
14 138
89 116
94 50
167 126
84 150
36 112
42 96
127 106
122 57
42 49
164 30
111 12
20 75
122 142
100 93
19 3
89 42
24 134
36 96
33 88
70 96
157 87
131 21
17 116
102 108
153 126
133 17
41 96
109 121
29 160
69 158
136 86
20 26
144 6
144 126
18 26
86 43
102 68
11 160
43 163
94 76
16 4
13 169
75 65
146 169
125 57
95 10
93 158
106 82
51 116
33 5
167 118
157 103
36 7
15 139
140 5
115 80
42 103
77 129
143 61
42 152
131 127
45 65
130 68
17 149
67 132
161 148
168 153
110 97
19 58
151 4
11 154
36 62
19 76
128 164
61 160
68 132
85 73
124 97
78 102
44 40
57 8
30 152
132 118
157 6
114 145
23 9
59 142
13 61
104 166
16 102
99 2
17 115
102 141
94 87
41 112
16 58
94 156
79 160
57 42
62 4
104 142
23 93
70 158
153 118
31 146
123 36
90 103
136 64
147 118
79 26
75 51
86 169
15 152
20 123
124 5
132 80
111 117
130 6
104 9
122 13
98 116
42 88
157 72
159 116
16 128
157 103
59 78
46 142
69 45
84 148
37 142
129 39
25 79
46 65
5 62
75 6
34 75
20 49
100 88
84 86
94 55
105 160
156 49
14 106
136 89
136 32
17 24
99 30
44 138
11 153
125 76
141 145
122 9
8 35
22 121
58 161
139 9
109 36
90 82
24 152
113 43
141 52
41 89
157 10
36 80
131 11
41 108
84 53
71 35
14 82
31 135
168 75
102 163
21 138
9 132
78 64
19 140
9 87
23 45
148 92
95 164
102 33
33 114
77 156
63 1
136 120
14 98
148 105
25 22
162 38
109 122
70 89
47 152
132 105
168 13
107 31
83 22
84 111
161 26
95 69
80 50
154 107
157 128
9 87
43 132
151 170
107 146
37 27
168 108
25 10
159 69
127 7
67 148
120 132
111 32
86 153
7 61
99 11
67 24
136 138
29 144
92 61
139 151
167 108
148 97
75 119
94 156
139 114
14 4
140 1
82 24
16 43
90 42
65 126
85 166
87 52
119 28
139 162
128 87
79 155
151 113
14 37
85 92
168 118
37 35
168 108
102 161
16 33
29 27
110 49
8 134
8 88
70 80
158 119
37 135
84 73
136 14
104 32
37 21
114 49
83 27
9 117
78 166
148 4
142 105
73 163
47 120
15 129
94 40
102 163
47 96
59 36
8 160
93 88
117 116
112 121
67 57
127 163
122 135
161 35
70 53
25 76
36 75
95 82
73 94
168 106
43 138
41 114
131 71
133 33
149 145
45 108
11 24
84 6
86 52
67 1
82 43
2 161
47 44
55 135
157 75
33 7
45 32
147 75
3 162
57 7
155 61
140 144
148 152
44 75
156 65
135 126
8 53
57 21
7 163
2 144
67 102
12 112
122 77
122 106
34 165
23 156
2 129
58 12
165 30
27 170
87 64
2 32
36 121
67 40
155 92
41 38
55 103
54 76
69 4
93 134
84 77
16 2
17 160
62 152
127 9
69 97
113 32
57 53
33 96
137 119
143 121
1 31
72 97
161 152
106 170
5 170
126 26
98 61
148 6
67 49
111 53
19 89
15 88
9 147
89 11
111 103
98 82
79 114
92 108
68 81
143 88
102 27
2 17
22 114
133 82
136 52
82 146
66 133
150 35
159 63
25 24
17 31
42 132
40 21
74 31
12 51
29 166
97 116
43 164
130 94
5 88
25 54
12 43
11 135
128 134
14 35
99 155
146 152
102 135
54 36
111 16
23 95
47 98
166 105
72 115
168 33
15 144
146 152
167 154
63 88
59 22
34 143
95 125
41 119
66 135
84 130
95 116
102 10
82 117
141 158
123 162
1 108
35 30
133 63
84 14
157 94
8 164
119 38
74 56
53 119
84 137
83 134
8 51
166 96
41 139
37 13
9 151
85 133
113 149
2 35
67 124
139 17
19 158
17 156
8 50
8 27
8 144
80 163
147 88
135 6
58 128
82 132
125 4
133 156
59 49
159 25
13 50
126 121
111 147
25 118
46 48
102 55
33 151
54 139
136 9
54 72
43 39
128 137
95 9
90 146
147 169
33 31
42 92
25 165
22 6
36 21
126 105
89 161
71 166
60 135
15 74
50 126
12 87
70 98
149 52
161 5
128 154
19 124
47 169
23 129
125 137
102 64
124 148
42 64
77 9
142 170
60 24
154 156
123 65
83 118
72 26
15 101
164 30
95 32
55 112
83 166
136 18
133 143
136 52
45 5
161 106
29 63
54 94
27 21
45 169
167 123
37 127
139 146
77 161
72 108
20 52
54 48
45 144
42 39
94 42
95 79
123 108
161 27
140 98
115 97
136 38
137 17
57 82
54 35
144 119
170 50
20 21
23 135
150 90
117 7
159 160
168 134
5 163
14 54
76 103
47 167
99 132
107 142
70 138
117 5
70 127
159 88
45 92
142 121
78 13
71 149
129 6
35 103
42 48
33 146
23 62
151 118
8 164
136 98
167 166
141 52
23 28
66 99
168 118
120 118
153 35
33 156
32 56
75 121
161 116
83 166
1 106
19 27
99 103
123 147
30 6
82 61
16 68
15 78
136 58
142 149
65 163
154 135
19 45
149 65
122 27
93 3
9 151
113 55
20 102
99 150
83 155
14 12
94 10
124 142
113 3
62 170
2 37
93 52
141 5
20 134
59 102
75 114
104 132
12 90
125 10
1 135
86 103
84 35
120 35
63 113
125 89
128 142
28 169
141 160
168 39
120 114
93 60
123 43
114 27
25 61
18 148
151 170
88 28
101 75
55 156
79 134
101 72
113 48
37 126
104 42
104 129
43 97
74 108
66 2
91 162
44 141
131 79
61 49
99 40
169 145
99 87
109 67
164 39
125 158
104 126
109 11
107 146
109 86
60 35
127 13
43 6
77 36
99 118
10 96
46 50
84 158
109 42
44 68
111 37
45 1
128 144
78 132
111 100
82 52
53 156
4 166
115 96
12 72
159 34
130 87
68 87
141 75
161 165
51 138
128 129
29 18
90 103
1 72
20 144
83 8
58 95
74 118
70 103
36 68
44 34
111 68
25 77
99 154
139 120
2 144
114 65
67 44
93 35
36 49
156 49
23 36
110 167
77 106
70 21
124 52
14 40
63 36
121 160
124 53
93 3
41 72
115 35
31 49
34 62
92 52
70 12
136 141
29 7
140 142
151 119
29 36
99 82
161 80
84 23
5 30
141 124
164 134
54 121
1 126
20 25
37 115
95 76
109 167
73 49
114 24
10 149
95 140
12 169
95 153
41 169
111 11
128 80
137 165
9 165
22 27
69 162
131 156
14 124
53 38
113 62
133 46
165 3
56 148
93 52
8 142
146 162
60 81
69 138
82 38
106 138
70 79
13 81
32 64
81 39
102 146
135 65
5 65
5 165
101 134
87 81
151 121
32 132
128 146
86 80
131 153
130 83
111 29
166 38
129 76
23 134
56 156
84 144
143 156
95 98
66 100
20 105
112 146
78 142
67 5
106 39
93 143
60 155
144 81
132 28
115 88
158 134
77 7
133 29
16 80
47 114
159 156
8 49
73 46
77 94
91 124
30 163
125 4
140 127
58 63
159 85
159 160
120 169
67 9
63 113
66 76
150 166
34 105
22 24
158 120
95 22
109 48
58 23
35 119
12 63
67 53
22 32
45 28
59 167
91 162
72 134
129 108
86 75
83 48
25 80
59 4
113 38
124 170
111 124
158 53
28 76
44 148
104 137
148 105
139 143
127 161
167 156
113 24
158 24
46 103
62 50
102 35
157 117
18 118
59 75
141 112
23 116
131 90
41 8
25 121
11 43
60 135
136 129
123 94
20 164
166 64
154 7
137 113
50 52
37 118
131 159
83 82
63 30
20 51
145 160
104 80
157 160
41 10
131 23
159 132
146 169
59 133
17 65
165 166
109 39
128 152
29 1
56 112
91 151
33 105
19 137
44 135
66 144
12 156
111 50
153 160
20 146
18 164
19 163
91 61
47 155
104 33
20 26
37 113
168 98
25 5
102 45
147 115
14 91
70 82
40 108
79 36
65 64
80 28
143 160
74 152
66 110
74 21
84 150
16 53
41 8
70 106
159 80
20 114
146 134
14 80
128 149
115 97
73 117
139 35
2 42
42 52
24 105
71 138
111 110
27 129
167 72
84 160
40 38
14 137
86 58
24 38
124 43
169 121
54 162
40 60
94 56
104 107
139 72
80 166
18 170
43 50
93 129
85 108
120 114
74 81
12 26
32 134
159 80
159 165
128 118
36 170
57 162
69 22
150 164
73 49
59 121
19 32
140 88
107 135
77 169
131 4
82 144
72 40
151 114
148 142
120 4
32 119
28 145
69 1
133 124
37 144
144 3
99 62
44 126
2 93
109 150
123 50
67 134
9 65
57 13
10 64
130 45
57 134
141 55
42 5
34 56
25 140
55 40
24 80
74 124
128 170
120 170
60 103
23 68
165 50
68 7
95 22
41 162
19 17
93 52
13 117
32 52
131 115
143 4
41 39
16 13
100 105
71 148
115 119
151 142
117 149
47 137
4 121
2 126
32 53
58 143
89 116
69 160
86 14
36 26
79 54
34 3
125 162
103 26
106 134
168 42
25 6
51 48
60 145
151 36
69 49
155 7
150 140
146 149
9 88
1 96
144 160
8 51
10 76
71 43
91 30
10 21
85 43
94 138
165 26
150 79
135 38
15 118
20 17
99 91
72 42
12 166
125 57
34 65
136 86
16 28
113 55
159 169
7 64
16 114
143 162
33 46
139 35
7 160
54 65
23 62
78 17
67 52
1 161
36 26
106 39
117 48
90 142
167 61
1 152
133 48
32 35
94 166
150 61
53 120
137 30
87 27
36 135
35 126
139 17
51 166
41 156
17 81
131 76
83 30
97 103
115 64
10 56
46 148
133 33
33 161
25 165
71 102
136 66
74 1
135 6
158 7
11 161
128 161
124 60
3 80
133 10
65 61
79 33
146 38
23 166
46 155
72 26
60 160
93 160
54 96
43 21
146 6
12 90
82 96
40 169
128 163
30 6
104 36
77 92
89 8
36 118
162 38
15 123
127 162
159 126
43 49
157 61
127 126
109 141
133 124
146 35
108 48
71 90
28 138
31 134
88 162
112 121
57 80
110 25
131 127
123 60
102 4
35 134
120 39
102 90
130 59
109 127
44 113
59 6
89 38
12 98
137 51
168 91
32 153
3 170
85 78
60 162
122 168
88 121
45 158
2 26
113 60
46 152
109 40
110 148
141 115
102 61
33 52
165 21
137 118
151 32
71 128
83 89
137 81
78 69
62 3
98 32
159 148
128 145
148 107
70 94
56 117
74 32
127 138
1 32
47 1
75 49
8 72
71 156
111 22
31 88
167 12
128 61
100 40
66 88
73 63
99 38
112 146
62 152
168 12
101 35
151 5
19 93
90 141
137 9
20 100
12 74
36 155
36 116
167 45
67 119
63 42
148 38
86 147
60 24
63 65
55 60
70 19
17 144
133 56
2 7
161 108
59 18
146 65
122 73
44 74
122 57
68 116
159 156
142 129
141 38
95 78
18 106
95 69
110 168
93 148
84 64
1 55
59 63
93 87
84 151
158 30
74 113
84 13
159 57
72 152
163 105
47 94
1 40
7 170
47 21
90 51
16 45
91 46
99 161
15 108
99 5
73 162
57 18
141 46
86 91
127 53
48 160
111 36
87 118
33 117
133 41
11 60
79 88
85 126
57 170
95 29
19 165
11 105
19 97
84 158
30 145
47 138
73 28
146 27
167 54
90 33
91 146
79 38
161 107
122 13
75 170
104 61
69 118
101 4
4 162
59 148
40 149
129 156
36 105
157 107
51 118
66 103
75 7
23 144
85 97
84 24
2 65
122 169
50 105
58 162
53 135
10 64
154 28
77 11
94 49
46 149
69 113
150 23
12 80
161 154
140 13
5 115
84 132
135 35
85 13
111 162
58 38
13 118
24 134
90 121
125 98
70 31
47 61
20 78
143 38
87 96
76 48
56 114
79 169
41 139
8 39
79 102
46 132
157 137
115 162
34 89
36 138
58 41
57 75
93 21
57 4
33 38
86 41
15 107
140 115
22 112
148 107
70 90
33 147
36 144
25 78
20 91
78 42
106 56
130 1
14 8
43 152
29 92
150 25
81 39
37 148
71 10
63 27
60 105
25 106
107 31
75 115
20 106
162 96
140 68
25 151
57 165
127 82
147 27
87 81
14 119
57 53
1 49
84 71
157 93
106 76
102 152
133 142
16 144
167 128
127 32
35 27
69 12
150 113
136 23
7 163
143 75
136 128
151 27
136 64
158 21
103 52
58 27
58 157
90 60
23 1
18 105
32 118
2 27
131 107
144 88
137 170
34 12
11 48
53 30
99 129
109 139
113 35
67 142
8 156
123 120
72 148
68 165
123 31
50 163
135 30
32 120
150 2
170 145
123 76
90 151
75 170
148 31
91 55
101 42
16 54
148 48
16 51
95 127
83 43
79 13
159 15
12 160
159 36
125 81
108 156
33 27
110 26
89 10
142 96
150 28
67 101
10 17
80 48
122 72
109 60
93 132
121 52
161 61
69 39
154 145
25 133
85 148
130 154
34 28
54 103
29 51
26 49
98 26
91 52
14 115
54 135
151 43
17 165
120 64
70 153
1 97
46 132
78 46
127 17
15 114
89 39
82 80
59 90
45 141
67 45
123 42
86 91
114 3
47 64
63 148
40 88
106 149
99 98
134 138
120 52
130 143
47 50
70 89
72 165
87 149
66 158
127 139
98 48
123 93
79 50
165 160
101 13
146 24
58 61
11 134
89 21
149 64
9 170
157 59
66 119
28 160
22 155
71 40
36 115
125 92
107 162
54 8
102 46
167 51
59 167
140 6
131 151
150 65
122 2
128 118
98 36
77 62
16 99
160 6
149 118
9 94
7 50
94 96
47 8
69 75
82 40
92 116
55 49
102 107
128 92
33 156
69 102
16 51
109 90
141 62
150 123
130 167
74 6
17 88
139 134
53 96
15 167
154 115
66 48
12 24
66 38
109 63
147 112
141 144
131 85
140 39
79 37
151 156
16 99
16 103
142 52
102 90
66 34
67 29
83 5
111 68
66 40
102 121
108 116
159 37
20 156
127 117
14 153
34 114
123 46
72 75
14 123
19 40
73 147
66 99
150 30
69 62
33 166
101 163
125 48
66 132
77 40
86 91
111 38
60 116
151 166
99 6
19 59
80 61
11 108
44 102
78 166
120 61
129 26
168 65
128 121
18 48
42 7
122 141
91 55
62 160
128 27
57 53
15 6
165 132
58 134
159 11
109 126
134 138
113 35
130 38
2 24
117 80
79 38
161 145
32 38
91 87
23 124
111 169
139 21
113 56
43 52
129 6
106 160
140 1
123 114
33 155
90 169
44 3
29 5
1 56
109 22
88 121
34 146
66 60
58 14
44 56
43 38
41 17
9 129
11 154
96 121
25 162
2 164
81 152
15 113
59 114
162 163
73 143
47 97
139 149
122 37
34 28
131 73
133 50
133 31
51 156
109 22
31 50
42 146
3 80
59 4
157 140
11 153
24 121
89 142
74 53
58 59
13 76
91 134
37 135
22 45
78 146
47 75
34 148
155 118
34 79
117 17
157 141
18 48
25 106
157 24
22 72
95 9
70 28
98 114
157 160
128 42
65 126
36 39
16 98
93 76
29 50
154 88
137 31
25 144
29 18
17 97
129 7
16 15
53 24
70 3
131 146
42 156
25 108
74 88
31 126
78 60
136 129
41 123
22 121
140 74
145 156
122 103
124 120
106 116
71 49
25 24
79 53
45 119
150 35
150 156
20 103
86 22
55 138
125 53
150 149
158 49
87 166
73 89
29 63
70 97
98 88
155 108
102 50
140 2
93 160
157 79
40 35
25 128
45 65
62 134
107 145
36 3
111 15
47 8
84 24
47 108
93 4
56 97
84 134
130 94
1 164
73 138
2 94
74 94
159 40
16 120
90 81
5 21
3 28
66 104
168 97
86 125
73 79
14 118
19 59
21 96
86 6
40 49
60 4
132 48
70 85
143 42
14 7
83 50
14 144
26 138
58 134
83 91
110 143
31 169
54 170
143 53
85 76
159 122
101 49
16 82
79 115
109 83
125 158
73 94
12 1
45 90
62 112
136 125
52 49
70 154
30 92
15 138
115 6
19 44
128 49
78 145
150 48
23 143
120 61
69 129
78 94
15 103
123 138
168 123
147 103
84 146
94 138
130 76
109 78
1 161
89 117
51 132
150 128
55 61
60 88
123 143
85 92
33 113
15 8
15 160
102 120
125 74
43 24
157 124
84 6
141 61
132 169
130 55
86 58
103 39
159 40
95 33
8 64
30 149
159 55
73 108
143 144
168 8
123 24
46 7
32 49
1 138
44 12
66 135
67 143
55 53
128 169
34 126
101 97
54 103
18 119
31 129
66 95
67 141
136 58
79 137
107 152
59 79
23 123
19 75
53 105
8 114
140 69
59 153
168 94
89 80
41 48
23 54
59 61
47 98
161 48
109 126
104 127
124 154
20 122
8 9
70 107
125 4
151 39
167 164
137 62
109 57
104 169
27 97
122 148
54 145
128 61
125 5
2 62
69 12
27 52
4 160
43 112
83 8
31 49
71 36
21 50
87 146
125 45
135 116
55 114
79 121
87 144
44 118
104 46
13 119
23 154
135 27
85 8
123 105
102 112
44 32
8 115
58 73
142 118
19 151
60 53
72 51
167 27
35 21
23 113
79 82
71 36
59 28
74 107
47 133
128 75
5 121
54 30
70 123
8 53
151 146
107 52
71 121
11 152
41 161
63 4
149 126
41 22
109 5
115 6
41 78
169 92
58 18
146 92
150 124
67 19
67 73
150 51
78 36
20 115
62 51
62 170
110 165
73 148
99 23
148 68
137 33
144 112
82 55
45 65
57 35
71 139
70 76
154 143
2 88
71 91
11 63
84 93
73 18
82 61
167 124
102 132
23 6
94 61
159 119
30 160
132 121
155 3
159 69
14 12
86 152
72 112
167 119
42 6
15 73
45 63
164 4
139 48
80 121
4 166
170 108
115 7
16 158
102 117
136 76
47 144
33 121
136 1
109 33
29 60
59 135
77 6
147 17
41 107
109 164
69 18
79 163
41 121
142 39
2 169
159 44
79 52
84 50
56 31
2 52
58 146
29 64
55 48
130 95
23 135
93 148
142 38
31 21
67 119
13 129
13 35
128 75
26 52
73 143
95 143
111 41
8 81
162 61
157 80
44 170
25 164
143 21
56 163
9 51
157 169
164 115
50 48
122 44
15 107
137 148
19 21
15 46
101 155
71 128
99 3
90 164
78 101
12 127
24 26
70 131
25 105
100 53
86 61
128 12
61 163
167 129
12 38
69 98
157 42
32 152
47 48
157 143
66 55
158 146
80 162
105 138
170 52
77 145
142 108
127 6
95 87
57 149
68 27
23 65
141 92
109 8
80 49
3 7
148 166
62 146
155 152
147 118
83 97
51 76
131 128
118 103
136 104
24 156
130 50
84 43
109 121
133 48
28 6
133 144
47 148
101 117
109 42
142 121
47 153
18 169
144 50
20 148
46 48
66 95
95 62
5 166
91 28
14 128
141 28
104 120
170 48
159 145
79 60
92 134
19 105
102 121
73 107
162 160
127 165
164 108
24 3
133 91
117 114
75 31
90 28
141 32
29 155
70 18
130 56
23 102
133 29
128 82
140 57
12 65
5 81
67 10
7 92
101 27
113 129
40 52
167 147
24 21
95 116
94 103
12 6
2 42
33 147
15 62
131 100
7 138
111 15
82 26
65 152
155 163
161 134
94 162
79 55
90 1
119 166
99 147
110 166
13 134
12 62
95 96
127 68
90 113
72 61
63 129
93 37
95 113
35 24
157 152
102 112
25 54
22 6
134 49
110 50
154 82
102 30
97 76
29 10
71 77
78 148
78 43
15 26
150 146
75 17
57 137
56 21
98 56
74 68
1 27
141 106
10 96
170 116
150 71
141 42
40 144
84 1
57 43
59 26
112 170
111 77
159 43
44 120
102 117
140 123
167 163
63 80
127 155
127 46
7 48
59 36
35 166
36 103
9 94
12 102
167 139
13 142
125 52
15 72
102 82
67 116
36 76
127 166
31 27
120 108
136 30
74 106
99 61
29 87
132 39
78 50
98 5
27 30
130 164
37 55
68 115
59 68
87 105
70 60
17 38
1 135
111 26
101 28
67 150
127 145
167 29
16 163
111 145
112 135
47 41
137 149
80 145
57 135
159 167
54 105
150 115
109 108
128 35
16 58
10 148
150 38
57 115
70 80
14 135
75 35
23 167
95 33
122 17
58 118
122 150
2 113
84 18
3 52
92 38
20 106
133 11
54 76
18 169
137 64
142 49
13 64
44 126
137 158
130 149
157 156
157 33
5 31
63 7
5 4
34 163
161 81
122 128
89 4
150 43
85 107
130 129
14 39
128 158
93 119
75 5
168 106
159 98
169 48
60 49
140 162
34 113
14 129
143 56
143 53
19 130
23 138
77 140
150 146
85 97
20 155
3 116
128 50
16 58
99 74
95 17
74 56
20 45
90 50
117 65
27 64
115 160
70 94
127 61
85 50
90 154
124 35
15 93
106 160
93 120
82 147
22 10
99 108
14 74
96 134
45 38
159 37
109 169
84 24
139 51
139 107
29 3
122 47
136 108
32 53
101 153
84 66
85 24
99 95
102 53
167 160
83 32
22 148
46 170
77 69
73 133
125 43
141 65
29 123
95 125
136 80
136 46
158 145
104 79
70 145
122 28
11 49
68 81
45 62
153 48
43 129
37 139
140 129
143 3
22 31
45 163
141 115
33 40
124 28
123 80
118 166
67 42
104 44
136 19
60 165
79 63
68 24
71 6
32 153
26 134
104 118
11 107
142 49
78 90
86 9
82 156
15 54
125 87
82 68
18 165
71 124
71 80
20 142
45 75
72 117
11 38
42 156
63 3
15 92
169 96
74 40
20 81
141 24
147 114
90 121
9 121
148 49
68 166
124 6
41 3
54 72
87 156
101 5
143 97
102 129
93 156
163 26
98 38
136 164
113 129
33 135
161 32
168 18
66 8
83 116
90 106
131 109
74 61
130 115
113 75
1 32
109 153
120 17
10 158
26 116
14 92
51 135
136 37
140 144
161 135
16 59
1 152
37 82
111 93
133 153
89 132
111 31
46 61
9 144
84 169
32 17
89 114
125 89
60 5
77 54
16 98
57 147
159 163
74 24
125 164
80 152
114 50
70 105
79 166
36 144
123 115
42 49
18 76
73 9
20 102
12 96
10 134
46 160
168 98
60 30
150 74
115 49
109 50
34 158
4 61
70 62
34 161
137 72
5 144
62 103
118 6
105 138
89 119
61 152
159 36
95 144
107 76
85 139
10 107
33 17
62 24
16 125
23 60
114 132
106 75
154 120
115 166
144 160
60 107
150 65
131 123
128 63
120 92
93 32
45 154
44 116
86 83
63 42
147 50
37 139
59 6
16 92
27 169
122 115
91 40
110 43
122 115
10 46
44 146
150 33
19 60
110 50
90 32
10 143
136 76
110 10
122 73
157 43
85 65
87 166
123 51
88 116
151 27
31 30
51 65
110 113
41 160
117 53
83 26
58 49
71 102
87 115
14 22
151 170
23 87
74 31
110 117
82 163
56 112
133 91
72 162
131 95
35 105
42 17
41 27
80 108
73 46
161 24
159 54
18 91
104 30
69 48
58 140
113 64
47 62
69 126
101 151
150 105
17 7
99 132
21 92
108 152
46 62
62 135
66 81
77 93
110 65
77 8
110 92
122 124
5 132
95 45
12 147
54 52
14 53
109 139
37 163
89 116
125 161
106 38
34 14
12 152
150 123
161 142
101 76
73 61
72 35
159 2
11 81
152 39
137 168
89 42
33 170
58 53
142 116
154 68
79 132
86 37
2 149
111 165
157 61
107 166
63 152
167 5
59 108
8 141
15 126
69 117
24 152
87 4
106 112
104 77
113 36
143 142
2 21
133 124
125 46
20 110
61 126
19 43
48 6
15 80
19 50
166 103
54 118
59 147
147 39
20 93
16 154
131 111
122 106
14 161
128 10
77 60
15 107
55 107
123 12
161 160
17 163
15 168
110 160
29 55
93 108
81 162
28 126
67 79
32 46
106 170
67 41
136 54
1 30
70 17
93 153
141 52
3 160
19 138
67 17
45 88
143 56
94 31
107 4
25 73
124 120
41 163
114 26
153 105
10 60
159 75
69 91
79 91
168 12
8 68
15 140
48 121
75 38
13 50
131 12
111 64
22 61
66 103
20 108
135 24
40 115
150 142
166 6
139 80
33 148
111 134
95 162
146 49
84 19
151 60
58 22
14 53
55 38
69 26
34 90
11 38
31 30
112 108
151 38
106 27
31 50
132 38
149 138
67 153
9 120
106 17
51 81
84 44
120 27
161 156
140 48
42 129
11 114
11 81
1 144
10 51
102 82
41 50
59 28
143 165
63 28
125 113
125 33
25 112
86 98
131 14
43 162
150 23
91 88
157 62
58 50
161 40
101 5
141 120
63 60
25 8
147 119
150 125
111 160
137 11
63 60
71 142
75 156
123 107
46 35
79 62
60 80
12 151
91 52
61 6
168 164
102 17
76 39
67 82
131 122
12 8
110 61
13 28
44 139
58 132
99 164
120 163
153 52
109 37
59 36
168 3
70 152
22 169
19 96
157 61
157 10
86 162
75 162
7 6
73 116
69 132
42 24
37 151
68 162
5 132
55 96
32 56
66 122
78 75
157 119
63 60
78 33
70 50
109 31
70 128
170 6
162 28
128 75
25 141
70 69
99 71
38 103
153 160
167 6
77 101
170 49
161 160
34 166
151 82
146 119
111 60
166 134
139 7
127 3
14 152
135 119
38 6
53 145
19 15
122 148
29 32
63 4
88 92
1 147
69 42
63 62
47 93
130 23
75 24
70 24
84 2
90 62
30 92
154 103
140 102
167 52
140 126
16 27
17 135
83 168
12 101
69 68
8 134
23 101
147 87
19 58
38 39
27 142
77 142
37 26
101 51
117 148
153 92
40 88
2 170
108 6
10 60
59 145
158 170
57 93
113 148
42 144
63 147
63 43
43 28
113 96
151 52
66 168
16 123
155 7
7 156
151 164
45 75
25 135
95 112
95 35
75 35
83 142
8 39
67 28
48 138
104 21
29 144
57 138
111 98
106 147
122 100
16 141
85 116
81 76
15 129
110 133
71 18
74 120
94 60
114 21
124 120
125 2
17 6
100 98
16 144
99 24
25 43
91 112
139 13
143 35
56 64
76 103
133 93
147 61
32 169
113 38
99 48
142 134
83 4
46 5
148 42
47 53
84 137
86 45
20 119
85 117
61 134
140 154
168 139
37 124
54 21
4 126
60 103
2 38
161 165
84 157
93 142
15 148
109 91
67 71
133 117
11 153
12 88
150 21
85 53
45 43
153 97
71 22
36 96
102 27
71 65
102 3
17 4
43 126
25 3
167 148
99 46
47 168
51 163
100 90
77 100
108 156
59 44
66 2
70 105
139 101
64 116
85 30
126 48
22 105
157 152
124 163
137 36
25 88
59 139
17 31
72 149
30 160
66 121
109 61
93 115
100 124
75 152
150 154
9 40
141 151
164 28
104 117
25 92
128 115
93 13
69 26
122 35
159 168
20 43
102 126
133 32
109 87
109 72
60 142
59 44
137 116
112 81
56 61
113 149
157 69
159 19
150 50
136 8
16 25
67 121
51 114
106 115
37 158
150 141
102 153
147 92
139 55
22 36
99 61
85 62
167 72
57 137
53 163
130 68
167 96
109 120
157 63
18 53
140 40
136 155
85 47
87 92
151 88
102 132
145 160
19 11
34 32
66 157
16 68
46 75
105 48
79 22
117 160
84 66
72 96
136 65
131 134
35 88
135 97
136 30
63 134
22 1
32 75
77 3
40 7
86 88
89 36
159 93
100 90
70 168
89 148
25 46
72 156
161 13
81 166
140 81
125 46
159 113
168 10
12 113
14 82
11 97
120 162
84 123
83 168
147 81
19 114
22 53
99 149
109 87
32 156
136 114
168 101
122 43
85 129
98 64
29 141
110 102
122 22
22 64
141 75
23 146
63 146
77 117
80 76
19 51
111 12
53 105
100 91
9 129
109 46
95 68
154 116
16 126
86 7
17 144
88 142
23 75
157 35
147 24
62 6
148 120
148 31
59 102
122 118
150 47
128 139
74 105
58 116
9 129
86 73
151 61
67 16
70 100
113 149
35 88
151 75
137 127
1 114
13 165
66 82
47 92
22 81
154 43
15 61
136 74
136 91
133 97
74 1
24 170
79 4
30 26
2 22
40 142
167 34
83 88
123 127
150 65
104 164
136 141
109 4
25 22
99 72
150 91
71 169
36 31
13 162
45 107
63 162
20 15
75 17
70 157
84 85
109 104
165 97
141 87
142 80
109 110
95 56
27 119
167 14
111 90
34 132
18 129
153 80
113 149
16 144
5 38
125 152
16 23
119 64
20 163
16 80
69 49
151 88
137 135
167 38
78 48
25 37
84 39
67 139
159 35
85 68
89 105
54 88
5 51
54 112
111 21
24 132
22 91
153 97
74 48
29 142
95 59
59 61
15 13
110 57
22 56
31 27
101 108
82 138
78 137
109 71
157 36
159 170
119 76
71 31
91 35
97 156
148 75
89 48
23 3
159 163
12 134
1 75
107 118
50 134
89 45
104 21
71 80
75 76
132 105
62 162
125 158
142 116
2 90
133 13
109 10
153 62
83 51
136 14
22 116
127 42
82 153
78 165
65 6
109 52
63 30
80 149
77 153
109 122
98 105
143 68
95 138
70 110
33 17
79 6
109 19
72 31
151 106
27 64
19 12
130 142
148 4
148 65
84 41
53 105
37 117
82 142
53 88
131 45
20 100
123 139
155 156
66 138
130 93
109 61
1 162
79 8
85 153
153 52
147 149
58 81
104 123
50 61
73 65
83 94
63 156
52 160
132 26
89 69
137 93
141 35
127 135
130 78
109 123
66 155
85 92
82 134
67 9
101 147
133 38
57 43
133 80
21 80
69 98
93 120
142 65
36 164
135 114
97 48
131 34
37 148
23 119
55 92
13 149
12 116
9 46
1 81
170 160
12 141
70 45
44 54
21 129
146 49
4 103
135 134
32 134
69 56
14 120
86 76
15 104
168 129
122 48
59 10
64 96
13 88
38 134
3 126
160 49
115 156
117 96
19 156
109 101
168 18
159 167
157 60
120 145
77 118
51 126
67 39
162 160
147 48
147 152
25 156
56 132
1 28
40 134
60 30
59 37
130 5
62 31
159 137
167 82
37 161
23 22
88 126
40 117
4 50
19 116
42 145
97 152
123 72
122 92
99 151
125 36
122 47
110 58
53 62
60 116
89 165
20 43
85 75
147 97
118 163
112 4
115 142
69 76
41 114
63 158
85 25
124 134
111 79
7 64
63 5
85 38
122 135
125 26
81 49
75 87
75 156
56 120
123 127
143 134
86 148
83 1
44 103
59 64
34 114
29 92
11 9
131 120
110 1
23 43
9 10
55 24
12 72
9 5
74 156
59 139
157 5
19 145
76 49
69 13
136 152
157 167
33 165
129 92
144 92
73 72
15 45
109 165
141 17
148 119
109 133
141 103
20 7
80 65
168 6
71 152
148 107
128 90
14 83
29 127
73 141
158 156
60 38
111 74
78 120
44 90
122 100
101 92
15 51
63 148
149 48
77 9
10 152
135 119
168 76
73 141
128 107
67 16
51 97
110 71
168 2
60 107
57 46
151 126
76 50
112 24
111 90
85 36
123 81
36 68
42 103
113 97
111 161
157 55
153 126
41 74
95 59
81 26
90 32
13 92
148 76
33 155
57 56
93 21
86 60
37 161
57 11
144 96
102 91
66 100
109 94
91 165
24 118
127 10
57 10
140 129
2 5
42 119
71 9
158 49
150 34
94 124
93 33
85 119
133 132
111 100
41 166
124 152
170 26
73 45
137 68
71 149
86 124
148 108
79 22
110 113
141 143
59 108
16 55
149 50
139 121
136 99
148 80
143 121
68 155
150 61
93 101
59 92
45 49
92 52
136 69
148 3
88 81
145 108
72 160
10 96
102 116
73 3
70 35
53 62
56 129
26 121
74 139
109 138
14 37
87 28
40 17
12 51
42 119
47 33
12 97
11 169
147 164
10 43
98 40
66 9
25 75
54 24
56 49
12 146
20 21
167 147
23 101
20 47
117 65
18 145
34 156
157 112
5 170
34 53
61 49
127 152
9 13
19 106
109 105
86 140
158 149
124 142
62 61
106 21
23 115
7 108
111 74
9 154
163 48
70 156
125 169
102 106
68 170
66 158
85 92
144 97
24 64
127 55
169 50
40 117
18 121
74 117
66 31
140 43
20 78
135 92
104 90
78 141
57 72
122 49
50 48
3 49
102 135
158 162
123 91
37 5
146 134
91 75
70 120
137 91
58 166
15 106
72 60
97 105
12 152
136 77
20 108
77 40
53 35
111 22
83 103
140 96
85 12
139 28
14 121
136 62
20 107
74 21
155 146
157 93
127 75
154 107
5 129
167 83
132 169
84 13
70 101
23 140
111 97
32 135
63 158
85 138
18 88
34 35
111 161
67 8
90 116
70 30
20 159
34 142
24 156
142 65
78 63
58 54
36 88
84 111
85 6
127 119
66 24
94 116
19 45
113 27
14 53
42 160
140 158
63 8
71 90
158 170
107 21
110 152
77 3
150 22
1 165
9 108
70 166
74 28
10 40
16 66
136 80
46 26
143 147
103 105
146 134
88 129
113 96
78 50
44 102
93 21
95 91
73 125
82 39
132 160
55 170
168 117
58 140
130 166
168 21
131 121
84 49
114 88
73 153
36 96
67 113
54 141
25 31
155 51
102 96
42 135
95 18
154 132
53 170
139 76
19 166
11 148
19 123
84 79
73 104
124 27
78 108
163 6
88 65
159 62
93 72
35 4
133 87
100 146
56 6
22 50
1 42
51 4
163 49
25 48
29 126
104 169
15 88
104 83
136 154
2 81
14 147
124 3
31 165
144 121
167 28
19 14
25 143
154 7
84 159
12 92
165 126
29 24
15 135
73 147
19 125
71 160
133 68
54 91
23 63
104 155
18 141
135 105
24 80
94 170
82 24
90 51
85 140
77 64
14 6
168 31
110 35
17 152
15 11
157 54
43 105
90 169
21 52
93 88
143 49
167 162
1 143
23 48
69 81
110 89
123 153
17 48
148 76
117 134
95 121
22 141
82 55
4 27
159 2
35 129
83 3
84 100
133 42
57 48
133 168
106 13
25 165
127 146
104 30
59 62
22 98
23 143
140 108
73 169
36 81
71 132
161 46
132 138
69 134
1 36
113 26
140 53
60 156
117 51
141 160
22 170
69 30
151 120
56 142
159 14
78 60
79 127
167 163
44 12
94 142
115 64
163 105
16 24
113 56
115 35
21 160
131 39
93 35
99 156
32 96
16 148
85 7
70 33
159 39
78 141
163 6
71 60
109 147
14 13
110 41
123 161
140 165
2 55
157 87
95 145
16 94
33 151
85 113
1 132
74 61
71 74
70 159
122 56
20 43
62 28
78 100
33 134
106 121
77 153
109 61
41 6
141 165
157 42
29 7
73 96
71 102
78 143
137 155
73 89
2 98
109 3
167 153
94 149
53 146
94 169
9 64
109 164
130 87
163 39
95 41
86 63
97 81
11 169
66 45
10 53
97 132
22 53
131 138
95 152
42 7
3 119
109 10
22 147
60 105
15 146
52 6
72 115
155 129
130 6
146 52
115 146
123 141
128 87
11 9
133 148
124 148
152 26
72 53
40 27
12 33
89 31
94 33
141 138
131 140
57 46
104 14
166 38
125 81
74 143
11 118
168 80
35 65
141 36
157 10
128 81
71 118
93 36
40 53
108 103
113 39
110 73
79 121
132 39
87 88
37 97
86 23
54 103
122 114
56 87
130 103
148 126
25 98
101 121
22 112
66 144
18 162
84 67
86 65
56 132
159 22
99 100
151 13
54 158
141 38
123 40
99 85
10 135
150 143
59 120
161 134
99 36
15 102
78 36
91 154
124 39
32 149
13 80
159 6
111 115
71 60
57 72
135 26
71 1
16 81
154 107
100 126
44 155
123 115
67 160
2 9
1 10
124 129
111 52
24 116
157 35
7 103
31 88
130 92
59 61
70 9
153 144
133 170
106 143
132 162
73 151
19 47
153 156
60 164
95 43
7 145
97 92
20 8
23 155
84 88
95 100
100 50
1 7
29 103
104 31
130 153
66 1
126 49
123 149
32 114
45 46
130 129
86 18
34 24
33 113
106 112
92 49
87 129
94 121
44 170
29 5
31 114
51 160
158 92
74 146
122 140
25 39
94 80
89 18
100 146
150 49
63 138
9 121
75 50
66 139
1 39
130 153
68 103
80 39
130 165
123 45
131 119
40 135
80 118
159 122
133 55
70 73
95 138
131 43
118 103
99 100
157 105
22 53
82 169
98 108
80 49
157 162
24 48
82 27
30 81
46 81
86 138
85 165
83 13
110 45
112 165
155 76
77 120
18 9
70 137
67 100
144 116
130 138
153 170
5 97
142 145
33 170
85 149
66 125
46 108
104 56
32 132
23 153
133 83
151 142
131 128
100 3
19 135
113 56
77 96
157 3
68 48
70 170
105 116
122 162
167 80
82 60
133 78
17 65
161 62
19 48
110 87
151 68
133 152
85 12
74 158
12 117
25 37
168 147
139 5
93 8
58 61
43 96
159 11
44 6
40 112
60 134
18 42
104 162
82 147
45 38
168 165
42 146
99 100
114 163
47 78
22 154
34 74
109 38
83 36
133 96
20 19
119 64
104 36
136 26
123 152
77 41
14 163
93 149
18 146
100 158
157 164
14 119
55 28
12 144
70 43
111 119
72 163
90 38
169 38
112 28
85 90
70 5
70 170
77 101
151 142
159 87
130 126
133 68
71 112
90 91
168 124
75 26
110 38
165 118
110 96
38 105
77 121
73 138
97 169
70 107
25 5
67 38
19 160
62 65
137 72
66 49
159 14
77 155
89 12
131 154
75 121
63 60
8 155
34 138
36 165
8 1
101 6
23 106
84 2
53 5
96 49
170 166
19 94
37 98
64 52
72 147
80 134
130 132
125 96
117 87
166 49
86 169
120 30
59 121
30 118
3 30
75 24
66 149
104 168
157 33
85 160
25 126
59 83
47 102
59 112
70 14
40 163
130 55
86 69
110 165
47 113
99 58
12 61
59 145
136 155
83 101
133 149
129 160
161 38
43 145
68 7
150 154
44 102
54 62
77 143
50 160
67 96
154 138
25 77
34 12
164 160
111 65
144 142
54 141
148 149
8 46
92 163
161 108
130 150
12 169
123 46
141 121
53 126
81 126
67 14
128 137
95 118
123 76
117 7
158 75
16 53
84 124
150 121
29 61
78 57
70 90
102 142
127 124
100 45
18 43
75 144
115 76
63 7
142 145
125 168
35 30
155 35
154 46
153 28
19 89
27 118
2 76
67 39
41 147
127 169
57 127
41 13
73 117
28 38
51 6
98 161
131 111
11 32
63 170
130 96
59 38
141 42
84 126
161 141
136 97
110 168
111 128
55 144
74 68
167 60
70 155
53 118
25 168
77 142
31 6
53 108
127 145
129 162
2 72
110 28
107 169
139 166
83 31
99 4
25 123
22 138
153 96
14 74
85 165
135 114
111 168
90 7
15 76
91 31
82 164
33 36
150 68
75 129
14 132
90 114
20 2
41 107
5 134
12 115
123 127
83 22
69 17
21 52
25 8
161 138
73 59
8 13
33 132
23 79
67 59
124 50
99 10
163 48
101 68
158 35
159 105
89 118
14 102
97 169
158 65
137 114
99 114
135 80
95 13
157 152
111 41
137 139
36 82
25 154
102 39
19 168
20 45
58 127
71 108
22 132
20 35
83 18
109 58
93 145
91 36
70 5
72 42
95 14
15 75
63 154
4 92
156 6
110 37
77 106
55 149
133 34
141 76
133 5
41 97
104 137
168 135
1 80
59 163
159 112
29 129
17 3
70 132
102 119
110 79
56 153
136 35
23 166
73 4
29 65
104 148
159 76
67 19
128 39
57 105
54 128
131 36
15 32
119 61
110 76
127 45
144 105
111 11
4 129
12 132
155 163
95 50
34 49
59 14
113 120
91 24
15 104
83 132
51 132
18 97
131 118
22 21
62 135
35 81
98 80
77 168
31 103
73 123
73 4
75 17
69 74
74 106
102 113
127 116
110 120
110 104
94 62
59 148
140 123
158 38
86 116
104 37
4 163
123 108
153 105
97 121
54 93
135 52
87 152
93 116
101 46
8 1
16 147
54 153
131 142
82 6
16 108
111 73
146 119
153 64
92 64
63 148
125 32
99 102
101 87
77 69
123 165
127 156
23 13
83 160
63 24
141 13
87 169
113 169
107 53
151 36
83 146
50 156
44 6
41 51
150 119
9 169
165 121
20 41
79 93
146 35
140 138
67 95
150 92
35 61
151 164
41 18
16 19
19 137
72 4
75 88
113 28
59 137
111 40
37 153
11 30
136 116
1 55
109 120
133 56
34 155
70 129
58 5
19 163
161 166
125 108
60 35
79 49
83 88
82 107
56 153
163 38
82 135
68 7
150 11
167 96
34 102
26 138
20 68
131 150
108 138
1 170
46 112
55 81
133 117
159 23
168 12
166 26
72 121
82 61
127 75
144 121
155 169
59 33
137 92
1 138
85 14
159 80
129 28
140 7
139 103
14 134
125 151
159 101
126 103
129 126
55 118
127 116
73 33
158 80
91 10
36 31
82 60
53 134
22 132
149 134
29 152
127 64
113 152
131 17
99 26
91 53
9 119
33 138
43 39
134 116
151 112
128 163
110 71
85 142
125 118
35 132
113 169
71 74
127 119
99 28
32 40
46 115
163 96
35 52
73 64
164 105
122 99
130 13
157 78
128 116
120 160
130 160
67 12
55 149
74 26
25 154
66 110
131 34
57 52
19 105
23 42
112 114
20 41
77 53
34 146
150 169
112 149
44 24
63 24
43 129
59 12
159 87
34 2
77 61
122 119
89 45
41 44
69 17
113 3
14 134
12 151
86 45
100 63
74 142
34 63
93 7
117 107
124 80
15 155
64 160
13 31
150 72
170 48
33 39
106 149
83 127
94 7
71 120
167 152
77 8
53 119
73 161
25 74
133 106
73 24
153 62
85 163
19 6
26 116
88 119
23 113
14 82
23 80
165 105
15 37
60 48
70 64
37 106
8 158
44 139
170 152
70 67
54 103
58 73
36 96
19 41
128 22
2 35
124 87
136 154
2 129
79 112
29 164
73 105
74 53
128 123
94 43
102 148
149 52
2 114
85 80
63 36
150 41
149 126
130 17
92 65
19 26
154 117
112 48
137 9
4 162
140 129
137 74
12 81
11 106
91 42
100 74
86 139
78 81
125 64
137 92
159 21
139 43
89 13
119 152
117 147
102 156
95 119
162 105
54 4
137 22
56 126
26 138
95 27
71 43
89 153
45 169
44 11
133 170
24 105
2 160
36 166
32 156
34 149
89 48
67 7
57 55
22 124
77 27
91 42
159 56
75 96
10 51
16 118
158 81
70 143
99 143
164 121
34 28
70 142
131 11
43 129
95 56
32 27
108 152
164 17
77 24
54 169
77 69
144 4
58 126
91 124
109 94
5 61
58 17
85 51
124 48
73 106
107 17
151 35
159 162
37 116
131 107
44 28
73 97
54 152
139 62
123 103
117 87
161 119
110 1
23 63
128 81
150 90
73 7
19 134
99 115
19 103
55 39
29 112
124 4
125 153
122 37
97 38
74 61
12 97
135 166
113 48
123 98
58 13
58 161
1 141
23 75
158 61
16 145
21 116
110 33
12 60
10 149
59 80
159 145
5 116
43 49
56 38
17 24
125 74
11 4
109 76
153 64
95 33
165 38
127 51
57 39
136 105
58 135
66 4
41 114
70 134
154 126
51 152
83 98
66 31
167 74
3 76
25 36
133 54
95 2
55 81
127 97
89 170
122 65
14 137
71 28
55 88
161 38
72 120
165 48
125 91
86 125
54 56
143 147
166 121
132 64
14 139
133 4
55 81
67 30
23 69
44 76
98 92
36 82
35 50
2 1
97 65
47 35
100 83
124 50
74 3
151 4
157 79
25 21
41 161
3 129
34 43
144 118
37 155
18 146
86 118
133 79
77 117
86 117
31 165
136 3
41 94
84 96
25 153
86 31
165 28
63 7
125 5
70 2
78 115
82 35
77 72
123 114
36 5
93 107
73 37
127 170
153 81
62 4
5 39
114 170
148 88
77 88
106 75
3 118
9 146
102 152
95 137
10 21
67 142
19 38
51 165
115 138
69 135
29 12
83 117
150 85
84 117
75 92
137 145
161 115
111 117
114 166
29 147
123 10
153 162
78 13
91 32
136 71
150 119
155 87
20 134
20 30
32 156
131 65
43 27
82 134
159 164
15 140
164 152
1 141
61 121
141 134
93 63
91 88
15 12
12 18
130 128
70 144
78 40
128 26
58 140
151 26
79 96
16 122
16 143
131 82
90 146
146 48
12 161
45 35
146 142
58 168
136 21
89 72
161 163
84 15
36 76
25 168
102 147
11 65
82 107
20 123
10 155
110 88
29 3
159 51
111 93
69 144
140 118
58 82
58 98
71 62
125 164
95 148
151 72
150 146
52 138
9 31
8 43
58 3
25 80
9 3
58 87
103 52
16 85
161 113
157 22
163 6
10 13
100 90
110 38
85 153
67 83
129 108
56 87
109 52
43 52
151 144
9 108
164 160
137 27
47 161
22 53
23 74
136 3
41 53
110 10
25 43
155 27
14 42
23 151
144 103
98 87
158 164
70 33
32 160
133 114
58 40
113 119
136 64
57 24
14 123
77 7
115 152
125 8
119 80
42 115
55 115
109 82
136 29
80 26
128 42
44 75
104 140
109 110
54 117
20 32
130 140
111 40
125 139
73 41
16 133
150 76
23 164
42 5
147 144
87 103
33 92
46 68
16 156
43 108
47 33
29 82
164 169
40 48
100 24
37 135
109 91
5 129
87 81
151 143
73 124
45 156
157 100
43 165
159 149
23 165
33 26
140 142
13 39
84 4
123 138
70 115
4 97
82 120
47 139
28 52
55 164
80 134
64 39
111 102
10 114
156 138
47 133
5 120
59 155
90 5
147 163
8 50
20 137
120 17
8 155
35 152
33 51
94 114
159 80
154 115
51 88
150 155
122 113
32 24
69 53
44 156
83 9
11 135
55 134
43 152
128 129
44 76
157 21
108 134
136 81
111 144
143 114
15 142
150 140
143 82
139 52
139 52
168 156
136 18
57 145
54 43
139 17
55 146
43 51
165 4
53 42
2 27
58 85
29 12
140 162
110 59
86 9
89 56
12 28
81 103
112 24
109 136
75 132
128 149
117 30
73 140
17 103
84 115
137 116
12 36
111 9
1 51
1 146
111 52
25 54
59 28
150 85
151 24
72 145
18 6
151 55
157 162
106 42
157 163
10 24
63 36
137 8
19 59
47 146
23 44
71 72
75 5
66 2
98 90
107 28
111 37
2 28
3 38
123 152
70 7
133 62
168 132
124 38
45 101
168 88
109 53
57 126
124 144
83 56
74 169
58 108
8 105
115 26
29 106
58 166
24 88
154 55
131 167
90 5
104 65
23 106
77 89
130 134
27 88
98 28
11 146
54 26
102 108
71 120
111 164
11 49
119 142
111 81
144 49
9 92
80 170
54 164
16 30
86 37
143 134
149 50
136 61
167 69
88 96
24 108
110 142
86 30
110 169
66 162
151 132
59 149
167 6
67 2
51 30
128 164
151 155
93 36
143 156
62 35
153 170
45 63
112 96
8 116
1 119
86 143
113 65
98 117
10 153
34 61
100 154
19 132
66 59
60 38
56 105
117 147
133 37
59 32
130 7
106 145
106 55
98 155
95 79
146 35
166 6
54 26
11 103
102 36
157 39
125 8
77 114
168 138
63 75
35 30
54 91
147 96
20 18
83 72
10 129
80 52
25 69
137 42
16 153
58 29
131 132
27 48
34 117
84 43
13 116
69 143
25 142
62 146
128 36
58 154
9 72
75 80
159 126
63 120
113 51
71 139
123 107
122 127
130 126
93 107
104 170
40 96
68 145
19 133
22 55
110 148
133 105
78 108
37 143
149 169
95 140
79 116
119 145
16 145
63 21
59 114
141 166
128 146
47 114
137 98
87 126
98 155
57 37
86 114
4 64
58 132
19 116
22 166
8 76
166 105
20 65
83 35
140 27
9 160
12 102
79 103
89 143
122 169
23 3
35 30
54 158
67 37
90 3
1 118
111 42
2 152
125 143
10 6
120 138
85 138
136 40
44 168
137 60
23 148
25 17
137 64
60 87
154 51
104 44
167 154
8 30
119 149
161 160
110 27
101 72
47 145
129 134
73 139
54 72
111 2
25 77
107 153
7 166
43 142
137 80
109 48
2 142
72 81
41 142
107 145
82 138
46 134
43 152
31 165
149 116
165 134
33 40
83 7
164 149
122 150
20 155
47 8
111 91
154 17
71 34
93 134
141 72
32 53
66 71
137 65
78 94
66 99
85 6
164 155
144 103
142 105
12 135
64 121
158 3
71 91
132 6
47 114
143 108
2 148
2 43
114 146
20 119
20 159
42 156
136 145
168 129
44 7
150 115
58 104
124 68
89 165
94 148
66 90
158 103
170 65
148 24
82 119
148 81
20 115
9 50
97 26
51 30
84 25
10 40
58 157
23 8
58 26
86 88
14 148
23 144
63 8
95 26
8 3
133 9
155 135
9 158
59 158
91 96
15 94
141 21
2 149
104 62
151 116
34 63
109 83
107 61
56 112
168 11
168 124
121 138
136 32
153 170
89 96
93 52
101 94
110 121
124 36
141 107
133 160
161 112
100 82
125 60
136 145
36 148
69 146
107 30
77 5
19 87
42 38
60 87
128 116
55 97
23 113
94 61
22 102
68 155
73 166
142 61
84 143
147 146
41 27
90 18
67 74
13 27
63 126
71 93
153 166
99 104
148 52
29 138
81 163
15 132
163 134
77 65
68 17
76 39
90 117
95 10
91 115
62 145
86 138
109 144
67 161
128 116
70 41
73 149
134 39
61 26
131 110
23 27
150 166
8 162
13 88
91 56
33 103
158 49
90 147
114 64
14 50
54 121
16 142
86 62
40 146
129 49
37 162
17 3
165 81
111 161
2 147
150 113
167 5
153 114
1 60
29 112
161 143
59 132
83 149
140 162
20 155
14 8
139 39
137 69
159 123
93 132
130 58
12 129
27 97
71 101
2 97
122 160
167 36
27 24
2 142
15 105
133 80
8 21
109 33
151 146
102 141
114 21
81 7
83 82
141 21
16 157
33 106
168 62
52 6
143 42
84 147
129 156
17 88
125 101
23 135
83 145
170 108
53 48
78 38
127 135
158 96
93 88
83 6
44 140
72 118
72 165
120 28
40 75
124 4
131 15
99 108
18 61
155 27
32 120
86 145
44 69
2 75
153 21
167 117
67 123
84 29
170 103
74 28
137 40
69 117
8 87
86 87
168 63
20 64
71 100
149 50
90 36
37 18
25 102
18 42
141 126
100 62
10 166
90 53
157 24
133 90
117 169
122 135
10 170
19 4
140 6
5 21
150 105
20 158
14 62
157 115
43 7
101 105
83 81
159 14
41 10
5 39
29 147
16 119
139 101
153 4
106 92
109 34
54 164
147 118
25 27
165 142
158 134
159 74
5 24
125 137
110 95
157 5
167 165
69 5
102 156
152 160
95 170
70 62
43 62
27 80
106 55
86 97
93 31
99 51
107 134
168 28
88 116
161 96
124 56
12 39
85 38
29 26
29 117
71 28
150 40
78 17
83 105
141 68
62 145
27 76
5 156
99 82
101 72
82 51
77 144
114 121
88 142
95 145
98 46
24 149
40 38
81 116
157 149
100 106
151 165
110 12
93 53
101 138
123 98
131 97
32 31
78 34
98 91
12 138
67 121
20 32
54 52
139 55
100 123
84 42
146 48
20 12
162 160
73 34
137 121
9 21
42 5
14 2
148 49
71 83
55 42
118 126
151 80
77 12
67 48
12 51
84 163
86 152
95 156
8 141
130 92
101 138
106 62
100 146
140 142
122 64
67 2
95 11
22 13
17 165
78 120
37 64
150 100
167 26
45 18
42 88
20 167
146 48
140 152
139 87
129 138
141 13
164 169
16 164
59 48
136 168
157 42
82 103
58 23
82 132
127 106
100 48
44 5
129 96
9 7
104 5
164 166
45 112
112 115
100 169
120 129
109 15
67 51
117 30
2 9
56 64
159 163
99 30
167 79
147 61
111 35
142 108
25 117
167 56
66 129
69 165
148 115
113 24
55 132
79 18
21 28
55 52
53 7
89 24
40 76
125 92
71 14
136 4
32 148
82 120
66 55
12 102
123 119
132 7
109 118
25 61
144 149
83 76
25 102
139 147
141 108
101 88
73 123
144 163
33 26
13 97
97 119
43 7
113 65
53 166
51 21
72 50
3 30
146 64
66 98
141 162
125 91
44 93
130 24
167 38
44 142
94 142
10 103
93 18
59 164
14 98
16 119
16 57
30 126
47 134
79 120
87 103
47 69
109 167
151 113
77 154
51 145
34 118
147 43
95 57
35 138
137 143
10 138
34 68
15 55
127 139
89 101
137 35
143 87
139 39
1 134
169 166
66 168
31 169
15 50
99 116
97 169
123 53
133 114
80 118
25 48
161 53
31 35
69 148
151 117
62 26
21 49
36 13
110 18
37 48
55 60
168 153
29 65
104 79
67 105
100 69
122 132
92 39
157 146
73 147
32 121
109 26
13 158
161 76
111 157
159 26
69 166
90 46
1 165
42 24
120 103
121 116
169 126
77 50
54 132
44 83
123 106
34 90
16 34
157 133
62 146
93 43
1 51
67 55
109 98
106 158
65 152
47 120
144 163
90 60
44 141
72 75
128 103
53 88
73 83
111 104
155 145
154 132
20 55
137 42
148 6
8 114
20 152
16 60
157 120
44 145
28 169
74 127
37 132
44 54
167 32
101 155
16 65
99 22
101 145
48 138
102 145
142 96
53 52
131 68
107 80
135 108
113 166
111 76
167 170
110 117
36 146
25 142
127 27
19 21
109 148
144 49
42 64
113 31
32 166
115 97
137 155
127 153
123 17
85 41
150 168
149 152
29 142
47 28
131 38
25 76
85 134
88 149
14 9
102 158
54 163
128 94
169 65
90 80
82 160
3 50
54 144
70 103
132 121
57 63
82 51
29 169
159 65
139 62
157 161
164 146
87 160
88 6
20 130
47 92
156 39
36 27
56 62
24 132
23 90
168 48
14 64
85 142
84 55
47 140
99 94
66 81
109 29
8 149
67 26
14 29
86 52
68 80
158 92
69 36
72 61
21 30
47 6
158 80
15 96
24 81
167 21
158 92
7 38
150 38
110 18
15 101
133 153
10 121
82 48
77 169
20 121
131 92
110 120
10 129
142 80
70 54
74 55
55 68
72 115
155 115
12 22
26 160
125 119
17 146
115 76
129 48
159 17
78 127
128 6
86 28
84 11
123 55
122 31
125 74
168 119
70 22
167 153
83 75
73 101
11 22
167 74
100 89
143 116
13 42
115 88
117 88
84 130
72 31
150 59
110 125
102 90
14 13
70 148
78 92
104 94
63 46
142 118
3 64
148 3
54 123
136 1
89 1
136 25
123 37
18 112
27 80
131 57
128 118
34 139
109 120
68 129
83 46
95 9
57 40
159 25
148 30
67 93
54 146
37 155
100 88
128 160
55 21
159 41
74 112
90 51
123 1
43 52
57 75
70 48
110 169
89 153
153 96
73 38
69 13
149 116
54 36
54 129
20 49
139 56
133 163
41 6
92 52
70 122
28 121
12 96
2 75
77 119
57 152
164 30
94 148
95 164
66 75
110 62
125 169
124 24
151 107
151 103
87 26
97 21
25 37
5 112
120 121
150 33
46 114
77 44
20 100
93 37
120 116
9 113
150 101
41 14
45 147
10 114
117 35
1 115
86 67
54 53
35 26
154 31
18 92
87 126
47 82
57 119
143 5
73 167
31 24
8 40
109 22
14 155
89 112
22 158
45 160
68 38
99 32
63 106
37 117
63 113
16 107
154 7
167 165
44 48
155 153
163 116
167 126
44 36
54 163
80 156
53 42
111 48
19 51
91 135
86 41
100 18
62 50
16 85
100 149
94 148
117 166
70 69
109 80
124 126
34 40
109 101
16 99
74 94
20 4
130 38
66 88
94 52
53 27
93 9
64 160
161 5
122 10
144 80
63 141
100 33
102 145
141 106
161 6
102 113
74 80
70 122
112 116
69 97
12 165
77 18
70 156
20 22
22 103
150 4
127 45
63 113
92 134
38 134
46 42
168 61
53 51
120 163
137 50
145 105
63 149
14 28
54 72
73 76
13 135
29 46
150 126
70 67
20 126
14 43
21 129
1 165
139 169
66 61
54 146
88 142
156 49
45 68
24 160
44 87
27 39
118 121
104 52
47 33
47 139
152 116
90 103
155 3
131 96
17 4
104 45
137 154
29 107
60 62
19 82
99 1
34 69
1 17
87 21
86 64
1 103
67 82
66 91
66 33
159 28
115 3
19 56
86 116
74 149
122 118
136 101
100 74
65 163
111 80
122 38
99 144
13 27
133 155
159 100
16 32
122 33
94 170
150 48
123 62
4 152
47 44
85 120
162 6
30 118
20 103
115 163
84 51
51 169
118 103
130 43
94 39
7 49
122 26
104 4
66 106
1 145
158 81
11 97
159 143
67 25
89 33
33 116
133 65
54 83
53 7
109 149
83 129
110 102
79 52
86 115
147 97
122 40
83 21
90 162
70 30
130 112
123 12
130 97
44 53
100 160
111 151
2 35
63 149
20 136
130 75
94 146
66 36
36 76
23 6
84 65
25 57
112 115
131 117
9 6
63 108
54 69
101 81
20 124
16 59
111 27
101 91
141 27
104 125
73 162
2 112
18 112
95 93
98 114
68 142
141 26
25 1
129 6
131 57
32 120
140 12
87 160
37 65
109 114
32 158
71 149
9 76
36 162
73 169
97 24
53 31
94 116
130 94
20 43
112 119
77 6
19 140
19 57
104 161
47 121
147 61
70 123
120 88
130 80
118 76
112 119
94 132
110 87
122 126
62 3
99 126
15 39
59 140
57 145
139 155
86 100
16 95
80 7
73 162
42 7
167 7
2 138
41 57
86 2
127 105
83 168
94 91
36 65
55 145
113 60
150 92
104 65
65 103
123 115
55 81
22 24
41 32
30 129
15 88
20 138
167 144
29 93
129 96
41 91
65 38
34 14
45 21
8 62
29 114
110 60
57 69
94 121
71 3
36 39
44 148
154 72
1 7
68 162
79 76
54 4
73 32
152 134
22 108
101 7
137 63
32 88
73 26
135 114
164 103
59 18
15 126
149 50
144 138
90 7
120 96
29 142
139 146
140 106
70 89
147 65
75 120
2 43
131 167
32 107
101 96
56 39
66 58
159 102
131 138
157 76
155 166
140 124
46 144
122 26
16 152
162 156
157 112
53 26
19 120
159 55
79 142
123 149
8 50
102 65
98 94
109 41
100 32
87 162
18 164
85 147
61 116
74 170
8 121
20 132
2 158
123 56
150 168
99 8
94 13
82 92
99 117
123 22
89 121
45 103
36 129
24 103
99 113
88 92
168 106
23 60
33 6
74 55
91 56
168 152
19 1
59 63
167 135
143 142
50 65
152 26
107 144
69 169
60 39
157 128
168 29
110 46
1 48
66 97
150 167
84 41
63 96
15 127
58 69
1 61
78 28
37 149
91 24
85 27
14 158
81 116
136 122
22 39
62 3
92 52
50 52
29 30
155 96
95 73
84 89
10 28
58 94
99 82
169 156
22 162
8 129
23 115
58 151
130 126
19 64
19 143
57 103
139 51
11 51
25 51
84 127
117 156
99 120
3 65
90 52
99 38
100 11
79 30
150 74
139 117
11 124
29 80
120 134
73 77
162 169
41 12
23 162
47 93
11 119
84 52
104 165
136 83
16 9
143 119
150 125
147 24
130 43
161 72
109 96
23 120
44 146
148 132
12 64
12 50
85 41
25 89
128 60
18 126
25 17
67 135
14 106
159 67
60 129
32 92
139 114
17 160
40 60
95 5
31 132
113 108
3 92
54 45
12 62
2 52
159 78
83 137
2 114
72 60
11 93
100 153
135 76
143 61
139 158
89 17
58 83
95 127
58 17
91 24
137 89
43 120
36 61
99 91
91 87
133 132
81 138
84 61
25 42
34 8
137 96
157 82
5 38
97 30
46 3
122 73
20 80
120 119
4 152
133 102
98 75
12 68
8 60
100 4
58 4
32 75
54 5
111 54
104 162
146 160
139 46
20 170
8 96
123 148
75 39
167 64
140 155
86 116
142 129
79 143
85 160
98 88
167 63
34 63
125 151
12 138
107 170
151 80
143 155
98 3
68 65
59 68
110 156
85 18
17 65
92 39
78 92
99 160
44 169
83 35
168 51
167 35
54 156
104 139
73 169
144 27
111 46
127 118
167 144
46 27
150 68
56 52
109 119
2 156
121 6
63 92
158 53
18 149
130 78
70 133
153 49
169 64
21 152
14 1
25 140
57 32
3 129
66 165
3 116
77 35
167 148
3 149
33 108
8 82
122 62
115 165
42 80
148 17
67 114
66 122
83 56
29 43
168 72
168 153
88 162
138 116
109 75
159 52
107 163
81 160
79 24
108 96
82 4
44 143
21 149
137 168
110 102
148 108
133 169
25 68
57 139
81 76
101 6
117 108
155 96
158 118
120 31
95 26
63 112
8 107
23 97
69 144
44 34
125 2
147 87
50 156
125 96
35 28
170 163
139 24
15 4
147 107
88 162
33 88
22 9
25 149
154 165
114 96
108 48
161 53
123 31
110 154
133 151
37 96
14 158
44 93
51 156
165 162
40 153
85 128
85 125
51 170
102 62
155 52
18 151
127 161
38 134
8 141
102 155
68 49
150 46
142 80
94 68
137 146
16 127
27 129
34 135
80 156
131 116
95 5
66 170
123 119
151 17
74 112
124 10
78 79
10 65
16 157
73 31
133 167
17 146
144 92
118 50
56 163
158 118
25 103
167 164
159 163
150 32
148 35
126 134
86 87
136 85
16 77
111 56
75 144
79 113
16 60
113 164
9 169
142 116
46 148
34 115
102 145
125 147
73 139
44 27
20 21
99 11
44 164
75 28
54 145
56 28
85 104
56 39
82 158
11 119
34 22
133 6
33 28
138 49
129 134
59 7
106 121
47 157
11 116
167 43
99 119
34 5
101 156
167 17
167 152
41 32
141 146
158 152
108 61
32 62
110 87
109 114
16 90
41 165
86 31
45 13
45 91
46 153
99 30
133 26
117 5
54 91
66 164
30 103
83 106
43 170
157 3
46 166
136 149
58 36
35 116
63 106
22 53
45 126
58 87
44 69
160 49
109 151
113 43
140 89
128 97
19 25
131 105
66 135
167 94
133 33
95 18
84 43
106 27
45 42
125 118
60 162
73 128
76 52
89 88
32 35
117 164
43 166
21 30
65 39
71 29
59 118
161 97
122 104
140 134
168 30
85 37
99 82
104 92
154 169
141 52
117 39
17 81
147 7
87 135
110 46
57 52
87 152
34 115
67 25
125 118
33 40
94 132
86 82
95 21
98 164
73 160
21 118
5 129
141 148
85 117
55 21
122 115
84 31
59 27
95 164
81 149
23 151
59 162
105 52
133 43
104 55
107 35
59 143
57 24
131 71
19 121
9 80
141 61
67 94
9 7
41 64
70 92
51 61
130 33
164 53
98 144
139 119
126 48
150 94
40 163
91 39
44 132
120 62
123 61
29 26
58 170
44 88
5 28
14 145
115 160
19 120
89 166
14 36
70 53
73 163
25 60
90 65
20 159
119 152
22 26
124 115
41 3
170 64
66 116
109 123
8 152
41 152
157 106
135 24
70 118
95 64
82 62
137 144
111 46
47 28
140 168
149 121
27 105
131 159
59 93
122 99
34 121
161 55
8 151
18 94
158 46
157 81
16 69
122 145
68 61
129 160
111 94
63 88
84 138
63 94
93 36
10 158
34 4
44 98
42 135
44 6
159 9
113 153
102 135
93 126
40 60
34 146
148 114
75 80
137 114
104 100
119 108
4 30
19 49
20 11
43 166
54 113
122 155
133 27
89 119
130 60
162 28
86 90
144 24
9 33
170 26
112 26
151 112
131 163
124 112
168 82
83 132
142 92
106 170
168 170
70 45
90 76
94 161
73 10
37 156
55 170
32 26
53 146
71 107
92 108
25 123
139 43
47 65
144 134
92 105
119 108
8 147
114 160
122 101
139 94
133 158
71 151
61 152
130 29
157 24
159 48
29 43
91 166
13 114
46 75
75 114
14 51
84 155
122 10
122 39
88 119
100 126
59 44
143 149
82 46
35 96
151 28
137 144
156 52
94 24
74 3
37 62
74 155
34 123
57 31
45 51
57 156
33 60
2 5
59 7
11 94
36 72
142 80
