190 7000
13 57
159 168
190 153
56 98
165 53
134 86
137 129
60 51
177 10
58 190
151 170
181 127
190 149
169 121
97 163
63 90
36 74
182 105
19 25
45 76
127 147
166 101
107 190
56 25
45 29
120 181
185 19
36 61
11 188
140 156
124 70
83 134
119 8
77 38
160 149
76 173
23 124
95 91
144 114
134 162
142 59
84 13
64 118
100 168
78 19
117 83
190 170
38 109
44 90
169 153
44 10
56 132
144 127
94 87
169 42
145 163
42 79
97 148
145 18
10 158
154 61
99 70
97 96
173 74
147 156
56 100
183 150
151 157
128 117
135 136
87 122
1 28
178 105
11 175
62 163
152 1
48 119
178 82
72 170
82 129
120 92
75 115
50 118
76 19
144 33
168 150
61 189
131 18
141 157
48 55
56 128
125 36
117 6
84 78
17 141
176 189
22 112
14 186
177 174
121 39
105 69
48 139
24 14
67 157
5 177
171 186
9 143
39 90
70 52
97 147
31 167
84 180
19 92
35 189
44 153
87 170
157 112
67 102
110 92
8 10
44 126
5 189
41 102
10 101
107 66
43 133
99 52
137 108
17 136
23 177
95 165
122 35
138 189
175 61
190 33
89 182
66 184
130 84
178 131
185 23
44 177
85 146
185 16
135 153
94 164
161 10
179 76
176 132
134 188
80 132
113 79
62 2
49 174
34 131
143 173
22 116
7 102
117 6
81 150
119 160
11 182
64 63
47 155
64 106
91 101
91 150
28 4
165 140
48 95
21 166
164 2
127 19
32 175
185 164
30 163
171 35
126 90
89 87
81 153
128 15
72 175
9 190
42 87
7 30
19 148
3 53
117 54
183 86
94 180
125 110
96 184
59 98
88 79
114 131
8 19
66 129
134 57
11 161
179 96
26 2
128 62
17 53
42 90
185 131
128 120
46 166
13 107
12 176
151 137
142 67
73 161
72 27
178 4
103 24
41 174
34 52
48 144
7 68
87 78
117 126
41 74
34 72
91 69
183 37
185 53
94 126
84 96
8 136
102 92
94 153
117 25
60 14
31 37
143 138
137 153
99 116
146 86
103 140
41 108
85 63
75 28
171 27
124 52
51 109
102 87
59 28
48 99
100 133
29 95
29 116
1 138
40 128
49 6
63 187
102 86
85 58
65 188
56 101
135 37
43 179
183 65
25 137
76 91
165 65
84 87
64 106
76 98
72 79
185 150
70 28
62 33
87 175
109 148
50 176
41 82
126 187
136 137
45 109
131 175
171 13
72 154
23 19
186 189
120 71
179 32
99 190
160 172
77 28
10 158
110 153
36 20
53 140
58 141
3 54
98 108
185 3
38 25
40 75
32 141
12 167
55 166
123 172
67 78
87 168
144 82
74 188
113 27
65 118
159 6
160 78
71 110
56 3
3 150
140 158
189 79
159 81
111 172
36 37
91 141
183 173
10 27
119 162
125 70
176 153
14 134
179 109
21 141
145 146
48 162
176 9
63 105
42 31
176 30
180 112
188 27
43 101
111 167
77 62
55 37
149 140
42 158
24 109
131 70
40 117
9 151
183 142
188 27
12 146
177 98
21 97
13 133
185 123
75 147
94 145
144 64
186 74
73 80
40 145
40 63
178 160
120 27
155 115
125 104
15 87
179 30
158 61
51 170
130 114
178 101
80 122
102 75
32 150
181 52
119 177
50 186
183 4
81 37
5 62
80 49
142 109
122 57
36 66
171 51
89 18
122 115
179 112
135 126
135 129
127 30
11 118
84 167
160 66
27 18
13 122
53 91
8 157
42 4
128 116
50 135
140 10
176 72
142 96
120 22
175 163
107 161
36 123
53 146
165 118
45 79
155 96
175 170
97 27
102 87
104 101
7 50
190 147
134 98
15 159
6 162
88 96
71 52
94 152
95 17
24 61
95 66
50 9
84 166
49 161
60 91
31 38
41 121
49 93
36 132
87 59
146 96
144 83
17 101
175 52
34 173
83 116
139 184
138 88
43 3
15 151
141 96
21 184
55 186
121 90
59 112
91 31
151 57
99 41
160 28
34 124
43 41
53 31
15 54
95 175
23 174
53 88
185 156
178 149
180 162
12 80
5 166
159 16
67 6
6 90
91 115
135 20
155 37
5 46
123 109
178 171
47 158
126 81
177 51
179 97
186 25
99 140
107 182
184 105
142 55
160 141
118 98
183 72
75 156
181 109
78 132
24 164
137 79
143 108
45 118
177 156
48 50
179 126
178 94
130 117
7 54
72 105
84 66
133 173
164 118
160 170
75 25
133 184
127 25
1 188
110 159
50 33
126 180
58 22
147 37
67 104
183 43
64 87
95 106
123 101
174 167
45 63
92 98
149 158
89 139
167 98
100 3
125 180
36 96
67 130
93 97
99 22
1 96
99 182
39 52
5 13
128 107
5 157
163 156
47 31
21 155
46 167
44 95
183 105
140 61
87 160
169 6
85 167
47 5
3 69
116 10
124 190
58 161
48 54
51 111
145 149
73 174
45 20
44 64
73 32
143 38
48 34
39 108
48 34
156 150
95 116
43 181
151 155
139 170
48 60
53 16
34 127
49 3
125 63
118 88
73 84
41 10
76 53
24 173
99 186
119 137
87 74
135 188
130 25
103 162
67 32
45 172
77 186
175 184
23 22
181 92
127 27
80 62
165 85
89 126
11 113
6 182
5 27
17 111
56 167
145 141
32 79
65 138
37 148
56 36
5 90
120 157
162 170
171 34
185 141
92 140
21 90
186 54
83 65
56 152
80 90
187 184
178 2
54 61
167 170
144 59
127 16
1 104
44 30
80 136
72 137
187 139
146 20
93 30
94 161
108 28
23 96
59 39
60 162
185 116
48 160
48 90
178 10
32 90
83 51
47 41
38 158
14 33
131 155
107 4
164 31
117 63
39 167
92 37
89 96
59 98
128 146
72 138
20 139
164 37
121 118
42 91
145 170
29 103
75 127
3 147
26 147
190 137
103 54
44 58
163 86
5 119
73 85
186 25
161 136
113 70
73 144
26 141
99 70
159 33
15 55
20 18
31 61
2 172
102 187
34 101
151 138
117 27
78 52
151 105
56 50
31 90
91 167
144 69
113 54
155 170
116 111
84 105
122 132
120 24
78 6
5 91
58 10
131 170
131 86
59 162
146 189
135 30
110 104
60 58
94 149
89 33
179 93
185 85
92 28
7 189
100 29
57 162
133 31
132 98
146 39
42 107
10 54
120 188
149 118
42 136
29 25
72 157
6 98
131 122
29 160
42 179
30 105
53 181
21 3
95 13
58 180
55 8
55 160
77 168
45 34
104 156
3 78
54 172
11 108
123 121
127 108
29 113
56 113
40 87
65 57
152 95
149 170
19 90
149 16
117 27
80 102
124 62
143 82
16 172
5 127
75 139
171 166
114 122
35 148
122 141
187 157
23 164
55 112
162 4
7 117
183 93
5 131
45 106
134 38
64 126
93 115
145 52
169 23
175 147
130 25
105 79
183 23
154 141
143 105
49 11
7 147
175 163
76 127
45 141
56 82
60 132
156 79
124 52
83 22
146 98
23 25
89 57
22 96
185 72
30 184
85 141
182 101
54 4
164 107
13 173
92 166
140 137
77 182
119 65
72 129
70 168
185 58
24 180
77 175
87 96
144 182
55 91
116 122
45 30
17 138
124 24
5 163
169 126
89 167
138 136
63 143
36 186
178 46
40 130
87 16
169 156
82 153
178 61
94 120
181 22
50 124
77 133
52 139
50 97
62 91
180 105
21 174
94 134
134 115
80 10
93 16
52 147
49 17
173 189
78 38
131 166
80 17
80 109
58 147
58 140
64 102
116 153
54 79
75 166
89 148
52 25
180 69
152 177
67 51
142 105
60 146
176 79
179 137
185 145
135 78
82 54
87 162
183 84
1 96
110 6
12 24
45 139
22 74
135 116
144 171
145 74
94 36
7 177
20 27
56 6
46 86
152 3
102 39
42 28
42 115
20 108
154 129
15 81
45 159
83 148
120 80
67 96
74 88
182 184
123 65
72 190
56 54
152 167
76 175
102 10
65 98
3 28
48 134
184 172
40 87
173 105
94 160
77 181
74 88
181 149
142 83
83 160
22 167
171 119
15 8
83 150
53 107
26 188
123 149
123 22
126 139
94 86
98 150
186 136
85 141
117 68
67 132
102 137
133 4
5 148
3 129
51 10
87 90
95 180
62 168
82 109
7 65
64 151
82 150
35 27
106 132
47 50
134 166
154 18
165 72
142 79
73 36
94 153
31 162
49 76
133 116
12 152
29 37
55 141
157 167
128 190
34 6
73 138
80 63
43 121
64 113
80 22
99 131
178 90
165 13
45 88
50 91
41 121
58 161
177 140
63 158
94 110
66 166
91 28
169 121
183 32
118 69
136 184
141 96
55 68
50 22
55 129
71 135
99 153
53 27
132 162
29 164
89 9
134 166
143 61
43 75
67 17
114 90
171 52
127 54
107 188
142 81
152 25
12 86
135 123
173 153
147 38
5 50
17 39
183 153
1 161
49 4
3 76
48 4
144 72
85 161
51 27
32 74
128 50
3 126
43 65
47 88
110 159
58 163
75 172
100 142
9 92
42 188
110 54
92 118
114 69
88 2
100 77
171 87
140 98
76 57
164 151
12 123
89 126
30 173
23 135
73 36
182 162
50 114
48 61
58 98
125 24
78 137
72 52
58 133
23 140
152 77
30 16
67 82
67 41
39 4
63 141
50 167
70 160
45 183
97 61
188 153
5 55
90 88
100 32
110 35
93 154
169 166
178 120
144 59
133 188
123 68
165 1
95 46
165 66
32 170
138 27
53 25
95 70
73 160
118 170
124 109
76 81
30 25
13 69
20 180
73 64
52 4
51 33
87 97
9 52
48 164
134 52
161 35
32 146
125 82
18 148
72 83
71 118
159 59
100 144
29 166
173 96
127 105
44 170
34 25
64 90
161 79
36 137
83 20
114 17
15 50
92 187
48 107
176 126
67 114
40 143
96 108
145 75
74 147
126 18
70 65
78 188
15 101
110 187
131 161
5 19
110 108
93 39
58 4
56 23
23 176
51 175
23 190
99 102
28 4
163 28
5 156
122 136
180 28
129 4
47 168
185 79
65 156
104 167
171 84
18 69
181 129
183 161
145 146
68 180
94 120
29 147
128 22
121 126
90 27
93 79
46 126
133 189
110 51
15 68
22 190
160 51
60 55
72 57
3 159
114 75
111 129
113 122
157 162
7 126
5 46
183 70
87 148
121 111
29 81
103 107
15 188
47 84
114 168
19 82
32 70
96 4
105 168
103 72
125 109
154 187
38 105
128 157
24 38
141 54
62 75
75 27
185 61
122 173
49 163
145 28
80 138
5 132
94 138
85 141
36 134
141 79
165 78
157 2
56 94
23 117
128 53
60 25
63 112
77 173
99 13
52 132
126 70
134 168
59 52
174 140
186 2
24 134
67 156
58 134
42 55
47 37
29 103
130 147
90 170
83 30
7 19
73 114
152 71
178 106
97 52
85 154
72 118
88 109
87 175
93 150
179 180
43 160
95 140
77 59
73 84
171 7
14 63
100 55
7 49
102 146
7 164
1 188
41 14
12 147
8 113
118 74
90 150
95 175
73 4
85 190
145 116
44 130
114 70
91 118
54 150
87 27
62 160
51 153
48 6
15 28
104 27
131 175
142 133
59 138
58 156
144 31
112 170
174 61
130 16
142 175
63 4
63 151
78 10
97 157
80 30
175 137
98 33
134 59
76 135
49 6
74 37
165 186
50 72
60 108
32 155
12 122
44 125
44 126
59 28
3 162
81 4
178 114
131 65
176 157
97 61
67 30
38 96
62 166
84 14
23 62
164 161
124 76
97 157
44 147
137 101
14 66
169 159
60 104
14 30
124 148
176 180
128 122
42 112
109 156
43 139
68 96
67 81
65 184
29 113
164 1
39 27
34 117
24 184
60 89
176 2
105 153
45 1
97 10
183 18
133 35
72 106
23 81
93 14
14 108
102 74
85 156
78 20
58 140
100 90
104 37
72 136
146 31
105 86
71 122
40 31
146 98
11 116
62 154
25 57
44 130
22 70
100 143
125 59
120 170
129 101
145 86
185 165
93 39
142 139
68 153
122 51
43 22
8 158
185 54
45 142
89 103
40 147
146 39
99 61
124 133
56 95
60 132
159 123
45 181
3 27
85 82
179 58
154 132
188 150
15 126
39 57
77 118
159 184
72 157
181 65
31 86
132 168
57 187
125 31
180 170
177 143
110 46
47 152
29 141
185 105
67 35
93 108
154 118
95 41
100 31
147 129
165 35
178 61
43 140
11 59
59 35
93 154
159 92
176 155
158 148
171 28
76 155
40 113
23 134
107 175
121 92
15 118
32 8
127 166
130 2
13 155
114 68
61 33
107 189
181 74
175 168
78 166
29 156
164 126
48 90
95 53
42 146
116 27
72 54
10 69
183 103
90 27
49 162
137 167
36 116
62 78
145 9
63 59
184 69
51 141
178 123
121 127
67 137
134 160
46 59
152 77
179 30
40 131
57 182
13 156
21 57
183 148
1 122
92 54
65 153
44 13
120 107
165 24
57 162
123 182
160 57
73 153
48 44
8 37
55 109
124 19
23 13
183 145
89 114
48 34
99 57
122 129
128 135
140 139
131 175
126 66
131 132
81 96
24 140
59 167
92 27
115 141
38 153
71 137
13 17
99 131
133 116
116 101
145 18
17 30
128 67
131 111
11 106
145 6
104 170
180 109
154 121
130 165
185 173
171 28
103 11
5 74
121 18
125 159
181 155
137 172
185 173
124 74
140 37
49 65
116 10
125 153
52 189
87 26
21 160
93 181
11 190
49 81
178 61
75 83
83 35
15 168
99 176
179 108
89 132
62 106
9 131
155 175
121 118
30 168
118 27
117 78
97 139
88 129
124 31
34 98
77 184
145 162
164 74
55 24
85 161
7 33
29 89
40 118
99 96
73 30
164 148
68 18
136 69
23 4
89 161
52 150
155 18
119 32
25 150
60 54
19 90
67 163
154 181
67 31
12 185
22 66
151 139
49 109
43 182
84 105
35 129
56 9
45 33
71 136
56 21
21 124
56 11
34 10
139 156
100 134
183 118
26 101
115 109
110 9
104 153
144 163
19 184
60 13
68 90
178 59
64 72
32 66
1 187
178 38
90 4
77 96
77 52
165 184
47 67
179 181
99 9
56 4
115 28
78 10
14 182
52 57
155 69
114 151
56 18
190 138
37 101
119 189
43 27
59 148
128 150
128 99
15 33
91 153
136 157
51 156
152 161
17 173
87 26
133 1
100 9
26 162
81 162
100 123
139 4
73 117
120 143
116 158
66 86
105 33
117 187
151 98
87 22
48 107
121 16
122 33
181 4
106 98
11 107
125 18
95 167
125 154
58 161
14 173
190 25
51 167
128 78
43 31
52 61
99 174
67 155
142 174
134 81
160 112
47 139
52 54
85 30
125 115
179 1
145 109
84 105
45 106
188 148
8 139
53 148
144 83
128 116
152 63
94 144
183 61
171 11
171 53
50 129
48 173
181 59
34 27
38 167
15 106
22 150
55 133
15 33
104 166
173 52
121 57
39 28
110 16
102 114
95 136
104 109
171 137
70 137
126 149
23 190
103 159
73 48
83 173
130 92
123 98
114 141
173 98
182 180
89 67
114 19
29 162
5 55
39 166
45 114
138 69
26 52
39 156
111 138
110 155
134 79
161 108
120 117
104 153
41 22
115 157
48 177
36 140
154 137
165 2
99 170
67 37
82 187
176 180
91 108
8 54
183 49
11 177
11 162
15 117
114 59
145 139
5 112
26 4
179 162
74 108
125 106
98 158
130 181
135 141
144 32
80 77
165 20
89 152
107 166
124 24
181 51
49 96
179 1
107 26
50 17
30 52
130 66
145 131
133 151
84 127
120 176
9 163
181 98
103 186
23 35
130 164
123 134
29 122
113 6
12 149
34 1
80 173
123 109
185 133
119 118
89 98
83 22
53 149
64 17
63 138
100 93
135 113
64 75
177 31
127 101
83 88
71 121
42 185
110 24
100 83
142 63
17 134
53 174
53 61
29 80
49 170
14 187
67 55
80 161
49 98
92 35
176 52
15 87
53 184
35 170
87 186
47 7
55 7
60 149
62 149
73 55
45 127
55 109
50 160
44 25
49 167
103 61
17 173
43 76
121 52
100 48
171 115
124 136
93 25
27 18
169 5
173 168
160 118
136 106
183 74
23 148
135 131
8 150
142 102
144 101
190 51
7 81
71 59
108 166
183 182
142 188
110 59
77 106
73 162
190 4
91 31
81 69
119 168
83 2
1 63
60 131
107 101
120 163
186 31
183 163
10 33
16 184
42 105
188 86
138 170
103 106
67 93
85 68
127 16
80 76
38 79
137 4
40 49
42 75
146 35
99 185
81 168
106 90
41 65
178 132
80 90
116 167
42 174
55 62
121 138
42 101
77 186
99 58
41 141
75 180
162 4
81 163
180 150
56 146
45 29
57 61
113 109
46 161
95 26
103 16
175 52
176 27
153 148
34 16
127 68
171 170
42 101
140 79
145 33
171 70
73 32
127 163
17 131
126 63
19 39
80 25
160 18
21 180
75 180
107 81
89 87
83 109
34 65
20 157
24 166
185 155
177 2
91 61
178 188
180 158
142 130
100 12
142 120
94 96
121 109
48 106
178 75
99 138
120 158
83 180
117 177
107 132
29 27
80 115
60 111
77 112
75 38
124 9
190 92
178 105
75 2
165 24
154 46
144 131
57 90
179 122
48 103
43 97
99 174
67 140
63 118
113 148
50 166
116 88
3 16
130 101
161 10
94 4
82 172
126 115
42 52
29 61
20 86
110 134
47 6
121 90
179 135
29 95
48 30
12 88
49 30
177 109
13 121
87 121
72 172
11 91
144 126
84 22
97 177
156 4
21 105
110 31
95 63
110 187
73 88
43 110
17 127
128 179
126 189
78 167
14 148
123 166
72 108
120 106
92 162
97 10
22 151
149 147
9 160
40 143
43 7
160 109
149 61
29 179
36 54
74 129
146 90
81 138
165 20
90 150
44 105
139 105
107 78
5 92
161 98
81 138
186 189
48 10
39 153
95 162
34 184
40 86
94 89
50 81
114 123
119 182
58 26
1 146
44 118
97 26
85 52
134 33
83 186
44 188
78 173
62 107
62 66
37 150
160 139
178 66
114 186
56 80
49 138
120 137
14 52
145 186
111 108
55 143
14 78
5 84
126 108
36 66
145 59
51 150
29 145
49 81
23 163
32 177
9 58
71 137
26 2
1 158
169 128
134 115
29 104
97 132
104 28
47 130
39 163
29 139
187 157
73 184
183 51
75 116
113 147
181 175
15 68
142 14
135 141
175 141
40 113
5 14
66 156
59 170
100 70
132 79
17 88
85 162
109 69
17 163
91 129
130 165
127 35
62 188
183 107
75 177
169 150
24 148
76 25
43 188
44 187
43 30
139 108
88 112
68 140
173 188
30 61
26 129
21 16
15 165
175 31
29 55
36 112
171 121
146 186
50 113
80 103
99 79
29 139
95 154
160 189
131 101
139 61
56 155
73 162
179 147
94 140
95 105
22 51
175 52
130 135
142 184
143 161
89 4
72 148
162 61
176 168
37 158
7 148
32 85
132 33
85 46
59 180
91 16
62 147
154 148
178 21
142 109
5 102
12 23
51 186
12 4
14 108
164 122
35 37
95 68
99 185
113 163
189 150
25 158
80 85
36 182
45 157
82 88
156 86
103 46
56 19
62 54
42 111
100 17
142 71
107 138
164 104
64 82
117 74
21 61
15 2
53 151
23 109
130 76
84 184
56 170
44 91
60 67
11 2
32 97
183 44
185 72
17 19
46 150
89 160
121 109
171 65
140 10
14 97
42 111
43 115
59 82
3 59
45 147
42 46
146 61
132 189
102 85
64 14
34 58
144 112
96 101
169 36
23 68
11 184
34 181
164 126
89 190
89 24
34 92
178 95
32 9
138 88
100 186
3 113
155 106
24 72
56 110
160 98
59 38
164 105
117 16
80 165
93 58
5 83
94 17
159 134
73 137
29 155
177 166
134 157
77 6
87 151
103 146
73 57
1 166
42 173
114 25
173 158
100 82
99 175
43 27
190 105
171 114
110 121
78 163
34 93
11 115
56 167
165 112
49 187
62 154
122 54
74 182
7 54
45 142
47 162
119 63
53 175
3 166
130 50
73 78
34 153
56 122
24 187
190 74
80 19
89 97
10 18
67 25
30 187
14 25
66 98
48 26
125 4
62 139
9 173
135 2
126 38
127 18
3 115
131 115
119 138
11 63
142 148
179 22
14 158
124 164
179 123
176 114
128 98
35 79
115 33
17 140
125 151
31 187
3 102
188 158
89 156
53 69
44 23
65 105
121 188
133 115
67 118
159 116
60 62
95 134
152 176
186 166
146 101
41 33
113 175
50 58
99 76
178 106
185 35
128 20
43 97
48 185
48 76
183 78
142 160
137 37
95 93
176 166
112 108
190 132
48 66
50 180
54 189
63 109
67 22
143 174
12 10
21 114
15 62
53 69
42 103
121 16
181 6
34 167
88 150
151 173
48 13
117 2
185 76
153 2
107 65
145 131
73 25
144 81
130 61
182 79
185 173
5 136
124 33
110 172
12 38
106 132
42 164
42 145
51 137
183 46
116 190
99 180
183 173
175 184
73 17
181 35
130 150
3 110
36 92
17 30
188 180
5 6
62 113
36 49
41 184
171 121
49 23
41 76
17 111
58 126
126 129
26 158
91 157
55 145
84 116
34 79
45 128
117 172
154 91
179 25
41 176
143 175
113 86
176 85
127 10
50 181
35 188
14 74
26 78
12 8
135 106
102 62
171 1
114 118
175 139
51 101
3 174
94 44
7 164
8 136
42 143
130 165
143 182
56 117
179 98
133 184
103 65
55 36
137 158
177 4
110 26
164 172
62 189
97 104
124 157
50 33
93 162
128 141
159 147
100 69
161 132
13 69
126 161
136 148
178 166
76 82
115 86
42 124
73 122
34 54
75 157
64 111
40 38
173 141
32 173
62 65
44 129
149 27
48 138
26 39
80 4
46 53
124 91
136 88
19 33
20 168
53 18
63 161
49 53
138 118
87 11
121 163
30 69
78 19
115 173
48 147
130 167
134 92
32 186
159 180
26 68
136 28
32 150
73 113
57 166
190 57
56 6
107 122
5 26
15 6
147 54
12 186
63 146
82 147
85 30
122 33
21 147
47 14
113 46
27 150
125 91
149 37
144 15
5 9
136 189
74 158
93 105
177 109
127 19
73 18
29 42
32 132
119 90
102 118
128 165
165 190
50 117
92 108
121 106
70 79
97 141
32 97
174 184
127 68
181 51
47 104
142 25
102 97
47 113
179 151
31 18
102 186
72 105
130 143
122 157
34 20
91 163
96 172
131 158
177 98
127 172
20 170
16 147
47 15
103 180
42 120
97 75
132 37
72 132
126 111
92 158
117 39
55 124
116 91
71 28
57 69
72 98
113 91
161 150
130 168
84 62
73 89
80 139
169 58
95 167
99 82
46 61
43 90
175 106
59 69
71 143
185 111
43 129
119 101
29 87
11 57
142 97
17 112
110 57
22 96
89 75
45 179
87 113
99 160
32 49
53 126
60 110
119 155
185 74
71 138
183 91
16 101
164 166
94 16
135 173
50 49
137 180
77 174
164 118
42 172
48 19
17 98
142 75
102 81
120 39
178 31
178 136
59 168
8 97
134 37
169 137
183 31
62 86
100 146
10 180
121 108
62 93
71 46
95 188
32 8
49 129
60 5
181 118
128 163
91 112
144 179
12 182
7 162
71 157
81 139
29 132
8 97
89 142
64 27
11 116
32 10
32 187
184 172
5 147
183 111
120 115
36 66
9 133
47 81
49 112
174 182
107 186
173 187
59 158
171 70
157 2
15 110
67 174
144 117
95 78
53 184
185 35
178 43
51 88
39 86
115 146
7 136
62 129
45 89
56 132
144 162
6 166
7 140
97 25
125 66
165 123
18 184
1 153
104 33
41 154
120 24
151 88
183 46
99 67
58 33
110 82
124 172
171 140
126 166
127 175
42 176
22 51
82 156
43 33
36 61
131 143
178 150
48 9
2 28
114 186
85 96
60 10
47 137
178 108
136 2
50 167
95 52
87 180
80 66
75 111
53 105
7 126
45 9
110 4
131 138
60 62
130 181
29 155
121 170
73 65
49 96
127 189
187 28
82 112
100 187
110 177
121 186
154 151
11 148
124 75
183 164
118 79
76 81
127 28
44 80
94 5
43 165
12 147
87 166
72 18
36 82
90 184
125 78
127 112
152 190
21 28
35 101
43 151
21 121
82 86
29 120
175 158
6 188
177 65
152 151
93 135
171 130
71 31
43 176
9 10
84 49
103 172
11 70
71 37
29 36
103 148
146 66
72 6
64 139
107 162
165 146
17 177
122 25
119 26
46 111
114 159
17 146
94 116
110 85
154 88
57 148
5 136
74 105
34 51
70 153
163 187
122 51
147 187
171 129
117 147
103 17
144 131
48 19
11 86
182 54
62 10
45 98
22 69
144 47
152 78
14 126
9 150
128 28
43 41
169 47
165 96
13 162
62 135
46 25
84 137
100 4
48 43
114 190
97 156
171 161
104 190
162 79
73 33
13 113
56 46
14 132
140 66
12 59
48 29
102 163
93 162
123 74
9 122
180 189
121 51
97 158
67 159
145 77
87 35
27 4
9 92
42 87
44 57
19 105
50 93
114 82
107 122
12 98
63 51
116 175
60 115
113 141
185 79
58 157
8 162
152 53
76 147
185 127
87 27
175 96
117 70
183 31
64 16
122 139
171 106
126 52
93 69
145 87
145 103
11 143
89 137
179 14
12 39
183 108
169 98
12 116
140 10
100 14
48 30
147 180
82 20
156 101
17 115
152 88
56 125
142 20
90 189
40 63
151 28
154 156
58 1
91 170
136 86
95 148
130 107
152 122
30 167
15 75
8 25
14 31
11 28
40 97
169 138
111 61
178 88
144 108
56 163
131 108
119 189
44 118
142 168
188 163
89 90
70 101
1 79
8 79
63 98
76 83
134 111
21 35
96 18
13 16
65 10
186 170
6 147
152 95
89 168
154 4
104 70
58 156
95 97
137 170
25 129
12 11
6 112
12 188
34 181
71 81
36 11
40 20
75 157
56 147
125 31
97 140
186 88
128 179
30 51
102 135
123 134
152 27
94 140
29 79
92 61
62 52
64 9
136 106
151 20
118 54
68 141
94 154
7 69
1 22
38 162
141 38
14 147
77 190
43 59
22 118
118 2
169 124
155 66
125 97
29 69
124 76
45 90
39 33
146 189
84 154
6 86
52 61
178 70
121 190
185 68
44 17
43 117
176 87
122 108
121 147
70 33
1 141
102 14
110 154
45 106
168 153
119 129
99 58
178 134
45 124
135 96
50 9
67 188
84 164
119 146
72 18
128 120
23 70
25 2
10 98
34 186
57 153
29 146
178 94
65 10
29 70
60 69
49 35
179 72
43 93
100 61
171 119
113 91
128 148
50 135
37 2
43 63
144 180
141 37
99 8
43 138
55 87
183 44
36 98
168 33
40 69
50 164
160 158
128 5
10 184
1 16
126 186
77 86
63 86
124 111
87 109
7 25
107 37
72 140
100 115
100 88
185 79
107 140
60 124
21 28
73 122
67 36
154 83
7 79
126 18
21 35
90 27
13 117
183 152
130 7
111 4
174 175
67 54
92 141
142 175
7 186
62 31
50 72
94 50
94 130
41 134
36 10
30 92
91 38
190 147
133 186
125 78
57 109
53 162
44 122
81 52
141 118
169 78
186 2
143 111
125 19
13 112
164 14
97 158
142 83
45 67
117 173
174 112
127 82
145 118
43 147
106 168
14 1
11 162
44 83
188 108
144 145
113 111
160 51
125 96
189 150
99 136
126 79
114 136
146 105
100 53
35 105
123 30
32 170
56 99
47 175
102 187
164 150
62 109
94 102
64 163
60 108
45 184
100 164
78 20
107 147
130 97
154 51
53 111
1 151
80 140
100 116
83 70
41 17
85 139
94 128
128 61
15 20
175 90
72 86
52 96
40 108
161 10
73 51
78 98
43 4
40 66
44 31
116 105
13 189
178 66
114 108
26 172
103 177
34 113
43 21
177 149
43 32
179 49
41 78
36 34
179 28
175 74
49 39
42 51
56 180
67 2
91 173
21 33
119 106
40 112
149 188
62 117
12 109
60 53
173 59
41 180
47 30
66 33
40 23
38 112
102 107
179 61
43 47
56 87
116 38
49 134
48 171
110 33
5 136
103 160
180 96
104 129
87 2
47 120
160 2
175 109
100 1
78 111
171 127
76 61
68 59
77 188
151 140
185 124
185 141
183 4
33 189
113 88
78 27
34 8
36 78
60 61
45 179
47 6
23 53
7 80
72 131
15 119
179 168
15 64
38 61
144 164
94 69
133 75
40 59
48 128
60 71
34 143
145 14
88 37
178 53
154 104
20 184
178 160
64 143
142 189
36 160
73 157
34 161
1 118
183 118
165 137
38 157
142 127
169 37
121 166
93 158
145 24
24 115
120 36
128 37
5 174
100 75
99 67
47 67
176 139
89 190
152 54
130 58
154 83
83 69
24 106
179 162
113 4
39 170
48 44
22 20
120 101
190 137
115 31
18 168
126 51
32 131
13 54
3 98
87 188
29 50
179 63
174 140
75 146
25 86
23 140
85 173
140 74
128 176
159 46
80 181
55 112
185 39
183 116
95 166
161 139
169 132
89 134
128 30
42 18
62 107
115 68
99 176
36 132
36 68
171 176
120 101
176 83
20 189
161 109
16 52
36 70
52 90
76 79
92 37
142 180
14 141
22 69
45 141
142 119
102 159
121 155
102 159
17 28
130 139
73 91
147 139
48 155
56 127
180 167
149 33
104 82
67 91
65 189
59 57
185 110
141 166
125 31
100 161
55 170
125 175
40 122
97 155
47 46
48 105
110 138
85 159
181 6
60 86
32 174
118 184
179 98
144 43
35 18
21 70
89 10
89 119
60 176
67 58
145 160
64 106
21 117
145 156
26 146
48 146
77 87
32 151
58 92
76 74
25 18
136 184
68 105
75 131
111 189
102 189
144 88
23 6
152 61
43 31
12 15
135 159
164 54
77 111
14 28
181 141
7 34
43 87
169 10
144 82
172 4
142 71
64 190
104 16
77 85
5 89
35 141
15 27
5 93
24 109
159 189
7 151
113 46
178 47
189 150
100 99
19 136
87 112
141 162
48 86
185 173
60 114
87 97
1 172
147 182
145 23
39 2
5 125
80 114
50 106
80 175
14 184
3 76
31 101
19 25
95 86
30 184
44 136
63 148
42 7
11 182
9 166
76 91
183 128
77 52
105 172
124 58
62 39
178 100
128 39
15 77
42 117
154 138
128 96
154 156
110 138
15 117
99 19
99 130
75 175
44 180
36 27
120 114
164 167
45 55
133 172
124 173
100 137
55 18
26 98
62 6
42 84
64 38
141 69
58 159
36 117
181 39
76 105
23 157
15 177
122 25
58 98
62 11
185 177
71 160
56 70
67 136
67 11
54 150
165 98
171 3
84 26
121 187
21 22
128 7
155 166
59 2
85 33
76 86
108 101
14 189
56 171
21 146
190 4
110 107
77 53
98 150
67 181
53 158
128 141
3 30
160 138
85 65
161 172
102 22
110 97
46 184
126 98
91 27
29 116
75 174
88 28
66 153
115 37
62 186
84 159
12 69
136 184
95 28
100 42
155 166
165 137
42 181
63 163
181 74
144 29
152 98
12 63
5 99
164 187
95 108
104 172
135 82
142 105
163 90
154 147
130 137
45 74
77 182
34 95
13 4
111 132
7 176
152 10
63 168
3 26
183 95
80 105
37 184
3 186
91 138
123 109
176 69
21 26
130 106
152 37
128 111
25 10
133 61
13 81
91 158
51 82
3 92
30 148
60 64
89 142
169 113
188 28
63 158
128 93
179 106
147 108
34 79
130 146
154 65
88 28
32 127
62 1
104 132
77 9
8 57
125 79
113 54
97 182
113 147
32 184
21 135
115 92
47 71
23 83
80 108
76 19
103 49
107 105
6 52
181 184
17 104
67 117
91 10
15 35
104 182
68 168
134 51
65 52
36 46
190 149
72 59
55 87
127 161
187 54
185 147
42 147
143 112
24 148
43 61
178 136
94 58
149 180
164 63
143 38
27 33
29 142
49 137
176 97
124 132
128 121
22 109
48 190
145 151
171 139
47 164
15 176
15 38
89 32
15 1
144 152
62 10
81 111
183 94
109 167
97 132
110 137
95 167
13 158
130 27
94 133
178 96
23 127
34 28
91 162
140 101
6 150
23 10
160 90
10 167
89 91
77 72
37 4
142 52
155 153
113 187
90 156
41 4
48 52
32 105
3 2
8 72
72 68
89 168
75 112
32 127
61 148
154 66
5 172
8 167
142 152
128 38
178 53
134 91
3 31
181 54
7 71
94 162
117 148
75 57
93 59
95 182
92 20
56 104
57 27
117 168
21 22
104 61
5 81
102 153
25 106
95 126
60 83
22 157
151 129
144 167
24 155
190 6
48 83
34 146
14 79
68 184
43 115
64 138
89 50
14 53
46 175
58 167
24 10
140 182
34 118
111 66
12 50
14 81
63 118
19 10
184 4
12 170
71 33
12 125
59 2
37 158
85 25
84 51
58 190
135 137
177 6
127 35
42 159
84 114
181 129
168 158
135 37
46 57
43 173
157 4
103 66
43 90
131 70
94 142
22 108
160 157
96 170
43 35
71 105
67 133
157 167
151 138
7 28
23 75
19 118
17 31
63 170
97 153
183 22
72 172
169 34
72 148
44 29
160 187
133 53
124 166
1 31
108 172
164 168
111 86
24 190
176 160
85 16
97 157
135 147
35 188
44 92
120 119
119 161
94 172
43 135
93 187
165 188
145 186
78 137
120 55
19 28
120 129
91 65
84 98
11 123
128 134
25 69
151 173
12 172
178 73
123 162
50 76
78 148
11 82
56 32
132 88
46 189
171 36
97 101
131 108
91 106
125 8
22 88
141 163
122 25
34 53
151 174
99 39
104 28
93 138
161 4
181 28
160 39
63 143
45 190
162 108
77 92
94 159
163 66
173 137
40 135
21 16
164 90
25 88
91 57
181 163
82 166
185 50
60 163
55 65
73 137
70 18
62 30
81 188
137 18
41 187
84 156
12 87
23 92
178 54
55 24
95 88
41 129
17 86
42 138
104 69
138 189
77 121
150 101
41 86
95 114
40 122
80 135
47 33
46 33
43 148
110 35
178 9
114 92
188 167
93 33
161 65
58 137
73 41
72 116
125 160
40 49
103 69
13 135
110 54
23 62
40 17
136 4
178 51
151 27
132 148
185 166
94 75
85 190
145 35
29 35
14 182
149 175
94 16
143 69
185 132
179 54
185 85
114 138
14 18
119 107
152 88
171 27
51 158
41 97
89 86
116 172
71 68
89 61
120 63
113 86
55 176
91 88
72 59
181 107
34 1
130 81
64 174
20 54
16 25
123 88
84 96
13 121
153 172
11 190
109 168
12 101
48 67
3 54
113 88
120 10
41 172
87 35
100 31
56 123
187 2
16 101
169 188
121 35
62 58
23 165
42 147
66 109
140 182
56 140
110 70
95 162
169 16
19 105
45 21
102 182
40 83
188 182
136 156
164 153
169 59
142 111
8 28
11 173
142 184
171 85
120 185
24 164
65 170
130 32
73 101
73 181
95 131
3 53
130 170
76 53
88 168
7 122
159 18
165 83
124 149
19 2
3 170
71 69
168 166
75 190
94 133
8 181
32 57
36 88
14 190
15 186
181 20
114 90
144 68
124 17
71 139
147 4
1 180
125 153
14 148
111 90
190 150
130 95
110 177
121 65
48 63
177 180
67 141
3 163
23 107
21 104
8 109
181 39
76 27
120 87
126 90
76 46
60 116
169 10
45 126
100 2
141 4
104 16
17 31
19 156
12 32
29 143
9 107
42 103
135 190
59 57
125 107
169 159
123 10
76 182
117 175
13 85
110 105
71 116
170 4
125 176
22 98
66 18
11 189
84 131
183 71
30 27
188 129
122 35
85 6
156 86
70 66
137 98
100 124
169 5
133 31
36 175
53 57
179 30
169 153
87 166
175 118
131 59
178 75
48 90
57 37
116 90
160 25
45 39
77 151
183 71
152 36
46 69
1 146
44 122
123 181
39 28
21 113
13 101
89 53
127 163
164 160
9 122
76 16
58 90
2 148
99 160
99 46
100 71
91 108
41 96
32 177
183 107
146 180
183 190
48 123
176 10
17 91
24 111
169 94
149 150
42 129
116 78
21 143
126 188
65 101
92 57
32 110
173 54
120 190
129 189
49 35
49 74
12 162
44 21
152 114
190 74
64 173
71 24
118 86
137 139
45 126
177 20
102 51
178 139
118 158
24 108
94 173
111 175
186 108
3 52
93 109
46 92
120 46
55 61
50 161
48 107
84 126
63 141
84 63
141 54
142 39
77 174
103 31
47 75
130 72
140 182
134 16
165 123
32 162
48 121
26 108
5 70
134 16
128 101
53 2
151 141
89 88
137 37
45 175
14 123
185 18
128 109
139 98
71 136
76 190
177 59
142 93
64 143
179 176
32 64
134 51
103 175
165 134
90 150
130 11
80 107
45 187
114 105
48 138
47 49
24 141
42 130
114 74
97 146
50 139
17 61
190 39
128 121
12 21
95 136
166 170
84 189
36 155
17 87
47 69
44 133
171 49
100 1
53 121
128 13
68 61
141 137
70 157
183 52
58 113
117 188
46 162
127 90
181 173
155 184
155 166
121 39
185 181
15 174
58 52
178 154
161 6
124 174
97 177
59 88
54 105
32 6
102 129
38 25
155 6
13 78
73 38
23 140
32 18
21 182
73 119
5 152
182 54
35 57
85 108
134 16
92 38
81 129
120 63
64 122
92 137
15 62
11 109
81 101
31 137
111 66
80 53
52 129
55 155
135 72
73 87
48 124
126 170
90 33
47 21
134 18
130 174
104 59
181 173
178 119
89 133
27 166
93 24
26 98
97 134
56 103
25 10
36 165
78 140
67 10
6 39
99 85
141 163
50 90
102 139
124 9
133 182
174 74
92 146
144 106
93 78
164 155
160 118
138 172
21 22
47 10
134 168
119 13
130 39
104 160
105 61
62 30
5 168
50 20
177 74
81 189
169 81
73 108
13 74
131 112
3 137
190 28
89 148
46 163
173 39
88 166
140 129
176 164
128 77
26 190
5 182
143 20
67 10
114 1
114 131
64 147
99 95
144 187
81 162
83 4
175 106
11 105
175 52
32 76
106 172
93 118
11 184
160 98
42 24
114 92
68 138
10 180
87 92
145 93
149 182
120 102
94 190
152 66
80 11
120 160
82 96
100 135
103 136
100 96
183 164
16 129
80 4
24 170
165 38
14 151
81 39
115 35
125 93
117 108
7 17
183 37
7 98
8 162
128 98
149 175
60 49
13 140
165 188
56 144
30 86
126 116
149 16
60 11
2 166
41 19
23 182
97 129
82 163
49 76
128 156
88 162
48 173
70 109
11 160
109 105
30 109
24 141
53 168
51 18
165 167
100 126
111 139
38 166
21 16
145 4
120 37
104 35
172 4
107 132
108 4
40 6
53 31
80 173
117 182
89 22
111 172
142 141
64 26
131 54
147 166
127 112
56 34
7 91
104 26
33 189
60 158
171 113
151 173
17 66
95 97
1 160
43 20
34 46
89 145
165 162
15 109
164 74
24 137
56 165
24 83
71 77
143 138
60 8
15 102
125 113
8 27
31 101
61 170
94 113
80 68
9 163
183 51
115 162
87 174
142 35
47 27
42 97
110 107
84 64
15 112
104 74
125 189
74 153
6 59
77 75
124 162
164 104
29 27
36 175
55 157
34 9
3 20
9 138
44 127
133 33
113 39
6 146
99 167
183 147
83 172
131 88
84 148
144 185
117 107
20 38
152 92
13 14
34 54
184 156
58 182
165 126
62 159
123 78
34 149
6 31
183 128
40 23
127 65
94 132
45 150
67 50
99 51
126 166
102 168
43 85
128 137
43 81
99 70
134 147
36 92
71 166
97 140
31 156
29 95
44 71
75 66
140 54
99 101
13 137
171 22
3 27
84 11
125 117
13 156
133 82
109 153
92 108
23 114
106 90
100 144
157 139
94 121
185 158
67 131
173 16
29 155
10 168
123 118
11 156
45 54
100 166
58 140
178 75
84 90
103 124
190 37
21 66
21 77
55 118
84 54
76 135
188 105
102 127
33 4
152 86
20 162
56 153
154 30
38 158
125 6
60 36
163 137
117 153
183 70
117 25
142 90
114 143
116 69
29 93
146 148
32 54
95 138
77 78
172 150
80 79
105 61
29 39
152 105
142 190
157 61
84 148
63 170
45 139
70 109
75 1
15 131
149 132
9 127
145 162
131 108
109 112
41 168
133 155
174 187
183 125
75 79
123 18
116 158
80 104
89 38
103 97
84 71
60 96
63 38
52 61
66 112
29 68
142 111
151 69
26 136
42 161
169 30
131 151
186 61
169 35
110 2
14 79
15 52
29 135
16 101
44 30
71 174
175 27
80 31
97 10
8 25
183 102
116 54
124 13
138 132
53 61
13 52
13 129
169 131
145 138
175 170
50 23
137 166
183 134
64 68
72 58
179 75
185 134
123 131
144 25
35 38
126 83
98 79
83 25
117 153
165 20
115 69
27 28
114 83
114 28
80 23
37 98
131 6
183 135
75 92
130 78
12 25
68 163
133 139
103 71
23 8
85 151
64 156
99 130
61 79
7 155
125 8
81 37
8 162
3 17
126 158
84 158
45 181
164 148
138 105
179 19
183 161
177 90
89 91
2 189
5 172
120 102
185 176
171 59
127 33
14 4
13 98
145 157
114 173
7 136
57 137
114 88
124 9
128 97
58 134
58 22
45 113
103 187
145 14
118 54
114 74
50 175
94 72
18 79
55 70
48 110
72 123
41 91
179 138
55 81
183 67
12 116
44 64
124 147
55 111
172 189
42 87
67 14
42 150
134 118
138 66
93 173
137 69
177 143
21 187
165 92
179 67
75 51
32 184
102 151
186 98
157 2
188 168
113 181
35 139
99 141
17 167
41 75
8 149
13 154
177 153
161 175
94 38
154 107
183 126
42 16
14 161
42 113
54 79
43 27
30 106
112 148
6 139
6 118
71 97
7 174
165 93
137 167
151 10
34 189
64 97
115 39
178 116
134 132
117 168
120 137
8 59
135 79
43 187
81 115
9 106
11 113
73 120
24 96
97 91
144 101
76 113
94 187
11 173
185 3
173 2
178 25
104 57
183 89
42 26
159 68
127 69
121 137
174 35
95 10
100 23
106 172
178 109
142 80
8 175
85 112
25 105
169 91
55 8
73 123
120 64
175 180
29 35
42 162
72 35
50 190
164 173
174 146
186 180
164 137
67 20
185 129
183 84
105 69
11 28
102 138
99 19
110 96
119 121
89 17
35 109
178 177
81 68
36 115
27 69
73 115
16 150
107 4
168 2
76 154
17 16
113 166
64 163
80 170
50 90
165 70
106 86
53 70
45 168
119 180
164 136
96 112
159 54
117 132
95 188
143 115
131 69
36 160
80 84
152 108
70 61
72 181
141 37
121 149
114 68
7 129
106 180
169 32
179 109
72 70
48 12
81 156
130 103
138 88
99 152
147 189
111 172
44 132
183 149
185 33
110 177
103 25
55 164
115 65
15 103
39 31
60 118
171 188
137 33
45 12
57 61
45 122
50 13
60 32
159 147
82 39
125 98
167 129
70 31
70 166
5 140
60 145
36 133
135 133
121 4
105 2
159 140
184 172
145 107
21 19
95 188
163 158
21 65
25 90
59 188
147 188
113 157
133 167
100 109
134 35
110 190
58 28
24 177
93 82
123 167
91 74
131 173
118 86
84 149
178 147
163 148
72 148
48 8
26 136
14 35
94 46
53 129
58 168
95 136
183 91
92 25
149 31
78 31
85 158
106 166
49 30
55 70
149 140
87 90
45 95
50 57
99 177
114 35
123 22
1 161
144 76
93 150
42 118
159 90
65 37
173 180
74 90
120 150
71 81
125 138
134 161
62 82
124 97
30 172
132 150
45 143
30 109
94 120
85 155
36 155
67 20
70 170
58 134
159 78
80 74
7 92
14 180
71 37
164 138
177 65
35 96
116 18
30 150
40 30
183 54
22 188
52 118
21 158
116 140
70 168
51 31
29 81
11 28
95 68
32 168
127 91
12 14
21 98
92 170
157 2
53 174
100 164
119 141
87 186
128 122
77 65
29 16
63 132
147 90
119 27
95 38
159 68
22 182
22 54
112 158
185 9
39 86
152 80
94 14
176 86
48 115
99 179
111 38
183 172
171 96
115 108
64 162
99 80
119 137
16 86
155 111
160 122
34 64
152 55
25 148
42 17
40 71
71 86
114 58
130 110
59 150
34 96
158 61
119 172
99 58
179 184
169 2
102 138
67 102
14 172
144 23
77 147
50 182
92 86
51 118
23 91
164 134
76 112
62 133
169 177
16 37
67 50
84 90
167 156
5 153
103 87
53 126
60 31
44 68
176 35
73 182
6 74
127 174
2 33
154 18
51 170
55 78
8 25
84 72
80 156
92 129
127 90
135 8
95 177
94 129
67 119
60 98
5 88
125 156
73 164
104 127
140 166
44 7
122 158
71 14
11 131
120 138
40 116
45 95
33 28
115 10
15 117
177 61
75 53
174 156
67 3
125 121
96 79
8 72
95 154
128 77
95 31
31 129
49 75
53 186
80 9
41 86
36 122
72 181
68 150
46 108
142 164
126 91
75 96
49 176
133 20
11 156
65 184
8 190
169 182
73 120
52 187
161 74
79 150
125 149
89 177
19 79
183 131
151 187
1 167
178 171
23 177
14 189
45 157
34 161
94 76
103 38
29 96
46 122
89 157
59 25
103 68
119 96
67 164
92 156
125 181
36 61
7 158
163 132
80 151
17 74
51 90
135 46
123 139
31 168
30 4
36 148
146 106
72 187
120 87
109 98
29 180
32 34
95 160
166 28
94 187
67 24
51 162
185 77
155 61
126 2
159 190
19 16
177 186
37 86
165 167
142 115
18 2
173 90
23 11
12 168
183 125
103 112
41 184
50 111
75 155
83 51
46 82
89 130
99 179
154 97
94 189
9 181
110 105
40 3
40 30
160 82
32 98
83 112
49 70
67 82
36 81
15 126
182 18
143 28
177 69
72 162
13 70
58 163
44 49
44 179
110 57
78 79
67 177
8 33
121 51
1 107
89 137
6 153
105 33
43 180
159 123
14 186
136 153
77 41
142 108
72 132
152 54
182 27
76 85
23 59
67 18
50 6
21 77
173 163
160 157
158 61
32 161
123 132
116 30
171 67
75 33
78 79
90 96
174 162
104 92
117 126
99 81
91 27
111 106
142 104
123 174
13 122
22 37
125 150
17 164
89 187
128 10
190 27
133 140
70 20
40 138
113 57
83 81
149 6
21 3
23 135
124 4
131 138
128 17
1 181
44 130
118 172
12 59
127 150
179 71
63 105
67 33
152 65
97 66
110 175
40 24
94 176
50 124
3 18
178 84
119 13
110 160
171 58
190 19
64 133
147 158
7 164
93 139
63 10
3 26
112 172
3 189
145 30
146 33
58 65
152 50
96 129
50 46
34 62
125 63
95 81
15 50
131 161
116 92
30 118
138 139
75 149
128 15
152 23
45 94
125 2
103 16
99 112
67 105
15 65
142 51
119 72
93 181
13 82
44 54
123 162
160 38
100 15
138 27
11 108
175 57
14 91
152 131
149 38
48 135
68 38
42 134
64 165
19 166
47 179
124 123
76 122
48 55
169 159
136 137
11 154
100 33
3 70
128 70
19 6
17 18
147 37
56 148
183 92
53 186
65 31
60 125
95 150
23 112
147 148
99 179
185 96
48 78
173 138
23 91
41 97
43 101
160 118
85 70
155 166
104 175
142 91
174 112
165 149
100 134
12 6
142 8
20 106
53 166
40 102
73 20
49 153
151 68
56 163
113 137
53 129
177 190
37 28
7 77
53 20
25 189
11 137
91 109
73 3
37 4
3 146
185 139
135 14
128 124
123 52
24 98
149 180
51 168
26 59
176 143
29 52
83 127
164 126
151 189
89 116
11 132
173 20
45 79
62 127
75 190
40 53
5 38
42 188
55 11
131 175
98 166
100 170
87 131
106 98
153 61
74 54
57 189
106 184
123 121
178 21
93 51
144 172
35 96
48 9
181 187
71 180
144 133
36 57
75 16
19 57
135 2
188 182
119 6
39 141
35 79
111 137
1 30
32 165
10 37
144 143
64 182
119 8
111 27
110 139
176 1
183 32
77 165
104 69
59 69
171 92
99 168
84 146
96 79
17 161
165 123
44 55
178 145
34 151
99 173
124 113
73 106
142 37
73 149
188 28
17 147
73 162
34 188
29 86
93 74
152 116
80 93
91 112
90 180
159 61
58 186
164 158
22 170
163 150
115 156
53 88
13 156
45 82
111 52
128 129
77 97
89 97
12 4
87 150
182 112
76 138
94 15
78 150
128 88
185 181
77 153
91 86
5 139
43 190
7 80
68 156
72 129
126 147
84 164
6 132
21 143
42 64
185 139
171 163
152 115
123 129
112 86
85 1
127 79
145 11
117 136
5 102
160 118
47 155
74 109
62 136
83 184
113 151
183 37
110 189
5 119
14 26
85 122
178 184
147 18
73 175
43 131
67 76
7 131
164 35
22 26
27 4
45 105
8 18
123 59
176 107
119 62
144 114
75 107
17 164
55 160
123 141
183 131
172 101
135 16
50 111
58 92
160 2
108 86
95 72
178 26
176 8
46 188
146 74
17 83
60 79
83 189
52 33
178 16
145 112
127 4
133 54
11 51
93 122
41 143
123 66
92 182
29 157
125 16
94 122
171 152
89 107
21 80
12 115
97 153
137 158
171 154
114 1
22 82
34 134
140 105
10 150
122 39
43 18
49 111
139 105
32 159
176 4
21 160
72 104
75 146
159 157
147 25
77 25
74 139
94 189
5 156
41 88
112 101
89 103
134 79
60 36
144 8
181 101
29 139
22 33
17 107
13 38
155 143
75 134
124 177
72 33
113 38
59 2
171 71
5 42
16 141
21 187
23 187
93 26
142 70
59 88
85 92
9 14
120 184
110 2
84 157
74 10
105 28
143 173
15 25
138 162
126 33
145 166
134 141
107 27
176 181
110 86
167 2
30 173
125 153
56 126
89 32
26 163
92 139
171 141
99 41
48 143
145 189
34 2
177 163
34 123
30 140
55 126
127 106
84 79
7 69
31 10
68 33
32 180
133 88
97 129
39 4
126 139
175 148
77 153
69 4
1 106
39 148
14 175
49 54
14 105
128 41
138 112
94 148
78 162
40 9
94 95
181 140
14 153
15 54
64 137
47 5
41 141
160 115
49 113
180 61
171 145
3 129
46 26
179 32
29 57
169 68
60 99
119 189
94 131
128 25
62 175
85 116
113 167
190 18
116 155
152 39
144 7
84 97
171 70
41 87
50 1
38 137
100 61
70 38
114 1
34 77
116 51
188 61
106 168
182 61
165 166
47 170
70 101
185 4
5 101
34 64
1 83
144 28
102 108
117 1
6 136
42 51
57 132
67 30
85 19
43 9
152 188
93 188
179 156
34 141
53 121
72 151
29 154
64 17
8 132
104 68
175 150
128 66
104 173
29 153
53 177
119 53
34 149
38 69
171 175
42 79
94 101
63 158
144 18
80 69
176 82
15 159
70 101
112 156
3 149
183 12
118 148
71 157
173 186
164 190
94 71
66 189
183 134
115 186
9 37
116 148
35 153
47 55
121 112
15 70
146 136
155 129
47 3
95 74
182 168
60 149
44 13
117 9
45 73
123 27
123 129
190 88
102 108
119 147
117 180
40 55
145 4
155 129
15 1
106 96
58 184
121 16
165 75
183 126
157 61
62 31
19 167
76 111
70 28
10 132
53 167
62 10
185 6
91 27
15 64
154 186
85 134
8 2
111 105
167 69
62 68
179 6
84 129
130 66
94 105
75 74
83 186
160 19
167 27
152 149
94 189
64 33
67 162
114 177
130 160
72 157
22 132
53 22
159 186
120 102
190 31
107 186
100 23
190 38
184 153
119 114
75 148
110 25
21 128
128 84
41 19
154 30
60 96
183 86
20 150
145 38
41 141
139 156
128 57
100 15
36 101
75 172
152 16
7 147
14 187
127 109
103 181
183 29
30 115
40 127
34 23
118 86
29 4
97 163
185 53
135 146
42 165
144 76
118 150
56 137
89 24
51 106
26 139
51 174
21 166
99 39
176 24
13 59
72 30
30 122
181 105
145 19
119 188
135 65
8 181
44 69
52 136
173 188
190 118
132 150
180 2
6 138
102 52
60 97
93 53
89 182
62 24
18 101
84 81
83 82
144 91
127 57
124 82
24 79
8 187
93 20
7 189
165 184
31 66
121 143
120 143
37 156
17 35
135 121
21 105
53 109
67 162
140 153
22 186
31 54
183 33
81 161
62 22
147 156
123 70
142 165
126 92
78 132
100 124
120 82
181 92
21 188
13 182
15 90
167 172
67 8
152 135
162 86
97 33
44 53
176 96
12 25
46 173
26 136
145 65
77 162
97 65
121 83
125 161
111 74
184 158
124 79
121 63
1 161
17 20
72 65
46 4
133 97
29 1
80 174
146 166
177 182
87 75
45 31
100 53
113 146
171 132
176 52
73 187
23 14
126 6
73 69
155 33
111 180
154 97
81 37
87 10
119 106
116 186
119 80
117 33
103 174
13 1
127 4
21 110
45 9
105 168
113 121
34 93
122 141
138 18
22 74
40 99
55 182
9 107
166 28
50 91
152 59
7 135
5 61
121 148
37 148
72 162
185 66
99 182
23 9
171 51
72 51
40 91
71 121
97 4
22 68
122 162
146 132
118 137
84 92
45 61
47 3
50 51
48 75
185 46
65 101
12 184
151 184
68 66
161 88
130 102
125 103
67 116
159 162
136 158
149 188
114 140
134 2
164 127
124 180
50 165
44 97
87 172
97 1
103 140
12 17
151 57
120 122
14 38
177 155
146 106
42 35
185 37
119 160
50 114
8 33
99 164
113 1
102 162
2 79
126 26
143 180
135 16
121 136
103 188
56 14
144 72
67 175
67 141
135 153
102 28
29 66
65 20
151 170
107 69
97 122
49 9
5 122
115 88
165 79
45 11
13 168
158 166
78 59
47 166
100 151
49 41
19 112
171 158
176 46
160 74
9 177
121 91
63 2
18 105
90 108
92 38
186 182
164 81
21 132
102 13
169 111
80 91
11 22
175 88
85 123
139 153
175 109
43 113
64 117
68 86
130 141
32 46
38 184
124 186
12 85
172 4
144 122
53 173
53 160
174 158
23 150
97 106
52 157
70 59
170 79
3 59
104 20
45 26
31 96
94 52
185 108
177 170
21 145
31 98
56 156
173 38
2 148
82 137
67 149
92 168
21 55
95 118
124 146
66 167
99 172
184 101
5 37
165 113
62 129
133 134
15 38
146 52
45 102
15 28
53 54
56 118
56 61
67 163
70 175
132 79
17 46
56 124
185 52
91 106
76 134
71 177
99 108
75 129
72 159
94 85
95 118
163 37
91 65
117 8
122 167
177 111
50 105
87 83
47 110
48 154
155 54
46 10
145 156
9 109
12 87
130 182
43 101
169 74
73 11
26 19
130 32
48 108
81 155
6 141
171 76
55 109
61 189
163 172
12 161
138 187
123 148
158 156
61 170
119 101
147 187
29 134
171 14
18 166
42 51
123 143
140 118
20 141
142 33
60 188
40 98
123 112
13 90
163 18
183 84
104 188
23 165
1 59
13 105
100 190
111 112
190 129
171 117
71 131
44 90
44 140
190 39
170 4
88 18
144 118
85 33
183 51
71 134
174 16
3 106
89 186
45 112
52 74
126 6
138 175
23 87
71 158
119 123
41 14
99 131
76 180
127 162
23 117
183 180
161 18
102 86
20 25
104 22
19 27
75 107
124 39
17 107
19 38
7 177
169 42
62 91
123 78
6 163
53 109
130 137
81 143
64 68
5 136
41 26
35 140
144 126
123 167
113 121
111 59
11 146
75 163
46 59
169 44
93 72
116 146
45 134
99 36
58 132
122 140
139 33
22 136
93 122
25 168
177 127
96 54
60 20
128 77
41 118
99 59
179 78
155 38
46 82
138 166
87 37
23 28
32 20
56 163
15 16
152 41
161 138
88 79
175 118
14 133
100 131
40 48
71 82
92 182
120 188
125 86
152 51
32 124
13 121
40 165
183 190
152 31
68 173
93 160
14 109
84 102
16 105
17 30
113 61
85 143
160 82
178 103
55 141
181 70
55 110
181 74
5 62
53 166
80 53
183 188
46 37
114 141
142 55
122 188
29 122
99 118
171 155
136 33
96 61
130 104
171 125
80 79
32 82
159 75
179 190
154 1
44 110
145 92
114 46
32 116
85 112
103 113
65 61
95 111
144 187
118 163
14 166
60 74
144 111
173 150
66 61
102 63
99 36
134 173
121 136
142 88
63 162
53 141
114 4
73 130
161 105
187 79
40 13
29 18
122 111
18 189
131 134
152 39
47 59
169 62
109 158
17 180
178 23
49 3
17 69
110 113
12 180
133 161
12 156
152 33
107 69
178 189
185 108
142 156
64 46
171 86
3 167
60 33
124 140
5 176
144 149
81 2
75 174
67 107
98 166
62 54
176 27
188 167
1 83
50 25
146 108
84 164
62 2
39 182
128 104
21 10
62 146
23 101
118 79
47 154
16 158
77 172
41 22
83 156
20 31
60 80
13 190
102 16
43 135
9 96
179 65
62 123
159 158
183 42
113 184
80 76
120 174
128 127
178 123
15 122
55 34
80 170
165 79
42 146
70 122
36 156
171 18
94 79
56 163
111 82
54 166
100 168
22 129
174 168
123 173
116 91
145 98
55 101
42 138
80 165
68 188
103 105
43 184
41 157
11 2
106 69
23 102
188 157
84 75
15 111
12 99
133 39
120 187
121 190
124 17
72 82
30 91
161 146
17 168
177 25
72 188
155 79
9 186
84 8
110 157
83 180
6 158
103 136
124 137
30 59
99 64
39 69
169 176
140 132
41 87
60 126
15 134
76 143
10 27
174 65
115 149
153 150
34 174
178 52
117 112
131 155
99 148
6 153
75 28
47 13
185 81
64 112
178 53
12 87
145 80
124 53
117 90
94 3
33 156
13 127
60 187
72 182
94 123
104 57
176 162
110 104
120 54
135 57
62 115
52 106
22 68
165 155
157 28
24 14
3 87
12 16
46 28
69 148
35 27
55 69
50 81
14 59
117 105
188 158
145 61
130 36
155 38
177 101
124 91
72 96
43 68
8 30
64 160
9 22
126 105
81 189
43 82
164 133
100 115
52 37
100 63
122 98
77 180
13 30
60 158
68 136
83 104
40 74
95 52
9 140
11 19
45 63
47 127
128 153
21 71
123 115
120 59
7 159
1 134
128 143
144 35
183 123
144 124
89 113
52 156
171 88
93 18
75 173
84 114
190 88
32 106
152 113
26 27
60 62
81 39
80 17
11 147
128 132
142 140
78 136
112 101
52 147
176 157
152 82
63 156
62 52
117 20
84 63
72 187
102 2
1 59
92 39
7 70
181 6
65 98
80 38
58 65
126 156
15 80
78 118
60 76
71 107
99 80
134 163
94 150
121 184
55 131
89 65
44 146
76 101
31 86
49 27
125 9
62 190
93 112
137 108
82 10
171 66
17 189
34 156
89 72
100 105
144 134
145 186
53 122
145 188
123 97
77 19
149 105
176 133
60 77
102 153
117 168
176 65
34 105
5 25
142 134
15 155
76 111
55 163
97 141
14 149
96 189
139 166
87 138
17 161
146 38
107 190
55 30
3 8
30 149
9 107
22 38
44 9
64 10
178 189
154 52
56 29
8 97
141 170
47 182
176 93
13 2
112 61
131 147
145 22
87 143
128 101
127 30
177 187
131 37
169 25
176 139
45 141
177 147
180 69
34 118
67 174
45 134
43 4
103 3
190 148
13 53
120 167
174 189
64 6
14 91
165 129
50 90
171 69
183 3
84 79
34 157
142 66
140 187
22 147
7 53
44 38
149 140
29 115
84 62
135 139
60 82
41 110
11 166
125 39
133 112
142 50
119 90
108 156
99 22
177 61
40 76
55 11
16 38
121 104
121 90
178 17
60 166
76 87
46 181
164 155
32 132
22 189
72 116
83 33
134 108
23 108
48 108
144 68
144 76
122 118
87 8
188 57
177 116
171 158
120 172
76 147
10 27
125 96
120 68
171 13
145 107
9 184
118 79
40 33
134 30
8 74
181 54
68 90
103 126
118 98
134 18
50 174
64 188
56 11
85 2
133 22
54 101
64 118
49 24
87 118
36 126
80 122
154 109
114 17
48 155
36 14
165 160
77 190
51 115
104 6
15 58
14 105
181 20
99 124
11 96
44 6
57 96
161 82
67 113
186 4
119 177
44 177
89 83
48 141
16 109
56 60
58 170
168 148
12 144
138 69
64 72
67 189
144 161
49 106
77 189
53 153
53 121
72 154
128 26
147 61
61 33
164 157
77 117
163 184
93 159
124 16
130 77
24 10
161 90
137 101
72 54
16 182
47 37
7 54
5 138
115 19
48 105
46 98
67 7
49 181
44 107
49 146
1 25
73 104
44 28
159 157
40 117
119 146
47 135
116 188
21 1
180 79
74 4
15 18
60 14
29 121
19 141
39 96
120 65
164 31
99 7
89 61
165 138
190 188
29 42
115 156
55 41
12 68
131 129
49 18
62 104
102 26
126 116
152 98
47 49
135 39
159 181
155 92
95 82
10 18
32 141
164 53
83 70
181 33
140 105
8 132
51 150
123 22
100 124
142 115
134 116
77 14
114 46
55 166
136 4
56 119
158 172
30 108
40 69
88 109
89 16
130 138
144 130
120 35
76 117
3 85
169 23
35 31
117 146
85 162
17 96
116 25
76 81
36 146
178 148
145 22
152 155
80 9
52 101
81 108
124 173
169 27
73 59
175 4
178 7
169 187
64 167
15 57
102 105
176 85
102 114
116 112
87 166
60 59
17 1
5 82
21 4
99 74
76 63
145 175
137 189
111 140
3 33
73 103
122 96
185 135
85 17
41 127
5 7
72 151
45 73
99 142
32 22
40 17
30 4
175 66
72 63
41 18
43 85
13 59
5 67
165 113
134 37
20 175
123 155
126 39
51 137
144 155
133 83
1 26
46 118
16 33
155 115
140 2
89 101
183 84
179 85
89 15
165 6
183 137
