100 99
000000000001000000000001100010000010000000000100000000000100000000000011000000100010000010000000000
000001000000010100000100100000010000000000000000100000010000010000000000100000001000000100000100000
000000000001000000100011000010000000000000001010000100000000000000000010001000000001000000100000001
000000001100000000100000000000010000000000000000000100000001010000000001000000000000010001000110000
000000000000100001010000000000100010000000000000000000000000000000001000000000001100000000000000010
000010000000000001001100010001110000101000000001010010000000000000000000000000001001000000000010000
000010001000000000001100000001000000000000000000000010000100100001000000001100000010000010001000010
000010001000000000000000000010000000100100010000100010010010000001000000000000010010000000000000000
001000000000000000101000010001000000100000010000000000000000000000100000000000000100000001000000000
000101000100000100000000000100000000000000000100000000000000010000000000000000100010000000110000000
000000000000000000001000010000000000000000000001000000000000001000000000000010000000001000000100001
000000000000000010000000010000000000000000000000000100000001000000000000100000000011010000001000000
000000000001000000000000000100000000000010000000000000000000000001000100010000000000011000100000000
000000100110000000001000010100001011001000000000010000000000000000000010000000000000000001000000000
001000000000000000000000000000000000011100000010010010001000000010000100010010001000000000010000001
000000010000000100001000100100000000101000001011000100000000000000001011000001000101000000000000000
001000100000000000110000000000000001010000000110000011000010000000000000000000000100000000100000001
000000000000010000000000000000101000000000000000000010001000010010001000100000100000010010000000100
000000000110000010010000100000001100100000000001000000001010000001001100000000000000000100010100000
000000000000000000001000000000010000001000000000001001111010000010001110100000000000001000010000000
010001000100000101000001010000100000000000000000000000001000000010000000000000000000000000100000010
000000100100000100010000011000000001001000000100000000000100000000000000000000000100000000000000100
000000000010100000001000000000000000000000000000000000000000100000010001000000000000010000000110000
000000100100000010000000000000000000000000000000000010000010000010000000010000000000000000000010000
000010000001000000001000000010000000010000000010000000000000000000001000100000001000000100000000000
000000000000000000000100000010000000101000010000001000001001010000100001000010000000000000000000000
000000000001000000001000000010001000000001010000000000000000011011010010000000000000000000000001000
000100000000000000000001000000000000001000100000001000000000000000010010111001000010000000000100000
000000001000000010000000001000000000000010000100000000000000100000000001101000000000000000001100000
001000000000100001000000011001100000000010000000010101011000000001000000000000100010000000010100010
000001010010001000000001001000000000000000000000000000100000010110000010001000000000000000000000000
000001000000000000000100010000000000000000000000101100100000001000000000010010000010001000100100000
000000000000010000000000000000000000100000000000001010000000000000000101000000000000000000101000000
000001000000000010000000000000001000000001010000000000001000001000000010000000000100000000000010000
000010000001000000000000010100000100001010000000000010000000000100000000000000000000000000000000000
000000000000100000000000000000000000000000000010010010000000100001000000000000000000100000000010101
000000011000010000001000000010000100000000001000000000100010001000000000000100100000000000000000001
000000010000000100000010000000000101000000101100000100000000100000000000010000000001010010010000000
001001000000000000000100000000000001010000010000001000000000100000000000000000000000000000000000000
000000000000000000100000010000010101000000000001000000100000100000000000000000000000000100000000100
001100100100000000000000000001000001000000001000000000001000000000000000000000000000001000000000000
100000000000000000000000000000010000000000000100100000000000000001100001000000000000000001000000000
000000010100001100000101001000000000000000100010000000000000000000100000000100001000000000000000100
000000000000000100000000100000000000000000000000000000000111100000010000100100100001000000000010010
000000011000000000100001001000101000001000000000000000001000000001000000000000100000100000010000000
000000000100010100001000010000000000000000000000000010001000000011000010000000100100000000000000000
001101001110010000000001010001000001001110000000000001100000000001100100000000000000000000000010000
000000000000010000000000000110000100000000100001000000001000010000000000100000000000000000000000000
001000110000000000110101000000000000000100011100000000000000000000001000000000010100000100000001100
100000000000000000001100000000000000000100000100000000001000000000000000000000000000010000000000000
001000000000100010000000000100001000000000000101000000000001000001000010000000000000000000000110000
000000001000010000000000100000000010001000000000000000010110010000000100000001001001000000000000001
000000100000001100000100000000000000000000000010001100000000000000010100000000010000000000000100100
110100010000011000000100010000000000100010000000001000001010000000000010000001000000000000000000010
010000000000000000000001000000000110000000000000001000000000001000001000000000100100000000100000000
010000000010110000000000000000000001000001010001000110000000000010000000000010000000100000000000000
000000000000000000101000101000001000000000000000110001000000000000000001000000010000000000000100001
000000000000000010001001100000001100001000000010000001000000110000000001000000010000000000000000000
000000000000000000000000100000000000000010001000010000000000000000100001000000000000000000000000000
000100000000000000000000000000100000000000000000010000000000000000010000000100000000000000000000000
000010000000000010000000100000000010000001000100001000001100000000101000000000010000000000000000000
000000000000000000010000000000000010000000000000110000010000000001000000000001001000000000000000000
001101000000000000000000000101000000000000000001000000000000000100000000110000000000000000000001000
000000000000000000000000010000100000010000000000001000000010000010000000000001000001000000000000000
000000100000000000000000010000000000010000010001000000000000000011010000000100000000001110000000100
001100100010110011001000000000010000000000110000001000000010000000000000011000010000000000000000000
001000010000000000000010001000000010000000100000001000100100100100001000100100000000000100100000000
000001000000100000000001000001010000000000010000100000000000010100000010010100000000000000001000000
000010000001100000000001010001000000000000000000000000000000000000100000000000010000001000000000100
000000000100000000001001000000000001000000000000000100000100000001010000000110010000000000011000100
000000000000000110000010000000000000001000100000000000000010000010000001100000010100000000100000101
010000000000000001000000000000001000000000001100000000000000000000000000000000100000100010110100000
000000000000100000000001000010011000001000000101000000000100000000010001000000001010000000010101100
000100000000000010000001000100000010000000000000000000000010001000010011000000000010000010001000100
100000100000010001000000000000000000000100110000001010000111000010000000010000010001100010000000000
000100000000001010001001010100000000000010000000000011000000000001010000000110000001010000010100000
001110000010000000000011000000000000000000100000000000000000000001000000000010001000000000000000000
000000000000011000000000000000001010001000000000101000000000100000000001001000000000000000000100000
000000000000011000000000000000001100100000000000000000000100000100010100001001000010000000000000000
000000000000000000100100000000001010001000010000000000000000000000000000000001100000000000101100100
000000000010000000000000000000000000000000001000010000000000000000000000000000000000000000000100000
001011100000000100010010000010100100000001000000000000011101010000000100000001000000000010000100000
100000000000000100000000000000000001000000000010000000000001000100000000001000000000010000000001000
100000001000000000000100000000011001000000000000000000010000001000010000000000000000000100000000000
000000100000011000000000010000100000010000000000000000000000000000000001000000000100000000000000100
000000001000000000000110000000000000010000000100001000001000000000011000000001101000000000001000100
000000000010000000000000000000100000000000000000010000000000000000010100000000000000010000000000000
000000100010000000000000000000001000000000000000010000001000000000000011001010000000010000000100000
000000000010000000000001000000000000000000000000000000101101000000000000000100000001000000000001000
000000000010000000000000000000100000000000000000000000100000010100000000000000000000000100000010000
000101000000000010000010110000000010000000011000000100010010000000000000010000000000000000000000001
000000000000000100100000000000000100000100000101000000000001000000000001010010001100000000000100000
100000000000000000000000000000000000000001000001000000001000010000000000010100000001000000000100000
000001000000001001000000000000000000000000100000000000100000000010000010000000000000000000000100001
000000000000000000010000100000000000000010001000000000001000000000000000010010000000000001000001000
000000000000000100000100000100000000000000000010101000100000000000001000010110010000001000000100001
000010010000000000000100000110000001000001000010010100000010000000000000000000000010000000010000111
000100000001000100000101001000000010010000000000000100000000000010010000000000010000000000000000000
000000000000000000000100000000100010010001000000001011000000001000000000000011000100110000100000001
010000000000000001000000000100001000010100000000100000000011000000000000000100000000100010100000000
