10
12 20
2 9
9 5
5 4
4 1
1 6
6 8
8 7
7 12
12 10
10 11
11 3
3 2
6 7
8 10
3 9
1 3
5 8
8 12
1 8
1 5
2 9 5 4 1 6 8 7 12 10 11 3
180 390
148 124
124 170
170 52
52 4
4 66
66 29
29 31
31 95
95 10
10 175
175 24
24 171
171 79
79 177
177 35
35 51
51 158
158 1
1 64
64 137
137 59
59 120
120 44
44 80
80 83
83 129
129 84
84 134
134 107
107 49
49 18
18 61
61 168
168 125
125 47
47 166
166 48
48 141
141 2
2 136
136 122
122 169
169 112
112 160
160 5
5 76
76 133
133 3
3 37
37 109
109 154
154 27
27 176
176 12
12 123
123 138
138 163
163 131
131 28
28 97
97 121
121 161
161 91
91 73
73 42
42 67
67 45
45 128
128 147
147 43
43 54
54 159
159 87
87 19
19 21
21 150
150 26
26 93
93 36
36 75
75 132
132 98
98 155
155 145
145 173
173 20
20 85
85 153
153 30
30 164
164 119
119 92
92 14
14 149
149 130
130 156
156 32
32 99
99 101
101 113
113 23
23 94
94 89
89 162
162 115
115 25
25 65
65 157
157 114
114 105
105 39
39 53
53 179
179 77
77 81
81 143
143 40
40 9
9 167
167 144
144 127
127 78
78 69
69 22
22 110
110 96
96 152
152 17
17 72
72 103
103 106
106 46
46 56
56 142
142 151
151 63
63 102
102 100
100 82
82 7
7 118
118 11
11 104
104 117
117 111
111 34
34 13
13 88
88 165
165 68
68 38
38 172
172 90
90 6
6 57
57 55
55 178
178 8
8 86
86 139
139 50
50 116
116 62
62 108
108 180
180 146
146 74
74 140
140 126
126 41
41 71
71 33
33 135
135 16
16 70
70 58
58 15
15 60
60 174
174 148
140 165
32 142
52 94
25 97
37 153
17 128
12 130
118 123
6 86
12 66
145 180
8 19
33 65
52 174
43 113
105 155
69 148
43 53
62 135
165 173
128 174
96 130
74 175
73 117
23 85
76 137
153 172
31 133
34 101
68 89
50 158
34 113
161 163
155 156
23 75
21 120
96 107
166 177
112 174
5 8
14 56
54 59
147 151
83 131
55 74
7 16
120 122
5 106
27 132
48 90
58 107
127 136
153 164
11 61
91 101
14 45
164 179
33 118
111 159
112 114
84 138
33 116
48 66
42 105
10 90
36 62
2 37
30 159
159 163
30 161
123 158
88 140
71 141
112 180
118 149
75 107
34 90
108 167
66 161
11 150
32 38
153 168
57 110
55 61
104 110
7 165
32 159
13 137
43 159
130 144
92 107
127 174
94 172
102 123
98 175
71 75
151 167
30 49
81 179
13 149
105 131
130 168
53 59
20 142
22 44
81 101
58 163
46 74
88 142
47 150
73 167
26 60
1 111
89 145
86 176
42 176
82 174
36 131
63 180
156 179
19 168
99 178
23 87
8 143
66 171
58 164
74 103
51 66
77 111
59 118
139 162
38 42
86 154
77 149
29 40
25 165
46 128
121 180
103 165
117 131
35 135
38 160
19 112
45 125
15 156
91 155
110 138
101 169
18 168
59 115
65 103
107 156
46 112
52 108
39 47
66 125
48 150
58 174
141 170
77 120
40 138
37 108
66 127
105 152
120 140
66 143
10 159
136 159
44 121
19 161
69 122
12 92
74 137
67 165
1 119
29 67
59 79
31 166
113 160
115 177
67 180
10 13
135 138
153 180
78 143
27 174
12 153
30 87
64 67
9 36
105 144
82 109
45 50
74 164
7 73
63 110
27 48
23 138
8 87
36 116
62 168
62 83
13 134
76 116
43 117
46 113
55 177
12 33
62 71
122 133
148 124 170 52 4 66 29 31 95 10 175 24 171 79 177 35 51 158 1 64 137 59 120 44 80 83 129 84 134 107 49 18 61 168 125 47 166 48 141 2 136 122 169 112 160 5 76 133 3 37 109 154 27 176 12 123 138 163 131 28 97 121 161 91 73 42 67 45 128 147 43 54 159 87 19 21 150 26 93 36 75 132 98 155 145 173 20 85 153 30 164 119 92 14 149 130 156 32 99 101 113 23 94 89 162 115 25 65 157 114 105 39 53 179 77 81 143 40 9 167 144 127 78 69 22 110 96 152 17 72 103 106 46 56 142 151 63 102 100 82 7 118 11 104 117 111 34 13 88 165 68 38 172 90 6 57 55 178 8 86 139 50 116 62 108 180 146 74 140 126 41 71 33 135 16 70 58 15 60 174
115 232
8 44
44 58
58 46
46 74
74 48
48 4
4 45
45 72
72 6
6 73
73 113
113 28
28 95
95 115
115 68
68 19
19 1
1 7
7 25
25 106
106 41
41 37
37 21
21 32
32 91
91 64
64 36
36 53
53 101
101 112
112 69
69 63
63 17
17 38
38 60
60 14
14 52
52 29
29 12
12 97
97 93
93 84
84 27
27 98
98 3
3 22
22 79
79 2
2 86
86 96
96 57
57 114
114 51
51 100
100 87
87 55
55 10
10 61
61 47
47 9
9 88
88 30
30 104
104 77
77 15
15 75
75 78
78 70
70 18
18 85
85 67
67 103
103 90
90 40
40 102
102 35
35 111
111 94
94 26
26 110
110 109
109 56
56 42
42 108
108 33
33 49
49 107
107 76
76 50
50 54
54 16
16 5
5 23
23 80
80 11
11 31
31 20
20 24
24 105
105 13
13 82
82 65
65 34
34 59
59 99
99 66
66 43
43 81
81 39
39 92
92 62
62 83
83 71
71 89
89 8
3 12
62 98
3 51
14 66
61 62
51 69
98 101
63 93
44 90
7 72
22 23
82 95
26 27
18 23
50 75
13 54
89 96
2 15
2 48
33 57
67 91
7 33
16 40
104 107
1 115
44 97
28 44
81 86
50 73
107 109
26 103
72 80
83 87
77 112
61 82
8 105
15 112
59 93
100 106
48 90
20 61
88 100
92 110
86 100
32 103
15 31
63 88
40 47
15 26
5 22
77 85
94 105
72 104
29 76
8 96
54 79
54 77
62 112
10 106
54 62
72 73
11 40
47 57
57 61
95 111
26 32
34 51
100 105
92 99
50 52
18 27
26 54
86 98
77 109
20 36
51 99
80 81
63 106
37 105
22 58
11 61
9 115
5 37
35 52
43 87
30 45
1 60
40 50
68 81
1 9
71 102
33 93
40 93
20 100
21 27
47 80
19 79
21 30
84 100
82 89
78 89
21 93
55 65
50 53
44 91
15 40
56 82
22 56
36 45
41 61
39 67
61 81
88 101
40 95
5 107
45 62
51 64
8 44 58 46 74 48 4 45 72 6 73 113 28 95 115 68 19 1 7 25 106 41 37 21 32 91 64 36 53 101 112 69 63 17 38 60 14 52 29 12 97 93 84 27 98 3 22 79 2 86 96 57 114 51 100 87 55 10 61 47 9 88 30 104 77 15 75 78 70 18 85 67 103 90 40 102 35 111 94 26 110 109 56 42 108 33 49 107 76 50 54 16 5 23 80 11 31 20 24 105 13 82 65 34 59 99 66 43 81 39 92 62 83 71 89
94 154
72 83
83 51
51 39
39 59
59 56
56 82
82 66
66 35
35 55
55 34
34 44
44 52
52 36
36 57
57 46
46 87
87 79
79 80
80 78
78 48
48 93
93 47
47 50
50 27
27 37
37 63
63 29
29 58
58 88
88 3
3 5
5 21
21 25
25 64
64 62
62 31
31 49
49 17
17 19
19 85
85 7
7 12
12 28
28 8
8 69
69 54
54 89
89 9
9 32
32 24
24 38
38 13
13 22
22 71
71 61
61 10
10 77
77 15
15 53
53 1
1 40
40 6
6 91
91 26
26 42
42 67
67 75
75 65
65 43
43 94
94 76
76 11
11 20
20 23
23 41
41 84
84 18
18 86
86 68
68 74
74 4
4 33
33 60
60 45
45 92
92 90
90 81
81 70
70 30
30 2
2 14
14 73
73 16
16 72
23 72
19 39
13 31
64 88
11 42
17 38
31 94
3 35
7 70
13 67
60 76
22 67
15 27
69 74
1 92
16 43
44 51
8 43
59 70
23 39
66 71
19 72
20 21
17 56
8 75
52 57
14 47
85 89
53 86
15 65
11 65
63 85
65 84
51 93
21 50
35 64
73 91
25 69
10 57
3 72
65 85
63 64
40 74
21 73
8 66
31 67
13 88
28 76
57 58
56 57
22 77
4 28
19 28
35 94
34 69
27 51
17 26
1 90
57 75
15 71
72 83 51 39 59 56 82 66 35 55 34 44 52 36 57 46 87 79 80 78 48 93 47 50 27 37 63 29 58 88 3 5 21 25 64 62 31 49 17 19 85 7 12 28 8 69 54 89 9 32 24 38 13 22 71 61 10 77 15 53 1 40 6 91 26 42 67 75 65 43 94 76 11 20 23 41 84 18 86 68 74 4 33 60 45 92 90 81 70 30 2 14 73 16
103 176
11 50
50 19
19 98
98 12
12 57
57 40
40 30
30 88
88 72
72 35
35 37
37 68
68 81
81 79
79 10
10 18
18 69
69 45
45 54
54 8
8 84
84 59
59 46
46 47
47 58
58 28
28 39
39 31
31 61
61 75
75 80
80 89
89 25
25 101
101 56
56 1
1 83
83 94
94 77
77 32
32 16
16 4
4 51
51 7
7 38
38 27
27 73
73 41
41 67
67 6
6 44
44 49
49 82
82 36
36 86
86 2
2 24
24 85
85 103
103 102
102 63
63 99
99 70
70 42
42 3
3 91
91 22
22 78
78 48
48 64
64 60
60 13
13 71
71 66
66 90
90 95
95 14
14 21
21 29
29 9
9 100
100 96
96 65
65 74
74 92
92 55
55 93
93 97
97 15
15 34
34 20
20 23
23 52
52 53
53 26
26 87
87 33
33 62
62 5
5 17
17 43
43 76
76 11
30 76
51 95
34 17
2 42
81 94
37 77
91 78
54 94
51 49
35 97
16 65
84 89
82 71
50 40
54 83
35 74
15 43
53 5
50 98
59 31
36 3
82 66
89 83
72 97
54 84
16 100
18 54
103 42
59 89
52 17
79 94
75 89
2 103
82 13
67 49
46 28
88 43
46 58
64 13
30 43
88 15
16 14
37 65
72 15
63 42
100 65
51 73
26 33
20 52
50 57
3 78
59 75
51 90
78 13
3 13
59 28
14 9
20 17
73 67
77 65
52 5
81 77
37 74
99 42
2 3
54 89
51 27
51 38
6 49
102 42
59 61
89 101
51 82
11 50 19 98 12 57 40 30 88 72 35 37 68 81 79 10 18 69 45 54 8 84 59 46 47 58 28 39 31 61 75 80 89 25 101 56 1 83 94 77 32 16 4 51 7 38 27 73 41 67 6 44 49 82 36 86 2 24 85 103 102 63 99 70 42 3 91 22 78 48 64 60 13 71 66 90 95 14 21 29 9 100 96 65 74 92 55 93 97 15 34 20 23 52 53 26 87 33 62 5 17 43 76
169 245
71 79
79 156
156 93
93 169
169 142
142 87
87 105
105 109
109 163
163 72
72 131
131 3
3 82
82 51
51 65
65 100
100 152
152 46
46 30
30 168
168 69
69 61
61 4
4 165
165 62
62 134
134 103
103 29
29 52
52 130
130 59
59 74
74 2
2 36
36 164
164 154
154 44
44 161
161 10
10 63
63 143
143 116
116 58
58 23
23 94
94 21
21 157
157 114
114 48
48 60
60 144
144 78
78 26
26 81
81 104
104 66
66 38
38 136
136 97
97 101
101 90
90 9
9 50
50 117
117 5
5 17
17 107
107 41
41 132
132 16
16 8
8 76
76 106
106 148
148 141
141 135
135 33
33 167
167 39
39 14
14 32
32 119
119 146
146 124
124 24
24 43
43 153
153 150
150 155
155 22
22 77
77 37
37 113
113 159
159 145
145 6
6 110
110 67
67 140
140 121
121 35
35 112
112 91
91 83
83 139
139 99
99 80
80 88
88 73
73 19
19 149
149 126
126 133
133 162
162 108
108 129
129 123
123 1
1 34
34 120
120 47
47 86
86 98
98 147
147 122
122 42
42 151
151 56
56 158
158 25
25 166
166 160
160 57
57 18
18 49
49 84
84 54
54 12
12 102
102 40
40 95
95 68
68 55
55 53
53 137
137 64
64 15
15 85
85 70
70 13
13 89
89 20
20 31
31 115
115 28
28 45
45 92
92 125
125 96
96 75
75 138
138 11
11 118
118 128
128 27
27 111
111 127
127 7
7 71
93 104
34 11
22 27
95 15
147 115
34 27
117 135
77 99
151 25
3 152
50 135
42 15
89 31
104 14
105 161
93 7
115 45
62 36
113 35
32 22
24 150
117 141
48 78
124 150
109 168
18 15
122 115
101 33
73 34
94 78
49 54
25 15
62 130
152 30
72 30
120 92
37 91
22 111
62 52
49 15
87 10
132 141
63 78
73 126
120 11
22 127
132 148
99 73
87 161
151 158
103 52
69 165
159 6
49 40
68 53
86 115
6 67
108 123
168 164
5 107
72 168
15 70
101 9
6 35
91 139
49 12
92 75
77 27
38 167
26 104
131 30
93 142
5 132
120 45
42 70
93 26
71 79 156 93 169 142 87 105 109 163 72 131 3 82 51 65 100 152 46 30 168 69 61 4 165 62 134 103 29 52 130 59 74 2 36 164 154 44 161 10 63 143 116 58 23 94 21 157 114 48 60 144 78 26 81 104 66 38 136 97 101 90 9 50 117 5 17 107 41 132 16 8 76 106 148 141 135 33 167 39 14 32 119 146 124 24 43 153 150 155 22 77 37 113 159 145 6 110 67 140 121 35 112 91 83 139 99 80 88 73 19 149 126 133 162 108 129 123 1 34 120 47 86 98 147 122 42 151 56 158 25 166 160 57 18 49 84 54 12 102 40 95 68 55 53 137 64 15 85 70 13 89 20 31 115 28 45 92 125 96 75 138 11 118 128 27 111 127 7
187 421
33 135
135 62
62 142
142 128
128 10
10 163
163 43
43 141
141 38
38 11
11 19
19 186
186 95
95 1
1 91
91 32
32 3
3 54
54 159
159 88
88 179
179 139
139 50
50 121
121 80
80 172
172 171
171 175
175 140
140 104
104 81
81 161
161 106
106 98
98 36
36 75
75 39
39 178
178 64
64 174
174 85
85 143
143 120
120 94
94 18
18 20
20 152
152 119
119 86
86 180
180 100
100 157
157 169
169 58
58 12
12 41
41 45
45 160
160 30
30 70
70 77
77 56
56 42
42 52
52 47
47 46
46 127
127 111
111 13
13 23
23 72
72 14
14 151
151 67
67 156
156 90
90 93
93 35
35 22
22 170
170 83
83 112
112 57
57 122
122 25
25 147
147 138
138 78
78 131
131 31
31 59
59 26
26 114
114 153
153 55
55 97
97 165
165 125
125 40
40 107
107 130
130 136
136 149
149 166
166 134
134 34
34 96
96 167
167 84
84 7
7 123
123 184
184 109
109 89
89 9
9 76
76 51
51 101
101 148
148 28
28 82
82 74
74 61
61 162
162 164
164 37
37 79
79 16
16 116
116 181
181 92
92 129
129 185
185 44
44 177
177 105
105 118
118 108
108 137
137 132
132 63
63 146
146 102
102 8
8 158
158 145
145 53
53 68
68 5
5 21
21 182
182 176
176 2
2 133
133 113
113 155
155 49
49 27
27 150
150 6
6 173
173 115
115 183
183 117
117 71
71 29
29 99
99 60
60 24
24 48
48 87
87 4
4 15
15 126
126 168
168 187
187 124
124 66
66 69
69 110
110 144
144 17
17 65
65 73
73 154
154 103
103 33
73 160
41 105
96 100
26 46
16 131
96 106
137 141
73 131
65 138
121 130
63 96
48 186
9 20
6 37
163 168
54 118
95 162
70 153
53 163
135 162
7 41
58 112
118 175
31 80
64 147
73 78
38 167
47 172
96 154
128 130
114 130
59 185
92 130
11 39
12 110
51 56
127 164
48 91
5 61
35 132
16 93
40 60
94 152
93 170
124 160
87 117
67 122
48 57
118 181
74 165
133 183
150 174
160 181
50 167
47 179
29 83
137 185
14 178
119 126
37 118
54 137
101 121
99 180
118 121
12 68
103 184
49 161
126 129
145 179
118 179
14 47
129 143
75 147
1 157
127 154
8 45
25 181
19 80
67 72
59 121
68 97
79 124
46 187
164 177
74 135
120 162
82 133
27 174
85 176
74 96
127 184
69 146
73 84
49 69
71 86
50 71
79 114
73 107
41 94
157 158
119 171
85 93
77 105
51 66
83 87
96 131
35 140
38 59
49 50
146 177
30 81
24 68
123 159
45 94
185 187
27 59
54 85
36 90
84 175
55 111
12 81
14 167
45 56
93 137
127 183
9 166
42 158
102 171
106 162
38 48
68 134
52 160
48 141
61 148
59 138
16 168
16 61
129 148
120 136
91 175
9 114
27 83
24 59
120 167
118 124
79 91
115 119
105 111
141 163
130 170
45 124
178 184
41 52
63 84
125 153
49 177
33 151
28 182
80 119
61 76
25 49
119 160
66 78
102 186
92 163
74 122
42 151
103 145
160 179
41 104
166 174
107 162
11 143
13 142
52 155
80 137
5 184
117 186
150 176
96 163
30 136
77 168
89 135
147 174
88 185
28 140
48 86
66 96
16 95
71 170
111 119
24 29
66 80
46 77
104 169
66 180
66 153
52 181
124 173
65 91
46 114
61 152
148 180
115 136
5 64
40 95
99 178
18 136
117 151
133 170
141 155
12 150
8 77
17 159
18 79
105 130
152 187
50 53
133 174
13 158
103 104
115 142
2 150
7 89
133 173
98 109
114 186
73 112
5 34
21 61
4 50
25 172
7 149
130 176
33 135 62 142 128 10 163 43 141 38 11 19 186 95 1 91 32 3 54 159 88 179 139 50 121 80 172 171 175 140 104 81 161 106 98 36 75 39 178 64 174 85 143 120 94 18 20 152 119 86 180 100 157 169 58 12 41 45 160 30 70 77 56 42 52 47 46 127 111 13 23 72 14 151 67 156 90 93 35 22 170 83 112 57 122 25 147 138 78 131 31 59 26 114 153 55 97 165 125 40 107 130 136 149 166 134 34 96 167 84 7 123 184 109 89 9 76 51 101 148 28 82 74 61 162 164 37 79 16 116 181 92 129 185 44 177 105 118 108 137 132 63 146 102 8 158 145 53 68 5 21 182 176 2 133 113 155 49 27 150 6 173 115 183 117 71 29 99 60 24 48 87 4 15 126 168 187 124 66 69 110 144 17 65 73 154 103
190 363
64 68
68 91
91 144
144 115
115 48
48 90
90 187
187 3
3 181
181 176
176 9
9 21
21 154
154 183
183 81
81 170
170 42
42 180
180 108
108 29
29 112
112 55
55 120
120 106
106 22
22 190
190 20
20 111
111 54
54 79
79 169
169 74
74 25
25 167
167 77
77 109
109 125
125 1
1 110
110 172
172 52
52 19
19 185
185 82
82 33
33 23
23 137
137 146
146 66
66 89
89 88
88 75
75 5
5 131
131 179
179 80
80 124
124 36
36 128
128 162
162 160
160 10
10 96
96 178
178 41
41 166
166 63
63 173
173 130
130 98
98 148
148 16
16 103
103 104
104 151
151 118
118 15
15 136
136 43
43 153
153 133
133 24
24 94
94 85
85 189
189 155
155 47
47 107
107 40
40 174
174 102
102 157
157 78
78 138
138 152
152 188
188 129
129 184
184 17
17 142
142 175
175 171
171 182
182 38
38 34
34 132
132 8
8 62
62 140
140 53
53 161
161 92
92 69
69 71
71 97
97 57
57 56
56 46
46 32
32 121
121 93
93 76
76 27
27 4
4 39
39 31
31 113
113 84
84 163
163 139
139 99
99 186
186 95
95 134
134 114
114 83
83 61
61 2
2 116
116 72
72 158
158 147
147 73
73 164
164 70
70 18
18 51
51 13
13 45
45 127
127 49
49 87
87 26
26 30
30 100
100 86
86 150
150 14
14 12
12 122
122 141
141 67
67 35
35 177
177 165
165 50
50 58
58 59
59 143
143 7
7 159
159 11
11 105
105 117
117 37
37 126
126 28
28 145
145 65
65 149
149 135
135 101
101 168
168 44
44 119
119 60
60 6
6 123
123 156
156 64
75 171
59 44
180 8
1 89
91 95
80 128
155 175
170 93
9 27
190 88
141 44
77 125
64 164
93 27
185 33
27 39
62 46
190 167
118 85
14 123
96 166
144 39
64 2
3 27
176 27
20 167
88 38
160 85
137 89
22 38
112 120
164 150
185 23
70 45
62 56
10 173
160 98
68 83
40 184
62 71
16 85
14 122
157 152
141 50
2 147
163 95
174 129
141 35
169 25
136 153
45 150
164 123
5 189
19 23
37 44
45 86
80 189
144 113
189 171
159 117
170 8
160 16
52 137
120 8
135 44
149 44
91 84
161 69
96 41
116 147
52 23
108 8
75 38
54 169
5 171
166 173
2 73
62 97
30 86
155 142
91 134
84 95
68 114
119 123
155 40
40 142
45 49
170 32
8 46
106 132
136 94
154 27
140 71
190 1
91 113
118 136
58 44
65 44
144 90
115 90
80 85
159 37
139 95
90 39
54 167
110 89
141 165
157 129
140 161
106 8
141 177
143 37
104 118
91 114
62 57
101 44
141 123
164 14
139 186
77 1
181 27
143 44
164 156
189 175
187 39
183 93
49 26
81 93
119 6
80 162
170 46
172 89
5 80
1 88
10 166
126 44
22 34
108 120
153 24
54 25
10 98
49 30
174 157
70 51
80 160
190 38
22 132
153 94
184 142
146 89
157 138
44 123
29 120
70 150
144 31
157 188
14 141
118 94
145 44
5 179
75 182
3 39
190 77
140 69
143 159
32 93
64 61
111 167
64 73
124 128
47 40
51 45
28 44
64 68 91 144 115 48 90 187 3 181 176 9 21 154 183 81 170 42 180 108 29 112 55 120 106 22 190 20 111 54 79 169 74 25 167 77 109 125 1 110 172 52 19 185 82 33 23 137 146 66 89 88 75 5 131 179 80 124 36 128 162 160 10 96 178 41 166 63 173 130 98 148 16 103 104 151 118 15 136 43 153 133 24 94 85 189 155 47 107 40 174 102 157 78 138 152 188 129 184 17 142 175 171 182 38 34 132 8 62 140 53 161 92 69 71 97 57 56 46 32 121 93 76 27 4 39 31 113 84 163 139 99 186 95 134 114 83 61 2 116 72 158 147 73 164 70 18 51 13 45 127 49 87 26 30 100 86 150 14 12 122 141 67 35 177 165 50 58 59 143 7 159 11 105 117 37 126 28 145 65 149 135 101 168 44 119 60 6 123 156
31 78
23 26
26 12
12 8
8 17
17 29
29 30
30 19
19 9
9 1
1 21
21 6
6 7
7 14
14 5
5 2
2 4
4 16
16 11
11 31
31 22
22 27
27 13
13 15
15 10
10 20
20 24
24 28
28 25
25 18
18 3
3 23
10 29
6 20
2 22
9 27
6 8
3 6
14 18
2 29
12 18
1 31
20 29
18 26
23 30
10 13
3 26
1 27
5 29
5 28
7 9
20 23
2 11
20 30
1 12
19 21
10 14
6 14
1 13
4 21
27 29
6 31
7 27
15 20
10 17
4 25
1 25
7 8
17 22
16 19
6 13
3 15
23 31
13 29
2 18
3 27
18 22
15 24
6 22
23 26 12 8 17 29 30 19 9 1 21 6 7 14 5 2 4 16 11 31 22 27 13 15 10 20 24 28 25 18 3
179 320
90 102
102 25
25 162
162 80
80 104
104 38
38 70
70 107
107 166
166 21
21 176
176 81
81 59
59 121
121 56
56 150
150 179
179 118
118 143
143 57
57 112
112 93
93 172
172 92
92 138
138 20
20 109
109 178
178 77
77 78
78 145
145 168
168 97
97 74
74 89
89 30
30 144
144 31
31 16
16 48
48 1
1 64
64 140
140 151
151 156
156 52
52 47
47 40
40 99
99 146
146 35
35 124
124 167
167 174
174 148
148 10
10 18
18 65
65 68
68 103
103 37
37 157
157 66
66 111
111 147
147 91
91 63
63 24
24 34
34 14
14 120
120 87
87 72
72 17
17 133
133 170
170 116
116 58
58 177
177 46
46 42
42 9
9 117
117 19
19 131
131 53
53 45
45 114
114 134
134 127
127 41
41 84
84 62
62 32
32 152
152 130
130 2
2 169
169 153
153 4
4 100
100 15
15 73
73 165
165 94
94 44
44 142
142 135
135 119
119 86
86 128
128 158
158 137
137 139
139 154
154 161
161 136
136 159
159 23
23 101
101 122
122 171
171 29
29 105
105 3
3 132
132 22
22 39
39 50
50 11
11 126
126 54
54 175
175 49
49 67
67 26
26 76
76 55
55 164
164 98
98 88
88 79
79 27
27 108
108 71
71 75
75 123
123 115
115 173
173 95
95 83
83 60
60 160
160 51
51 28
28 113
113 125
125 155
155 85
85 106
106 5
5 8
8 12
12 110
110 163
163 141
141 82
82 13
13 149
149 96
96 69
69 33
33 43
43 7
7 129
129 6
6 36
36 61
61 90
164 168
53 63
42 140
8 19
122 157
46 108
27 60
146 163
113 141
127 172
53 137
77 158
64 108
41 92
103 130
85 159
8 36
11 26
54 63
114 146
73 96
69 115
67 120
107 165
8 138
139 141
44 46
114 155
95 175
55 171
69 143
105 156
1 171
43 153
16 72
47 158
19 120
40 96
132 134
87 106
32 156
41 148
45 161
94 174
105 136
124 143
138 145
21 101
28 35
105 125
117 136
89 119
90 168
42 175
56 178
70 89
14 15
89 142
57 75
3 45
96 151
97 155
35 145
37 40
1 23
53 107
37 92
17 55
43 72
42 129
87 145
159 166
56 162
161 166
96 137
35 63
150 156
112 156
14 176
65 145
3 135
2 87
79 175
36 154
28 138
172 179
9 91
23 141
63 118
56 107
29 122
28 170
101 173
87 100
11 135
29 87
123 172
10 82
79 81
52 175
24 56
147 148
61 126
115 116
89 103
4 163
97 160
43 100
8 178
22 36
8 89
100 168
154 157
18 155
109 137
37 67
40 51
51 107
142 161
11 81
55 146
113 122
7 64
134 157
55 98
87 171
66 124
80 144
65 144
13 22
165 178
168 170
10 29
98 106
145 156
1 143
38 81
26 136
27 105
94 115
69 163
90 102 25 162 80 104 38 70 107 166 21 176 81 59 121 56 150 179 118 143 57 112 93 172 92 138 20 109 178 77 78 145 168 97 74 89 30 144 31 16 48 1 64 140 151 156 52 47 40 99 146 35 124 167 174 148 10 18 65 68 103 37 157 66 111 147 91 63 24 34 14 120 87 72 17 133 170 116 58 177 46 42 9 117 19 131 53 45 114 134 127 41 84 62 32 152 130 2 169 153 4 100 15 73 165 94 44 142 135 119 86 128 158 137 139 154 161 136 159 23 101 122 171 29 105 3 132 22 39 50 11 126 54 175 49 67 26 76 55 164 98 88 79 27 108 71 75 123 115 173 95 83 60 160 51 28 113 125 155 85 106 5 8 12 110 163 141 82 13 149 96 69 33 43 7 129 6 36 61
