50
61 108
19 22
22 56
56 27
27 59
59 53
53 32
32 42
42 36
36 13
13 41
41 20
20 33
33 30
30 11
11 2
2 28
28 47
47 39
39 54
54 49
49 55
55 44
44 26
26 12
12 40
40 45
45 6
6 31
31 52
52 1
1 43
43 10
10 48
48 24
24 51
51 8
8 34
34 9
9 37
37 21
21 25
25 15
15 4
4 46
46 60
60 7
7 61
61 29
29 16
16 50
50 58
58 57
57 3
3 18
18 35
35 23
23 38
38 14
14 5
5 17
17 19
19 55
33 55
40 46
44 46
20 30
3 34
13 24
10 16
2 3
6 34
23 43
8 33
24 55
33 50
7 40
9 19
18 31
16 61
38 41
38 53
21 61
15 23
31 47
31 48
7 59
41 49
18 42
37 61
10 35
7 16
4 13
2 42
10 31
24 26
22 33
56 61
35 41
8 38
14 45
28 38
17 32
36 59
38 55
44 60
10 57
6 22
13 58
19 22 56 27 59 53 32 42 36 13 41 20 33 30 11 2 28 47 39 54 49 55 44 26 12 40 45 6 31 52 1 43 10 48 24 51 8 34 9 37 21 25 15 4 46 60 7 61 29 16 50 58 57 3 18 35 23 38 14 5 17
197 314
180 191
191 11
11 77
77 54
54 137
137 172
172 113
113 178
178 28
28 188
188 5
5 63
63 167
167 152
152 136
136 3
3 186
186 81
81 43
43 1
1 58
58 52
52 64
64 115
115 140
140 156
156 185
185 170
170 38
38 21
21 23
23 73
73 79
79 194
194 49
49 6
6 145
145 25
25 133
133 197
197 173
173 148
148 174
174 129
129 117
117 20
20 75
75 168
168 93
93 124
124 84
84 66
66 30
30 45
45 91
91 181
181 150
150 134
134 76
76 68
68 27
27 143
143 69
69 165
165 71
71 9
9 190
190 29
29 104
104 78
78 85
85 97
97 35
35 57
57 53
53 157
157 118
118 51
51 192
192 37
37 86
86 95
95 2
2 149
149 98
98 65
65 146
146 47
47 153
153 119
119 41
41 89
89 141
141 160
160 158
158 102
102 60
60 59
59 34
34 33
33 10
10 42
42 70
70 130
130 139
139 14
14 175
175 108
108 196
196 142
142 15
15 50
50 193
193 74
74 154
154 55
55 135
135 123
123 82
82 131
131 122
122 187
187 83
83 87
87 31
31 162
162 106
106 189
189 7
7 18
18 46
46 163
163 125
125 62
62 111
111 138
138 177
177 16
16 56
56 107
107 94
94 184
184 116
116 40
40 151
151 13
13 22
22 4
4 44
44 110
110 101
101 179
179 109
109 144
144 92
92 19
19 171
171 100
100 195
195 80
80 182
182 48
48 161
161 103
103 155
155 24
24 88
88 32
32 114
114 112
112 67
67 128
128 90
90 147
147 126
126 36
36 169
169 127
127 159
159 39
39 61
61 176
176 105
105 132
132 121
121 183
183 96
96 26
26 8
8 99
99 164
164 166
166 120
120 72
72 17
17 12
12 180
92 112
84 142
20 90
103 196
27 171
15 178
12 195
43 135
9 195
103 129
79 127
65 177
35 75
110 152
2 29
4 141
118 168
45 145
84 197
39 99
133 180
83 109
14 25
24 62
6 147
55 128
64 122
70 180
103 114
83 176
89 142
17 99
77 85
118 138
67 150
48 95
126 190
84 181
77 119
25 83
87 184
127 171
131 152
53 124
42 114
40 156
73 169
29 99
35 45
46 124
18 101
28 104
40 191
68 93
11 82
27 100
30 145
129 173
146 170
80 129
35 115
142 165
50 137
192 197
23 151
85 99
114 179
56 91
77 81
7 122
138 156
75 134
137 166
102 117
169 182
30 153
54 152
46 140
7 146
97 112
13 114
4 169
16 19
91 190
92 127
153 177
38 141
41 90
44 104
116 174
15 171
110 114
140 155
21 48
92 171
4 161
98 143
87 135
155 173
125 162
37 166
108 163
25 151
124 193
65 78
67 105
44 142
145 187
25 28
126 133
126 128
105 148
79 169
54 140
55 101
52 167
67 92
180 191 11 77 54 137 172 113 178 28 188 5 63 167 152 136 3 186 81 43 1 58 52 64 115 140 156 185 170 38 21 23 73 79 194 49 6 145 25 133 197 173 148 174 129 117 20 75 168 93 124 84 66 30 45 91 181 150 134 76 68 27 143 69 165 71 9 190 29 104 78 85 97 35 57 53 157 118 51 192 37 86 95 2 149 98 65 146 47 153 119 41 89 141 160 158 102 60 59 34 33 10 42 70 130 139 14 175 108 196 142 15 50 193 74 154 55 135 123 82 131 122 187 83 87 31 162 106 189 7 18 46 163 125 62 111 138 177 16 56 107 94 184 116 40 151 13 22 4 44 110 101 179 109 144 92 19 171 100 195 80 182 48 161 103 155 24 88 32 114 112 67 128 90 147 126 36 169 127 159 39 61 176 105 132 121 183 96 26 8 99 164 166 120 72 17 12
30 47
26 23
23 28
28 18
18 24
24 17
17 20
20 22
22 12
12 25
25 10
10 2
2 4
4 9
9 15
15 21
21 1
1 8
8 13
13 16
16 14
14 30
30 19
19 7
7 3
3 6
6 11
11 27
27 29
29 5
5 26
12 21
8 25
2 28
8 19
27 30
20 24
8 24
1 7
17 22
16 22
3 4
4 25
11 21
9 27
16 28
7 14
5 28
26 23 28 18 24 17 20 22 12 25 10 2 4 9 15 21 1 8 13 16 14 30 19 7 3 6 11 27 29 5
16 27
16 4
4 15
15 6
6 5
5 8
8 9
9 12
12 2
2 1
1 14
14 10
10 11
11 3
3 7
7 13
13 16
12 3
12 7
12 13
16 12
5 12
2 10
2 11
16 5
5 9
16 6
4 6
16 4 15 6 5 8 9 12 2 1 14 10 11 3 7 13
192 289
21 163
163 71
71 3
3 41
41 92
92 76
76 182
182 114
114 59
59 141
141 177
177 30
30 55
55 36
36 164
164 155
155 180
180 82
82 65
65 134
134 86
86 72
72 85
85 80
80 94
94 138
138 125
125 107
107 16
16 87
87 150
150 88
88 161
161 62
62 147
147 73
73 57
57 179
179 89
89 156
156 54
54 127
127 165
165 142
142 188
188 75
75 67
67 90
90 97
97 120
120 79
79 23
23 118
118 126
126 22
22 19
19 110
110 60
60 99
99 184
184 123
123 5
5 128
128 93
93 121
121 48
48 148
148 32
32 40
40 192
192 130
130 167
167 2
2 102
102 178
178 83
83 47
47 172
172 42
42 20
20 109
109 189
189 78
78 124
124 131
131 140
140 64
64 108
108 1
1 103
103 185
185 43
43 66
66 98
98 154
154 149
149 69
69 8
8 100
100 96
96 190
190 38
38 49
49 116
116 169
169 160
160 168
168 45
45 166
166 52
52 46
46 6
6 119
119 162
162 152
152 18
18 137
137 27
27 135
135 29
29 56
56 132
132 122
122 175
175 44
44 183
183 4
4 157
157 133
133 24
24 15
15 33
33 170
170 173
173 191
191 28
28 10
10 111
111 151
151 115
115 106
106 7
7 117
117 158
158 143
143 31
31 12
12 77
77 101
101 186
186 171
171 144
144 81
81 39
39 50
50 113
113 17
17 145
145 13
13 187
187 70
70 14
14 68
68 153
153 129
129 63
63 61
61 9
9 105
105 136
136 112
112 35
35 53
53 95
95 58
58 159
159 74
74 37
37 34
34 181
181 84
84 139
139 11
11 51
51 104
104 91
91 25
25 26
26 176
176 174
174 146
146 21
180 157
76 59
85 122
33 25
107 93
140 162
118 19
161 156
50 153
33 112
59 26
169 6
93 40
192 178
150 93
11 91
160 166
20 152
28 50
118 128
59 33
59 24
140 98
161 165
141 133
85 183
143 77
177 157
54 165
67 128
138 152
107 178
1 66
7 77
109 124
173 63
55 164
34 139
161 73
134 85
18 135
59 176
173 50
111 7
71 176
124 152
113 187
173 153
96 119
50 68
24 33
80 122
112 74
17 187
165 75
61 105
122 183
60 184
160 45
149 8
18 27
161 179
67 93
8 119
90 118
1 98
134 157
152 56
101 50
21 71
186 50
126 19
173 129
71 76
173 28
17 13
34 91
139 91
107 87
150 67
172 152
90 120
190 116
19 60
52 6
55 157
130 178
18 56
38 116
71 59
19 128
112 53
124 140
170 63
96 169
7 158
166 6
21 163 71 3 41 92 76 182 114 59 141 177 30 55 36 164 155 180 82 65 134 86 72 85 80 94 138 125 107 16 87 150 88 161 62 147 73 57 179 89 156 54 127 165 142 188 75 67 90 97 120 79 23 118 126 22 19 110 60 99 184 123 5 128 93 121 48 148 32 40 192 130 167 2 102 178 83 47 172 42 20 109 189 78 124 131 140 64 108 1 103 185 43 66 98 154 149 69 8 100 96 190 38 49 116 169 160 168 45 166 52 46 6 119 162 152 18 137 27 135 29 56 132 122 175 44 183 4 157 133 24 15 33 170 173 191 28 10 111 151 115 106 7 117 158 143 31 12 77 101 186 171 144 81 39 50 113 17 145 13 187 70 14 68 153 129 63 61 9 105 136 112 35 53 95 58 159 74 37 34 181 84 139 11 51 104 91 25 26 176 174 146
191 263
15 186
186 24
24 93
93 38
38 163
163 100
100 79
79 102
102 190
190 132
132 162
162 107
107 70
70 117
117 110
110 19
19 182
182 142
142 179
179 96
96 101
101 58
58 131
131 8
8 1
1 45
45 52
52 57
57 191
191 40
40 72
72 167
167 173
173 103
103 176
176 127
127 158
158 149
149 66
66 141
141 62
62 3
3 138
138 170
170 155
155 123
123 10
10 84
84 135
135 89
89 77
77 91
91 109
109 53
53 28
28 7
7 67
67 30
30 172
172 85
85 26
26 87
87 86
86 48
48 108
108 74
74 32
32 116
116 20
20 140
140 83
83 175
175 11
11 76
76 187
187 136
136 71
71 120
120 41
41 137
137 160
160 115
115 23
23 146
146 169
169 37
37 157
157 2
2 112
112 164
164 183
183 56
56 25
25 119
119 166
166 174
174 35
35 128
128 81
81 165
165 16
16 177
177 63
63 111
111 17
17 99
99 134
134 153
153 171
171 4
4 130
130 168
168 188
188 184
184 126
126 29
29 54
54 150
150 6
6 124
124 42
42 18
18 105
105 49
49 61
61 185
185 154
154 156
156 180
180 75
75 69
69 34
34 68
68 12
12 50
50 36
36 143
143 95
95 144
144 5
5 78
78 114
114 94
94 73
73 33
33 64
64 27
27 90
90 55
55 133
133 92
92 88
88 82
82 51
51 159
159 97
97 189
189 178
178 13
13 181
181 104
104 80
80 43
43 125
125 148
148 147
147 152
152 145
145 9
9 60
60 139
139 47
47 98
98 39
39 122
122 121
121 113
113 14
14 21
21 161
161 22
22 106
106 151
151 44
44 31
31 65
65 118
118 46
46 129
129 59
59 15
58 129
45 64
24 142
136 169
74 185
89 86
170 114
147 65
66 170
35 29
112 54
51 147
98 21
189 13
98 113
123 48
75 34
72 94
188 126
187 18
147 21
2 42
189 181
123 5
108 50
108 12
16 188
131 92
147 46
170 5
176 158
177 4
72 170
21 22
136 137
159 125
99 4
35 165
180 68
56 29
142 59
164 54
24 102
1 27
83 76
22 65
32 187
52 72
88 147
131 55
9 21
106 44
102 132
105 61
32 61
24 182
147 145
108 36
7 30
158 66
141 170
107 19
136 146
91 172
187 169
72 114
186 59
165 188
108 68
60 47
131 46
142 58
15 186 24 93 38 163 100 79 102 190 132 162 107 70 117 110 19 182 142 179 96 101 58 131 8 1 45 52 57 191 40 72 167 173 103 176 127 158 149 66 141 62 3 138 170 155 123 10 84 135 89 77 91 109 53 28 7 67 30 172 85 26 87 86 48 108 74 32 116 20 140 83 175 11 76 187 136 71 120 41 137 160 115 23 146 169 37 157 2 112 164 183 56 25 119 166 174 35 128 81 165 16 177 63 111 17 99 134 153 171 4 130 168 188 184 126 29 54 150 6 124 42 18 105 49 61 185 154 156 180 75 69 34 68 12 50 36 143 95 144 5 78 114 94 73 33 64 27 90 55 133 92 88 82 51 159 97 189 178 13 181 104 80 43 125 148 147 152 145 9 60 139 47 98 39 122 121 113 14 21 161 22 106 151 44 31 65 118 46 129 59
93 138
87 46
46 1
1 23
23 34
34 22
22 8
8 21
21 83
83 25
25 43
43 39
39 86
86 93
93 48
48 62
62 30
30 18
18 84
84 13
13 40
40 24
24 57
57 73
73 33
33 68
68 91
91 44
44 49
49 72
72 6
6 9
9 56
56 85
85 60
60 53
53 55
55 76
76 52
52 42
42 12
12 14
14 26
26 50
50 74
74 20
20 16
16 92
92 15
15 29
29 70
70 69
69 2
2 36
36 89
89 78
78 3
3 4
4 45
45 27
27 90
90 81
81 35
35 17
17 10
10 82
82 28
28 31
31 63
63 47
47 54
54 19
19 75
75 51
51 88
88 59
59 79
79 38
38 37
37 67
67 71
71 80
80 32
32 7
7 5
5 77
77 11
11 64
64 58
58 41
41 66
66 65
65 61
61 87
21 77
48 61
4 46
13 21
22 54
6 46
35 86
64 81
4 92
47 59
3 80
50 79
46 92
45 85
53 61
27 35
39 90
6 10
5 90
37 80
28 45
33 42
2 56
28 59
16 18
27 68
26 40
78 85
17 18
15 56
74 79
1 17
33 76
55 78
10 84
13 43
29 43
72 79
20 33
24 65
61 92
49 51
38 78
56 78
10 69
87 46 1 23 34 22 8 21 83 25 43 39 86 93 48 62 30 18 84 13 40 24 57 73 33 68 91 44 49 72 6 9 56 85 60 53 55 76 52 42 12 14 26 50 74 20 16 92 15 29 70 69 2 36 89 78 3 4 45 27 90 81 35 17 10 82 28 31 63 47 54 19 75 51 88 59 79 38 37 67 71 80 32 7 5 77 11 64 58 41 66 65 61
137 381
20 38
38 59
59 35
35 90
90 91
91 72
72 95
95 130
130 62
62 12
12 115
115 7
7 77
77 2
2 83
83 15
15 101
101 64
64 119
119 97
97 11
11 79
79 26
26 104
104 60
60 40
40 56
56 99
99 22
22 9
9 28
28 98
98 70
70 16
16 118
118 94
94 19
19 14
14 58
58 43
43 21
21 103
103 10
10 37
37 52
52 46
46 117
117 84
84 49
49 116
116 120
120 29
29 123
123 88
88 1
1 92
92 126
126 129
129 4
4 85
85 42
42 47
47 48
48 39
39 109
109 112
112 108
108 63
63 96
96 110
110 81
81 23
23 131
131 65
65 89
89 124
124 30
30 125
125 55
55 111
111 73
73 78
78 122
122 93
93 44
44 121
121 75
75 100
100 127
127 76
76 25
25 69
69 74
74 53
53 66
66 134
134 54
54 133
133 132
132 135
135 33
33 51
51 8
8 87
87 82
82 61
61 67
67 32
32 71
71 17
17 45
45 114
114 5
5 105
105 31
31 27
27 3
3 6
6 34
34 36
36 113
113 136
136 50
50 68
68 13
13 128
128 24
24 80
80 86
86 41
41 57
57 137
137 106
106 18
18 102
102 107
107 20
80 132
82 91
80 98
15 45
48 71
50 132
13 93
91 115
4 80
63 120
34 121
100 136
3 118
33 129
65 120
36 103
84 90
112 120
86 137
8 11
108 126
1 89
53 127
43 114
19 36
31 32
21 88
34 48
30 136
8 27
57 81
14 22
72 104
7 58
55 81
59 119
26 129
70 77
43 106
105 111
28 101
63 67
87 100
1 111
12 25
26 53
107 115
12 46
49 72
2 132
20 34
58 86
80 122
53 64
69 137
72 81
58 73
122 125
92 95
80 104
41 56
15 49
127 129
24 77
15 112
53 90
32 100
76 124
82 95
79 104
2 42
3 86
51 72
68 114
53 131
34 38
94 130
16 103
3 23
49 134
29 89
2 108
3 106
60 90
36 85
73 121
18 48
81 113
52 57
4 106
46 59
32 58
24 31
1 2
18 80
14 21
102 137
8 18
68 86
55 116
14 31
61 100
88 124
116 125
63 134
81 108
20 106
70 81
93 113
19 56
60 124
30 108
51 129
35 101
48 66
20 93
12 112
85 133
8 84
53 126
30 120
49 111
67 90
23 132
53 123
93 101
38 50
84 130
37 53
56 58
67 129
104 125
65 130
51 56
26 85
82 83
45 81
83 126
5 91
73 83
111 137
18 37
39 77
17 32
53 133
46 57
16 69
7 34
28 41
49 122
1 84
67 94
32 114
29 79
3 83
10 120
85 93
44 83
72 89
89 112
34 45
50 118
31 109
25 93
15 129
12 20
8 90
30 95
85 110
40 64
23 101
23 116
11 73
7 25
94 98
56 103
35 74
9 74
23 84
70 88
25 110
85 98
53 76
4 87
21 119
35 111
38 94
119 132
68 87
48 133
52 53
40 47
19 55
117 129
5 135
64 110
47 85
47 121
42 80
55 70
28 104
40 101
43 90
7 113
52 77
50 113
53 99
61 79
28 119
41 88
90 122
26 95
10 125
127 134
43 111
82 108
29 126
6 90
56 73
36 107
70 86
1 110
27 118
65 123
1 53
29 133
83 105
18 103
63 117
116 129
102 112
6 113
26 48
6 123
108 111
34 131
17 31
25 132
8 9
98 124
23 60
129 131
89 101
19 57
20 38 59 35 90 91 72 95 130 62 12 115 7 77 2 83 15 101 64 119 97 11 79 26 104 60 40 56 99 22 9 28 98 70 16 118 94 19 14 58 43 21 103 10 37 52 46 117 84 49 116 120 29 123 88 1 92 126 129 4 85 42 47 48 39 109 112 108 63 96 110 81 23 131 65 89 124 30 125 55 111 73 78 122 93 44 121 75 100 127 76 25 69 74 53 66 134 54 133 132 135 33 51 8 87 82 61 67 32 71 17 45 114 5 105 31 27 3 6 34 36 113 136 50 68 13 128 24 80 86 41 57 137 106 18 102 107
129 140
112 29
29 88
88 47
47 2
2 101
101 110
110 67
67 31
31 119
119 54
54 32
32 102
102 7
7 77
77 33
33 62
62 117
117 105
105 115
115 96
96 26
26 18
18 69
69 15
15 42
42 114
114 108
108 55
55 123
123 100
100 39
39 75
75 81
81 106
106 10
10 36
36 11
11 70
70 85
85 76
76 28
28 95
95 13
13 93
93 60
60 46
46 14
14 103
103 34
34 56
56 25
25 52
52 12
12 30
30 79
79 118
118 90
90 73
73 87
87 50
50 22
22 91
91 48
48 122
122 72
72 116
116 121
121 68
68 86
86 40
40 8
8 51
51 17
17 89
89 98
98 82
82 20
20 19
19 41
41 35
35 63
63 120
120 6
6 9
9 65
65 83
83 94
94 38
38 21
21 3
3 64
64 59
59 107
107 53
53 74
74 80
80 126
126 125
125 129
129 43
43 113
113 45
45 49
49 92
92 127
127 58
58 78
78 97
97 27
27 104
104 111
111 61
61 124
124 66
66 109
109 1
1 5
5 16
16 4
4 37
37 128
128 84
84 44
44 23
23 71
71 57
57 24
24 99
99 112
10 9
69 59
112 74
85 51
114 123
30 8
60 30
111 128
45 24
54 69
46 56
112 29 88 47 2 101 110 67 31 119 54 32 102 7 77 33 62 117 105 115 96 26 18 69 15 42 114 108 55 123 100 39 75 81 106 10 36 11 70 85 76 28 95 13 93 60 46 14 103 34 56 25 52 12 30 79 118 90 73 87 50 22 91 48 122 72 116 121 68 86 40 8 51 17 89 98 82 20 19 41 35 63 120 6 9 65 83 94 38 21 3 64 59 107 53 74 80 126 125 129 43 113 45 49 92 127 58 78 97 27 104 111 61 124 66 109 1 5 16 4 37 128 84 44 23 71 57 24 99
113 208
84 50
50 105
105 49
49 48
48 32
32 91
91 89
89 62
62 29
29 33
33 21
21 63
63 113
113 8
8 88
88 58
58 69
69 38
38 104
104 2
2 7
7 44
44 41
41 72
72 83
83 12
12 95
95 92
92 59
59 39
39 79
79 20
20 13
13 51
51 99
99 28
28 101
101 30
30 54
54 25
25 108
108 45
45 78
78 46
46 71
71 27
27 102
102 66
66 87
87 82
82 3
3 47
47 100
100 85
85 111
111 112
112 77
77 1
1 73
73 34
34 17
17 64
64 40
40 97
97 75
75 68
68 98
98 56
56 55
55 23
23 9
9 93
93 90
90 94
94 15
15 60
60 11
11 24
24 52
52 5
5 80
80 81
81 19
19 65
65 103
103 37
37 57
57 61
61 6
6 106
106 96
96 42
42 74
74 10
10 36
36 43
43 35
35 14
14 18
18 4
4 26
26 53
53 70
70 110
110 16
16 86
86 31
31 67
67 22
22 107
107 76
76 109
109 84
35 38
56 94
60 85
16 36
44 70
45 96
39 90
82 94
89 108
4 17
14 43
90 97
16 101
36 108
92 107
91 102
11 16
67 98
28 59
41 96
87 110
3 80
2 72
88 102
37 43
62 99
16 95
27 69
44 49
45 46
19 62
44 96
1 13
27 55
22 109
21 26
92 108
7 109
45 67
68 105
51 87
2 5
3 101
56 95
79 86
25 36
52 67
87 108
54 109
12 37
35 72
79 90
23 51
106 110
27 68
38 50
11 109
41 56
20 71
3 52
39 41
93 112
43 59
73 112
85 105
14 111
7 87
95 107
74 109
2 85
10 87
29 111
29 46
9 86
13 75
55 66
1 50
38 79
60 99
81 85
13 56
31 103
71 110
18 100
58 62
25 98
9 26
78 97
9 94
10 66
48 105
20 30
14 78
74 96
37 65
84 50 105 49 48 32 91 89 62 29 33 21 63 113 8 88 58 69 38 104 2 7 44 41 72 83 12 95 92 59 39 79 20 13 51 99 28 101 30 54 25 108 45 78 46 71 27 102 66 87 82 3 47 100 85 111 112 77 1 73 34 17 64 40 97 75 68 98 56 55 23 9 93 90 94 15 60 11 24 52 5 80 81 19 65 103 37 57 61 6 106 96 42 74 10 36 43 35 14 18 4 26 53 70 110 16 86 31 67 22 107 76 109
104 179
20 16
16 100
100 54
54 64
64 67
67 44
44 66
66 29
29 53
53 14
14 12
12 6
6 3
3 50
50 101
101 39
39 34
34 30
30 55
55 23
23 32
32 63
63 11
11 17
17 60
60 22
22 76
76 70
70 42
42 83
83 41
41 71
71 19
19 45
45 21
21 104
104 72
72 58
58 40
40 79
79 102
102 80
80 49
49 97
97 68
68 88
88 9
9 75
75 52
52 89
89 99
99 27
27 91
91 5
5 33
33 74
74 92
92 10
10 31
31 36
36 51
51 4
4 2
2 48
48 1
1 43
43 93
93 56
56 95
95 46
46 47
47 65
65 94
94 35
35 96
96 82
82 87
87 103
103 90
90 69
69 25
25 15
15 37
37 77
77 13
13 73
73 7
7 62
62 61
61 59
59 24
24 57
57 28
28 81
81 84
84 38
38 78
78 26
26 18
18 86
86 85
85 8
8 98
98 20
52 77
58 86
14 51
15 52
30 68
5 80
64 80
1 86
37 104
81 101
59 92
8 22
55 95
87 89
28 70
33 66
22 99
5 72
10 15
63 91
51 67
42 56
60 103
67 70
32 42
20 66
44 80
16 95
40 76
10 65
6 58
16 98
53 71
44 63
7 81
80 95
21 58
51 99
71 96
29 85
2 71
15 30
82 100
3 100
13 88
55 58
77 101
14 35
9 50
39 93
74 80
16 25
29 39
5 28
14 67
2 98
71 94
68 103
5 48
30 74
50 104
46 74
26 38
14 36
77 104
88 99
18 94
39 97
46 75
50 86
29 45
27 72
54 96
4 16
60 101
20 16 100 54 64 67 44 66 29 53 14 12 6 3 50 101 39 34 30 55 23 32 63 11 17 60 22 76 70 42 83 41 71 19 45 21 104 72 58 40 79 102 80 49 97 68 88 9 75 52 89 99 27 91 5 33 74 92 10 31 36 51 4 2 48 1 43 93 56 95 46 47 65 94 35 96 82 87 103 90 69 25 15 37 77 13 73 7 62 61 59 24 57 28 81 84 38 78 26 18 86 85 8 98
196 236
99 44
44 119
119 81
81 82
82 188
188 133
133 65
65 141
141 187
187 2
2 19
19 183
183 179
179 172
172 144
144 74
74 54
54 25
25 130
130 145
145 181
181 190
190 157
157 112
112 34
34 153
153 51
51 111
111 20
20 78
78 6
6 116
116 140
140 9
9 156
156 176
176 109
109 168
168 113
113 60
60 18
18 107
107 196
196 106
106 63
63 138
138 89
89 195
195 192
192 36
36 12
12 13
13 194
194 96
96 189
189 80
80 61
61 50
50 129
129 142
142 160
160 7
7 180
180 105
105 135
135 5
5 17
17 52
52 4
4 26
26 114
114 169
169 98
98 69
69 31
31 21
21 110
110 158
158 42
42 37
37 40
40 186
186 38
38 76
76 162
162 11
11 166
166 27
27 103
103 46
46 185
185 161
161 167
167 164
164 1
1 15
15 75
75 41
41 154
154 45
45 146
146 67
67 32
32 43
43 94
94 49
49 30
30 149
149 139
139 8
8 148
148 174
174 10
10 125
125 77
77 104
104 102
102 90
90 47
47 124
124 84
84 115
115 62
62 72
72 91
91 101
101 35
35 118
118 64
64 182
182 88
88 97
97 163
163 83
83 3
3 126
126 152
152 143
143 150
150 86
86 70
70 93
93 175
175 68
68 193
193 134
134 184
184 151
151 14
14 128
128 155
155 56
56 53
53 108
108 117
117 79
79 87
87 39
39 127
127 73
73 159
159 28
28 136
136 55
55 178
178 137
137 170
170 22
22 165
165 121
121 66
66 95
95 120
120 92
92 85
85 173
173 29
29 100
100 147
147 24
24 58
58 131
131 57
57 23
23 16
16 33
33 71
71 191
191 171
171 59
59 132
132 48
48 123
123 122
122 177
177 99
17 110
55 66
163 151
15 41
128 122
172 88
194 118
44 19
105 67
9 63
111 194
140 36
29 24
10 101
70 175
67 94
159 191
153 88
126 68
69 21
158 11
3 184
160 149
5 67
17 166
50 174
109 107
111 78
189 174
9 195
5 166
38 11
74 190
164 41
136 95
28 57
96 35
99 179
130 190
74 112
99 44 119 81 82 188 133 65 141 187 2 19 183 179 172 144 74 54 25 130 145 181 190 157 112 34 153 51 111 20 78 6 116 140 9 156 176 109 168 113 60 18 107 196 106 63 138 89 195 192 36 12 13 194 96 189 80 61 50 129 142 160 7 180 105 135 5 17 52 4 26 114 169 98 69 31 21 110 158 42 37 40 186 38 76 162 11 166 27 103 46 185 161 167 164 1 15 75 41 154 45 146 67 32 43 94 49 30 149 139 8 148 174 10 125 77 104 102 90 47 124 84 115 62 72 91 101 35 118 64 182 88 97 163 83 3 126 152 143 150 86 70 93 175 68 193 134 184 151 14 128 155 56 53 108 117 79 87 39 127 73 159 28 136 55 178 137 170 22 165 121 66 95 120 92 85 173 29 100 147 24 58 131 57 23 16 33 71 191 171 59 132 48 123 122 177
88 97
80 34
34 21
21 24
24 38
38 23
23 45
45 62
62 47
47 29
29 2
2 85
85 43
43 83
83 44
44 58
58 13
13 8
8 77
77 42
42 72
72 75
75 67
67 69
69 84
84 71
71 16
16 25
25 36
36 32
32 10
10 3
3 41
41 31
31 60
60 6
6 73
73 5
5 59
59 28
28 39
39 68
68 48
48 74
74 61
61 35
35 57
57 7
7 64
64 79
79 33
33 19
19 52
52 53
53 51
51 86
86 37
37 78
78 55
55 17
17 18
18 76
76 30
30 9
9 54
54 82
82 12
12 63
63 49
49 88
88 20
20 26
26 27
27 22
22 66
66 50
50 46
46 81
81 87
87 4
4 14
14 11
11 56
56 40
40 15
15 70
70 65
65 1
1 80
45 87
69 52
69 86
43 37
59 52
23 11
85 55
38 1
69 3
80 34 21 24 38 23 45 62 47 29 2 85 43 83 44 58 13 8 77 42 72 75 67 69 84 71 16 25 36 32 10 3 41 31 60 6 73 5 59 28 39 68 48 74 61 35 57 7 64 79 33 19 52 53 51 86 37 78 55 17 18 76 30 9 54 82 12 63 49 88 20 26 27 22 66 50 46 81 87 4 14 11 56 40 15 70 65 1
70 198
7 62
62 37
37 21
21 70
70 46
46 69
69 50
50 26
26 56
56 4
4 63
63 33
33 38
38 32
32 11
11 19
19 47
47 68
68 66
66 15
15 25
25 51
51 14
14 16
16 29
29 59
59 9
9 13
13 57
57 35
35 48
48 8
8 65
65 45
45 49
49 60
60 20
20 6
6 55
55 44
44 28
28 39
39 40
40 58
58 27
27 67
67 10
10 17
17 12
12 54
54 34
34 5
5 41
41 3
3 2
2 61
61 52
52 23
23 64
64 18
18 36
36 53
53 42
42 1
1 31
31 43
43 30
30 24
24 22
22 7
11 55
23 34
12 50
33 43
30 55
17 38
42 68
20 21
13 62
3 64
7 38
15 47
13 31
24 61
27 28
5 22
1 41
17 45
29 32
58 59
26 40
27 50
13 47
56 66
66 67
4 62
18 39
2 31
6 63
17 69
56 70
23 42
9 32
26 53
21 34
15 36
8 47
12 33
49 62
36 58
28 43
57 70
14 68
7 64
64 69
11 35
15 28
11 27
3 29
28 30
43 63
30 53
13 15
42 49
12 22
25 42
40 66
5 40
20 50
38 70
10 20
19 27
60 65
10 22
56 60
27 53
29 63
10 41
26 67
1 51
33 37
28 33
14 33
44 59
35 69
18 44
21 24
15 65
13 26
1 17
35 51
21 59
8 33
36 37
4 70
21 62
36 56
4 28
10 35
12 35
45 48
17 57
29 43
24 58
10 38
16 64
3 40
5 70
8 23
13 54
25 27
7 26
8 69
23 28
19 33
26 64
4 52
1 70
51 52
45 68
50 64
37 54
57 58
30 36
44 54
18 38
50 60
2 64
13 17
53 68
62 63
47 50
41 52
36 45
54 62
11 53
30 31
62 70
7 62 37 21 70 46 69 50 26 56 4 63 33 38 32 11 19 47 68 66 15 25 51 14 16 29 59 9 13 57 35 48 8 65 45 49 60 20 6 55 44 28 39 40 58 27 67 10 17 12 54 34 5 41 3 2 61 52 23 64 18 36 53 42 1 31 43 30 24 22
18 26
9 3
3 12
12 5
5 8
8 6
6 11
11 16
16 18
18 7
7 15
15 4
4 10
10 1
1 13
13 2
2 14
14 17
17 9
1 15
5 13
3 16
14 18
5 9
9 18
1 7
2 18
9 3 12 5 8 6 11 16 18 7 15 4 10 1 13 2 14 17
191 222
97 164
164 86
86 150
150 188
188 96
96 31
31 102
102 92
92 58
58 2
2 101
101 142
142 75
75 15
15 16
16 161
161 145
145 11
11 4
4 56
56 83
83 147
147 186
186 9
9 89
89 35
35 44
44 127
127 30
30 149
149 72
72 73
73 48
48 111
111 67
67 98
98 173
173 123
123 42
42 20
20 28
28 14
14 137
137 151
151 63
63 177
177 24
24 138
138 112
112 114
114 175
175 155
155 110
110 88
88 105
105 176
176 7
7 168
168 120
120 154
154 131
131 87
87 17
17 144
144 26
26 33
33 170
170 71
71 152
152 113
113 22
22 165
165 157
157 85
85 45
45 171
171 181
181 104
104 10
10 39
39 182
182 156
156 172
172 136
136 69
69 66
66 76
76 93
93 65
65 167
167 169
169 146
146 191
191 12
12 21
21 52
52 70
70 79
79 59
59 190
190 159
159 178
178 179
179 32
32 27
27 108
108 132
132 160
160 8
8 180
180 117
117 134
134 158
158 118
118 148
148 119
119 64
64 187
187 125
125 13
13 116
116 47
47 129
129 68
68 91
91 128
128 166
166 185
185 6
6 53
53 135
135 43
43 38
38 133
133 139
139 84
84 90
90 100
100 115
115 80
80 153
153 1
1 50
50 41
41 106
106 46
46 78
78 107
107 25
25 60
60 74
74 57
57 184
184 29
29 94
94 51
51 37
37 189
189 61
61 163
163 99
99 183
183 95
95 122
122 174
174 62
62 140
140 77
77 162
162 143
143 54
54 81
81 55
55 109
109 130
130 23
23 5
5 82
82 49
49 126
126 124
124 121
121 40
40 34
34 18
18 103
103 141
141 3
3 19
19 36
36 97
3 59
92 101
12 52
129 147
19 151
9 88
75 169
90 190
44 48
57 158
73 129
47 84
27 102
134 168
12 141
26 34
54 94
59 188
66 130
1 112
43 139
2 145
152 176
96 157
135 162
117 189
155 188
26 56
7 150
89 143
156 188
97 164 86 150 188 96 31 102 92 58 2 101 142 75 15 16 161 145 11 4 56 83 147 186 9 89 35 44 127 30 149 72 73 48 111 67 98 173 123 42 20 28 14 137 151 63 177 24 138 112 114 175 155 110 88 105 176 7 168 120 154 131 87 17 144 26 33 170 71 152 113 22 165 157 85 45 171 181 104 10 39 182 156 172 136 69 66 76 93 65 167 169 146 191 12 21 52 70 79 59 190 159 178 179 32 27 108 132 160 8 180 117 134 158 118 148 119 64 187 125 13 116 47 129 68 91 128 166 185 6 53 135 43 38 133 139 84 90 100 115 80 153 1 50 41 106 46 78 107 25 60 74 57 184 29 94 51 37 189 61 163 99 183 95 122 174 62 140 77 162 143 54 81 55 109 130 23 5 82 49 126 124 121 40 34 18 103 141 3 19 36
120 124
113 100
100 87
87 95
95 75
75 90
90 118
118 7
7 53
53 46
46 70
70 57
57 104
104 13
13 120
120 73
73 77
77 93
93 6
6 72
72 81
81 24
24 17
17 107
107 3
3 36
36 11
11 83
83 86
86 30
30 101
101 76
76 63
63 89
89 55
55 5
5 65
65 20
20 45
45 26
26 74
74 21
21 102
102 82
82 50
50 32
32 97
97 112
112 98
98 67
67 103
103 27
27 94
94 62
62 92
92 61
61 28
28 119
119 66
66 42
42 64
64 9
9 15
15 48
48 10
10 22
22 4
4 25
25 56
56 114
114 109
109 37
37 85
85 88
88 2
2 99
99 52
52 115
115 68
68 91
91 84
84 106
106 12
12 31
31 111
111 19
19 79
79 117
117 116
116 8
8 49
49 60
60 29
29 35
35 105
105 1
1 80
80 40
40 54
54 110
110 47
47 58
58 39
39 23
23 69
69 96
96 71
71 33
33 38
38 44
44 51
51 108
108 41
41 43
43 34
34 78
78 18
18 16
16 14
14 59
59 113
93 64
103 119
48 60
83 21
113 100 87 95 75 90 118 7 53 46 70 57 104 13 120 73 77 93 6 72 81 24 17 107 3 36 11 83 86 30 101 76 63 89 55 5 65 20 45 26 74 21 102 82 50 32 97 112 98 67 103 27 94 62 92 61 28 119 66 42 64 9 15 48 10 22 4 25 56 114 109 37 85 88 2 99 52 115 68 91 84 106 12 31 111 19 79 117 116 8 49 60 29 35 105 1 80 40 54 110 47 58 39 23 69 96 71 33 38 44 51 108 41 43 34 78 18 16 14 59
47 82
7 6
6 28
28 14
14 33
33 23
23 32
32 20
20 46
46 15
15 4
4 43
43 10
10 30
30 42
42 47
47 26
26 16
16 39
39 25
25 29
29 12
12 31
31 24
24 44
44 27
27 21
21 18
18 35
35 1
1 45
45 40
40 11
11 34
34 41
41 17
17 9
9 8
8 38
38 13
13 37
37 3
3 36
36 5
5 19
19 22
22 2
2 7
7 36
14 34
17 40
17 32
32 45
5 22
3 23
17 19
5 31
7 14
36 46
13 28
17 21
3 13
12 46
22 27
35 43
6 14
35 42
35 40
24 43
12 39
19 39
4 41
1 19
15 32
26 37
34 47
37 43
21 25
36 40
15 40
25 47
2 33
36 41
7 6 28 14 33 23 32 20 46 15 4 43 10 30 42 47 26 16 39 25 29 12 31 24 44 27 21 18 35 1 45 40 11 34 41 17 9 8 38 13 37 3 36 5 19 22 2
132 173
63 13
13 84
84 89
89 95
95 33
33 120
120 66
66 77
77 2
2 94
94 8
8 41
41 110
110 62
62 113
113 103
103 101
101 121
121 44
44 83
83 29
29 12
12 91
91 127
127 105
105 81
81 104
104 114
114 34
34 69
69 99
99 90
90 60
60 73
73 39
39 85
85 19
19 56
56 32
32 18
18 132
132 6
6 20
20 23
23 82
82 24
24 43
43 87
87 54
54 46
46 102
102 45
45 76
76 38
38 75
75 26
26 130
130 123
123 7
7 126
126 92
92 106
106 40
40 100
100 9
9 59
59 119
119 70
70 17
17 61
61 131
131 53
53 47
47 52
52 78
78 65
65 57
57 31
31 11
11 3
3 28
28 80
80 22
22 50
50 25
25 88
88 109
109 124
124 48
48 27
27 118
118 68
68 115
115 58
58 93
93 125
125 98
98 4
4 36
36 117
117 67
67 71
71 10
10 129
129 111
111 116
116 107
107 5
5 74
74 49
49 122
122 128
128 21
21 112
112 72
72 86
86 51
51 35
35 79
79 15
15 16
16 55
55 14
14 96
96 64
64 108
108 30
30 42
42 97
97 1
1 37
37 63
7 115
12 102
120 102
122 108
123 74
114 69
7 70
105 6
7 50
33 37
114 60
78 80
20 82
104 19
25 109
7 59
53 80
7 67
11 28
74 97
120 41
12 82
33 74
128 35
86 35
7 40
114 19
113 44
45 75
61 53
69 90
25 118
101 44
87 102
115 125
120 75
125 117
10 74
110 83
18 6
108 97
63 13 84 89 95 33 120 66 77 2 94 8 41 110 62 113 103 101 121 44 83 29 12 91 127 105 81 104 114 34 69 99 90 60 73 39 85 19 56 32 18 132 6 20 23 82 24 43 87 54 46 102 45 76 38 75 26 130 123 7 126 92 106 40 100 9 59 119 70 17 61 131 53 47 52 78 65 57 31 11 3 28 80 22 50 25 88 109 124 48 27 118 68 115 58 93 125 98 4 36 117 67 71 10 129 111 116 107 5 74 49 122 128 21 112 72 86 51 35 79 15 16 55 14 96 64 108 30 42 97 1 37
48 100
48 18
18 5
5 25
25 23
23 39
39 19
19 28
28 10
10 31
31 17
17 47
47 4
4 30
30 20
20 14
14 33
33 1
1 36
36 42
42 8
8 35
35 29
29 13
13 15
15 46
46 6
6 27
27 43
43 7
7 3
3 12
12 37
37 21
21 44
44 34
34 16
16 38
38 22
22 9
9 24
24 41
41 26
26 45
45 32
32 11
11 40
40 2
2 48
3 34
31 35
15 44
6 8
25 48
3 15
23 37
1 39
10 21
13 16
10 36
3 43
30 34
16 37
1 14
21 38
25 30
14 25
9 43
17 26
5 33
12 17
27 34
5 11
1 8
3 31
33 34
21 48
8 19
28 44
32 48
18 20
21 35
23 44
10 44
31 47
4 6
27 41
29 41
12 47
11 17
18 26
18 19
17 27
10 26
15 22
1 31
1 25
39 42
24 29
4 16
1 26
48 18 5 25 23 39 19 28 10 31 17 47 4 30 20 14 33 1 36 42 8 35 29 13 15 46 6 27 43 7 3 12 37 21 44 34 16 38 22 9 24 41 26 45 32 11 40 2
24 34
8 7
7 11
11 19
19 16
16 9
9 6
6 20
20 15
15 17
17 12
12 4
4 23
23 21
21 18
18 10
10 13
13 3
3 14
14 1
1 5
5 2
2 24
24 22
22 8
20 18
10 2
16 2
15 21
7 22
3 1
10 5
13 1
7 19
9 10
8 7 11 19 16 9 6 20 15 17 12 4 23 21 18 10 13 3 14 1 5 2 24 22
53 79
8 9
9 21
21 38
38 22
22 13
13 30
30 4
4 16
16 23
23 53
53 28
28 25
25 27
27 44
44 42
42 48
48 14
14 36
36 26
26 10
10 3
3 5
5 41
41 51
51 11
11 20
20 46
46 43
43 35
35 49
49 52
52 47
47 6
6 17
17 33
33 15
15 34
34 19
19 18
18 12
12 37
37 32
32 31
31 40
40 7
7 50
50 39
39 24
24 29
29 2
2 1
1 45
45 8
22 16
20 50
26 45
47 18
3 45
51 29
37 7
49 7
41 2
38 45
41 1
48 36
9 38
37 40
51 20
28 36
51 24
53 36
18 37
27 36
52 7
6 34
50 24
44 36
51 50
38 36
8 9 21 38 22 13 30 4 16 23 53 28 25 27 44 42 48 14 36 26 10 3 5 41 51 11 20 46 43 35 49 52 47 6 17 33 15 34 19 18 12 37 32 31 40 7 50 39 24 29 2 1 45
177 287
126 141
141 133
133 20
20 42
42 80
80 19
19 82
82 167
167 83
83 6
6 69
69 168
168 176
176 41
41 52
52 112
112 148
148 53
53 77
77 108
108 122
122 134
134 165
165 138
138 9
9 15
15 32
32 35
35 146
146 104
104 76
76 95
95 3
3 65
65 114
114 45
45 171
171 109
109 130
130 27
27 75
75 136
136 63
63 84
84 2
2 162
162 10
10 28
28 150
150 17
17 102
102 173
173 86
86 131
131 51
51 159
159 30
30 156
156 111
111 124
124 87
87 79
79 78
78 140
140 166
166 174
174 1
1 119
119 54
54 56
56 97
97 85
85 94
94 110
110 91
91 127
127 157
157 135
135 175
175 142
142 37
37 68
68 70
70 177
177 67
67 14
14 89
89 23
23 153
153 59
59 31
31 152
152 106
106 40
40 38
38 21
21 48
48 123
123 73
73 57
57 154
154 172
172 26
26 29
29 55
55 107
107 132
132 39
39 164
164 155
155 101
101 103
103 5
5 88
88 117
117 25
25 147
147 170
170 125
125 61
61 36
36 169
169 139
139 11
11 149
149 81
81 18
18 116
116 13
13 8
8 60
60 66
66 49
49 58
58 7
7 74
74 113
113 105
105 161
161 47
47 92
92 151
151 50
50 12
12 100
100 43
43 137
137 93
93 24
24 33
33 72
72 71
71 96
96 143
143 115
115 145
145 121
121 90
90 144
144 22
22 46
46 118
118 4
4 16
16 62
62 34
34 163
163 160
160 120
120 99
99 129
129 98
98 158
158 44
44 64
64 128
128 126
110 124
68 167
115 167
106 171
92 149
16 20
95 140
44 124
5 7
166 171
22 25
26 110
67 119
99 134
53 160
173 174
75 79
59 96
14 146
47 142
2 71
158 162
43 88
14 80
167 177
20 30
47 171
21 158
98 151
26 93
88 160
24 57
5 168
80 91
81 170
118 166
4 159
46 73
42 128
127 150
57 76
26 148
22 107
81 116
71 117
146 168
78 99
26 76
21 47
72 136
37 177
66 74
115 157
86 157
7 159
91 174
95 165
18 67
18 64
14 68
7 57
16 170
125 145
143 146
30 38
65 145
72 155
73 173
81 133
8 112
76 114
112 133
129 136
11 88
11 166
119 145
83 126
43 49
144 167
83 102
58 74
29 89
47 137
38 75
89 159
48 121
108 176
9 27
57 150
41 99
14 19
24 173
21 70
64 151
98 114
24 148
18 145
98 153
39 59
91 115
59 91
17 51
69 139
134 156
120 122
49 93
9 165
89 118
34 146
68 142
126 141 133 20 42 80 19 82 167 83 6 69 168 176 41 52 112 148 53 77 108 122 134 165 138 9 15 32 35 146 104 76 95 3 65 114 45 171 109 130 27 75 136 63 84 2 162 10 28 150 17 102 173 86 131 51 159 30 156 111 124 87 79 78 140 166 174 1 119 54 56 97 85 94 110 91 127 157 135 175 142 37 68 70 177 67 14 89 23 153 59 31 152 106 40 38 21 48 123 73 57 154 172 26 29 55 107 132 39 164 155 101 103 5 88 117 25 147 170 125 61 36 169 139 11 149 81 18 116 13 8 60 66 49 58 7 74 113 105 161 47 92 151 50 12 100 43 137 93 24 33 72 71 96 143 115 145 121 90 144 22 46 118 4 16 62 34 163 160 120 99 129 98 158 44 64 128
122 171
84 69
69 39
39 100
100 33
33 71
71 60
60 23
23 8
8 110
110 56
56 4
4 112
112 96
96 108
108 36
36 89
89 41
41 111
111 9
9 73
73 35
35 11
11 6
6 48
48 12
12 72
72 121
121 1
1 120
120 77
77 50
50 116
116 79
79 74
74 95
95 88
88 81
81 14
14 32
32 76
76 51
51 68
68 58
58 103
103 2
2 122
122 34
34 26
26 20
20 54
54 7
7 16
16 115
115 59
59 113
113 44
44 83
83 106
106 28
28 21
21 117
117 61
61 25
25 65
65 40
40 49
49 31
31 86
86 66
66 29
29 62
62 91
91 78
78 55
55 118
118 99
99 46
46 90
90 13
13 15
15 27
27 82
82 97
97 119
119 52
52 98
98 45
45 87
87 37
37 92
92 70
70 18
18 57
57 30
30 5
5 75
75 63
63 104
104 80
80 93
93 94
94 114
114 38
38 47
47 109
109 53
53 24
24 105
105 102
102 43
43 85
85 3
3 19
19 17
17 22
22 67
67 10
10 64
64 42
42 101
101 107
107 84
28 85
21 66
26 106
27 75
84 120
62 94
48 121
60 110
39 73
98 57
32 64
37 18
94 102
58 22
71 9
106 3
95 32
109 102
26 22
120 50
29 43
88 14
106 85
79 64
118 80
51 67
11 121
7 59
3 17
84 79
64 107
94 38
54 59
55 94
112 41
27 63
74 32
98 5
32 10
55 93
121 120
71 56
21 65
108 41
27 5
33 73
45 37
29 102
27 97
84 69 39 100 33 71 60 23 8 110 56 4 112 96 108 36 89 41 111 9 73 35 11 6 48 12 72 121 1 120 77 50 116 79 74 95 88 81 14 32 76 51 68 58 103 2 122 34 26 20 54 7 16 115 59 113 44 83 106 28 21 117 61 25 65 40 49 31 86 66 29 62 91 78 55 118 99 46 90 13 15 27 82 97 119 52 98 45 87 37 92 70 18 57 30 5 75 63 104 80 93 94 114 38 47 109 53 24 105 102 43 85 3 19 17 22 67 10 64 42 101 107
74 182
11 22
22 73
73 24
24 7
7 36
36 38
38 67
67 34
34 56
56 51
51 15
15 37
37 71
71 17
17 53
53 30
30 18
18 74
74 44
44 52
52 55
55 69
69 41
41 23
23 1
1 62
62 39
39 10
10 59
59 33
33 28
28 6
6 31
31 60
60 9
9 3
3 54
54 32
32 50
50 57
57 25
25 61
61 21
21 66
66 12
12 29
29 20
20 49
49 46
46 19
19 27
27 63
63 13
13 48
48 40
40 5
5 43
43 2
2 58
58 4
4 8
8 35
35 72
72 47
47 70
70 14
14 45
45 64
64 16
16 68
68 42
42 65
65 26
26 11
26 29
21 25
53 63
53 71
5 44
22 48
24 69
27 43
4 13
5 7
45 47
36 54
11 20
24 53
12 30
46 52
27 48
53 65
9 46
4 46
9 61
50 52
55 64
31 44
19 49
21 44
55 73
35 68
63 68
18 50
16 51
18 38
42 59
53 64
9 37
34 52
44 45
14 40
12 54
8 50
28 42
22 54
33 63
27 34
57 72
27 64
18 68
16 24
1 58
4 43
13 74
53 57
21 47
6 64
2 6
3 11
14 16
9 15
38 63
36 56
27 71
33 66
56 74
3 10
35 49
30 55
24 34
9 22
13 37
10 56
23 65
39 53
25 35
14 22
35 44
55 58
37 54
2 33
25 31
17 69
42 58
24 28
58 64
4 53
35 40
4 16
71 72
34 44
19 41
29 64
32 67
21 63
23 42
1 40
8 22
36 39
8 48
21 59
24 31
19 48
50 55
25 36
21 72
43 57
23 66
22 59
63 69
15 65
11 22 73 24 7 36 38 67 34 56 51 15 37 71 17 53 30 18 74 44 52 55 69 41 23 1 62 39 10 59 33 28 6 31 60 9 3 54 32 50 57 25 61 21 66 12 29 20 49 46 19 27 63 13 48 40 5 43 2 58 4 8 35 72 47 70 14 45 64 16 68 42 65 26
149 237
146 17
17 82
82 68
68 3
3 110
110 148
148 44
44 40
40 32
32 35
35 46
46 119
119 45
45 113
113 52
52 33
33 114
114 6
6 8
8 24
24 34
34 144
144 27
27 60
60 94
94 135
135 25
25 140
140 57
57 121
121 134
134 73
73 15
15 1
1 102
102 16
16 36
36 125
125 49
49 131
131 86
86 133
133 54
54 72
72 101
101 132
132 129
129 10
10 147
147 48
48 90
90 71
71 51
51 87
87 37
37 11
11 31
31 100
100 93
93 61
61 149
149 79
79 64
64 58
58 5
5 127
127 139
139 120
120 80
80 106
106 4
4 123
123 26
26 83
83 104
104 84
84 43
43 142
142 66
66 42
42 91
91 103
103 2
2 137
137 109
109 88
88 74
74 21
21 50
50 116
116 112
112 12
12 89
89 70
70 55
55 75
75 105
105 30
30 95
95 118
118 138
138 41
41 77
77 63
63 39
39 7
7 65
65 22
22 145
145 38
38 99
99 107
107 47
47 9
9 67
67 117
117 59
59 124
124 81
81 96
96 78
78 19
19 108
108 141
141 29
29 97
97 143
143 85
85 98
98 14
14 136
136 28
28 115
115 111
111 23
23 20
20 18
18 69
69 76
76 122
122 128
128 130
130 13
13 53
53 126
126 92
92 62
62 56
56 146
15 38
133 139
40 13
117 108
16 118
73 117
34 122
16 145
146 62
25 97
132 147
49 95
147 61
64 139
132 149
2 12
120 106
101 139
132 61
113 13
133 103
25 115
114 122
48 37
39 65
96 19
101 64
103 12
15 16
107 67
15 145
21 116
2 21
15 117
47 67
36 49
13 92
36 118
123 142
55 95
135 76
26 84
89 55
17 110
40 113
108 97
52 13
131 95
16 41
12 55
140 108
146 13
48 71
35 119
146 92
32 45
25 18
17 148
2 88
37 31
132 10
17 40
140 117
124 96
143 14
25 69
97 136
136 115
59 108
135 69
131 12
86 103
85 14
140 121
32 113
137 88
133 120
100 61
63 65
131 103
147 31
122 13
122 130
48 31
144 122
132 64
133 4
77 145
146 17 82 68 3 110 148 44 40 32 35 46 119 45 113 52 33 114 6 8 24 34 144 27 60 94 135 25 140 57 121 134 73 15 1 102 16 36 125 49 131 86 133 54 72 101 132 129 10 147 48 90 71 51 87 37 11 31 100 93 61 149 79 64 58 5 127 139 120 80 106 4 123 26 83 104 84 43 142 66 42 91 103 2 137 109 88 74 21 50 116 112 12 89 70 55 75 105 30 95 118 138 41 77 63 39 7 65 22 145 38 99 107 47 9 67 117 59 124 81 96 78 19 108 141 29 97 143 85 98 14 136 28 115 111 23 20 18 69 76 122 128 130 13 53 126 92 62 56
152 275
104 90
90 120
120 148
148 76
76 136
136 151
151 6
6 48
48 55
55 91
91 46
46 78
78 132
132 10
10 103
103 63
63 45
45 12
12 127
127 126
126 110
110 39
39 49
49 66
66 108
108 95
95 97
97 67
67 27
27 50
50 28
28 115
115 109
109 102
102 42
42 2
2 83
83 80
80 131
131 7
7 75
75 21
21 44
44 74
74 114
114 69
69 129
129 32
32 8
8 85
85 30
30 29
29 36
36 20
20 81
81 16
16 38
38 121
121 135
135 105
105 34
34 82
82 24
24 43
43 86
86 51
51 142
142 14
14 1
1 113
113 140
140 60
60 77
77 122
122 73
73 65
65 18
18 100
100 130
130 150
150 139
139 112
112 23
23 152
152 124
124 62
62 57
57 116
116 9
9 118
118 15
15 79
79 64
64 94
94 40
40 138
138 88
88 19
19 59
59 144
144 145
145 98
98 4
4 31
31 61
61 5
5 99
99 137
137 149
149 133
133 143
143 96
96 111
111 26
26 37
37 56
56 53
53 25
25 13
13 93
93 92
92 119
119 70
70 35
35 134
134 141
141 58
58 52
52 72
72 101
101 125
125 3
3 41
41 117
117 11
11 87
87 123
123 71
71 54
54 146
146 33
33 147
147 128
128 106
106 47
47 22
22 68
68 84
84 89
89 107
107 17
17 104
67 79
117 68
30 18
137 3
145 4
134 125
34 60
55 40
7 30
10 127
130 124
6 137
11 146
76 89
134 58
11 22
126 79
100 79
50 100
95 67
126 66
59 31
136 6
2 131
121 105
25 93
88 99
3 84
26 3
41 68
36 65
31 99
35 125
6 55
36 121
69 8
131 100
106 22
132 40
60 122
6 3
56 93
121 73
58 72
36 81
28 100
88 137
24 140
10 79
130 79
24 1
143 111
88 59
88 31
90 107
105 73
86 14
87 54
43 1
95 79
115 102
55 132
138 137
126 49
149 143
119 3
128 22
55 78
63 12
139 152
37 93
130 116
136 84
75 44
87 71
59 4
110 49
76 107
37 92
124 116
50 79
90 76
7 100
111 3
146 147
37 119
66 79
36 73
114 85
70 3
66 95
127 79
24 113
36 16
30 36
60 73
36 18
115 100
137 143
30 100
102 2
76 84
150 124
75 114
58 101
82 60
112 152
116 118
70 125
86 142
41 84
58 125
102 100
79 40
7 114
53 93
11 128
137 111
69 32
79 94
16 121
34 73
90 148
104 90 120 148 76 136 151 6 48 55 91 46 78 132 10 103 63 45 12 127 126 110 39 49 66 108 95 97 67 27 50 28 115 109 102 42 2 83 80 131 7 75 21 44 74 114 69 129 32 8 85 30 29 36 20 81 16 38 121 135 105 34 82 24 43 86 51 142 14 1 113 140 60 77 122 73 65 18 100 130 150 139 112 23 152 124 62 57 116 9 118 15 79 64 94 40 138 88 19 59 144 145 98 4 31 61 5 99 137 149 133 143 96 111 26 37 56 53 25 13 93 92 119 70 35 134 141 58 52 72 101 125 3 41 117 11 87 123 71 54 146 33 147 128 106 47 22 68 84 89 107 17
18 29
6 1
1 12
12 17
17 15
15 4
4 7
7 10
10 13
13 9
9 11
11 3
3 8
8 14
14 18
18 2
2 5
5 16
16 6
4 10
13 14
17 14
14 2
17 16
17 2
1 16
9 14
15 13
9 8
1 17
6 1 12 17 15 4 7 10 13 9 11 3 8 14 18 2 5 16
73 79
53 3
3 26
26 12
12 19
19 11
11 37
37 72
72 67
67 39
39 57
57 70
70 40
40 25
25 61
61 54
54 35
35 68
68 49
49 50
50 31
31 45
45 6
6 55
55 44
44 16
16 18
18 58
58 15
15 21
21 56
56 23
23 47
47 13
13 43
43 52
52 24
24 42
42 7
7 20
20 14
14 32
32 2
2 38
38 71
71 8
8 30
30 27
27 22
22 41
41 4
4 73
73 51
51 36
36 48
48 60
60 64
64 46
46 1
1 34
34 10
10 5
5 9
9 69
69 63
63 28
28 29
29 62
62 17
17 33
33 66
66 65
65 59
59 53
16 72
5 7
63 68
31 72
10 63
19 39
53 3 26 12 19 11 37 72 67 39 57 70 40 25 61 54 35 68 49 50 31 45 6 55 44 16 18 58 15 21 56 23 47 13 43 52 24 42 7 20 14 32 2 38 71 8 30 27 22 41 4 73 51 36 48 60 64 46 1 34 10 5 9 69 63 28 29 62 17 33 66 65 59
6 13
4 2
2 5
5 3
3 6
6 1
1 4
5 6
1 3
2 6
3 4
4 6
1 5
4 5
4 2 5 3 6 1
24 135
17 12
12 9
9 11
11 10
10 13
13 14
14 22
22 16
16 1
1 3
3 18
18 19
19 7
7 2
2 20
20 5
5 6
6 15
15 8
8 21
21 24
24 4
4 23
23 17
4 8
2 22
16 19
19 23
3 11
5 22
7 22
7 9
11 23
12 20
11 20
6 21
3 13
1 10
1 11
11 22
5 7
4 14
20 22
2 3
20 21
14 16
1 21
5 18
4 17
12 13
10 16
12 22
21 23
9 20
5 15
14 19
8 23
9 18
6 13
3 15
1 20
1 13
7 15
15 23
10 15
10 12
11 21
1 15
10 21
4 10
13 21
10 22
4 13
3 23
6 12
9 23
18 24
16 20
1 8
13 17
17 22
8 17
6 11
2 14
2 10
11 14
1 2
16 21
9 19
3 24
4 16
7 12
8 11
5 12
2 16
1 5
2 21
7 23
23 24
6 7
20 24
17 20
7 8
13 15
10 14
11 24
12 15
12 14
4 9
19 20
5 8
3 22
16 18
7 10
9 22
5 23
8 19
3 12
2 23
8 12
8 9
18 22
10 17
1 17
6 16
15 21
22 24
4 7
6 23
4 12
1 14
5 10
7 18
21 22
2 4
17 12 9 11 10 13 14 22 16 1 3 18 19 7 2 20 5 6 15 8 21 24 4 23
121 263
16 53
53 114
114 92
92 38
38 95
95 51
51 8
8 27
27 26
26 89
89 71
71 34
34 61
61 83
83 110
110 111
111 30
30 66
66 18
18 59
59 21
21 105
105 25
25 13
13 72
72 84
84 52
52 76
76 70
70 3
3 115
115 32
32 112
112 47
47 7
7 107
107 17
17 20
20 9
9 65
65 64
64 97
97 82
82 35
35 44
44 88
88 101
101 29
29 22
22 58
58 40
40 81
81 90
90 69
69 42
42 68
68 45
45 98
98 106
106 54
54 28
28 77
77 31
31 6
6 104
104 19
19 15
15 1
1 60
60 87
87 79
79 12
12 73
73 5
5 39
39 119
119 96
96 14
14 100
100 103
103 94
94 49
49 24
24 99
99 41
41 113
113 121
121 74
74 50
50 109
109 37
37 2
2 10
10 78
78 120
120 62
62 56
56 43
43 11
11 85
85 55
55 46
46 80
80 86
86 33
33 75
75 36
36 118
118 48
48 63
63 117
117 67
67 91
91 108
108 4
4 23
23 93
93 57
57 102
102 116
116 16
39 88
38 114
65 115
17 67
1 87
33 35
48 71
36 110
9 108
89 90
35 84
69 106
54 65
56 70
82 113
3 100
25 91
62 84
19 56
23 68
25 30
60 119
12 28
15 116
1 5
6 113
28 55
73 79
11 86
21 96
17 19
77 120
27 39
29 31
30 62
88 106
95 116
109 114
61 96
70 86
4 82
50 113
2 26
108 119
13 76
20 77
17 36
36 107
44 45
16 99
64 88
55 78
39 114
38 103
23 98
19 80
30 38
95 107
1 93
76 95
46 74
1 37
74 106
15 58
19 115
27 58
13 119
32 72
28 113
63 77
53 90
35 40
71 94
8 35
80 88
52 89
61 63
68 109
5 38
33 58
45 85
51 74
71 109
6 83
19 53
112 118
2 107
23 119
33 92
16 110
40 111
11 46
43 77
36 68
2 42
19 42
46 61
16 21
80 116
60 79
17 103
80 97
17 27
22 94
11 26
112 120
68 83
10 88
20 68
8 47
92 120
11 42
16 103
54 115
47 91
18 38
30 73
36 76
1 115
26 44
61 81
42 101
4 19
47 77
12 90
67 107
102 112
86 115
13 24
3 24
4 79
4 66
17 91
6 120
60 89
2 57
41 115
12 111
9 75
45 63
55 80
35 69
16 53 114 92 38 95 51 8 27 26 89 71 34 61 83 110 111 30 66 18 59 21 105 25 13 72 84 52 76 70 3 115 32 112 47 7 107 17 20 9 65 64 97 82 35 44 88 101 29 22 58 40 81 90 69 42 68 45 98 106 54 28 77 31 6 104 19 15 1 60 87 79 12 73 5 39 119 96 14 100 103 94 49 24 99 41 113 121 74 50 109 37 2 10 78 120 62 56 43 11 85 55 46 80 86 33 75 36 118 48 63 117 67 91 108 4 23 93 57 102 116
106 200
62 42
42 14
14 100
100 83
83 32
32 21
21 76
76 70
70 91
91 38
38 31
31 25
25 28
28 105
105 37
37 68
68 5
5 15
15 50
50 93
93 56
56 89
89 69
69 13
13 74
74 12
12 29
29 102
102 27
27 34
34 92
92 60
60 51
51 64
64 48
48 84
84 67
67 24
24 11
11 57
57 72
72 35
35 81
81 46
46 26
26 52
52 82
82 45
45 18
18 8
8 78
78 16
16 96
96 41
41 43
43 47
47 2
2 59
59 90
90 73
73 94
94 9
9 36
36 55
55 87
87 79
79 71
71 3
3 22
22 30
30 1
1 106
106 103
103 77
77 54
54 85
85 86
86 97
97 33
33 75
75 88
88 61
61 65
65 101
101 20
20 17
17 80
80 19
19 99
99 53
53 6
6 63
63 7
7 23
23 10
10 44
44 66
66 104
104 49
49 95
95 39
39 4
4 40
40 98
98 58
58 62
45 69
50 60
54 56
25 76
44 106
36 50
13 32
87 99
59 94
51 76
8 40
37 85
36 61
23 90
10 56
11 95
46 57
6 43
19 26
21 84
5 58
21 22
80 96
63 102
57 87
50 77
56 68
48 59
22 55
17 97
24 38
16 62
88 105
7 61
68 80
35 95
23 39
53 90
52 87
8 20
53 104
50 83
36 56
61 79
34 63
36 86
8 64
32 68
59 70
4 56
20 81
43 45
32 93
87 100
12 79
41 44
38 47
4 72
5 67
11 71
8 66
19 93
42 88
13 21
11 100
4 103
9 100
11 54
50 55
79 93
27 28
67 96
46 90
97 105
51 63
36 83
17 60
15 32
22 26
72 98
35 79
41 59
82 88
41 78
63 86
28 69
55 89
2 55
93 106
9 12
31 69
75 83
20 105
1 22
62 42 14 100 83 32 21 76 70 91 38 31 25 28 105 37 68 5 15 50 93 56 89 69 13 74 12 29 102 27 34 92 60 51 64 48 84 67 24 11 57 72 35 81 46 26 52 82 45 18 8 78 16 96 41 43 47 2 59 90 73 94 9 36 55 87 79 71 3 22 30 1 106 103 77 54 85 86 97 33 75 88 61 65 101 20 17 80 19 99 53 6 63 7 23 10 44 66 104 49 95 39 4 40 98 58
35 55
2 7
7 6
6 16
16 8
8 9
9 17
17 22
22 23
23 26
26 30
30 35
35 19
19 4
4 14
14 21
21 3
3 25
25 31
31 20
20 10
10 5
5 12
12 11
11 18
18 15
15 1
1 33
33 28
28 24
24 32
32 29
29 34
34 13
13 27
27 2
7 12
25 12
12 29
8 12
14 25
17 26
28 32
33 29
4 25
17 35
35 4
11 15
17 25
11 33
22 26
20 12
21 25
20 5
7 34
7 8
2 7 6 16 8 9 17 22 23 26 30 35 19 4 14 21 3 25 31 20 10 5 12 11 18 15 1 33 28 24 32 29 34 13 27
17 30
13 3
3 5
5 12
12 14
14 2
2 16
16 1
1 8
8 6
6 7
7 10
10 15
15 9
9 4
4 11
11 17
17 13
6 10
6 11
10 4
3 16
6 17
3 2
5 2
5 14
15 4
1 17
3 1
1 6
6 4
13 3 5 12 14 2 16 1 8 6 7 10 15 9 4 11 17
26 26
24 10
10 12
12 13
13 22
22 23
23 20
20 19
19 18
18 15
15 17
17 2
2 6
6 25
25 1
1 7
7 9
9 4
4 16
16 11
11 21
21 8
8 26
26 14
14 5
5 3
3 24
24 10 12 13 22 23 20 19 18 15 17 2 6 25 1 7 9 4 16 11 21 8 26 14 5 3
114 206
24 45
45 34
34 10
10 40
40 7
7 53
53 97
97 78
78 95
95 102
102 5
5 93
93 8
8 69
69 15
15 62
62 60
60 29
29 17
17 12
12 63
63 111
111 38
38 70
70 86
86 28
28 88
88 105
105 77
77 26
26 30
30 64
64 90
90 58
58 75
75 108
108 47
47 100
100 1
1 80
80 13
13 76
76 20
20 52
52 35
35 68
68 3
3 61
61 56
56 67
67 101
101 72
72 39
39 23
23 112
112 41
41 42
42 21
21 51
51 54
54 57
57 79
79 91
91 9
9 65
65 89
89 14
14 2
2 33
33 11
11 36
36 84
84 48
48 66
66 82
82 81
81 110
110 106
106 87
87 73
73 18
18 50
50 6
6 59
59 92
92 22
22 43
43 16
16 104
104 37
37 27
27 71
71 19
19 98
98 113
113 46
46 44
44 4
4 85
85 94
94 49
49 25
25 109
109 107
107 96
96 99
99 55
55 74
74 103
103 31
31 83
83 114
114 32
32 24
21 99
79 16
5 30
70 26
79 71
36 59
76 42
108 99
8 29
1 21
7 103
63 30
48 18
71 44
57 85
3 67
52 101
8 60
52 67
78 99
13 21
7 55
87 18
3 56
79 14
5 12
24 7
78 55
16 27
52 41
31 32
14 92
78 90
66 110
52 23
16 37
68 67
113 44
14 22
15 60
91 14
23 41
79 27
57 107
93 17
49 109
63 26
101 23
45 40
14 43
66 81
47 99
18 6
102 64
21 54
58 99
71 85
71 98
33 36
57 99
111 70
53 55
106 18
84 59
79 43
24 40
24 31
65 14
88 26
100 21
105 26
57 71
33 59
102 30
57 96
72 23
66 18
93 29
78 64
21 57
80 21
2 59
85 109
48 59
63 70
12 30
98 44
14 59
20 42
70 28
31 114
76 21
24 45 34 10 40 7 53 97 78 95 102 5 93 8 69 15 62 60 29 17 12 63 111 38 70 86 28 88 105 77 26 30 64 90 58 75 108 47 100 1 80 13 76 20 52 35 68 3 61 56 67 101 72 39 23 112 41 42 21 51 54 57 79 91 9 65 89 14 2 33 11 36 84 48 66 82 81 110 106 87 73 18 50 6 59 92 22 43 16 104 37 27 71 19 98 113 46 44 4 85 94 49 25 109 107 96 99 55 74 103 31 83 114 32
36 37
32 16
16 24
24 22
22 27
27 13
13 9
9 29
29 5
5 2
2 25
25 17
17 21
21 3
3 30
30 12
12 28
28 18
18 11
11 31
31 26
26 35
35 4
4 36
36 34
34 10
10 1
1 23
23 7
7 20
20 33
33 14
14 6
6 19
19 15
15 8
8 32
36 20
32 16 24 22 27 13 9 29 5 2 25 17 21 3 30 12 28 18 11 31 26 35 4 36 34 10 1 23 7 20 33 14 6 19 15 8
55 83
27 25
25 19
19 39
39 38
38 34
34 31
31 40
40 54
54 51
51 4
4 12
12 14
14 47
47 33
33 8
8 17
17 48
48 50
50 52
52 30
30 43
43 35
35 9
9 26
26 21
21 10
10 37
37 13
13 41
41 46
46 28
28 15
15 11
11 53
53 32
32 44
44 16
16 22
22 3
3 55
55 1
1 7
7 23
23 45
45 5
5 20
20 29
29 6
6 49
49 24
24 2
2 42
42 18
18 36
36 27
17 45
25 51
17 7
47 49
10 7
35 7
37 44
25 24
51 24
47 6
24 36
4 49
19 40
33 6
51 49
2 18
25 36
37 11
33 45
37 22
13 28
17 30
7 45
45 29
3 7
43 7
37 7
3 1
27 25 19 39 38 34 31 40 54 51 4 12 14 47 33 8 17 48 50 52 30 43 35 9 26 21 10 37 13 41 46 28 15 11 53 32 44 16 22 3 55 1 7 23 45 5 20 29 6 49 24 2 42 18 36
61 84
59 32
32 42
42 18
18 15
15 39
39 36
36 28
28 3
3 8
8 27
27 45
45 38
38 35
35 33
33 50
50 56
56 7
7 5
5 12
12 24
24 40
40 47
47 19
19 26
26 22
22 14
14 54
54 2
2 44
44 16
16 60
60 57
57 46
46 31
31 23
23 48
48 51
51 25
25 55
55 29
29 30
30 1
1 52
52 20
20 13
13 4
4 53
53 58
58 17
17 10
10 6
6 61
61 43
43 41
41 49
49 9
9 21
21 34
34 37
37 11
11 59
3 37
27 46
25 37
12 47
10 34
7 54
18 3
1 58
15 28
43 21
35 16
55 34
46 23
59 3
12 40
27 35
61 21
29 34
29 58
33 56
51 37
46 51
29 17
59 32 42 18 15 39 36 28 3 8 27 45 38 35 33 50 56 7 5 12 24 40 47 19 26 22 14 54 2 44 16 60 57 46 31 23 48 51 25 55 29 30 1 52 20 13 4 53 58 17 10 6 61 43 41 49 9 21 34 37 11
149 149
80 133
133 65
65 149
149 59
59 57
57 9
9 113
113 117
117 74
74 122
122 45
45 3
3 63
63 131
131 139
139 134
134 103
103 140
140 76
76 44
44 128
128 83
83 75
75 68
68 95
95 96
96 62
62 10
10 19
19 148
148 101
101 61
61 17
17 50
50 26
26 137
137 126
126 2
2 143
143 93
93 31
31 123
123 81
81 100
100 64
64 85
85 47
47 144
144 118
118 7
7 94
94 78
78 56
56 84
84 51
51 21
21 34
34 146
146 116
116 90
90 114
114 24
24 6
6 40
40 37
37 69
69 71
71 23
23 67
67 38
38 12
12 54
54 29
29 127
127 28
28 141
141 14
14 43
43 135
135 55
55 99
99 115
115 89
89 16
16 105
105 106
106 110
110 124
124 53
53 18
18 132
132 92
92 35
35 109
109 136
136 30
30 22
22 108
108 8
8 5
5 42
42 111
111 86
86 121
121 13
13 11
11 25
25 79
79 88
88 41
41 66
66 73
73 77
77 82
82 138
138 46
46 49
49 70
70 130
130 27
27 142
142 33
33 112
112 91
91 97
97 87
87 120
120 125
125 129
129 98
98 36
36 104
104 58
58 15
15 72
72 119
119 39
39 4
4 48
48 145
145 107
107 60
60 32
32 147
147 52
52 102
102 1
1 20
20 80
80 133 65 149 59 57 9 113 117 74 122 45 3 63 131 139 134 103 140 76 44 128 83 75 68 95 96 62 10 19 148 101 61 17 50 26 137 126 2 143 93 31 123 81 100 64 85 47 144 118 7 94 78 56 84 51 21 34 146 116 90 114 24 6 40 37 69 71 23 67 38 12 54 29 127 28 141 14 43 135 55 99 115 89 16 105 106 110 124 53 18 132 92 35 109 136 30 22 108 8 5 42 111 86 121 13 11 25 79 88 41 66 73 77 82 138 46 49 70 130 27 142 33 112 91 97 87 120 125 129 98 36 104 58 15 72 119 39 4 48 145 107 60 32 147 52 102 1 20
6 9
5 1
1 4
4 2
2 3
3 6
6 5
5 3
4 3
5 4
5 1 4 2 3 6
177 331
73 20
20 18
18 78
78 146
146 102
102 121
121 41
41 71
71 28
28 47
47 59
59 37
37 164
164 131
131 109
109 68
68 117
117 72
72 76
76 49
49 39
39 104
104 98
98 152
152 111
111 132
132 138
138 123
123 113
113 119
119 2
2 12
12 100
100 99
99 168
168 21
21 96
96 16
16 25
25 8
8 31
31 65
65 134
134 107
107 79
79 48
48 43
43 137
137 1
1 153
153 169
169 112
112 38
38 91
91 125
125 50
50 45
45 55
55 94
94 60
60 177
177 129
129 46
46 147
147 116
116 93
93 142
142 90
90 145
145 89
89 10
10 63
63 167
167 173
173 14
14 15
15 88
88 124
124 61
61 150
150 160
160 86
86 36
36 176
176 11
11 62
62 122
122 33
33 9
9 155
155 85
85 157
157 133
133 170
170 114
114 77
77 174
174 115
115 159
159 151
151 126
126 64
64 163
163 166
166 83
83 128
128 5
5 57
57 19
19 29
29 127
127 52
52 53
53 51
51 23
23 69
69 101
101 156
156 26
26 82
82 154
154 165
165 27
27 158
158 87
87 22
22 136
136 106
106 110
110 118
118 13
13 103
103 74
74 92
92 24
24 75
75 44
44 95
95 7
7 58
58 17
17 54
54 40
40 141
141 56
56 66
66 6
6 81
81 35
35 172
172 171
171 4
4 32
32 140
140 130
130 108
108 70
70 30
30 105
105 139
139 80
80 161
161 42
42 148
148 97
97 144
144 149
149 34
34 120
120 175
175 162
162 143
143 135
135 3
3 84
84 67
67 73
9 85
68 9
146 172
8 33
146 40
171 84
18 172
158 7
124 11
142 14
47 128
149 84
49 33
42 97
15 124
159 166
26 165
131 68
139 84
8 112
40 172
13 92
9 114
2 168
53 26
157 114
161 97
47 131
174 128
132 8
113 25
75 95
149 120
134 43
19 17
91 46
13 74
146 54
63 14
43 112
147 62
71 19
134 112
97 84
2 25
136 110
40 81
125 46
143 84
111 33
53 17
51 69
55 60
147 122
174 83
49 98
116 142
47 77
116 62
124 150
20 67
68 33
86 176
76 33
149 143
118 95
100 168
146 71
55 46
132 113
4 139
47 37
112 46
92 75
87 118
72 33
78 172
39 98
139 97
32 70
117 33
86 11
107 43
116 14
87 136
87 7
142 145
151 166
51 26
144 84
107 48
40 56
14 11
151 163
37 131
2 16
2 21
32 105
130 70
27 7
98 33
165 7
29 53
26 7
12 168
89 63
1 112
157 170
51 101
46 33
80 97
149 162
132 25
47 9
146 17
87 95
18 84
174 166
8 134
71 128
136 118
56 6
47 114
124 160
9 157
13 75
140 70
119 25
18 171
29 17
146 41
51 156
40 35
70 105
89 14
28 128
126 163
71 57
115 166
53 7
145 14
128 57
55 177
116 11
146 121
20 84
137 112
1 169
13 95
124 86
8 46
29 52
120 162
4 105
73 20 18 78 146 102 121 41 71 28 47 59 37 164 131 109 68 117 72 76 49 39 104 98 152 111 132 138 123 113 119 2 12 100 99 168 21 96 16 25 8 31 65 134 107 79 48 43 137 1 153 169 112 38 91 125 50 45 55 94 60 177 129 46 147 116 93 142 90 145 89 10 63 167 173 14 15 88 124 61 150 160 86 36 176 11 62 122 33 9 155 85 157 133 170 114 77 174 115 159 151 126 64 163 166 83 128 5 57 19 29 127 52 53 51 23 69 101 156 26 82 154 165 27 158 87 22 136 106 110 118 13 103 74 92 24 75 44 95 7 58 17 54 40 141 56 66 6 81 35 172 171 4 32 140 130 108 70 30 105 139 80 161 42 148 97 144 149 34 120 175 162 143 135 3 84 67
193 338
156 111
111 68
68 59
59 169
169 76
76 53
53 189
189 164
164 173
173 161
161 57
57 92
92 22
22 75
75 141
141 56
56 188
188 9
9 175
175 30
30 113
113 185
185 104
104 10
10 191
191 50
50 100
100 29
29 163
163 78
78 149
149 183
183 154
154 19
19 96
96 139
139 148
148 93
93 36
36 147
147 136
136 21
21 108
108 166
166 143
143 48
48 28
28 114
114 179
179 131
131 125
125 11
11 101
101 90
90 61
61 81
81 82
82 174
174 15
15 170
170 84
84 190
190 74
74 34
34 77
77 105
105 73
73 142
142 27
27 150
150 83
83 45
45 122
122 4
4 89
89 62
62 107
107 42
42 98
98 138
138 12
12 140
140 13
13 20
20 116
116 181
181 120
120 126
126 159
159 172
172 155
155 51
51 63
63 128
128 25
25 168
168 145
145 132
132 32
32 60
60 8
8 182
182 52
52 33
33 192
192 137
137 65
65 146
146 157
157 184
184 86
86 71
71 23
23 47
47 160
160 193
193 115
115 69
69 72
72 167
167 110
110 3
3 180
180 177
177 158
158 7
7 106
106 80
80 178
178 112
112 134
134 151
151 5
5 121
121 152
152 58
58 133
133 171
171 70
70 99
99 16
16 38
38 14
14 44
44 6
6 153
153 123
123 118
118 49
49 165
165 26
26 31
31 144
144 95
95 46
46 129
129 40
40 37
37 54
54 97
97 91
91 135
135 186
186 88
88 162
162 66
66 103
103 94
94 67
67 43
43 130
130 117
117 176
176 124
124 64
64 1
1 41
41 35
35 55
55 187
187 102
102 24
24 17
17 109
109 87
87 39
39 2
2 18
18 127
127 79
79 85
85 119
119 156
111 137
4 144
157 188
19 129
158 188
75 180
53 79
151 185
171 182
11 114
143 174
68 172
90 139
116 165
134 189
71 90
27 159
52 178
109 115
9 64
25 26
68 104
119 177
68 138
115 181
56 123
89 106
12 116
63 136
173 174
99 103
65 112
108 190
127 182
163 172
97 115
21 185
161 183
94 152
45 61
103 171
86 186
37 91
137 168
30 152
57 122
54 106
35 143
109 137
99 149
20 24
4 171
77 193
61 120
50 127
26 123
149 179
65 153
10 54
117 148
56 186
17 94
156 162
45 59
20 117
58 108
97 164
150 158
85 117
108 117
125 136
43 55
67 106
112 161
32 72
24 175
93 117
4 134
2 51
59 191
134 142
15 127
5 9
30 130
17 138
87 125
125 152
29 157
4 15
39 104
67 153
51 186
86 139
52 184
66 166
134 168
10 188
104 113
12 64
62 163
54 162
86 124
32 176
14 130
6 74
172 183
64 174
65 151
27 82
56 115
110 130
32 106
2 149
54 117
15 70
110 138
58 114
64 155
77 154
8 95
118 151
31 77
14 79
31 106
146 193
146 176
27 33
100 133
126 130
32 82
17 30
23 66
61 121
18 86
97 105
83 120
106 111
118 163
113 184
151 179
128 145
78 128
104 187
39 147
110 144
156 111 68 59 169 76 53 189 164 173 161 57 92 22 75 141 56 188 9 175 30 113 185 104 10 191 50 100 29 163 78 149 183 154 19 96 139 148 93 36 147 136 21 108 166 143 48 28 114 179 131 125 11 101 90 61 81 82 174 15 170 84 190 74 34 77 105 73 142 27 150 83 45 122 4 89 62 107 42 98 138 12 140 13 20 116 181 120 126 159 172 155 51 63 128 25 168 145 132 32 60 8 182 52 33 192 137 65 146 157 184 86 71 23 47 160 193 115 69 72 167 110 3 180 177 158 7 106 80 178 112 134 151 5 121 152 58 133 171 70 99 16 38 14 44 6 153 123 118 49 165 26 31 144 95 46 129 40 37 54 97 91 135 186 88 162 66 103 94 67 43 130 117 176 124 64 1 41 35 55 187 102 24 17 109 87 39 2 18 127 79 85 119
156 404
152 46
46 130
130 143
143 156
156 111
111 97
97 38
38 101
101 102
102 104
104 133
133 91
91 51
51 48
48 44
44 35
35 61
61 5
5 71
71 153
153 63
63 129
129 155
155 81
81 134
134 146
146 53
53 49
49 136
136 135
135 15
15 145
145 76
76 57
57 96
96 39
39 79
79 41
41 21
21 151
151 154
154 18
18 137
137 1
1 70
70 60
60 43
43 94
94 103
103 126
126 72
72 24
24 127
127 141
141 4
4 17
17 100
100 113
113 20
20 67
67 69
69 32
32 109
109 132
132 114
114 10
10 77
77 124
124 37
37 98
98 112
112 90
90 93
93 25
25 115
115 26
26 34
34 62
62 150
150 75
75 95
95 19
19 23
23 116
116 64
64 31
31 6
6 58
58 117
117 3
3 9
9 92
92 54
54 68
68 108
108 107
107 120
120 52
52 16
16 56
56 138
138 40
40 148
148 22
22 88
88 121
121 29
29 131
131 30
30 12
12 147
147 128
128 106
106 142
142 28
28 84
84 73
73 140
140 2
2 99
99 123
123 125
125 85
85 33
33 89
89 78
78 119
119 144
144 47
47 110
110 82
82 45
45 14
14 74
74 65
65 122
122 11
11 50
50 105
105 8
8 118
118 87
87 36
36 7
7 27
27 55
55 59
59 139
139 83
83 86
86 66
66 42
42 13
13 149
149 80
80 152
37 154
16 107
80 144
3 20
85 89
1 117
24 121
120 128
49 137
4 19
72 137
70 154
65 101
67 90
114 117
1 103
121 155
127 137
59 113
24 131
29 119
39 114
64 128
77 122
22 96
74 154
43 46
67 142
138 146
31 95
70 106
119 120
84 96
67 126
68 69
69 109
30 155
110 119
16 35
27 96
80 119
131 149
29 150
38 138
108 154
7 66
55 147
28 70
82 101
109 131
9 42
80 94
142 148
25 68
73 95
39 141
54 118
44 91
18 46
70 155
63 123
43 117
5 139
15 83
60 90
78 112
46 134
61 154
48 65
46 88
61 150
3 62
100 107
98 153
78 128
5 22
42 152
90 98
15 62
65 81
19 78
62 84
75 145
64 146
120 127
114 123
11 105
19 68
119 156
121 129
10 138
103 142
36 138
69 100
23 42
83 124
70 95
70 89
3 26
22 149
19 93
99 128
44 129
23 107
46 123
63 134
96 138
144 145
38 133
16 118
70 118
45 53
44 89
74 84
103 124
134 151
38 104
75 88
95 120
112 135
122 154
30 139
74 75
141 148
104 135
2 138
48 100
21 96
79 97
123 131
25 79
69 130
94 152
28 38
72 129
35 85
99 126
146 153
27 135
4 100
81 82
45 67
90 115
38 122
7 122
104 142
122 151
13 77
107 139
9 154
97 112
43 84
23 39
79 120
46 129
55 64
25 39
61 104
2 69
49 66
44 77
58 89
110 140
35 115
22 40
135 152
29 98
45 103
51 119
83 152
73 129
23 82
1 50
45 140
141 151
37 111
42 105
39 52
5 32
93 126
24 84
106 114
12 49
8 64
68 78
29 35
34 105
36 45
58 72
73 112
112 136
12 25
29 69
36 119
44 68
13 104
59 124
30 68
45 156
99 107
90 108
20 144
124 155
92 99
117 147
12 77
1 129
26 49
60 142
105 119
12 45
69 129
63 114
73 147
19 59
57 71
19 22
16 62
53 88
85 111
14 140
51 120
13 46
102 150
22 102
54 105
22 52
48 86
13 69
37 120
48 133
1 65
46 48
82 142
38 107
148 155
7 151
106 131
62 81
19 134
15 115
43 56
10 90
20 44
72 91
25 97
93 129
7 114
152 46 130 143 156 111 97 38 101 102 104 133 91 51 48 44 35 61 5 71 153 63 129 155 81 134 146 53 49 136 135 15 145 76 57 96 39 79 41 21 151 154 18 137 1 70 60 43 94 103 126 72 24 127 141 4 17 100 113 20 67 69 32 109 132 114 10 77 124 37 98 112 90 93 25 115 26 34 62 150 75 95 19 23 116 64 31 6 58 117 3 9 92 54 68 108 107 120 52 16 56 138 40 148 22 88 121 29 131 30 12 147 128 106 142 28 84 73 140 2 99 123 125 85 33 89 78 119 144 47 110 82 45 14 74 65 122 11 50 105 8 118 87 36 7 27 55 59 139 83 86 66 42 13 149 80
84 95
4 11
11 18
18 67
67 75
75 65
65 1
1 78
78 3
3 2
2 61
61 60
60 40
40 23
23 43
43 31
31 33
33 28
28 80
80 58
58 77
77 21
21 64
64 13
13 9
9 57
57 37
37 70
70 59
59 36
36 22
22 55
55 72
72 35
35 17
17 73
73 82
82 34
34 53
53 63
63 54
54 25
25 84
84 79
79 47
47 50
50 27
27 38
38 69
69 66
66 32
32 5
5 68
68 74
74 39
39 71
71 41
41 46
46 52
52 15
15 44
44 48
48 6
6 10
10 12
12 81
81 14
14 16
16 8
8 19
19 49
49 30
30 51
51 42
42 24
24 62
62 29
29 26
26 7
7 56
56 45
45 20
20 83
83 76
76 4
73 25
79 41
29 76
3 22
4 24
18 55
2 58
47 69
79 15
35 73
12 14
4 11 18 67 75 65 1 78 3 2 61 60 40 23 43 31 33 28 80 58 77 21 64 13 9 57 37 70 59 36 22 55 72 35 17 73 82 34 53 63 54 25 84 79 47 50 27 38 69 66 32 5 68 74 39 71 41 46 52 15 44 48 6 10 12 81 14 16 8 19 49 30 51 42 24 62 29 26 7 56 45 20 83 76
8 8
5 6
6 3
3 7
7 1
1 2
2 8
8 4
4 5
5 6 3 7 1 2 8 4
18 29
18 2
2 3
3 1
1 4
4 10
10 11
11 12
12 13
13 15
15 7
7 5
5 6
6 8
8 14
14 16
16 17
17 9
9 18
3 4
3 11
11 5
2 9
11 6
3 6
3 14
12 5
13 7
16 9
4 11
18 2 3 1 4 10 11 12 13 15 7 5 6 8 14 16 17 9
172 292
80 13
13 168
168 147
147 145
145 120
120 40
40 104
104 128
128 112
112 17
17 166
166 67
67 30
30 54
54 146
146 51
51 160
160 27
27 101
101 3
3 10
10 8
8 62
62 111
111 49
49 2
2 86
86 12
12 39
39 74
74 117
117 1
1 73
73 163
163 14
14 60
60 18
18 167
167 151
151 37
37 77
77 5
5 127
127 99
99 153
153 22
22 115
115 75
75 63
63 36
36 113
113 98
98 69
69 82
82 57
57 11
11 92
92 32
32 172
172 162
162 170
170 139
139 79
79 107
107 148
148 33
33 76
76 83
83 26
26 142
142 31
31 35
35 20
20 149
149 43
43 25
25 157
157 132
132 52
52 56
56 23
23 70
70 102
102 100
100 152
152 130
130 91
91 46
46 121
121 38
38 123
123 159
159 64
64 108
108 44
44 156
156 165
165 110
110 171
171 96
96 59
59 65
65 116
116 106
106 71
71 119
119 126
126 28
28 136
136 164
164 19
19 6
6 138
138 72
72 144
144 88
88 24
24 97
97 78
78 45
45 55
55 155
155 129
129 95
95 61
61 161
161 150
150 169
169 122
122 158
158 90
90 134
134 9
9 93
93 66
66 29
29 7
7 16
16 81
81 42
42 58
58 154
154 84
84 89
89 48
48 109
109 15
15 141
141 87
87 68
68 140
140 133
133 94
94 50
50 85
85 124
124 47
47 41
41 131
131 143
143 118
118 105
105 34
34 125
125 137
137 4
4 135
135 114
114 21
21 53
53 103
103 80
104 132
159 106
159 137
169 134
1 60
112 92
161 68
68 34
19 161
146 82
89 141
40 152
77 69
93 7
44 96
119 28
46 4
5 69
121 123
49 86
56 102
168 21
93 81
68 50
19 72
160 69
49 12
92 170
117 37
76 157
155 61
142 35
67 57
85 47
112 166
170 148
159 161
99 36
130 4
22 63
117 18
62 69
119 136
91 4
150 141
44 65
72 97
152 135
72 78
132 56
170 33
159 19
58 89
92 172
102 152
76 142
123 137
46 123
168 135
74 37
30 82
27 10
92 157
140 94
79 148
142 149
160 82
13 21
71 164
168 40
111 77
147 120
57 92
40 56
117 60
5 99
12 37
158 134
64 106
104 157
152 4
156 96
72 161
168 114
159 34
68 85
143 34
64 65
10 62
65 106
73 14
42 141
101 10
115 63
55 161
76 43
147 40
5 98
27 62
159 71
5 113
170 157
46 137
23 102
78 55
150 87
40 102
89 109
22 36
118 34
33 157
111 37
80 53
72 24
108 65
159 68
150 42
159 125
128 157
99 22
80 13 168 147 145 120 40 104 128 112 17 166 67 30 54 146 51 160 27 101 3 10 8 62 111 49 2 86 12 39 74 117 1 73 163 14 60 18 167 151 37 77 5 127 99 153 22 115 75 63 36 113 98 69 82 57 11 92 32 172 162 170 139 79 107 148 33 76 83 26 142 31 35 20 149 43 25 157 132 52 56 23 70 102 100 152 130 91 46 121 38 123 159 64 108 44 156 165 110 171 96 59 65 116 106 71 119 126 28 136 164 19 6 138 72 144 88 24 97 78 45 55 155 129 95 61 161 150 169 122 158 90 134 9 93 66 29 7 16 81 42 58 154 84 89 48 109 15 141 87 68 140 133 94 50 85 124 47 41 131 143 118 105 34 125 137 4 135 114 21 53 103
42 77
25 19
19 14
14 9
9 15
15 2
2 34
34 12
12 8
8 20
20 42
42 41
41 5
5 7
7 23
23 29
29 16
16 28
28 21
21 39
39 31
31 4
4 24
24 38
38 33
33 10
10 3
3 30
30 32
32 18
18 6
6 17
17 13
13 37
37 11
11 40
40 35
35 36
36 1
1 22
22 26
26 27
27 25
31 13
25 40
19 40
2 11
9 40
20 28
25 22
31 24
2 20
42 7
31 30
2 40
29 28
21 31
2 31
2 37
42 28
2 13
38 10
30 17
38 3
18 17
25 36
2 12
12 20
41 7
25 1
7 28
30 18
31 38
40 36
7 29
2 21
31 3
30 13
25 19 14 9 15 2 34 12 8 20 42 41 5 7 23 29 16 28 21 39 31 4 24 38 33 10 3 30 32 18 6 17 13 37 11 40 35 36 1 22 26 27
