100
5003 7716
-1617 -4766
-7972 -1487
7649 2623
-2385 6370
-9956 7649
-4614 -4567
1463 533
5226 4044
3207 -9190
4922 6704
-9404 4118
2846 1226
7454 8372
-2394 -9258
-5093 -8465
-4390 -4731
7949 -1855
2471 -7500
-1823 -3194
9207 -7460
6180 -4182
-844 -3763
-8026 9148
6556 -8178
-3047 -90
2718 9542
-4224 -6441
-9261 -1043
1634 -2018
-5314 -1388
-6667 -7341
-5817 -7251
-2365 -5895
363 -5231
5285 9768
-5917 2110
4168 -2437
-7617 -7761
-1968 -6751
-5912 -5543
4224 -7183
516 -2827
8849 2091
-7775 -4632
2825 -9283
7721 7919
7250 -7256
-4915 -530
1514 963
-7551 6547
-7387 7209
-1751 -7407
9092 5810
-2795 1623
8043 2366
-7034 5171
8618 -4961
3343 2232
-9517 569
-913 -3118
645 2162
-7872 3252
-2905 1477
4241 -7443
2715 1879
-7961 1874
7865 -4859
9269 9322
5102 8800
-7681 5380
4473 -3662
-104 -5007
2801 -2606
2788 -9835
5417 162
4672 -2265
3773 3209
-110 -7991
-2631 -1146
-861 6952
-6565 5329
-998 7603
2803 -109
-3729 5436
-4593 -9917
-7013 7318
3855 5322
3149 -7230
8498 -3990
-2998 -768
2443 -7647
3889 -25
-51 70
-454 4406
-3367 -4815
8829 -4598
-5069 5099
-229 3400
-6743 8097
9947 1892
2281 8526
-8967 -5947
-3218 9783
2554 5162
-3503 -7667
-9300 504
-5578 8937
-6788 -6537
-4021 -5736
-3797 -6536
-2489 -8906
-6078 8476
-2478 287
7343 1743
-883 6710
2550 7456
7060 -1695
-5156 -4981
7909 498
9506 -3365
6651 -6884
-4840 -2134
-1725 2019
-9326 -4128
-2271 2626
-8472 -4977
-3309 -2485
6597 -5454
592 -4694
1275 7923
4335 2992
7897 -1293
-9861 8911
9367 2459
-4046 -1440
6962 9476
7872 -9573
8220 8014
-5014 4020
-4126 -7311
-9871 -2700
3752 7733
4923 -4305
-9412 -196
-7417 -120
7688 42
-3075 4519
1364 38
-9019 5144
-3887 -8573
-6301 -4627
9440 3776
-1864 1648
-5719 458
9602 7672
9970 -2789
-2830 5747
7666 -6947
7017 -2805
1199 8250
-8995 9046
-736 9016
8968 -820
-106 3654
8110 7121
-6843 -205
7987 -7347
3023 -2555
4483 9471
4310 -2481
-8770 6018
-4316 -9451
1906 -9265
-5376 -4738
1849 3887
5290 1698
2427 3152
-4750 -1427
-3399 -4825
1990 9572
-892 -9733
-4865 8243
-278 2429
5354 6204
3013 1901
-4169 -5668
-6957 -7585
-2697 1628
6454 -9650
-7454 1446
2356 7957
1288 -225
2481 7860
1455 5254
27 1018
7717 5620
625 5325
-6754 262
3875 7042
