100
4378 -2649
-5222 5382
4100 -7103
-8443 -3704
-7364 -149
-155 6168
8383 -8490
7747 -1383
-165 -2621
-7079 7593
42 -5819
-8624 -9885
-5955 1806
-9030 2552
3993 7638
6817 6354
1626 7710
760 -5778
2799 -1907
-7870 -7394
3755 -5001
-8050 1492
3818 6993
-2215 -2585
4199 7780
-8572 -9367
-2395 3003
6610 -7606
8337 9468
-1103 -6759
7557 -9743
-4989 -1713
-6569 -5841
3707 -9594
-9189 -7154
-4568 -2734
-9842 -5751
2944 3150
-9603 -4441
63 -8507
-4625 4295
767 9098
-1369 877
5801 7920
-3856 1137
8993 5415
-8235 2215
464 9343
5008 264
8929 -2016
-4110 -6586
-9751 -8290
6514 8429
-5536 -3168
4076 -5517
8446 7677
-5017 -7481
-3598 -2184
4778 -6407
5394 -3595
3540 4674
8050 -9455
1480 5315
-304 -375
4381 3647
-7953 -7433
3597 5117
-9320 3932
297 -7573
8461 9795
8620 101
-7890 9350
7454 -7892
4114 3184
-4485 -3998
7142 4129
9409 -8002
3177 1667
9374 425
4540 5802
2386 -4005
-1002 1333
-2690 2336
-3862 8492
-8201 5199
7198 -9150
-4391 7810
-4455 -3537
31 -3221
-8 3156
8127 -7982
-1886 3929
5447 -905
1792 -6623
-4068 7473
2143 1103
-7327 3059
6030 3017
-1782 8517
-8655 6508
-5875 9758
-6751 -9621
4437 -7931
-1445 5526
2771 -5687
-9559 7253
-2294 -5384
-9310 -4793
-3837 6010
-8372 1836
9455 5451
-5038 -4679
-8294 4650
-299 7922
5323 -3833
6340 5665
-6812 -6820
9506 323
2307 6404
-3747 9614
8542 6555
-7822 -3445
-2838 5836
2564 3929
-1121 -3148
730 4765
6051 -7588
771 -5189
-1240 -5357
-3115 -2092
-4564 6856
-3531 208
7717 6610
-833 -5817
4236 3399
-933 -1639
-6976 9409
-7770 3708
-2784 -3223
-3260 2620
3731 -207
-2547 1449
9645 5476
-7351 2492
-4079 975
4767 6403
3187 -8784
2396 -9055
9252 5246
5745 7028
-6947 -5300
-7265 -2032
-5286 -7157
7941 -7084
6399 7605
1537 -9629
-6337 7066
-9532 -7266
-8028 819
-1004 -2159
8091 5645
843 -1607
1013 8943
-9905 5248
2147 8356
-6933 -4517
-598 -8980
-1688 -8805
-5085 889
6962 -49
-8944 7544
-9416 -7167
4436 -5032
8757 1032
-7419 -6316
3519 -3098
2979 4715
-7075 -9571
-833 8792
-9148 -2953
3566 -735
5271 -2259
1737 2132
-7839 -2633
-2253 -8361
7261 -7858
-4654 -5117
2826 2220
4622 3859
1613 -9686
-1167 -1624
5239 -7720
-8888 8310
-865 -9376
5711 8585
1267 6842
3489 5366
6807 -6445
6324 -3130
5960 -7631
