100
3129 -3377
7569 5678
8242 1668
-624 3643
2679 6815
-555 3206
-5624 3664
313 -5217
9056 4051
-7651 1155
-9716 9137
-7065 2112
-3557 2965
-1996 -9089
-3234 1429
-9366 -4008
-6344 -7410
6384 6377
3454 9279
38 4207
-7149 -83
3491 -7163
-6858 8504
9406 -6052
-515 -305
380 -7920
7380 9924
8277 -9936
3530 -9513
-6575 3758
-6701 -6452
-1632 9544
-8073 -3020
-4151 3009
-8292 9001
-4273 -7737
2310 -1471
497 -5678
6426 2198
4125 7983
-2050 3971
-6145 1657
-5140 8285
-293 -424
3982 -7325
1327 -5191
-145 -9193
6893 2538
4854 1851
3758 -7975
2770 7149
5521 713
3043 99
5208 -1123
-2183 205
9252 -1702
-982 7218
-8028 3369
7646 -3685
-4788 8078
-7553 257
2859 7314
183 9443
4897 -4081
4659 5825
-9289 -6056
6714 -8398
-3687 1515
2355 -1360
-4823 -8217
1221 9544
7384 -4628
2570 6338
6740 -5238
969 7677
-9409 -7940
-1117 525
1985 -1417
8342 -2746
-1118 -304
8880 -5917
-9876 -6660
-6073 -8199
2807 5692
2858 4724
-9224 -7615
853 8795
-1073 -1256
-6204 4796
2981 -2554
-9627 -2410
9456 7078
8561 -2666
5478 -7
8705 -6394
-6837 -7063
364 -1628
8227 -1145
-4888 -1249
7522 3329
2481 5489
-4814 -5912
-8757 8103
2102 -2987
3206 -7382
-1670 -2908
-8284 2841
3227 7747
2064 -8897
2926 -3020
-4043 9423
9866 3776
7276 -3000
4059 3191
1281 5015
784 3575
-5537 4632
-5602 4359
-2768 9175
-7059 7845
6614 6394
3232 3434
1168 1775
-8859 7748
-4711 -1189
6730 9044
-4904 7191
8930 9406
3088 -5163
9472 3113
3760 4723
738 -5360
7358 2415
-2779 4731
-6027 5278
5292 -2037
5152 9276
948 -9732
-4792 -5696
249 -180
-557 -6000
-7900 9746
1431 963
8105 -3915
6588 3317
9133 -552
-5814 -6436
-6663 3797
5028 -4339
-4728 -9206
6934 1246
-9192 3158
5262 -9023
7549 -4547
-9367 1898
5408 -4230
1049 6776
-2936 6711
586 -3650
2956 -867
1873 435
519 -2912
4512 8796
-7650 -2619
6652 -2243
2983 -7793
-8109 -6529
-1036 8280
-1300 7776
-8082 911
4550 7594
9294 6464
1939 3805
2458 1626
8495 -9472
6861 2933
-1644 -9252
-6078 4984
6999 9230
-645 791
6719 -1348
-2403 -7313
-5062 9913
-2961 7243
2534 2511
-4245 -7376
-5623 -4014
2391 1830
-741 8319
-8069 -9760
-8595 -7764
-8994 928
-9239 5380
-7556 -3848
-5776 -4754
3745 -1513
-4968 4858
-830 -9986
-7523 -9914
-9870 3023
