100
1631 8467
-6219 -6580
6974 -6239
3903 3606
-273 1099
478 8448
-8910 299
1515 4349
-8187 8186
-6788 -1255
-3721 -2324
205 -9930
7997 -1967
2382 630
7729 -5761
5491 -1675
5855 7556
-2320 8159
3654 708
3544 7308
-6789 -3854
-2566 -192
-9382 802
4436 -8548
2160 -4209
-806 -8596
8186 -5510
1776 898
-5666 -2563
-8438 -4695
4818 -2522
4964 3560
-2564 -6390
9217 3059
5023 -3048
-1481 -7994
-6997 -2718
-2413 -9081
7753 3574
5791 6103
-4561 -3014
7756 -9890
8906 -5172
8479 -7284
2282 8187
-6024 -1330
-1641 2599
-816 -6922
-4272 895
1424 -1952
-1351 -8153
7910 -1013
-4591 3537
3591 -7449
9047 -7176
6512 -7801
2411 3068
2880 -7726
-5573 3599
-256 -3229
-5450 1345
-6577 6737
-7597 -2542
9097 -4659
-7436 6895
-768 -1980
-2013 -9833
8736 -5268
-453 8004
5606 7475
-6221 7919
-3644 -3725
6647 9396
8861 -3133
5671 -4560
7426 53
-3335 2035
61 9239
-8785 -9224
-3690 -7035
8720 -5398
8857 9345
4305 -4254
7676 -9872
7349 -2161
-4675 8267
7306 -6926
-5063 6498
1339 -6858
-5022 6561
-2516 -6471
3024 7345
977 8791
288 -5772
-4729 5804
-6954 7116
-4866 -9669
3977 1783
-195 4026
6719 -7377
3537 -5741
-2073 1701
6442 -2194
5630 6852
5259 4535
-7867 -2959
-4728 -4472
-9537 -829
6597 -3176
6866 3486
3261 -6516
6220 7307
-8495 9833
-9249 -232
2009 -663
3168 6230
-4272 -7450
3832 1852
8035 -3438
3188 7794
-9159 4378
-423 -1620
-2587 -2304
9702 -7175
-475 -8515
-5478 -8636
-8317 -6175
-4863 8424
2085 -564
875 -6110
-5008 332
9638 -8481
-5768 2051
-3881 4816
-9763 -5178
-8975 -1320
-3899 6527
-5471 -3529
-8 -4336
-3991 2161
-7476 -5199
5621 -2436
-5719 -4886
-9826 -8030
4557 1173
-4953 5153
-1852 -5447
-5945 5631
-8510 -6988
-9547 3222
-2070 2776
-6627 572
8671 6653
-6200 9671
4432 -5950
-29 -2404
5182 2210
-3143 -7326
4903 -2169
-339 9120
7961 -2253
-5718 -3880
874 -9952
-340 2261
5773 2368
-2035 -8718
695 -2328
-3952 58
8998 4491
-7394 -5246
-32 -3467
7483 6112
-102 3211
-7443 -7372
-8766 8201
5365 4555
-6755 9571
-95 -9078
4108 -1671
-927 -8671
-1559 -1630
3807 -7734
-8804 6791
934 -5849
-9660 3836
1080 -1177
4387 2765
-248 -8752
1885 1366
5011 49
3189 -872
4913 -4504
-2210 6528
1401 8324
-8992 3367
832 1325
-9065 9179
-7991 6821
563 -8262
-7785 -9018
