100
-9751 -9986
-9484 -9574
-9575 -9663
-8988 -9330
-9104 -9522
-8638 -9089
-8672 -9252
-8180 -8676
-8310 -8999
-7929 -8541
-7962 -8688
-7483 -8296
-7618 -8522
-7041 -7996
-7172 -8259
-6753 -7852
-6743 -8040
-6303 -7559
-6360 -7879
-5924 -7384
-5957 -7523
-5600 -7192
-5657 -7286
-5122 -6888
-5177 -7218
-4822 -6734
-4876 -6866
-4407 -6471
-4443 -6611
-3970 -6238
-4112 -6375
-3551 -5951
-3699 -6151
-3236 -5808
-3305 -5881
-2829 -5555
-2916 -5661
-2381 -5297
-2558 -5546
-2035 -5110
-2100 -5220
-1566 -4781
-1575 -5078
-1281 -4589
-1286 -4799
-856 -4384
-939 -4544
-422 -4081
-566 -4251
-106 -3794
-83 -4061
305 -3578
125 -3824
736 -3319
679 -3565
1105 -3107
1002 -3323
1529 -2985
1419 -3108
1863 -2717
1787 -2886
2234 -2461
2188 -2653
2631 -2293
2581 -2364
3026 -1953
2990 -2205
3447 -1818
3361 -1931
3866 -1509
3807 -1732
4266 -1295
4122 -1454
4579 -1089
4491 -1215
5008 -884
4964 -1112
5464 -551
5265 -809
5737 -331
5690 -523
6107 -98
6087 -351
6638 118
6485 -50
6963 303
6902 181
7269 561
7266 386
7736 875
7637 550
8157 1011
8124 864
8533 1266
8469 1178
9031 1540
8834 1289
9343 1700
9172 1494
9236 1882
-9558 -9620
-9970 -9469
-9173 -9426
-9496 -9263
-8754 -9083
-9239 -9028
-8427 -8941
-8827 -8830
-8042 -8641
-8362 -8609
-7595 -8441
-7963 -8351
-7206 -8162
-7599 -8085
-6885 -7875
-7276 -7851
-6399 -7682
-6804 -7673
-6120 -7423
-6375 -7452
-5753 -7263
-5901 -7230
-5197 -7066
-5607 -6836
-4852 -6802
-5099 -6677
-4588 -6471
-4860 -6415
-4092 -6318
-4421 -6194
-3806 -6089
-3928 -6070
-3316 -5871
-3652 -5876
-2949 -5617
-3211 -5485
-2639 -5345
-2879 -5292
-2155 -5199
-2360 -5154
-1863 -4826
-2090 -4815
-1433 -4697
-1719 -4657
-1013 -4440
-1344 -4362
-622 -4170
-956 -4123
-235 -3992
-465 -3936
157 -3749
-219 -3651
587 -3435
223 -3475
965 -3285
666 -3222
1337 -3032
954 -2949
1750 -2766
1421 -2690
2017 -2563
1753 -2622
2560 -2303
2201 -2259
2866 -2142
2584 -2037
3214 -1860
3018 -1768
3618 -1610
3395 -1528
4071 -1346
3833 -1342
4420 -1197
4086 -1130
4850 -975
4442 -884
5177 -692
4990 -555
5592 -472
5413 -392
6101 -286
5736 -147
6518 62
6101 19
6766 222
6471 293
7169 430
6844 571
7528 690
7166 607
8047 941
7570 991
8236 1252
7918 1149
8777 1468
8508 1394
9270 1723
8801 1712
9543 1768
9523 1586
