100
-143 362
522 -325
-404 233
275 604
209 399
-29 971
-271 1031
361 1222
-75 1080
-308 1416
250 1355
349 923
-9 835
-182 878
-43 1873
-59 1657
75 2009
226 1222
36 2266
866 2225
165 2137
-589 2587
286 2815
263 2241
46 2741
333 2435
-83 2770
-314 2493
412 2723
325 2777
48 3849
150 3141
343 3265
285 2993
-568 3556
258 3471
-553 3455
262 3817
-603 4173
307 4239
-208 3916
82 4284
-330 4358
259 4866
-566 3889
-25 4219
315 4286
-299 4771
235 5235
-331 5426
-662 5271
-458 5455
150 4490
-11 5388
87 4918
518 5571
44 5071
308 6237
223 5490
-145 6036
-325 6045
252 6559
120 5841
559 6482
10 6477
118 6315
216 6554
89 7052
137 7244
-314 7270
756 7336
414 7319
314 7608
273 7417
-118 7652
309 7346
569 7469
-176 8458
376 7154
70 7563
520 8633
116 7859
-379 8134
-264 8343
-130 8643
218 8343
-68 8350
-716 8623
335 8505
-41 9149
4 8880
-224 9124
-405 9210
548 9033
-316 8566
-208 9822
-689 9610
-22 10000
-37 9821
-5 9748
9663 9856
9876 9761
9833 9995
9744 9580
9806 9148
9935 9795
9842 9392
9573 9596
9435 9200
9752 9049
9825 8853
9998 8539
9616 9126
9636 8135
9857 8819
9888 8675
9889 8109
9382 7510
9272 8818
9495 7004
9790 7740
9964 7689
9258 7579
9828 8006
9996 7621
9379 7268
9505 7522
9856 7466
9351 6826
9854 7478
9936 6313
9645 6587
9924 6345
9987 6967
9588 6351
9988 5820
9842 5742
9603 6255
9647 6230
9844 6564
9836 5304
9815 5902
9509 6044
9643 6218
9975 5744
9780 5193
9755 5831
9540 5124
9925 5684
9742 5159
9801 5318
9955 4455
9971 4518
9713 4821
9597 4289
9815 4295
9820 3995
9735 4240
9821 3631
9563 3968
9887 3941
9668 3666
9765 3277
9775 3655
9823 3292
9798 3034
9404 2652
9778 3826
9822 2913
9967 2681
9559 3391
9979 2050
9878 2530
9948 2340
9761 2411
9895 1899
9633 1994
9849 2309
9949 2126
9441 2514
9747 1546
9976 1873
9948 1743
9538 1766
9932 1266
9620 1355
9792 1139
9949 1331
9801 1727
9925 839
9755 1070
9879 840
9544 706
10000 646
9666 854
9787 639
9956 386
9847 519
9946 -66
9633 -156
