100
-219 383
610 -846
-333 333
297 321
280 367
357 642
-436 1382
162 900
-1 896
-389 1313
72 1325
376 822
-153 905
-72 930
208 1868
618 1805
185 2039
817 1214
231 2310
959 2682
158 1621
-472 2506
1 2532
-11 2498
-373 2675
-63 2208
-120 3138
-96 2035
712 2711
315 3156
223 3778
6 3378
34 3543
534 2906
-303 3891
344 3312
-867 3101
260 3937
-339 3749
315 4063
143 3425
301 4304
-686 4628
231 4949
-583 3392
-154 3983
619 4087
-364 5049
254 5173
-530 4846
-509 5282
-173 5991
304 4529
77 5521
-379 4682
774 5440
-651 4943
144 5981
865 4951
-165 5893
-560 5936
120 6541
-60 5818
718 6936
611 6317
568 6851
437 6284
-258 6924
407 7294
-521 7541
740 7267
250 6894
287 7178
188 7436
-356 7651
233 7211
521 7471
-579 8518
244 7183
223 7594
565 9075
-11 7603
-49 8410
-537 8236
0 8842
301 8496
83 8756
-407 8876
136 8455
-208 9473
829 9113
-558 9241
-596 9417
1053 8686
-447 8630
474 9553
-859 9619
39 9969
-319 10000
-356 9988
9102 9862
9814 9797
9789 9956
9837 9767
9963 9203
9778 10000
9822 9136
9133 9805
8869 9376
9485 8735
9884 8521
9889 8476
9743 9049
9264 7973
9955 8668
9779 8315
9685 8380
9177 7604
9169 8786
9855 6903
9606 7760
9707 7814
9609 7927
9952 7952
9736 7684
9680 7425
9728 7379
9730 7413
9749 6933
9921 7354
9981 5676
9911 6264
9580 6002
9847 6951
9406 6085
9732 5575
9539 6169
9286 6112
9906 6311
9718 6411
9679 5546
9982 5708
9511 6033
9388 5947
9766 6203
9835 5013
9927 6164
9939 5005
9948 5436
9999 4876
9589 5742
9790 4529
9824 4477
9731 5083
9777 4214
9538 4363
9816 3335
9609 4333
9861 3866
9172 3768
9418 3476
9596 3807
10000 3246
9980 3382
9970 3203
9668 3306
9197 2485
9919 4100
9448 2966
9642 2863
9473 3230
9910 1977
9779 2673
9896 2457
9814 2138
9924 2054
8900 2119
9534 1817
9828 2001
9666 2956
9529 1406
9734 1892
10000 1964
9775 1762
9912 830
9702 1627
9921 1358
9627 931
9916 1791
9638 768
9833 474
9783 935
9615 609
9414 1058
9641 672
9782 592
9887 552
9984 792
9804 -477
9491 -84
