992 992
832 685
827 842
384 229
451 930
303 457
546 938
877 512
847 715
983 930
346 809
167 85
61 465
656 848
642 165
326 448
609 254
816 759
264 745
438 112
640 987
199 656
341 394
47 146
196 458
747 552
821 817
380 412
863 748
298 353
138 104
868 701
350 672
807 591
699 199
652 483
517 927
358 740
596 710
218 586
527 307
693 656
363 196
631 598
987 778
817 330
463 348
848 501
439 466
748 543
95 44
210 25
799 328
656 431
902 344
965 292
742 216
597 968
669 217
682 416
963 851
898 977
482 801
430 484
909 500
502 570
485 373
712 636
574 669
390 684
390 949
560 581
488 368
618 378
152 647
742 578
167 260
493 189
730 812
486 151
348 703
295 717
604 572
130 916
78 883
933 562
71 401
963 49
81 946
530 329
918 177
637 90
335 83
457 824
530 794
782 233
128 966
722 98
874 742
202 333
439 877
855 897
256 581
522 598
565 726
933 433
118 487
937 450
142 378
175 293
337 330
141 992
47 609
51 512
310 72
515 501
721 644
831 57
831 525
402 432
864 359
138 364
713 319
700 792
919 18
188 266
544 98
840 525
55 219
147 396
427 465
873 517
685 226
107 10
930 257
731 690
111 675
275 726
401 265
504 447
224 755
350 311
218 962
304 5
661 898
568 368
870 789
876 520
699 743
847 132
900 176
696 683
321 519
638 335
815 581
181 13
148 867
826 121
166 593
648 527
1 557
478 973
93 474
722 865
472 679
798 618
719 588
392 402
141 918
948 206
100 43
450 29
917 146
990 461
558 985
319 48
955 225
215 221
771 174
841 82
11 770
939 991
807 167
60 754
317 348
445 327
990 921
329 921
84 967
561 662
923 11
689 838
750 972
539 857
913 84
391 787
266 57
817 199
413 12
885 217
750 395
109 483
335 947
147 273
857 948
757 488
127 525
104 208
882 71
654 830
98 43
414 824
400 726
495 460
44 721
568 85
179 388
470 506
15 383
363 806
185 249
529 492
629 95
971 645
146 224
510 46
298 1
769 754
532 588
319 744
490 234
511 422
355 171
582 47
384 647
211 349
729 254
510 678
232 75
396 122
395 554
488 766
500 965
94 710
656 127
90 587
312 575
313 540
558 807
436 575
461 983
182 287
791 109
610 692
317 437
283 321
487 696
306 167
383 735
807 600
620 632
733 122
442 242
453 759
166 124
448 241
476 364
476 95
383 308
336 959
570 292
194 689
579 289
469 840
422 450
35 66
936 930
162 697
282 859
472 728
978 643
248 561
717 504
538 162
883 825
34 133
929 367
525 401
691 806
126 99
137 319
607 861
376 961
483 454
722 566
72 578
625 779
67 792
116 577
92 749
387 909
878 413
303 958
58 904
886 17
105 919
564 792
192 599
961 435
73 940
296 905
524 637
279 231
95 524
316 602
617 877
559 198
267 106
574 630
587 932
945 608
463 298
226 294
70 468
288 640
145 804
665 427
495 746
800 708
329 745
731 485
102 627
859 408
311 386
687 52
218 422
989 757
381 789
414 400
257 20
221 294
149 153
823 962
972 639
128 617
25 61
492 724
416 564
929 297
129 503
201 785
398 771
641 690
430 800
545 760
828 247
936 817
920 153
891 250
897 729
864 296
650 749
992 660
361 378
950 968
200 399
380 79
762 94
711 894
729 837
805 156
27 316
601 278
758 750
238 472
818 779
41 279
930 19
135 635
829 450
401 285
501 953
947 716
217 436
263 152
431 132
189 626
63 166
542 70
230 77
584 820
282 180
78 152
899 216
594 878
971 18
936 949
192 895
976 695
910 240
21 821
291 920
573 965
50 124
763 40
475 174
622 770
244 189
503 616
306 332
899 622
676 805
579 685
338 332
818 671
829 495
276 614
374 189
22 568
430 508
555 187
389 607
124 130
117 803
947 40
301 280
549 653
359 643
481 874
29 650
707 976
553 983
533 410
744 29
962 257
610 146
311 82
665 799
300 510
428 815
145 706
967 216
229 876
911 214
562 989
962 309
111 506
661 258
206 15
309 911
352 139
185 939
280 37
844 48
178 591
49 918
617 743
94 327
39 360
479 43
597 952
491 65
676 216
950 763
255 150
965 702
341 380
775 886
330 85
689 107
183 844
159 648
953 860
144 530
667 865
940 661
332 369
62 767
425 124
392 409
970 943
134 622
362 502
411 649
458 644
450 476
453 661
571 775
587 571
918 746
256 283
582 70
171 640
968 795
832 316
921 687
286 744
671 801
559 936
961 808
383 314
662 241
895 770
939 180
273 30
149 168
162 254
586 159
898 973
18 427
676 256
527 251
4 177
608 974
254 72
40 75
31 538
948 804
58 733
555 199
777 721
1 574
251 341
414 290
941 693
875 207
914 482
186 124
147 239
338 795
639 76
971 386
202 443
103 440
314 354
131 141
417 893
601 495
143 240
442 337
853 856
733 893
901 337
643 919
259 451
69 912
521 454
569 170
611 290
613 102
65 897
279 708
936 313
572 94
554 808
853 812
977 176
447 873
394 72
839 836
329 738
270 703
635 934
227 74
862 138
451 109
817 288
498 80
663 158
946 428
862 268
234 224
163 294
302 268
439 619
394 348
621 445
765 316
551 367
112 964
920 421
15 688
899 514
381 12
776 248
261 861
237 139
856 758
627 194
795 350
497 5
733 641
331 770
870 456
110 561
42 822
792 530
650 343
894 631
331 60
926 885
268 931
85 498
748 108
703 493
568 366
155 946
584 984
528 169
596 103
392 634
602 297
722 973
632 521
313 942
458 636
68 454
548 822
148 944
156 980
507 268
550 19
457 163
930 793
164 989
166 472
492 639
537 427
683 61
517 821
684 789
701 984
56 591
919 180
605 981
662 46
323 911
501 883
372 49
723 91
406 853
818 578
173 900
449 765
606 708
806 556
533 584
115 420
112 832
366 197
813 19
226 821
902 990
30 880
190 567
147 725
866 656
983 389
147 150
771 839
298 701
952 227
467 773
32 286
882 233
6 503
351 410
801 572
766 237
165 523
822 846
446 631
740 973
787 733
857 348
60 714
797 236
315 603
179 215
925 68
593 825
86 346
114 450
352 653
100 99
128 202
556 838
508 133
525 489
612 99
501 34
429 598
48 88
434 956
392 786
913 477
340 460
662 147
559 479
68 158
280 688
33 555
552 576
459 829
64 265
355 240
747 926
986 13
38 454
402 159
51 480
541 647
434 327
717 736
851 391
535 590
732 12
807 101
510 843
241 471
961 947
907 838
195 369
925 681
62 139
212 492
497 957
978 245
727 419
701 545
974 220
374 360
754 375
345 241
596 858
182 634
96 276
943 3
910 979
718 461
407 743
113 4
174 888
304 655
966 87
228 723
168 802
583 301
748 665
346 316
577 929
978 666
928 758
614 274
9 275
508 709
719 81
148 966
631 261
93 358
695 474
915 301
623 969
96 304
361 170
451 26
58 526
187 536
461 752
473 133
243 276
168 928
306 370
922 524
733 106
151 309
355 659
535 399
190 700
969 987
930 909
403 7
524 347
557 235
700 889
893 230
663 548
96 930
771 634
436 324
978 605
125 876
831 975
404 475
23 200
949 120
741 694
735 891
397 952
211 930
18 834
164 339
470 799
889 420
828 459
988 359
901 677
855 835
608 639
262 225
283 356
669 790
405 315
23 463
21 293
854 505
523 614
908 322
294 119
737 107
702 181
59 647
54 286
924 487
172 550
36 456
753 458
342 592
734 265
732 783
120 123
423 92
673 47
799 768
589 130
781 813
436 405
578 334
973 14
670 66
230 509
959 575
830 771
509 938
531 241
276 628
494 190
444 560
686 126
635 510
459 633
134 850
338 299
342 934
955 268
461 513
455 269
429 378
228 655
251 780
738 680
490 881
806 810
518 563
595 803
580 378
140 249
6 25
518 228
935 147
772 160
705 518
912 128
236 137
615 403
602 184
191 242
374 670
530 849
740 45
344 464
261 462
890 548
357 617
503 121
926 811
564 204
879 536
785 386
516 723
143 8
205 357
982 81
720 252
788 980
848 960
553 908
55 386
674 302
652 649
711 943
73 7
173 246
903 727
693 223
775 727
183 774
784 756
265 213
935 161
528 701
458 193
412 814
875 790
658 203
164 534
418 104
372 658
658 371
498 269
65 136
646 599
720 513
784 614
16 582
841 424
162 951
452 942
536 379
829 209
400 668
320 570
585 449
667 467
741 770
40 739
160 232
387 382
272 349
884 51
833 494
845 217
704 922
505 741
136 906
852 648
934 664
595 268
364 819
916 53
871 706
68 751
385 937
318 977
30 154
890 28
738 896
764 429
284 847
475 415
624 480
657 421
365 356
827 597
281 38
954 725
522 97
222 723
539 24
424 253
266 2
325 948
848 869
441 480
547 493
403 277
377 626
645 796
271 198
698 492
393 153
887 518
426 937
761 301
892 824
413 651
872 892
920 496
89 43
157 740
305 827
499 945
0 0 0 0 0 0 0 0 0 0 0 0 0 0 0 0 0 0 0 0 0 0 0 0 0 0 0 0 0 0 0 0 0 0 0 0 0 0 0 0 0 0 0 0 0 0 0 0 0 0 0 0 0 0 0 0 0 0 0 0 0 0 0 0 0 0 0 0 0 0 0 0 0 0 0 0 0 0 0 0 0 0 0 0 0 0 0 0 0 0 0 0 0 0 0 0 0 0 0 0 0 0 0 0 0 0 0 0 0 0 0 0 0 0 0 0 0 0 0 0 0 0 0 0 0 0 0 0 0 0 0 0 0 0 0 0 0 0 0 0 0 0 0 0 0 0 0 0 0 0 0 0 0 0 0 0 0 0 0 0 0 0 0 0 0 0 0 0 0 0 0 0 0 0 0 0 0 0 0 0 0 0 0 0 0 0 0 0 0 0 0 0 0 0 0 0 0 0 0 0 0 0 0 0 0 0 0 0 0 0 0 0 0 0 0 0 0 0 0 0 0 0 0 0 0 0 0 0 0 0 0 0 0 0 0 0 0 0 0 0 0 0 0 0 0 0 0 0 0 0 0 0 0 0 0 0 0 0 0 0 0 0 0 0 0 0 0 0 0 0 0 0 0 0 0 0 0 0 0 0 0 0 0 0 0 0 0 0 0 0 0 0 0 0 0 0 0 0 0 0 0 0 0 0 0 0 0 0 0 0 0 0 0 0 0 0 0 0 0 0 0 0 0 0 0 0 0 0 0 0 0 0 0 0 0 0 0 0 0 0 0 0 0 0 0 0 0 0 0 0 0 0 0 0 0 0 0 0 0 0 0 0 0 0 0 0 0 0 0 0 0 0 0 0 0 0 0 0 0 0 0 0 0 0 0 0 0 0 0 0 0 0 0 0 0 0 0 0 0 0 0 0 0 0 0 0 0 0 0 0 0 0 0 0 0 0 0 0 0 0 0 0 0 0 0 0 0 0 0 0 0 0 0 0 0 0 0 0 0 0 0 0 0 0 0 0 0 0 0 0 0 0 0 0 0 0 0 0 0 0 0 0 0 0 0 0 0 0 0 0 0 0 0 0 0 0 0 0 0 0 0 0 0 0 0 0 0 0 0 0 0 0 0 0 0 0 0 0 0 0 0 0 0 0 0 0 0 0 0 0 0 0 0 0 0 0 0 0 0 0 0 0 0 0 0 0 0 0 0 0 0 0 0 0 0 0 0 0 0 0 0 0 0 0 0 0 0 0 0 0 0 0 0 0 0 0 0 0 0 0 0 0 0 0 0 0 0 0 0 0 0 0 0 0 0 0 0 0 0 0 0 0 0 0 0 0 0 0 0 0 0 0 0 0 0 0 0 0 0 0 0 0 0 0 0 0 0 0 0 0 0 0 0 0 0 0 0 0 0 0 0 0 0 0 0 0 0 0 0 0 0 0 0 0 0 0 0 0 0 0 0 0 0 0 0 0 0 0 0 0 0 0 0 0 0 0 0 0 0 0 0 0 0 0 0 0 0 0 0 0 0 0 0 0 0 0 0 0 0 0 0 0 0 0 0 0 0 0 0 0 0 0 0 0 0 0 0 0 0 0 0 0 0 0 0 0 0 0 0 0 0 0 0 0 0 0 0 0 0 0 0 0 0 0 0 0 0 0 0 0 0 0 0 0 0 0 0 0 0 0 0 0 0 0 0 0 0 0 0 0 0 0 0 0 0 0 0 0 0 0 0 0 0 0 0 0 0 0 0 0 0 0 0 0 0 0 0 0 0 0 0 0 0 0 0 0 0 0 0 0 0 0 0 0 0 0 0 0 0 0 0 0 0 0 0 0 0 0 0 0 0 0 0 0 0 0 0 0 0 0 0 0 0 0 0 0 0 0 0 0 0 0 0 0 0 0 0 0 0 0 0 0 0 0 0 0 0 0 0 0 0 0 0 0 0 0 0 0 0 0 0 0 0 0 0 0 0 0 0 0 0 0 0 0 0 0 0 0 0 0 0 0 0 0 0 0 0 0 0 0 0 0 0 0 0 0 0 0 0 0 0 0 0 0 0 0 0 0 0 0 0 0 0 0 0 0 0 0 0 0 0 0 0 0 0 0 0 0 0 0 0 0 0 0 0 0 0 0 0 0 0 0 0 0 0 0 0 0 0 0 0 0 0 0 0 0 0 0 0 0 0 0 0 0 0 0 0 0 0 0 0 0 0 0 0 0 0 0 0 0 0 0 0 0 0 0 0 0 0 0 0 0
968 798
704 616
500 68
148 882
968 357
874 268
462 485
95 905
665 111
278 110
53 553
16 9
310 649
957 426
358 322
208 355
310 663
59 985
278 199
326 554
24 73
92 955
988 628
117 23
352 956
684 261
988 87
108 134
280 122
676 987
310 617
732 480
364 949
235 103
960 798
357 251
497 510
278 332
980 402
887 582
700 753
609 263
365 298
73 707
462 782
233 471
744 52
387 401
203 693
364 527
841 56
280 467
825 648
803 795
988 980
357 872
105 918
73 560
59 852
274 383
280 266
609 43
651 933
426 232
519 331
665 256
357 217
263 553
280 574
303 683
968 693
455 179
28 31
474 924
825 829
24 158
189 880
236 936
278 911
5 236
217 311
474 891
795 787
309 386
105 908
426 909
240 701
4 820
117 78
5 879
53 702
462 900
631 13
874 88
519 718
462 148
805 480
240 116
795 362
53 542
203 401
28 274
326 237
233 818
117 484
885 730
609 876
84 385
750 557
216 592
208 484
750 66
957 274
383 136
75 808
379 863
500 169
887 849
462 328
455 335
455 925
854 199
885 460
413 641
462 946
208 289
233 336
663 340
525 608
16 632
235 824
744 64
280 581
146 8
426 350
921 310
236 40
609 203
75 532
500 843
700 87
825 12
651 717
497 733
803 988
303 507
914 624
142 122
108 852
500 402
704 866
917 170
744 281
455 955
129 174
519 179
854 673
920 558
309 623
73 665
148 687
364 185
497 972
233 340
92 702
309 402
148 313
651 896
105 689
917 952
887 107
854 91
609 391
519 509
75 720
497 604
24 825
240 888
825 798
980 948
309 187
917 272
117 690
968 509
825 844
854 253
108 183
803 11
217 35
651 59
704 892
651 536
462 883
525 611
908 223
968 31
732 41
357 959
365 233
75 759
92 840
59 542
968 948
216 906
203 891
235 283
700 591
750 504
825 267
914 380
665 139
129 365
887 555
16 692
500 81
358 787
500 196
960 354
810 328
84 859
665 908
920 427
988 287
778 718
920 492
474 174
841 240
326 583
235 417
105 70
148 823
117 924
663 29
95 12
426 341
841 2
704 555
744 681
38 140
95 335
885 691
280 563
451 568
309 729
310 430
762 980
53 720
280 932
310 327
217 614
684 924
105 50
744 496
24 728
474 959
825 726
248 914
383 388
5 869
208 572
825 244
887 955
352 333
960 487
248 280
803 682
462 935
364 265
778 40
365 977
208 262
365 486
914 39
148 213
59 46
146 648
263 688
914 992
129 783
16 60
917 219
365 806
217 925
704 976
887 430
665 324
203 957
462 55
303 523
280 725
189 272
117 742
968 516
146 813
684 3
854 132
53 177
887 74
462 900
248 519
854 276
500 397
216 589
795 932
248 95
203 58
750 814
38 27
75 53
203 523
357 859
500 12
203 250
609 11
278 502
248 924
358 733
16 946
676 649
73 847
762 607
217 846
887 6
310 581
803 438
274 712
576 30
912 30
988 360
358 484
146 411
5 121
53 107
960 552
497 810
762 224
968 54
576 430
105 446
704 896
95 654
663 306
59 941
810 739
352 916
676 882
146 778
352 191
609 80
914 341
92 245
84 782
108 889
704 702
841 788
146 354
73 745
38 866
357 916
4 247
75 864
631 326
921 437
451 428
803 858
92 591
854 314
519 217
73 942
278 604
500 847
795 29
22 677
732 646
968 717
307 259
59 634
825 634
358 380
732 82
920 650
921 239
365 426
379 548
189 980
908 545
914 331
352 498
92 118
455 755
108 497
280 797
908 575
778 480
704 273
825 636
148 941
75 133
105 719
914 313
310 627
462 778
117 104
73 93
750 522
462 769
16 527
383 537
309 112
841 456
358 594
364 934
676 833
917 743
778 105
73 680
235 399
38 780
795 315
387 202
229 863
229 85
148 63
352 614
912 220
278 927
805 449
914 614
38 585
825 630
750 41
16 597
908 130
108 615
874 941
795 602
663 235
358 883
609 924
307 168
980 917
854 869
762 837
236 984
38 407
960 717
59 270
684 19
462 46
310 909
92 549
968 162
203 615
778 779
841 78
310 181
887 36
217 754
631 678
825 881
148 666
387 134
105 930
387 800
462 763
732 986
841 479
248 84
960 369
73 824
474 708
38 258
38 453
921 144
229 848
750 612
732 195
203 477
4 961
73 951
451 446
217 98
700 589
387 945
663 782
84 956
651 557
216 944
426 107
957 851
278 534
358 722
358 537
84 725
609 594
960 895
387 24
84 566
651 568
248 468
413 222
885 986
920 702
825 485
980 357
920 544
357 582
917 259
874 586
117 332
22 550
500 603
920 61
665 922
189 636
762 700
426 720
309 235
980 979
957 233
240 106
4 52
778 845
885 532
957 187
326 773
59 790
352 728
462 109
240 369
148 633
803 192
803 385
988 154
988 42
59 825
825 557
631 422
92 848
778 933
84 248
358 380
885 553
960 949
914 308
462 698
217 185
203 98
960 846
451 855
663 905
310 742
988 84
148 34
117 563
53 462
189 635
700 659
117 719
383 782
236 886
805 589
921 475
732 537
146 479
235 903
631 190
309 542
263 624
462 398
704 888
28 681
455 825
352 288
988 366
451 224
208 875
364 74
84 929
217 924
968 130
665 889
383 71
263 987
805 418
117 181
917 672
663 52
957 398
364 84
248 743
379 28
248 449
825 487
921 665
95 829
762 271
278 979
887 284
22 693
519 641
704 722
750 824
310 691
379 132
874 468
146 880
105 411
704 558
248 270
854 741
358 60
383 615
364 440
631 708
365 740
665 614
38 303
59 24
609 954
980 198
22 153
22 455
474 275
917 435
426 102
5 110
887 422
704 39
148 355
912 297
921 145
142 585
968 407
203 126
920 521
59 399
825 223
914 238
142 59
387 561
704 595
795 385
426 488
73 652
216 98
810 896
4 471
519 172
500 389
795 857
525 843
795 68
365 842
129 590
303 173
208 975
825 750
676 740
631 990
451 512
4 96
912 623
912 489
914 152
229 130
5 612
309 473
383 37
217 914
203 328
53 129
105 277
704 2
352 121
762 721
525 171
229 546
455 317
22 883
519 237
825 864
16 74
732 984
795 157
704 301
105 645
274 628
500 759
980 681
885 507
525 188
885 404
609 190
912 105
663 781
665 403
462 26
908 209
960 447
874 615
462 366
921 366
968 499
651 797
874 56
413 410
148 210
497 936
825 479
148 649
665 839
980 697
280 304
59 978
676 603
732 466
413 677
887 833
805 150
980 148
274 338
84 960
497 23
95 566
24 88
920 143
455 992
980 145
914 592
5 617
248 10
129 492
387 159
16 708
383 852
38 527
455 121
854 151
474 826
474 267
28 963
248 847
810 341
236 590
148 829
885 879
795 473
762 200
129 887
38 789
73 953
762 60
28 409
4 399
84 617
631 834
248 7
263 417
117 471
778 380
665 939
352 503
631 341
278 988
307 436
129 117
142 329
778 759
497 590
841 96
631 11
352 676
278 889
451 959
665 933
631 659
379 341
968 204
274 319
825 308
148 559
365 371
309 889
908 800
576 124
676 433
609 496
5 684
248 374
455 598
609 206
310 398
236 540
500 302
704 876
53 79
887 248
148 701
778 25
960 445
235 264
980 484
274 803
379 687
854 928
914 124
988 532
236 85
117 473
519 358
4 547
146 43
73 100
236 586
462 269
825 760
92 820
217 139
84 628
500 385
462 507
59 159
988 580
95 810
651 862
84 498
462 403
92 78
95 155
235 350
609 491
142 809
825 332
217 360
307 412
631 590
957 881
684 864
795 188
810 529
24 795
95 121
235 703
310 936
841 602
280 236
917 669
108 452
5 766
310 46
38 224
841 928
146 948
229 813
357 10
53 29
917 754
217 254
189 445
665 645
146 323
357 951
885 672
609 844
229 128
280 709
365 468
825 139
22 394
426 18
700 700
980 211
684 27
53 69
4 342
240 380
235 232
248 449
805 116
651 578
217 170
732 304
778 608
326 951
795 13
663 529
500 389
960 927
908 586
233 160
609 241
980 278
148 231
358 440
825 777
920 247
957 847
28 313
383 585
887 398
146 958
240 484
148 260
236 585
248 748
365 248
988 346
217 88
142 411
651 983
744 288
908 279
387 946
309 217
497 638
146 554
576 788
307 192
825 70
957 466
117 429
352 373
455 816
142 154
142 552
38 544
280 286
208 964
326 178
744 345
676 869
307 640
229 402
960 886
700 927
957 435
117 931
352 255
750 759
16 607
609 371
455 960
307 293
358 790
960 541
914 143
28 774
684 929
805 20
462 962
387 856
957 474
387 458
53 651
229 270
53 321
92 221
38 929
854 372
326 51
451 657
274 814
208 767
455 749
921 911
426 867
744 652
95 937
825 612
108 865
24 4
825 330
208 763
263 954
38 746
248 868
854 668
914 191
208 725
53 98
129 665
278 177
455 286
462 486
497 543
980 832
4 698
887 175
704 624
451 127
455 144
