992 992
1 2
2 3
1 4
4 5
4 6
6 7
7 8
4 9
9 10
3 11
6 12
7 13
12 14
7 15
13 16
9 17
15 18
10 19
7 20
2 21
14 22
5 23
20 24
9 25
17 26
13 27
19 28
6 29
26 30
4 31
17 32
1 33
1 34
19 35
27 36
31 37
31 38
27 39
39 40
3 41
5 42
8 43
38 44
42 45
8 46
36 47
23 48
25 49
32 50
8 51
17 52
15 53
11 54
33 55
21 56
33 57
53 58
5 59
44 60
47 61
22 62
43 63
7 64
11 65
6 66
51 67
47 68
64 69
66 70
19 71
40 72
19 73
12 74
15 75
54 76
5 77
66 78
51 79
47 80
5 81
23 82
55 83
52 84
53 85
31 86
43 87
86 88
24 89
70 90
4 91
24 92
50 93
32 94
55 95
18 96
10 97
74 98
53 99
61 100
49 101
22 102
97 103
22 104
75 105
63 106
70 107
71 108
53 109
41 110
2 111
45 112
80 113
105 114
65 115
79 116
109 117
101 118
59 119
34 120
79 121
54 122
71 123
53 124
81 125
18 126
3 127
87 128
44 129
45 130
53 131
10 132
129 133
40 134
33 135
41 136
52 137
5 138
74 139
41 140
111 141
135 142
118 143
17 144
99 145
138 146
55 147
115 148
124 149
73 150
62 151
67 152
124 153
131 154
97 155
147 156
50 157
92 158
18 159
131 160
65 161
87 162
129 163
115 164
72 165
67 166
70 167
7 168
147 169
51 170
127 171
44 172
54 173
78 174
135 175
13 176
9 177
79 178
83 179
126 180
170 181
104 182
39 183
9 184
153 185
132 186
146 187
122 188
158 189
13 190
45 191
33 192
149 193
100 194
147 195
91 196
88 197
70 198
132 199
182 200
20 201
138 202
196 203
62 204
137 205
106 206
43 207
11 208
7 209
107 210
167 211
101 212
61 213
196 214
100 215
98 216
45 217
145 218
72 219
115 220
30 221
56 222
124 223
192 224
198 225
193 226
30 227
146 228
166 229
145 230
83 231
65 232
40 233
39 234
29 235
70 236
192 237
135 238
98 239
127 240
144 241
178 242
182 243
201 244
167 245
93 246
214 247
165 248
108 249
189 250
183 251
153 252
4 253
81 254
46 255
51 256
115 257
179 258
250 259
208 260
195 261
179 262
71 263
4 264
122 265
155 266
190 267
197 268
104 269
95 270
237 271
37 272
191 273
41 274
169 275
44 276
4 277
229 278
237 279
4 280
128 281
123 282
141 283
32 284
128 285
261 286
145 287
36 288
110 289
150 290
30 291
14 292
193 293
45 294
39 295
280 296
138 297
87 298
62 299
129 300
239 301
284 302
227 303
274 304
295 305
199 306
70 307
170 308
86 309
129 310
70 311
200 312
142 313
16 314
261 315
148 316
280 317
168 318
237 319
209 320
236 321
221 322
17 323
238 324
234 325
273 326
112 327
265 328
252 329
38 330
168 331
271 332
122 333
182 334
298 335
212 336
78 337
53 338
175 339
173 340
12 341
227 342
77 343
249 344
244 345
93 346
330 347
291 348
212 349
300 350
92 351
323 352
317 353
77 354
117 355
291 356
27 357
8 358
201 359
202 360
150 361
147 362
269 363
97 364
342 365
131 366
293 367
222 368
303 369
251 370
18 371
295 372
248 373
367 374
98 375
333 376
152 377
238 378
374 379
44 380
319 381
266 382
166 383
100 384
251 385
10 386
320 387
278 388
107 389
124 390
250 391
212 392
194 393
313 394
377 395
85 396
106 397
314 398
50 399
165 400
338 401
398 402
116 403
66 404
139 405
72 406
205 407
318 408
370 409
99 410
135 411
308 412
308 413
195 414
404 415
79 416
295 417
142 418
85 419
237 420
358 421
50 422
45 423
99 424
240 425
222 426
265 427
86 428
122 429
152 430
120 431
46 432
316 433
50 434
188 435
234 436
314 437
178 438
90 439
362 440
125 441
79 442
391 443
438 444
76 445
154 446
172 447
407 448
279 449
123 450
208 451
15 452
235 453
106 454
203 455
416 456
311 457
237 458
224 459
356 460
93 461
13 462
388 463
352 464
235 465
280 466
431 467
421 468
444 469
282 470
152 471
113 472
36 473
14 474
178 475
411 476
337 477
286 478
476 479
70 480
200 481
210 482
347 483
167 484
116 485
444 486
391 487
157 488
455 489
15 490
81 491
384 492
311 493
138 494
81 495
470 496
208 497
200 498
305 499
26 500
422 501
95 502
203 503
159 504
298 505
175 506
27 507
425 508
276 509
310 510
282 511
483 512
362 513
99 514
207 515
38 516
511 517
496 518
60 519
512 520
475 521
127 522
348 523
393 524
427 525
243 526
142 527
78 528
280 529
293 530
217 531
121 532
25 533
462 534
209 535
69 536
35 537
515 538
162 539
197 540
36 541
245 542
171 543
25 544
310 545
195 546
198 547
14 548
191 549
417 550
327 551
317 552
297 553
18 554
276 555
445 556
397 557
237 558
139 559
227 560
139 561
182 562
309 563
281 564
78 565
534 566
165 567
226 568
392 569
456 570
150 571
139 572
139 573
204 574
227 575
335 576
132 577
174 578
26 579
44 580
139 581
299 582
263 583
426 584
63 585
126 586
77 587
421 588
37 589
536 590
545 591
242 592
218 593
521 594
15 595
354 596
6 597
96 598
509 599
206 600
478 601
535 602
311 603
31 604
267 605
498 606
171 607
474 608
206 609
563 610
459 611
460 612
558 613
532 614
472 615
127 616
488 617
125 618
198 619
194 620
185 621
419 622
48 623
33 624
453 625
372 626
496 627
26 628
274 629
559 630
588 631
91 632
486 633
189 634
240 635
142 636
527 637
209 638
286 639
407 640
505 641
228 642
346 643
412 644
471 645
170 646
213 647
134 648
190 649
171 650
360 651
19 652
219 653
185 654
498 655
450 656
539 657
76 658
330 659
110 660
316 661
153 662
109 663
400 664
142 665
197 666
328 667
150 668
456 669
329 670
601 671
663 672
179 673
331 674
93 675
586 676
466 677
637 678
292 679
234 680
560 681
84 682
291 683
554 684
537 685
672 686
496 687
137 688
596 689
632 690
334 691
15 692
605 693
278 694
34 695
576 696
232 697
182 698
285 699
372 700
171 701
651 702
30 703
389 704
183 705
622 706
436 707
351 708
319 709
672 710
296 711
444 712
445 713
431 714
120 715
495 716
571 717
14 718
225 719
460 720
539 721
721 722
387 723
432 724
610 725
214 726
152 727
425 728
225 729
109 730
558 731
152 732
145 733
508 734
415 735
149 736
331 737
556 738
349 739
150 740
379 741
633 742
6 743
599 744
517 745
715 746
129 747
659 748
315 749
175 750
382 751
66 752
619 753
47 754
105 755
168 756
721 757
251 758
50 759
289 760
246 761
680 762
474 763
203 764
36 765
626 766
545 767
79 768
88 769
424 770
339 771
334 772
358 773
325 774
101 775
97 776
372 777
282 778
60 779
345 780
572 781
609 782
341 783
258 784
50 785
109 786
534 787
150 788
517 789
359 790
630 791
677 792
525 793
698 794
622 795
708 796
689 797
338 798
60 799
168 800
675 801
612 802
441 803
190 804
275 805
157 806
233 807
564 808
207 809
737 810
655 811
517 812
324 813
113 814
286 815
554 816
531 817
453 818
724 819
20 820
588 821
584 822
276 823
582 824
755 825
120 826
99 827
526 828
343 829
422 830
235 831
135 832
140 833
254 834
76 835
343 836
179 837
550 838
416 839
301 840
761 841
626 842
430 843
457 844
268 845
447 846
168 847
560 848
25 849
16 850
661 851
683 852
61 853
7 854
520 855
392 856
550 857
309 858
768 859
34 860
237 861
476 862
328 863
588 864
383 865
670 866
383 867
190 868
429 869
817 870
784 871
17 872
750 873
536 874
384 875
650 876
306 877
430 878
127 879
523 880
600 881
214 882
480 883
871 884
261 885
488 886
146 887
697 888
843 889
597 890
614 891
494 892
219 893
205 894
265 895
274 896
162 897
276 898
858 899
338 900
476 901
102 902
691 903
637 904
801 905
824 906
623 907
356 908
404 909
861 910
170 911
308 912
594 913
99 914
654 915
52 916
436 917
690 918
130 919
171 920
115 921
317 922
411 923
692 924
841 925
315 926
89 927
733 928
72 929
476 930
788 931
302 932
326 933
452 934
161 935
364 936
918 937
280 938
359 939
780 940
103 941
315 942
406 943
341 944
842 945
28 946
322 947
587 948
711 949
517 950
760 951
635 952
482 953
802 954
70 955
491 956
461 957
222 958
583 959
751 960
581 961
854 962
529 963
855 964
132 965
827 966
872 967
641 968
105 969
589 970
389 971
881 972
301 973
710 974
841 975
134 976
68 977
254 978
669 979
100 980
734 981
1 982
899 983
225 984
502 985
826 986
638 987
448 988
770 989
259 990
26 991
466 992
0 0 0 0 0 0 0 0 0 0 0 0 0 0 0 0 0 0 0 0 0 0 0 0 0 0 0 0 0 0 0 0 0 0 0 0 0 0 0 0 0 0 0 0 0 0 0 0 0 0 0 0 0 0 0 0 0 0 0 0 0 0 0 0 0 0 0 0 0 0 0 0 0 0 0 0 0 0 0 0 0 0 0 0 0 0 0 0 0 0 0 0 0 0 0 0 0 0 0 0 0 0 0 0 0 0 0 0 0 0 0 0 0 0 0 0 0 0 0 0 0 0 0 0 0 0 0 0 0 0 0 0 0 0 0 0 0 0 0 0 0 0 0 0 0 0 0 0 0 0 0 0 0 0 0 0 0 0 0 0 0 0 0 0 0 0 0 0 0 0 0 0 0 0 0 0 0 0 0 0 0 0 0 0 0 0 0 0 0 0 0 0 0 0 0 0 0 0 0 0 0 0 0 0 0 0 0 0 0 0 0 0 0 0 0 0 0 0 0 0 0 0 0 0 0 0 0 0 0 0 0 0 0 0 0 0 0 0 0 0 0 0 0 0 0 0 0 0 0 0 0 0 0 0 0 0 0 0 0 0 0 0 0 0 0 0 0 0 0 0 0 0 0 0 0 0 0 0 0 0 0 0 0 0 0 0 0 0 0 0 0 0 0 0 0 0 0 0 0 0 0 0 0 0 0 0 0 0 0 0 0 0 0 0 0 0 0 0 0 0 0 0 0 0 0 0 0 0 0 0 0 0 0 0 0 0 0 0 0 0 0 0 0 0 0 0 0 0 0 0 0 0 0 0 0 0 0 0 0 0 0 0 0 0 0 0 0 0 0 0 0 0 0 0 0 0 0 0 0 0 0 0 0 0 0 0 0 0 0 0 0 0 0 0 0 0 0 0 0 0 0 0 0 0 0 0 0 0 0 0 0 0 0 0 0 0 0 0 0 0 0 0 0 0 0 0 0 0 0 0 0 0 0 0 0 0 0 0 0 0 0 0 0 0 0 0 0 0 0 0 0 0 0 0 0 0 0 0 0 0 0 0 0 0 0 0 0 0 0 0 0 0 0 0 0 0 0 0 0 0 0 0 0 0 0 0 0 0 0 0 0 0 0 0 0 0 0 0 0 0 0 0 0 0 0 0 0 0 0 0 0 0 0 0 0 0 0 0 0 0 0 0 0 0 0 0 0 0 0 0 0 0 0 0 0 0 0 0 0 0 0 0 0 0 0 0 0 0 0 0 0 0 0 0 0 0 0 0 0 0 0 0 0 0 0 0 0 0 0 0 0 0 0 0 0 0 0 0 0 0 0 0 0 0 0 0 0 0 0 0 0 0 0 0 0 0 0 0 0 0 0 0 0 0 0 0 0 0 0 0 0 0 0 0 0 0 0 0 0 0 0 0 0 0 0 0 0 0 0 0 0 0 0 0 0 0 0 0 0 0 0 0 0 0 0 0 0 0 0 0 0 0 0 0 0 0 0 0 0 0 0 0 0 0 0 0 0 0 0 0 0 0 0 0 0 0 0 0 0 0 0 0 0 0 0 0 0 0 0 0 0 0 0 0 0 0 0 0 0 0 0 0 0 0 0 0 0 0 0 0 0 0 0 0 0 0 0 0 0 0 0 0 0 0 0 0 0 0 0 0 0 0 0 0 0 0 0 0 0 0 0 0 0 0 0 0 0 0 0 0 0 0 0 0 0 0 0 0 0 0 0 0 0 0 0 0 0 0 0 0 0 0 0 0 0 0 0 0 0 0 0 0 0 0 0 0 0 0 0 0 0 0 0 0 0 0 0 0 0 0 0 0 0 0 0 0 0 0 0 0 0 0 0 0 0 0 0 0 0 0 0 0 0 0 0 0 0 0 0 0 0 0 0 0 0 0 0 0 0 0 0 0 0 0 0 0 0 0 0 0 0 0 0 0 0 0 0 0 0 0 0 0 0 0 0 0 0 0 0 0 0 0 0 0 0 0 0 0 0 0 0 0 0 0 0 0 0 0 0 0 0 0 0 0 0 0 0 0 0 0 0 0 0 0 0 0 0 0 0 0 0 0 0 0 0 0 0 0 0 0 0 0 0 0 0 0 0 0 0 0 0 0 0 0 0 0 0 0 0 0 0 0 0 0 0 0 0 0 0 0 0 0 0 0 0 0 0 0 0 0 0 0 0 0 0 0 0 0 0 0 0 0 0 0 0 0 0 0 0 0 0 0 0 0 0 0 0 0 0 0 0 0
764 120
81 548
558 523
133 77
478 939
220 464
390 137
417 667
600 111
664 977
828 590
866 689
278 513
276 116
553 459
579 458
411 586
20 831
685 214
428 722
36 185
536 679
135 967
834 695
631 20
25 55
896 630
869 341
47 533
359 656
988 444
259 438
687 764
647 158
769 517
414 547
753 418
954 957
181 221
60 102
98 809
357 924
416 128
266 663
266 915
178 627
10 759
56 442
543 961
94 834
818 783
652 171
212 106
151 538
96 265
372 880
804 394
701 426
787 762
474 766
638 245
788 101
323 4
645 860
231 754
520 406
936 961
582 583
520 588
914 513
385 805
381 874
497 619
30 603
67 3
78 714
138 769
49 119
936 279
639 426
627 388
114 236
347 838
876 288
226 796
93 290
135 881
367 7
66 608
436 430
985 256
641 459
774 51
54 11
227 252
498 961
192 703
377 377
616 369
882 892
282 503
449 407
209 202
359 235
546 782
787 552
261 209
579 475
753 566
778 256
619 313
621 301
868 750
358 13
981 567
461 678
658 208
584 246
354 351
737 729
941 367
705 260
954 90
363 40
141 374
883 501
380 422
305 508
81 694
938 411
16 649
896 757
751 189
540 937
210 418
832 218
40 710
44 192
361 814
176 139
316 870
256 487
822 761
186 432
514 546
470 452
818 593
15 240
856 261
706 597
405 629
122 727
820 115
690 963
617 710
195 814
797 237
201 782
818 124
31 819
462 83
795 957
102 23
612 225
526 703
122 830
401 141
187 713
31 764
814 291
247 505
894 717
58 210
352 864
100 77
988 986
430 308
573 969
201 858
880 308
14 247
280 967
503 194
647 151
776 752
769 135
133 912
358 623
141 377
732 125
407 407
927 293
191 775
505 345
760 903
794 413
282 70
368 959
852 61
236 773
936 643
639 58
906 41
639 932
138 709
527 420
281 469
499 394
639 923
696 936
56 338
512 368
201 56
118 553
751 958
98 814
654 699
596 932
87 267
336 390
304 518
678 338
716 506
533 432
181 288
151 531
310 232
804 425
431 665
8 731
105 762
36 373
229 822
53 46
62 980
396 263
749 9
346 636
358 335
108 452
853 875
919 152
97 194
676 838
309 524
427 302
256 916
369 550
159 550
870 781
837 715
799 674
619 767
686 637
834 433
248 126
43 7
829 919
439 702
616 8
302 256
103 606
24 460
319 144
131 56
303 503
382 372
914 49
665 181
210 524
383 943
864 128
614 190
515 652
382 357
217 372
909 349
702 601
936 750
906 986
426 195
92 257
132 333
586 643
576 424
148 498
675 661
452 144
992 358
836 833
689 277
954 192
566 548
627 399
78 816
706 916
803 784
787 204
8 422
766 135
720 848
93 818
581 233
348 261
412 219
788 447
478 417
397 546
524 74
157 57
982 258
799 690
847 328
703 270
23 673
811 755
82 950
132 729
99 689
622 638
188 286
178 925
783 405
895 426
416 426
921 136
32 911
592 181
573 136
356 133
351 744
743 222
779 348
311 839
209 67
16 202
729 31
771 104
564 378
128 19
779 463
583 575
673 47
21 359
45 548
814 67
108 457
955 849
753 182
610 129
140 759
567 346
385 329
307 591
728 93
984 636
509 789
849 289
183 911
794 903
799 819
144 342
574 217
882 220
630 731
600 760
50 597
32 567
824 931
902 936
748 151
163 966
452 468
906 963
526 370
885 287
488 48
803 615
545 354
972 21
318 474
56 797
265 414
550 979
987 500
459 791
294 267
848 228
825 475
770 307
342 979
590 957
947 578
684 134
864 181
381 188
23 860
162 426
418 237
85 955
398 79
679 435
642 466
47 343
166 99
493 947
677 567
439 263
413 920
973 393
285 209
737 615
226 845
852 546
577 808
989 436
330 148
78 814
692 694
272 6
927 581
60 61
975 907
732 80
20 309
828 820
726 464
885 451
819 806
366 606
598 105
378 906
753 899
590 782
989 732
605 802
913 386
375 674
454 374
351 943
230 318
652 754
262 369
639 333
692 140
422 509
89 405
119 395
720 422
366 403
266 134
278 313
459 147
617 113
869 252
128 777
976 916
909 813
197 376
756 126
941 645
709 681
248 314
365 138
711 379
747 352
500 486
55 880
193 429
487 746
362 879
904 886
778 178
387 256
240 684
331 957
667 238
850 609
280 418
632 650
381 207
586 192
93 838
820 347
285 82
516 746
163 980
461 467
758 298
35 497
216 66
635 386
79 749
420 8
417 237
800 287
80 858
149 129
177 454
338 523
86 683
12 536
240 529
828 685
756 941
702 376
55 747
476 299
173 222
779 580
369 851
666 664
310 807
601 792
227 898
991 748
552 633
965 414
50 583
409 310
387 344
753 822
787 42
193 863
236 420
156 725
168 426
245 678
353 986
655 155
435 393
829 941
250 856
722 219
471 155
13 440
675 910
88 883
639 198
306 333
167 379
238 139
967 380
333 70
914 760
830 572
497 690
705 78
239 427
790 349
532 465
442 493
433 854
244 66
364 550
541 255
706 953
387 772
703 828
206 947
865 775
451 11
798 540
259 538
202 580
236 774
989 357
661 25
234 158
424 790
380 195
588 861
555 875
719 1
659 657
498 909
116 47
521 894
791 306
872 549
608 818
364 477
618 640
350 914
466 488
184 886
121 718
393 975
383 734
433 883
120 497
628 769
940 579
606 904
449 43
972 541
756 441
372 873
223 908
521 126
217 660
267 725
721 165
632 465
557 390
319 890
182 345
934 484
942 170
906 320
398 505
192 741
612 274
41 787
4 246
666 746
822 479
838 47
368 904
354 113
574 244
289 872
659 735
647 565
352 779
649 748
33 774
553 947
959 419
390 728
860 609
361 491
648 390
821 485
461 516
395 920
166 520
309 697
636 142
229 901
61 716
378 940
455 827
990 396
498 492
936 177
776 778
927 935
771 417
780 961
960 768
764 633
192 413
870 33
765 3
507 722
544 811
641 550
683 259
964 715
482 480
9 538
853 882
165 564
949 750
860 575
296 563
481 786
538 787
311 225
415 825
567 92
366 727
168 848
185 664
703 132
38 443
395 609
497 630
790 253
755 379
374 177
98 401
388 810
399 334
526 389
369 100
590 493
218 644
413 861
600 660
302 352
511 689
490 500
470 849
68 112
10 577
921 483
119 764
832 285
365 45
228 706
307 375
290 627
866 510
717 109
772 767
253 118
768 426
28 901
148 986
279 854
800 544
534 152
712 392
397 471
454 541
274 682
472 125
898 172
587 173
261 111
359 560
46 698
179 986
589 486
81 519
352 887
514 774
830 667
407 19
407 781
188 169
581 882
113 835
72 822
359 708
704 682
2 450
368 33
885 589
601 439
38 910
801 719
350 543
988 56
319 576
128 544
182 869
458 264
695 205
447 902
912 391
875 836
243 904
501 527
525 8
641 881
747 931
551 553
775 398
692 466
830 107
117 298
643 334
245 914
832 330
568 100
107 906
772 436
607 72
798 131
18 974
766 924
213 155
56 147
521 691
787 943
713 146
745 217
246 105
982 964
559 685
886 780
61 453
345 984
59 227
802 883
990 910
79 169
86 364
355 692
301 376
139 565
336 193
957 340
987 218
98 971
891 680
542 992
688 206
553 244
118 587
168 848
862 193
192 894
499 663
859 466
37 656
71 278
777 927
360 539
545 857
257 547
776 269
583 97
699 615
114 21
932 304
650 896
964 461
402 63
876 177
199 132
1 698
50 738
605 789
338 344
381 842
827 68
553 384
798 537
102 65
937 564
463 765
204 38
492 253
538 446
185 369
301 460
928 416
808 451
178 191
189 956
548 649
243 100
225 669
885 167
548 477
742 143
761 652
835 773
667 259
2 809
113 312
631 163
189 862
746 187
395 862
461 626
300 458
703 745
867 840
503 432
447 917
322 5
960 820
593 903
546 754
938 664
290 894
299 877
290 562
784 26
784 692
803 189
986 445
628 973
10 95
961 467
5 656
659 51
520 621
434 964
435 925
120 90
590 767
6 913
554 467
457 283
34 88
944 570
628 415
134 711
560 314
205 803
1 871
452 200
354 793
986 226
735 467
812 557
951 495
901 792
204 268
109 836
988 372
735 144
304 136
336 77
919 621
707 480
276 499
366 283
878 391
293 297
607 542
817 817
77 852
888 631
606 905
677 364
20 669
714 692
395 568
454 144
180 427
901 923
362 428
750 321
719 79
653 63
571 891
724 313
523 813
803 392
729 424
873 889
937 94
402 948
968 433
357 846
561 266
34 356
262 460
661 528
821 828
123 634
146 500
894 664
820 546
573 765
723 970
228 409
411 451
169 18
677 802
298 93
393 786
285 329
275 386
700 678
402 564
306 929
942 617
362 269
356 244
531 673
592 193
660 955
728 527
989 75
281 776
564 153
937 270
210 903
784 762
934 192
804 221
165 554
345 905
578 201
673 68
815 963
892 492
720 501
886 835
786 258
12 291
369 702
690 722
97 935
