992 992
125 312
282 214
499 796
106 488
189 164
232 958
653 630
560 549
321 685
512 741
794 349
985 500
756 516
778 819
124 473
863 1
38 376
539 226
244 396
13 576
811 476
956 255
459 397
740 623
320 188
692 457
519 3
153 161
252 697
579 197
781 809
2 950
725 980
869 407
947 793
944 484
221 575
532 438
739 97
550 598
946 538
202 104
970 403
506 82
741 835
754 811
313 840
116 647
366 950
287 562
559 722
258 483
43 54
293 167
564 529
340 34
493 537
683 19
372 884
96 823
558 103
768 375
183 144
187 600
383 478
722 680
541 444
306 746
488 3
512 544
71 901
139 394
421 594
543 689
978 249
128 853
809 265
35 166
832 124
428 565
607 97
145 913
868 914
800 767
570 162
53 547
707 247
317 658
83 197
199 560
814 515
35 79
27 225
919 252
897 737
13 547
892 423
937 446
419 370
642 113
536 83
497 148
169 161
983 719
36 982
446 419
82 284
724 615
347 284
64 949
438 97
118 457
677 898
409 550
934 79
37 591
871 16
662 935
70 387
105 271
710 526
83 545
219 481
270 605
836 736
796 788
892 281
670 532
784 713
779 311
63 350
464 494
875 148
882 556
822 83
353 469
169 708
418 159
92 659
983 604
485 355
87 860
679 560
72 611
155 433
125 935
906 463
687 716
821 207
844 772
508 143
239 925
326 480
956 642
233 474
41 224
894 246
898 140
342 163
480 11
267 846
424 909
489 156
842 427
896 796
172 685
917 23
629 932
181 493
915 770
55 800
452 948
923 474
940 990
710 992
828 692
824 10
4 227
37 340
676 813
872 881
956 261
50 890
45 494
397 480
862 60
337 724
273 597
631 706
936 459
235 771
824 25
116 350
782 893
426 711
941 515
920 675
908 403
392 884
68 772
906 730
542 864
978 204
930 792
841 823
453 709
69 774
631 864
151 340
262 718
410 96
509 180
900 931
828 946
369 927
228 381
541 110
99 493
929 852
831 353
642 853
157 180
323 830
945 120
927 272
693 942
428 792
950 55
298 584
242 472
708 705
636 920
775 794
168 636
76 847
116 170
346 555
78 491
755 853
541 387
277 739
791 447
346 833
438 938
176 292
835 548
382 293
606 328
43 311
280 779
732 341
399 977
527 392
728 460
555 910
520 258
168 966
752 72
674 819
47 985
4 224
236 389
413 435
968 526
97 485
96 711
798 946
813 992
377 622
483 554
134 913
60 10
710 519
451 775
453 318
609 77
372 270
207 87
494 590
824 511
630 29
428 430
515 307
9 841
899 316
125 701
406 625
182 971
579 476
639 957
162 286
643 73
206 401
127 653
127 475
552 443
489 8
389 765
507 740
302 907
499 158
958 563
28 729
235 671
15 418
267 927
198 273
431 956
674 837
227 556
88 251
962 567
561 912
885 8
846 908
5 863
304 384
715 890
36 253
310 359
337 706
689 22
304 462
808 130
332 420
593 986
788 145
372 435
257 379
350 799
561 160
447 756
777 292
287 918
557 744
34 22
200 73
929 352
556 120
910 82
7 943
806 120
808 602
27 770
990 160
284 372
683 145
214 888
550 351
358 768
779 168
981 836
384 195
429 48
593 434
129 686
473 678
820 279
868 517
964 434
42 79
629 970
143 400
408 3
563 399
728 857
121 489
740 668
778 504
80 152
702 383
413 657
985 195
97 215
713 596
621 819
809 283
371 8
856 321
658 236
187 297
811 653
766 302
625 646
46 472
490 512
207 753
968 113
726 896
918 529
839 406
710 661
574 109
915 629
657 610
160 349
887 738
147 786
443 473
818 440
126 194
544 296
29 117
658 394
694 645
188 609
112 90
94 374
53 350
905 984
300 680
294 937
544 707
744 293
323 572
128 89
73 202
778 491
796 108
87 432
343 672
528 9
806 451
577 174
363 95
518 512
533 589
488 304
251 448
174 736
206 937
733 934
608 849
203 219
677 634
329 934
741 403
534 422
153 865
628 419
142 884
505 688
765 713
764 647
291 551
351 108
228 101
313 747
849 679
14 76
432 462
439 396
814 411
211 144
811 116
343 811
626 883
977 199
257 479
244 16
891 934
319 233
473 642
564 484
909 326
987 445
822 877
129 383
496 111
6 401
899 363
679 706
182 8
6 207
295 539
490 769
3 28
290 242
825 33
81 869
555 584
683 162
659 503
822 639
350 921
682 987
178 426
981 35
839 269
916 525
374 870
182 288
729 137
60 446
569 842
842 306
184 50
810 99
768 256
383 436
294 659
506 53
316 342
709 839
437 71
790 245
214 341
191 110
282 868
786 375
896 185
585 323
313 609
801 496
948 613
458 22
679 784
18 416
299 954
262 511
958 143
42 330
903 645
387 381
423 346
983 32
882 725
735 155
169 725
848 787
402 155
620 785
982 147
632 642
418 450
672 643
518 610
317 243
810 391
639 365
626 694
120 583
497 732
399 370
176 330
154 539
369 590
459 366
415 507
610 314
657 983
974 400
214 69
683 560
224 709
901 456
498 251
959 64
306 621
838 554
388 861
500 292
726 641
886 452
980 686
299 532
300 922
758 128
989 878
717 105
364 672
277 338
183 145
643 870
706 491
490 774
618 503
311 971
40 590
124 63
649 512
493 602
348 689
190 690
533 366
103 311
989 151
644 799
929 818
279 411
517 241
149 168
977 656
318 138
764 105
885 205
418 650
662 651
611 365
790 862
244 136
705 55
891 609
987 458
604 484
374 194
216 355
145 890
223 973
349 520
904 208
479 437
58 672
518 300
756 346
175 267
858 754
230 237
269 617
282 227
893 30
379 937
232 177
271 498
546 942
691 323
381 550
20 26
960 900
244 560
213 210
878 701
691 582
965 247
797 189
911 551
459 256
178 141
569 792
898 504
161 293
255 237
657 100
471 311
48 94
976 646
723 794
605 703
936 962
756 470
304 220
127 578
117 159
299 222
459 95
945 866
881 171
757 781
475 802
831 689
376 757
280 315
549 489
355 435
76 127
824 588
838 235
844 154
282 668
848 939
537 992
276 537
817 164
842 68
185 603
566 58
221 967
320 56
404 202
117 687
219 467
131 912
272 761
823 231
491 9
558 959
332 161
936 987
452 514
738 824
515 502
132 94
962 781
734 648
107 432
164 656
486 165
389 57
223 198
669 357
571 655
150 649
377 86
365 972
455 980
984 630
521 14
756 572
441 693
741 221
728 260
897 879
291 466
859 765
378 799
359 570
98 231
265 90
586 213
196 359
955 350
815 841
328 506
540 221
4 673
597 900
910 1
488 904
781 466
416 469
773 487
308 239
268 196
669 11
872 148
854 171
620 714
363 334
334 620
129 219
637 375
495 449
106 474
593 533
722 969
381 655
567 33
273 593
514 132
752 303
429 190
301 659
361 315
697 668
460 268
542 465
866 568
666 905
601 583
561 421
441 115
114 331
654 428
722 472
807 345
798 400
396 433
645 928
571 201
322 532
360 603
809 773
246 821
20 188
386 612
265 335
199 515
719 325
42 240
685 729
462 805
409 851
565 74
37 80
345 607
62 500
495 257
468 964
896 486
933 294
745 704
695 29
979 530
900 308
386 709
477 471
793 950
47 978
709 339
316 665
684 974
731 570
653 759
67 303
785 393
899 115
843 114
425 601
405 261
202 869
109 215
65 169
368 126
848 298
843 673
783 22
578 274
953 424
928 4
849 855
278 304
52 31
541 412
620 333
814 876
241 7
535 312
162 173
734 215
861 735
75 828
845 592
700 169
24 884
818 740
829 510
135 604
93 297
644 305
624 34
205 742
509 42
345 234
234 217
804 448
368 179
600 150
660 687
664 58
309 194
872 86
442 373
43 229
961 877
561 614
947 580
30 181
344 896
829 553
31 166
727 64
398 648
806 748
628 523
428 102
627 484
440 573
884 897
466 454
803 293
86 210
61 847
510 837
753 496
750 228
814 850
652 817
638 375
749 553
266 380
503 599
492 649
204 619
681 600
482 253
118 766
633 384
250 794
245 595
52 122
367 404
721 785
781 525
991 949
840 193
264 725
743 422
102 85
874 593
390 937
112 688
545 91
548 743
426 146
217 395
463 468
699 620
47 354
137 289
640 553
711 873
751 518
380 101
218 846
84 529
882 336
248 489
44 515
816 662
776 461
354 414
123 92
780 393
405 712
635 354
69 979
275 863
501 494
880 93
754 827
285 867
903 834
349 696
917 674
342 760
385 32
192 554
581 668
373 542
17 912
564 826
872 763
963 975
966 12
145 254
183 324
575 951
473 461
789 589
94 963
663 173
59 768
435 795
263 499
221 952
731 285
479 616
259 184
21 901
356 588
149 762
60 417
667 183
807 924
212 392
447 238
531 691
524 82
186 726
746 51
246 327
851 522
926 315
886 720
252 49
942 698
362 356
587 324
39 387
712 895
239 902
360 812
873 592
209 859
414 745
307 133
925 66
14 513
700 988
762 889
47 119
0 0 0 0 0 0 0 0 0 0 0 0 0 0 0 0 0 0 0 0 0 0 0 0 0 0 0 0 0 0 0 0 0 0 0 0 0 0 0 0 0 0 0 0 0 0 0 0 0 0 0 0 0 0 0 0 0 0 0 0 0 0 0 0 0 0 0 0 0 0 0 0 0 0 0 0 0 0 0 0 0 0 0 0 0 0 0 0 0 0 0 0 0 0 0 0 0 0 0 0 0 0 0 0 0 0 0 0 0 0 0 0 0 0 0 0 0 0 0 0 0 0 0 0 0 0 0 0 0 0 0 0 0 0 0 0 0 0 0 0 0 0 0 0 0 0 0 0 0 0 0 0 0 0 0 0 0 0 0 0 0 0 0 0 0 0 0 0 0 0 0 0 0 0 0 0 0 0 0 0 0 0 0 0 0 0 0 0 0 0 0 0 0 0 0 0 0 0 0 0 0 0 0 0 0 0 0 0 0 0 0 0 0 0 0 0 0 0 0 0 0 0 0 0 0 0 0 0 0 0 0 0 0 0 0 0 0 0 0 0 0 0 0 0 0 0 0 0 0 0 0 0 0 0 0 0 0 0 0 0 0 0 0 0 0 0 0 0 0 0 0 0 0 0 0 0 0 0 0 0 0 0 0 0 0 0 0 0 0 0 0 0 0 0 0 0 0 0 0 0 0 0 0 0 0 0 0 0 0 0 0 0 0 0 0 0 0 0 0 0 0 0 0 0 0 0 0 0 0 0 0 0 0 0 0 0 0 0 0 0 0 0 0 0 0 0 0 0 0 0 0 0 0 0 0 0 0 0 0 0 0 0 0 0 0 0 0 0 0 0 0 0 0 0 0 0 0 0 0 0 0 0 0 0 0 0 0 0 0 0 0 0 0 0 0 0 0 0 0 0 0 0 0 0 0 0 0 0 0 0 0 0 0 0 0 0 0 0 0 0 0 0 0 0 0 0 0 0 0 0 0 0 0 0 0 0 0 0 0 0 0 0 0 0 0 0 0 0 0 0 0 0 0 0 0 0 0 0 0 0 0 0 0 0 0 0 0 0 0 0 0 0 0 0 0 0 0 0 0 0 0 0 0 0 0 0 0 0 0 0 0 0 0 0 0 0 0 0 0 0 0 0 0 0 0 0 0 0 0 0 0 0 0 0 0 0 0 0 0 0 0 0 0 0 0 0 0 0 0 0 0 0 0 0 0 0 0 0 0 0 0 0 0 0 0 0 0 0 0 0 0 0 0 0 0 0 0 0 0 0 0 0 0 0 0 0 0 0 0 0 0 0 0 0 0 0 0 0 0 0 0 0 0 0 0 0 0 0 0 0 0 0 0 0 0 0 0 0 0 0 0 0 0 0 0 0 0 0 0 0 0 0 0 0 0 0 0 0 0 0 0 0 0 0 0 0 0 0 0 0 0 0 0 0 0 0 0 0 0 0 0 0 0 0 0 0 0 0 0 0 0 0 0 0 0 0 0 0 0 0 0 0 0 0 0 0 0 0 0 0 0 0 0 0 0 0 0 0 0 0 0 0 0 0 0 0 0 0 0 0 0 0 0 0 0 0 0 0 0 0 0 0 0 0 0 0 0 0 0 0 0 0 0 0 0 0 0 0 0 0 0 0 0 0 0 0 0 0 0 0 0 0 0 0 0 0 0 0 0 0 0 0 0 0 0 0 0 0 0 0 0 0 0 0 0 0 0 0 0 0 0 0 0 0 0 0 0 0 0 0 0 0 0 0 0 0 0 0 0 0 0 0 0 0 0 0 0 0 0 0 0 0 0 0 0 0 0 0 0 0 0 0 0 0 0 0 0 0 0 0 0 0 0 0 0 0 0 0 0 0 0 0 0 0 0 0 0 0 0 0 0 0 0 0 0 0 0 0 0 0 0 0 0 0 0 0 0 0 0 0 0 0 0 0 0 0 0 0 0 0 0 0 0 0 0 0 0 0 0 0 0 0 0 0 0 0 0 0 0 0 0 0 0 0 0 0 0 0 0 0 0 0 0 0 0 0 0 0 0 0 0 0 0 0 0 0 0 0 0 0 0 0 0 0 0 0 0 0 0 0 0 0 0 0 0 0 0 0 0 0 0 0 0 0 0 0 0 0 0 0 0 0 0 0 0 0 0 0 0 0 0 0 0 0 0 0 0 0 0 0 0 0 0 0 0 0 0 0 0 0 0 0 0 0 0 0 0 0 0 0 0 0 0 0 0 0 0 0 0 0 0 0
168 850
737 830
81 129
958 507
857 924
673 910
83 263
620 29
366 976
887 708
534 424
214 265
560 194
979 713
857 681
71 74
214 978
495 194
534 990
578 712
159 11
737 251
560 122
588 508
211 510
81 288
315 610
560 904
366 812
756 93
117 978
974 452
126 628
875 821
870 115
653 713
284 249
641 42
663 776
845 365
958 207
534 889
217 827
88 549
368 496
366 788
663 55
239 603
766 379
496 3
168 675
453 957
954 245
20 429
934 962
766 732
737 569
560 557
788 349
368 684
958 203
696 519
17 356
848 632
880 726
239 851
971 87
83 943
368 104
219 965
366 39
588 540
32 945
549 40
972 773
447 379
737 837
819 111
32 926
578 467
524 888
171 19
120 980
956 24
880 103
17 859
956 377
653 894
211 769
857 132
284 125
243 973
284 653
300 49
58 395
708 844
889 829
808 362
570 810
117 825
725 396
954 622
81 230
126 658
725 836
934 160
848 798
117 594
159 519
211 509
334 864
788 936
788 746
524 664
696 740
549 807
845 861
495 529
739 441
958 725
972 430
766 536
971 86
519 952
857 351
368 638
570 739
153 125
568 667
859 342
171 666
20 719
737 430
373 66
70 252
549 311
334 499
246 203
83 860
126 260
876 241
120 658
934 449
20 593
321 418
956 40
117 504
725 749
788 34
524 907
58 237
560 261
887 51
972 113
154 272
272 839
368 285
88 192
641 286
848 428
928 726
788 113
171 901
145 654
721 344
570 599
737 884
721 905
373 972
153 39
939 614
954 383
159 203
32 210
373 94
559 182
71 355
27 197
880 16
887 62
20 649
373 929
154 576
120 124
972 75
663 643
663 195
284 234
373 621
71 915
549 375
756 899
641 71
366 181
819 135
588 572
788 850
628 766
974 552
239 397
145 316
880 33
866 639
277 508
20 985
81 536
366 230
453 392
368 932
447 400
972 431
179 545
217 559
71 411
954 550
496 963
453 482
939 223
534 483
708 407
239 907
875 32
663 949
243 201
300 534
239 201
334 39
939 851
81 198
568 501
321 674
653 271
534 134
246 699
956 480
383 737
243 420
368 846
81 336
366 754
70 228
819 459
972 564
939 170
284 484
958 788
546 546
284 30
570 302
889 34
214 428
179 670
447 611
447 395
154 801
876 550
928 563
126 377
448 834
83 847
653 15
725 865
857 771
315 203
934 713
383 789
300 195
958 843
239 212
848 280
519 861
739 235
243 96
696 844
549 991
939 296
534 363
588 154
217 364
315 454
159 212
934 927
696 427
577 728
934 341
58 304
214 8
880 457
708 321
663 665
447 710
972 185
737 763
154 932
721 445
447 834
725 82
20 724
708 418
70 444
870 25
857 601
880 169
447 765
971 314
126 952
117 988
277 219
17 180
71 581
368 626
568 59
246 689
620 476
117 819
577 467
442 827
857 386
214 657
71 512
145 881
725 2
83 32
546 462
568 666
83 363
120 599
368 329
442 221
857 29
239 792
217 705
272 595
641 977
32 965
519 460
939 617
179 863
448 189
588 136
971 221
284 38
442 972
972 928
663 243
58 884
859 55
383 145
570 781
32 226
808 33
578 916
214 127
168 317
673 625
956 395
887 231
277 681
464 53
889 390
453 646
117 146
845 580
448 829
653 141
928 205
845 552
145 520
837 81
628 69
788 803
120 801
219 765
315 899
83 773
71 294
71 375
315 295
70 963
875 656
58 385
71 215
766 626
519 113
577 978
373 110
126 495
546 31
708 441
954 72
321 919
71 183
534 110
708 731
120 427
217 415
117 889
971 118
845 800
447 66
70 532
837 912
880 313
870 533
570 629
179 423
549 911
934 824
889 914
673 339
153 181
628 268
934 712
845 284
737 15
560 44
159 435
83 657
934 619
126 900
153 83
442 460
27 246
721 664
721 36
939 436
27 825
721 3
756 799
239 268
145 568
117 538
870 38
956 339
974 671
696 985
974 591
971 169
788 386
58 350
653 291
819 178
214 767
211 426
20 631
845 898
217 214
368 628
756 947
620 468
857 853
368 481
447 628
83 444
58 574
876 373
939 496
495 54
243 660
889 794
725 618
934 976
857 764
126 300
171 65
284 571
766 718
546 810
588 4
495 467
145 600
145 833
737 312
956 627
876 157
696 115
870 787
153 887
848 595
641 919
819 527
126 109
145 516
653 2
887 705
954 938
837 330
837 418
154 961
739 340
334 699
819 233
272 903
568 927
171 566
653 978
725 804
808 567
154 870
819 359
808 621
243 711
568 427
211 316
560 294
519 256
368 377
568 397
321 228
653 176
870 689
876 332
588 138
956 51
578 868
519 179
876 779
366 451
496 199
866 444
578 41
211 868
739 135
934 749
117 919
334 92
159 745
696 951
766 513
708 158
448 920
870 235
368 864
560 320
866 171
27 397
546 252
588 447
217 443
243 780
383 199
546 688
588 330
83 231
88 69
673 396
284 947
739 621
972 74
366 220
766 912
243 983
368 602
239 918
214 889
568 470
373 538
766 306
300 410
805 475
277 937
168 271
58 366
145 157
284 237
519 48
866 821
81 507
808 540
859 466
559 511
448 192
588 391
788 831
570 480
673 665
524 351
979 803
344 211
653 821
315 223
464 230
971 774
117 1
788 817
368 410
368 742
117 48
284 650
32 966
534 664
17 833
171 633
27 255
453 287
211 71
373 42
448 776
837 837
383 283
974 82
653 748
524 862
725 798
766 463
211 344
70 214
805 715
496 942
641 841
549 362
570 449
70 899
546 160
58 17
519 173
788 135
934 354
272 799
939 479
737 153
70 156
578 554
284 601
788 841
570 525
805 786
954 535
570 661
211 272
179 687
32 269
32 15
837 767
958 79
845 885
808 769
972 830
453 729
641 481
870 581
126 450
373 696
120 594
71 347
866 872
534 455
673 538
889 898
58 457
696 218
179 839
559 680
83 713
453 811
708 611
875 570
971 512
17 599
243 533
217 674
334 303
870 678
549 372
928 965
81 599
859 343
81 655
239 595
845 171
179 72
876 211
979 753
83 478
179 682
766 128
958 110
277 668
17 602
721 130
972 935
179 847
447 723
859 975
27 144
179 964
243 387
145 809
568 603
58 939
159 973
58 498
653 131
58 205
495 217
737 21
321 159
673 544
546 689
788 860
641 788
83 581
70 116
887 767
653 424
845 321
737 337
27 969
126 13
971 837
243 224
971 844
153 688
246 759
284 674
766 913
58 641
239 27
845 682
495 12
837 412
934 309
20 155
496 238
464 202
848 200
954 186
971 389
145 555
958 42
819 878
20 630
83 781
859 146
20 480
71 12
300 137
845 367
971 208
956 632
549 367
27 936
117 28
179 784
546 510
58 510
805 773
559 922
739 403
887 806
32 94
83 40
239 663
126 373
875 450
673 128
549 359
725 921
578 990
300 140
939 454
857 685
464 546
315 443
887 216
866 812
954 381
315 713
845 722
725 947
848 794
534 479
568 85
549 991
524 774
453 893
788 642
284 375
32 674
153 7
179 67
81 383
939 352
442 58
366 92
496 117
673 80
559 656
179 329
954 490
934 799
939 309
117 167
971 861
272 893
334 445
857 297
889 215
870 777
653 920
870 607
876 659
549 406
383 951
954 987
577 226
120 523
214 427
524 275
805 409
383 680
620 897
956 906
549 54
334 386
837 20
277 18
58 589
958 763
447 494
958 462
32 45
453 137
934 30
70 631
168 377
448 987
972 905
117 903
368 459
496 238
570 662
58 249
442 124
20 828
958 273
519 622
972 882
453 178
179 346
71 10
559 111
71 703
971 894
214 946
217 983
442 802
159 854
519 480
721 915
126 733
739 279
887 639
315 546
211 44
300 26
870 428
880 723
578 780
578 60
239 606
870 132
739 786
887 555
653 537
217 956
219 297
859 61
972 228
88 289
179 826
159 733
837 643
628 754
447 378
366 127
653 475
373 462
958 382
145 732
805 803
58 12
17 940
126 176
524 747
696 844
788 894
857 266
534 967
171 178
788 745
495 868
17 541
219 668
954 575
88 650
534 700
972 214
70 830
383 992
889 938
246 756
653 741
721 648
875 362
534 383
756 523
217 375
442 741
808 56
971 917
620 217
83 556
214 242
845 403
974 941
546 102
808 652
808 925
974 855
383 980
524 764
464 929
217 375
889 13
179 450
979 482
928 178
857 656
20 747
159 230
857 665
857 573
588 360
875 511
453 445
81 602
570 440
300 450
979 547
368 36
81 114
373 924
560 481
243 841
766 957
578 713
214 145
534 948
673 18
570 611
284 898
277 946
845 981
578 174
845 405
549 808
321 44
159 193
366 691
766 607
20 986
848 569
300 823
58 141
246 954
954 655
27 530
154 299
168 546
334 921
870 367
819 421
880 775
519 158
366 572
880 929
239 922
739 191
496 454
837 797
859 154
315 28
373 49
284 340
845 400
870 283
272 114
628 825
577 60
58 191
889 39
