4757 815703350
15539 452837423
6826 96725571
9515 195709794
19292 552995651
240 139355211
6965 733404592
11188 598470878
16917 374939162
15650 955692133
3372 490819747
18867 353687548
4706 371650947
15865 668877589
15504 89224580
13720 1029456885
9348 987536007
5992 1057687606
1505 938805246
18133 1025008963
2780 471482224
13119 1067708639
14720 442227961
2458 536832414
5547 916268999
6287 703524713
14414 181629597
7577 82316287
5329 340053075
1865 626166639
17005 147488853
2403 97035423
2128 873391904
9310 676753864
6589 483329736
13416 532166903
17545 840565620
7104 547292301
18944 9494496
18970 451742656
7261 799346139
1214 452291353
17589 115166919
18633 851258612
10381 990831643
3242 725459459
19423 61018084
7 1033865675
3866 936699199
4854 343870245
12799 871459041
4804 355138750
2564 110494096
8817 820084120
15861 636860583
8242 1041554822
10062 756140694
8974 430527924
14498 553584479
19458 271880477
13303 1042613018
1085 255722771
9863 226236018
19524 511744443
9793 30355238
4687 556180110
14502 486240393
3369 521086681
11276 489595907
3124 369719869
12511 841677197
4964 320251184
7419 981571641
5279 330014074
12275 148471463
14020 787369657
237 824652689
3904 116749022
9956 502613568
10362 34323118
15141 765304597
9993 200033857
13234 395124737
13080 520482182
15298 428021005
5641 364337342
1406 751826131
2191 59959548
16390 60223746
7602 379351211
6986 235656927
6223 9026568
17393 129384383
12789 671279524
10326 212767117
9098 568365796
15142 920670026
12836 846218368
14307 55032200
8656 380520199
18948 1060355822
8462 361445209
2355 1032142008
14739 422145836
17678 334434100
4422 270220680
3942 540439109
18019 380071755
1795 359707107
3484 671459238
5373 289942170
1426 396363933
10564 959912455
7040 307342219
6618 533348190
8657 665414043
19252 836815847
10981 455472209
9693 736797563
17360 1031355903
8339 388754700
13211 231223888
11975 251196187
6209 585580225
16001 234345536
13555 480193314
442 56722341
5749 485048858
18464 809605515
4798 154257824
4534 213185475
2331 328616835
11601 891889206
10701 203828707
12348 530627423
3047 975412149
7253 418170059
4273 1027816771
46 166935456
18152 921256106
17037 82456851
16860 997110362
15212 446385904
15184 190621082
12249 933275670
19933 347057409
16823 161995000
13583 1008018174
18428 749631517
12422 774685264
6481 541480609
3031 952635023
6069 80842930
6025 741084322
11642 549875220
5112 72174406
2054 770282142
18198 437533582
2259 781549242
4420 479910237
16336 183754728
19101 309044205
8926 910307644
8140 583427660
7699 470789084
15473 651775961
15482 360449923
10240 50814156
11026 645597952
14178 136515243
13707 51440824
18290 481555670
19020 479494944
18721 774898940
8623 921650499
6450 708985763
2307 98245442
1535 408740
18665 304447183
11730 692702125
11096 653061041
2829 1003238589
8281 115482692
6723 41946284
19052 696790518
15388 516485536
9729 7592394
12341 834409369
17663 76303577
14109 224496870
17825 189338828
16089 770968237
14452 603354211
14017 991872359
15066 1022395377
6370 289360225
14762 283517406
19354 312807229
1038 471348004
9118 13821039
10979 429503442
8951 498869184
8669 143595404
5825 352763343
18784 963607049
5643 759796107
11368 591601556
9978 22025402
13538 15058315
1317 22367349
10544 910410467
17850 1011258793
10313 1033631906
15256 822361495
8087 482251363
17715 664824405
9272 575608534
12468 312333132
2941 721569854
8054 942885304
15758 786355441
14410 596119851
14596 377346011
2867 502663178
11213 407480571
843 810131470
12236 499088868
19068 738207428
11190 816667197
11688 1015635469
2006 812961858
12737 8873119
14634 256414017
17938 722300547
5155 393072158
1108 752995733
3849 947578832
16154 633096710
12725 479752161
5990 495373021
4470 96565490
13841 94162546
12620 855815988
15815 34353906
18064 230387952
18984 987025118
9770 517684992
1705 891869580
16889 203857236
11953 883631012
4207 493964142
16124 615686052
12914 165838054
19195 159824477
156 221436391
17746 966853492
17723 82661296
8793 518890978
11602 363737363
11932 634996
17143 409249530
14522 294006347
16723 261255389
4970 254021468
9509 612955469
12177 488071410
17983 749544045
6125 826660391
7271 917905011
15758 75964527
7512 535644203
2007 199596046
4382 829228917
19522 970765468
19774 90303938
16729 127554952
14635 877307547
15998 104716946
13554 171489306
17156 941198416
14959 68064110
8723 837899434
17333 348190043
7655 70960990
16650 848697016
8754 744356476
9193 745024752
2710 234106603
17919 115423873
19916 873056482
4270 566079360
3296 442243184
7501 621632019
4434 1050374645
9125 913286901
9559 967382695
10358 911782390
4662 551152910
9200 88909433
2923 791808391
12731 287502324
13927 917145285
5007 709048947
3726 426552907
13500 552157973
2103 185954548
19396 711063693
10000 435203947
9244 239823778
13880 4149939
19662 467046320
13347 1030960289
7290 654756645
10234 930076765
8016 233887749
2936 600535780
8952 100332647
5133 957170569
5579 824074997
14399 670022767
19191 992328560
16324 480148240
12287 1055755049
11626 133599418
600 866502025
12591 818486029
1261 571311242
6921 219622526
19163 565778748
13791 592708823
19030 508357697
4430 866556340
6051 616509009
3525 690384648
12668 949606583
425 320651158
17519 825654738
12818 642119032
17247 520251797
3020 101675676
16769 951849479
14615 366553409
19200 280319940
15976 305464446
17690 303011450
18470 841425084
7425 100730221
2189 275043384
2875 554690547
4910 479561602
7842 408194552
3917 345267712
14596 1052419196
3649 95137387
8644 708728336
792 366627665
9432 556710749
15569 353311633
11465 258775965
6208 376242914
10806 61537567
1678 294099533
3985 883787207
9110 195311790
9216 244099980
10312 150653751
9021 133182713
10570 99974637
9367 1062406572
10002 946811945
783 541250266
7021 418828569
19196 278784969
5788 873189436
5159 634659412
7025 56602089
8335 573130603
6423 253140937
19430 972165009
9223 386276696
2226 550847324
948 66467944
5134 520863736
16960 551601566
7943 782256036
9348 472995059
2623 548381235
16492 285604404
5101 178785677
2648 409888131
18266 999030316
5884 581716948
7269 959197087
3009 410230640
4417 91129098
834 69867637
4338 730479012
3504 52923732
19636 357032247
14319 1056316242
212 675362979
6583 781262600
6644 723797596
339 531037411
16811 854543080
3845 131512740
17763 406028642
19488 502457057
12089 877867002
18029 993970050
4257 650348658
6087 78676037
1759 575363234
2718 472860731
6863 37948149
17400 433431881
1342 668366570
4651 221208744
7214 524353940
17060 108679013
16951 219319834
14116 669346529
10816 594230840
6237 1054030162
16074 524157628
18073 622298688
7782 227605514
12532 708340489
633 414755480
10685 78456670
10271 496988018
6489 186632643
4805 150985912
2912 900442131
462 1017533979
19614 656353274
11599 1018298724
18259 1044010873
883 617809645
884 787371366
3704 630039077
6152 597625321
9360 158695952
9419 644001536
8993 41023941
14030 306260219
6021 1056669935
18164 208908033
13130 123503693
7895 94782346
18931 586352177
962 53935330
19733 91033349
10196 812981677
2236 67857857
9187 937655645
4740 316754038
5207 611631293
12415 169016518
13483 181363306
18389 857165930
19375 982190932
2976 502788523
9065 930200386
8844 1049511913
17263 985579851
4285 298325015
15950 1012925534
11081 182772029
3719 70654907
1977 145999092
13260 55719800
14412 316207086
9191 892885245
18612 520621676
4916 152951687
9623 508098757
16930 321604777
19120 305378278
3126 96048326
12652 708035020
1192 848654233
18125 684048908
10244 339489965
10025 280519244
14698 522022885
16268 443293383
559 450611701
8018 823415501
2873 59392231
2254 938809664
2151 854503576
17895 396819736
11494 297872184
14261 324041184
11453 283877837
8904 636341303
15395 717905073
14753 663425616
16867 745128975
10007 981974130
11391 113965162
14036 13946233
18602 673102614
8021 422865747
9260 487171773
5006 612056964
12738 971093980
2051 315631522
13404 200123715
4560 955037146
16157 313002136
9250 760971625
8350 16602836
15771 767084323
19660 109684933
6290 200530416
6021 551441291
13265 596468554
5919 884756763
7894 383251393
13121 794294462
19346 339272567
13287 798394259
15597 593887908
1923 928020745
15296 984193555
2935 613330790
12505 471677858
12059 852388931
4730 988734150
11645 71014670
10491 681305349
10620 855105414
932 171324027
6317 710120002
19283 362800726
6582 135521579
10588 382609241
9526 95286781
13796 1023957084
16442 696820938
13573 807803083
2953 4177015
4909 768840995
7770 501050173
14111 785131384
11256 656378665
5104 337627121
9925 582466205
15147 477023562
3732 310756557
8302 556563794
3469 350116418
14795 467430763
7117 231119195
6376 861319948
10884 406316743
4543 285434946
85 1062868492
16223 1042147370
2073 1070260739
5449 150083449
18748 282473817
14515 840969461
3327 901595919
2888 567772665
14740 384921339
15718 622605045
6789 592840261
2815 855791595
11790 964839403
3193 972086515
9982 419216702
8079 887123640
3674 461333091
18093 144461561
14266 909483731
15000 687928585
12554 50236891
8451 104660560
12042 296294172
14907 34696903
17870 20403980
13116 756072832
3199 555538292
19769 199280923
18392 444569584
12216 611803218
4010 561505905
7636 324921966
15896 776865726
11161 686728144
16476 1052717039
13484 244761193
11104 523848433
16833 873817666
15334 1008407813
7362 79321589
13281 989266753
6670 615064369
19225 466746381
3736 907469627
7179 576675751
16004 646547304
5063 122216608
6606 68897187
18672 828845148
12611 448102637
767 923231126
7909 425017816
12832 656794330
9387 1061801739
19892 447994633
9183 292805058
6669 231848409
6142 394629707
7061 18113106
18140 558172297
14696 583087441
4349 331930740
10645 1042953
6621 1052262040
12353 1047180926
1257 965722258
4612 481085448
7172 148632982
10761 1013222358
8675 192570092
3154 856803176
3761 803029102
11155 593920276
5067 826706187
15058 512047234
8165 487316295
19437 222621487
3332 533932473
12852 560824558
16610 450247563
15339 251120738
10573 18808062
16553 223390598
3816 1019879395
10556 546683941
17128 474418211
2754 718698594
14488 127311929
19537 89399090
7670 1032569266
9873 566521053
15540 420134324
5244 864723840
1048 508197236
11013 553706382
16316 269742782
4270 1018156106
1262 218206321
5008 110271567
12273 885048064
12471 895003144
11962 357594354
8900 127978552
14005 541117283
10409 490543731
7486 670348929
7152 410070435
3559 618746384
12437 120793221
16344 46994919
6343 342495273
18251 907138672
19371 20018293
3084 416847147
16504 638806179
15839 274702636
4060 1011731390
11962 976553881
918 789700905
14758 561697837
11226 884979992
14274 1008837047
11793 808216853
4897 808483484
19446 433919100
15367 553421137
14458 826950912
11407 74389729
19169 907842340
13160 4449645
17762 695279298
19891 256294055
11050 387274631
7047 781643350
5434 650646901
3853 316968150
2277 897384800
1445 632520085
14035 915787122
17503 177691030
13697 489274791
7970 746036722
16574 222330961
15465 315468882
5584 353556117
8545 1055071094
15309 776834284
492 286644145
6402 122602404
3233 907285355
3663 342165340
1098 471762846
11017 689158539
18884 810058841
2231 424495354
2914 599150912
2869 582498885
11115 954162698
13844 502038622
8536 416006914
2616 934454538
10007 810979718
12217 843596130
10250 359494795
19426 781862483
14024 877502743
16693 1032328479
17179 80254661
12326 958719962
14465 125972549
6747 636652013
15563 187532250
8978 472440983
193 970101722
7483 955138918
3068 772427569
10553 396141762
14474 272523742
13254 318802531
16174 1005344116
19500 244831702
18333 753074586
7565 131194109
962 881020044
6428 793760396
18075 922729368
15937 170327692
6105 815616930
6745 454772443
19524 49465761
5875 333842346
7925 170427167
7732 242301950
8250 976905917
3188 236451376
3574 70515884
10527 149399661
18719 57990965
8310 954252598
1438 854457138
11787 892698593
1298 711008403
16456 327701782
7085 598008538
16552 288375635
7893 132008351
10237 74763113
17572 80171277
14504 365924604
8392 703183459
5028 19714823
8580 233024627
16412 522826838
13966 1000514599
1968 911627274
12879 665335031
10452 343193113
10310 759634292
13136 800619467
16517 333714369
13121 268921918
18866 473308692
8951 3755235
2568 361098042
5558 123210238
13715 988657424
3605 702525226
1911 412837642
11937 855486419
10346 957151920
2395 97648570
11445 441666588
18998 917404532
18520 726737021
12506 743842028
10531 284952727
11236 155195356
3997 865734977
10467 483625560
19201 335856614
10364 480955715
10460 686159620
16391 634443992
3344 66809520
17296 100897059
1236 1062391056
7096 217308805
11473 848188127
14129 629249587
1223 807399405
17637 922923703
7142 176956317
3983 242998382
9429 564800869
15936 266650120
1743 937659729
9084 795328780
10209 259150976
15515 849370705
77 262358437
12872 970722950
9194 840254856
6405 291196587
14658 939072386
10597 177179797
11827 659653125
16945 492658542
4302 271845137
9668 291049523
6907 436649152
6575 789312052
2771 415414715
3829 959318935
4612 707979715
9328 770510294
816 456338985
9738 270966332
5775 351489622
1348 950627948
4392 305412164
17811 796370139
14684 478679299
15198 218436944
9084 294917429
3202 595118443
4270 810502546
17998 803789083
9324 776076133
11239 329192230
12484 348557581
2725 358184358
1817 642460285
2741 713258630
19072 193827260
5973 142416905
5892 148863846
6874 1037690179
10563 996316969
813 328991390
19503 508358729
19369 913989206
7726 404987420
16959 672920829
17562 268518542
11539 945487352
11009 181396639
9597 109241345
6566 277609696
1128 177311139
6046 428145146
14070 645395905
11797 60487463
7066 1062573071
3687 260132534
15037 515937686
13511 637336203
9242 469624117
7067 623133853
11841 222594075
1885 899729271
4952 16757326
19004 669793975
3765 1057646375
18425 429139858
18054 301111763
18442 578236750
17801 406313428
5371 168197575
18804 495728510
16712 75772394
11758 1007942778
18180 944100925
4084 94614599
12085 183568213
12789 889455796
16566 918582878
19062 657413735
9939 666712471
10063 479219033
2705 553970899
876 38080855
18627 705044986
5485 56518274
6550 63054214
14950 572298704
10278 638286598
17504 422880650
16935 80111006
11383 84664780
10877 489320581
4794 351909128
12356 184517509
8685 76075138
2632 635580287
9674 481567957
4590 645779172
8156 1026206317
9290 332494397
18338 764082700
6022 946713764
17618 916927814
10562 532030537
11700 63160068
16910 455002862
15043 198558724
16754 258951787
3407 46469975
1831 167764267
19454 313280226
5211 503003821
12838 488029149
9392 161353732
1908 71424855
9213 595073111
1225 1012773553
1772 262785378
17976 617372702
1915 1025861619
6409 694204202
1531 720365678
8088 732066096
12276 895491913
18967 872898017
6495 727695760
11720 725229508
14602 732444003
2564 458662065
6008 168243827
6039 959109717
15550 1016836745
2529 896954033
4423 286634495
7190 371888282
8689 704168004
2751 397163579
15982 64544860
3351 370163598
4 43891038
9039 1046418151
9869 113219317
5707 131236202
4343 176798176
5378 890577295
12389 123271281
15330 495328677
3436 584757010
8810 1047874636
1207 609353915
3662 342071546
2468 835708797
1974 1011203191
1989 360322298
13983 482395488
16960 180822763
121 393048232
13583 331322265
19751 34886162
9665 373236324
6178 670158009
6487 20046911
6455 317971337
15560 970340402
4996 486156739
17213 285083606
447 152501116
11253 4937693
5135 617440798
19202 796076168
9296 827578598
9354 24946222
2548 349271396
1032 704653756
16093 329267199
14856 174623023
11620 294416494
6382 389232668
19604 454265408
10704 86915113
3056 916825429
19672 1052400017
5001 1038384738
8515 554388388
18953 1055074161
5764 23395652
4011 627576926
3329 979258729
19296 741039964
13845 18910110
18475 370579822
11629 44451970
934 797252334
17259 150795848
18684 394616842
11430 679598391
6092 286694722
17384 891734059
6668 476784619
11310 1068416274
15428 405188271
5035 451818864
14799 715080202
12326 688677595
6045 857451726
8184 817965952
18196 51813537
11503 983071388
778 528226938
781 909009155
13068 166286119
3881 661751197
13306 300822474
17389 467920356
3977 776781399
2166 668395112
15744 507046424
440 732967755
16508 311952425
2488 556167365
9484 524426236
9327 813808545
11765 876685271
18958 232683965
12335 521239889
3956 510130830
3014 333388248
14201 631105434
4090 1053539118
10503 982516989
735 489179111
12668 86163941
13854 515409900
17290 55154965
12914 250817788
1847 374096229
12524 104770342
17021 402828865
15887 590766416
14570 941121574
7669 199496115
3041 558466344
14184 923249244
1431 648407406
1482 1028644269
16407 952973236
6286 849218265
1759 590514633
7165 122123884
15297 291227919
11633 827347649
18371 471752445
7261 498178186
255 518239648
10723 697610060
17283 350652437
7964 597026272
8626 1047757585
10549 352434931
9698 237647194
15692 320435591
7740 507138123
17335 407768432
4671 765933652
4221 629400535
8893 629532023
14746 726649786
3676 641504205
3967 993714794
16887 482657278
9328 16627724
15098 535333836
3461 63260697
13385 361084554
5002 795754974
7162 533345693
639 633938172
11542 309813505
19512 400004585
285 807372743
2558 655244909
5151 795332751
11564 244395558
11139 138897939
5619 343525125
15907 155585436
19223 51438031
3246 884950411
15343 705873564
13317 639640017
5161 669840731
5311 1059492983
6531 989806157
5734 488946711
9395 450636421
18423 373060192
16001 428258415
5606 1050815639
13223 213176389
1559 903719953
2424 1057932443
710 1007124153
9750 695063253
13375 252301200
10138 874393515
1095 266471208
273 1952684
19538 803191848
18233 945548216
2891 635597772
103 721031557
1615 731689570
5732 713896987
2866 47504333
16460 928696408
10136 44065797
13774 815372653
12925 749260694
4783 229994846
15246 174621725
7335 529011078
78 309127374
17954 429947665
10386 362043121
15008 595429248
11941 877648480
2741 835899688
5092 467780106
9290 667052979
7651 195002483
8698 2288798
12199 573529138
19062 1052459961
1482 852127857
2721 696705963
4154 578551153
15285 166705771
13754 224364804
2044 907377096
4191 870666000
12664 570830818
14452 806158867
6588 956641198
2327 850025370
15088 1053116790
12441 144833736
10193 950850391
1058 673849045
12078 521306561
2475 101454732
16684 377622523
8035 853677516
4292 821409948
9131 5925384
7392 924614163
5209 779243207
5057 966050592
19352 549109029
19292 707900248
17606 462944592
4311 1026980773
6133 159183628
4849 312005315
12043 137459248
8632 658526661
13891 1041083174
17649 239574158
13129 926803823
884 842685016
7873 184372764
17837 508919345
17761 148586582
15100 264888184
13682 771268055
15541 251142757
17171 575198574
3616 280326270
13974 1037026688
12922 528941347
481 367291522
17107 216297987
1071 309324159
9679 712470436
77 187485336
13605 190590431
701 753416063
6403 224440418
6230 650137083
14951 709124909
19073 526841448
8391 284754709
5309 845015604
14122 115529283
6685 893032034
2029 286733494
1509 82037771
11360 631136445
18289 449954008
230 615591806
18701 709910409
8984 436011378
16446 96168050
16930 98437862
18648 197255672
16708 782593148
18981 480565528
3475 970202024
15493 393703904
9718 224271155
2280 526239732
5001 954827708
4982 684662539
19901 655252530
18119 248800112
11350 378880603
2411 810023553
10092 465265488
484 353788723
17035 695059454
19271 461317772
17811 579623334
11327 760420391
10264 858354270
15721 1026877108
6178 835186063
18713 198802550
2223 144589941
13396 893824963
18412 651453090
11187 102122375
6976 969133691
13799 414398401
7105 775397817
14287 983165444
17789 967791081
19780 429426167
8530 731498732
3278 957466070
1622 110644600
2987 792101615
9968 566213526
19407 709629478
1181 299175202
18431 1038747762
8044 445690445
6485 943231837
14627 668711454
13503 1060303240
4920 252889837
14112 904232740
14040 407071463
17197 699312762
8259 258775181
10930 125842532
17837 499233589
16234 421282002
13343 719664007
9674 173553478
245 103658497
2583 911897432
8190 400738676
12811 1021003059
7231 444476293
7765 526828054
15471 468430125
17910 647554260
7804 113837369
10501 258014804
16325 866543306
17739 4126225
8318 38103509
1639 109468315
8304 987317157
171 463192597
7030 927518549
19229 842431157
9056 342582870
8215 194906952
10612 726305007
17288 351175595
7304 308467383
7345 206871890
12234 652302109
7593 776907717
8472 501584353
7161 720231710
4168 499316633
3552 588532364
10497 523999789
14385 766990547
10848 382088539
7344 622749898
6324 633997107
19800 1008785372
6755 333543580
6296 459985031
12483 269981134
13074 112749280
97 975918805
5562 169385229
16669 868988948
17181 791444425
203 970597056
6327 979782372
4820 95135073
12028 810245569
11956 910523476
7664 582109142
6682 27191884
10895 100916527
3178 769810636
8390 242942699
10366 313227439
343 358895549
11777 575126176
5145 106888301
14899 989280162
18422 345711700
13000 2912650
19660 941413860
17864 1003099008
7532 855077661
14256 124189313
6270 512942617
16752 1032424928
5018 15109505
1995 854419392
5969 700396822
9307 935120283
3522 402165290
11114 550926527
12485 650196003
9786 420032204
7172 47900926
12029 978856503
6269 668411338
16222 792122058
15202 626785065
19830 466241057
3896 744440275
12152 254455855
11035 610933523
19846 1017279415
1689 148357448
19609 1022108371
2450 236234853
11133 393660273
8319 249556593
17010 329350096
15944 25795592
15564 301880072
13964 892712152
8308 764481919
5756 387422245
19814 621786485
15808 1069003077
10513 203542393
17873 137197604
15129 77671153
14302 660881858
9752 1071236758
552 391733424
8441 130620662
4197 39458199
12251 274709744
4416 944328625
13077 280932923
8983 735591757
17196 611958240
13564 936127567
5406 886529723
6326 742144686
2107 705636862
14397 600889077
4486 613053358
17344 553980098
4504 1042663205
19362 862304586
14174 325988238
19097 617698259
7670 350474347
17998 783865401
1142 540593682
8385 928987497
16709 563119660
226 387504617
7744 1019287605
14424 630007886
4310 1049771519
18589 250915268
4492 368964655
7872 827967626
4986 359625406
16962 31093876
1292 1006990713
6458 971248487
4290 114185346
18 209207776
14577 168651981
3815 594142061
8032 309713059
9164 614302514
17963 242055202
11592 1061815398
11171 1061931451
17491 20456147
6380 849023667
17469 872596314
3325 56055715
9480 39228524
12004 590226680
10537 624131730
14336 733914995
3050 422077670
6309 937137322
19563 462992792
10523 80274309
9276 804932202
1855 461067459
517 756226356
5601 31181682
3678 305935457
15780 872641914
19607 614439792
15233 628999187
11282 343661428
2789 176763978
3012 710836116
13422 693495680
19608 1013436812
14866 860130283
16460 730622506
8952 640292115
401 684659154
15965 898352214
10863 42496250
8752 1004634469
15135 966758574
278 869565124
16815 517024526
16423 964806222
16674 938003403
10319 330750383
13677 755318958
11886 87192296
11323 1037589009
4056 635918543
9610 1055095651
6326 70851468
491 515668904
16963 238951709
8838 860476919
16 50162131
6132 251931131
3809 733012178
18852 506891379
17070 486812821
18199 205367218
14786 5606248
19619 818457631
1695 620062700
19827 85463221
6872 426000790
8901 557753220
18357 211215664
11147 23161390
10515 926053719
11531 318198380
546 214909692
7551 168309383
13765 892794339
19190 1047534047
246 228885799
19345 287011175
12991 839385011
8806 424176679
5953 238953674
17633 432555960
16369 928730241
2334 1044274380
2518 216145984
19504 543096740
4173 571024196
16029 355512471
613 787942176
13535 38575250
19619 168224823
11301 991817106
1663 688102980
7120 639658796
14053 711666898
7383 706996998
5685 648923076
8131 596152667
3 158121934
5076 562159995
14648 851196666
14394 726933064
7311 543276325
15708 227965626
15833 521535615
13077 795941468
8826 62987791
14002 803168717
13321 750781996
8597 183342912
11124 186730756
17909 117166844
14938 870493977
7611 704200669
5295 959979967
17895 917089233
3035 197419936
15593 836888668
14715 601659705
9545 801667860
18366 852074842
11455 689282598
8970 470105513
763 408228047
9237 914033439
19967 522434532
4332 365480586
15648 862948938
14736 461273354
13929 347727230
19827 274544788
16087 156628495
1631 93948017
6654 598163487
2992 1041878464
10914 258325478
3957 531901424
6591 651844143
2099 745811271
14114 270488792
6818 64240478
19246 576802646
19470 738387875
12216 320816943
17239 589267925
5131 728421503
3889 947718795
9349 86358644
9797 769546158
18168 272975825
14158 548974842
13257 537921390
13693 997531265
9236 6242487
17558 783061800
7527 316491817
14544 845899048
8034 877076440
4089 258938511
19166 699131884
10895 812117436
10083 363568926
12168 993451494
336 901362496
17836 842022806
2743 660300211
12182 492460328
17310 895903726
10550 1001109326
1023 759432190
10098 1011832205
19816 1009730816
19008 1071683262
9692 343223209
5613 564989326
11825 447978175
14969 150279422
12240 454858653
17721 36354276
15096 112351923
8628 540077672
7451 948514819
966 631053449
5567 50898854
6689 905507989
5342 86578757
14599 251402932
15399 129361311
6864 164896350
4123 579548426
15306 610124512
7281 702040554
16148 308877276
11410 593350716
13539 385409477
8925 61762318
14301 629101159
1061 862917891
9824 186814813
6062 479645908
12316 536581272
5651 1068378570
5877 5458143
18627 286262342
15650 233146954
3807 506019385
2481 958426310
2558 985178028
4641 308499604
1930 906926905
1606 591453898
13472 407821968
16040 263952848
5363 665694963
836 1066012132
3114 900836794
3113 257201559
7229 879997135
11388 166987341
15612 333364019
6486 699738305
19401 653232504
3745 563446143
12921 284493381
3486 780396904
1782 986712790
16866 815986226
7616 271839097
16788 210121445
71 82045969
14256 343156831
15635 569919639
9351 967062992
2589 454647188
7773 92256575
12531 734127272
13322 451086339
9047 1014896902
1178 1062975307
11809 271460342
6541 745125015
10712 960622930
4887 683617853
19357 385619977
6785 696208357
14081 447931039
3046 998258444
4297 353069995
4951 881423237
16945 188654167
13431 747964403
19207 341318372
6400 1057945169
17867 1047834404
11388 336888938
5430 1006825213
4077 834032737
14064 419684589
18790 355847467
7511 944312961
9103 340153104
19871 414808284
18405 105795629
9837 579445046
12823 899976437
1051 1015296346
15947 416602283
19992 692271143
15959 332988906
2052 745786896
7400 23043869
1688 940803485
8126 67675911
4348 565521383
558 530995516
1967 532306207
6623 444298918
8291 244830472
13293 645810690
11102 1041544057
10601 311885920
12890 109739228
19255 64901542
4646 639784626
19471 920746254
5027 639252492
5821 148733347
6792 134305299
1729 151112392
3198 989291649
10415 296786097
3364 418326053
9648 700359912
15404 737070436
6143 766524105
1596 994847923
19437 16649223
3151 552613661
3517 122837285
8465 647352515
3657 633825789
8455 722038615
5019 204232252
12356 258607776
5973 104865252
6709 745102586
3241 351637961
10646 260633555
19362 263162901
986 6131758
4506 226818244
9224 231692068
7649 377237032
18936 592859742
3612 483366246
15738 641515676
16867 1043047160
4880 450934322
16258 216899369
10062 300912005
16666 560283291
3745 497756050
19261 856984260
13574 254180455
9589 971971181
6766 998603688
15934 396040754
256 155106572
7463 145761541
12759 89948382
10644 502787243
9056 12091516
2175 1034826301
3070 893357787
6963 750849705
518 858851585
5840 537955118
10659 375232137
4170 363694563
5682 57129507
7050 907869744
19751 755249682
11499 1033106772
2598 557459628
10846 758804190
9899 513979613
15782 74057011
14595 833104548
7932 32466446
17521 432487316
19341 759601915
4458 919529300
10999 669098460
3417 1042267168
7376 107009381
9372 938305350
9152 836281759
10597 75208106
705 286171240
6106 694297667
17126 968542705
10101 650715291
10257 700859711
14820 346790227
8091 143510699
9770 135708316
8048 807336546
15388 6869695
18768 1048142053
12837 479357590
9040 785281930
7235 408387089
4439 985841401
17384 294340786
14561 61567408
2330 357956113
14879 64009344
467 896513625
16053 128766733
14146 627304137
123 791327826
5128 533617204
6172 921215771
10267 329135489
10362 158754441
5959 425014315
14920 412461714
19976 809842882
3087 1048230014
8945 64171369
7914 654999403
1128 951432278
17898 18705610
6279 37103702
6226 935138527
9565 1064299846
17980 862300997
6955 546148506
3026 591711080
8072 336607706
1462 242880777
15293 1007151904
7130 760709310
11881 727126427
2697 178307183
17822 720561679
6492 751542233
14051 119643475
14630 121663759
5456 616392914
15529 865579252
9141 510641930
15550 853475267
2387 703964176
7985 919792008
4065 90098186
7746 857996964
18825 743088563
5894 917716044
1960 355287771
4387 215270666
210 915068133
6904 646900027
9131 339361607
15283 198770575
12463 346302989
2425 349998477
9867 503565910
19425 724975628
5729 1000707797
15769 322122683
9864 187207762
14016 1024691610
16426 834513446
16906 508093310
12676 426198723
12992 314012817
3114 909810729
16701 99889616
16224 329147506
12017 612865675
19682 696999496
5314 355193065
16157 969678185
8902 973847137
2292 893233962
8522 973447233
13372 688879344
6959 300506155
13312 872453817
16808 767081620
6558 61200273
13277 166182211
8263 430087709
19723 479956952
14115 418289428
7809 116192322
17931 454211521
11780 237297991
1421 224956035
8876 486505729
17260 375284557
17381 216687963
797 45197350
14959 927320216
11052 984889770
18527 245550540
13428 1065906055
10012 413025
15306 811826433
16290 472209811
10835 399188334
1922 145200884
10601 14264506
2048 963110122
15483 343489509
2291 833672748
15946 1051099520
841 226556232
172 464522804
19169 315093280
9452 762815803
7823 178740584
6632 414140644
9915 582128425
7794 706452243
4834 372319554
7120 601099711
4692 525941986
6557 310469491
12756 815088143
11749 714997709
4860 901829666
5420 766937090
13558 493457992
1288 397103960
15332 705704963
17506 334179243
15864 191197607
14297 985259496
10460 1066253533
9216 376183445
16492 1012844836
1819 816358983
4567 547382347
5669 665377322
483 759963384
7277 192345213
14117 114214180
9108 53459220
10508 1044686492
2929 977396180
952 582889345
18541 363781946
4763 444453065
18824 826861780
10943 70695101
11922 620027334
575 542038905
13842 300545351
6284 35507055
9507 938524449
1866 154001891
15602 312734773
13008 578467696
19489 1051727604
19116 296873090
7783 655680487
17245 41107931
8782 979505704
16503 563151119
15571 670819303
3554 1045280007
6762 626362086
11931 866169473
279 993445117
14706 426897550
16118 452461719
2666 1037676819
15476 1002740019
10013 644151624
3700 1071211492
8757 424729148
43 566477777
7123 785221968
8036 698767030
16780 708659383
12476 712149345
3879 460529661
4391 120518710
19873 133522557
5450 3153835
5449 473633256
10655 140532940
10340 619672261
11380 578436537
2666 271390956
12459 105521699
17863 918693386
2396 233778131
2747 762242080
5103 723156771
11483 505687555
6595 609112962
9517 692463582
8297 438293492
12016 250333099
4617 343232400
1618 538652094
12988 398998017
12471 940526907
13009 40074246
1145 1030972570
1896 832771058
3043 732284458
19034 792102444
14260 603287691
16271 643702191
642 115668787
11398 556661899
8949 359119594
10961 231275618
4904 438596174
2102 195485421
9707 447808079
8399 13684341
18340 282666676
2955 924888666
8521 735570580
11787 25443215
10023 429617374
18053 691698972
13823 402820306
3108 588416154
2851 236989061
3943 212958907
6877 762808161
10334 835326912
7849 457095843
5936 425990144
1878 563940827
7511 454593640
11881 686630256
16450 1012035317
18682 955971865
5618 361618236
17301 37919845
18238 1067055843
6170 792057652
1775 148325925
5565 1031081531
3108 846763090
9959 521501572
15376 902003788
1235 601569003
16855 290325771
12050 713002659
2901 507586074
9736 434876335
19670 764942360
7277 578494057
14111 761230648
14060 121437951
4100 368388545
3463 791621105
15663 525055119
7249 1048881300
18720 1042593680
4850 937510290
18631 693459016
10663 630865255
2763 654569549
12192 184025830
5319 568954316
10304 494169010
11496 110216194
15488 100280517
2449 681102276
11629 707301100
3415 804090871
10437 1032728393
8292 235954712
11774 451821520
13304 995369654
12671 628839371
5220 1008634355
14564 840655958
749 774235143
5342 950446308
10863 498267581
2993 220643256
5335 585092339
917 555165292
6888 115007774
11958 212238957
695 824247236
10068 536099197
19407 482681089
19428 1011997232
9326 363352067
3660 897799279
16933 1036006285
13258 989725177
668 441690744
3598 153845469
15692 691753005
11612 581128705
3779 1042435372
8268 292709790
12612 667187080
905 810995649
7493 489767785
14453 1006627532
16175 856261512
8611 743390707
5793 415300023
8123 362362303
13484 500840279
10586 300133518
14072 1059999199
13519 841335569
3263 1009012572
14624 931793101
11181 871898860
4259 346813595
3110 183898433
9477 920202536
17311 398318884
2983 391225718
9156 410967023
1435 344420697
6993 809277970
7243 324904442
5593 738998159
5043 678083159
19938 273946751
10914 154596289
13446 772629899
1373 91916893
2708 187506
2652 140714404
7213 269545610
1643 567087331
16168 610679607
394 394886075
5518 885275766
9069 1050229410
862 666725205
13021 477107040
3914 402036343
4117 271860115
2521 560370837
7750 66965292
4163 915850488
3091 638958832
15480 1038180353
1110 708377335
13881 917673889
15833 315896112
15805 650807265
2430 38262748
10541 259618651
17144 337977358
2761 719447999
1231 1047571506
19297 825816655
18944 987764866
6204 637865059
8890 941282194
13397 761257957
12643 318457542
12089 691258326
7985 399265495
17418 511527112
5073 193758289
15071 579546466
8419 1026282520
5730 272539360
11420 516646878
13265 88754576
227 654302894
16861 661862741
15317 973985125
18958 835717672
13665 456015668
8188 168388754
1324 633998879
2232 496656947
4461 247344001
12193 118457918
2258 764887174
1999 994563579
4986 232148655
14668 1051985220
1305 137074769
2326 580324104
9432 599546134
12862 172327371
13426 1063112315
5164 946264100
17752 47681616
10233 607342909
12878 404994364
8499 380982615
18955 749625142
12509 269095492
9533 982801421
4492 882961386
2402 434562529
18859 41532615
19728 434534311
5112 241722984
15502 575080873
19781 156283376
4473 477075972
12792 225050775
15073 615974184
17451 863816744
9481 61288028
4300 807696258
1834 792492087
7326 957148952
3440 337841448
6935 842373490
18108 654145519
1760 590321577
10560 1033538593
16856 878532078
10374 809508520
8337 875785220
19594 48467520
4337 611896770
14075 376216572
18770 260492178
11422 569676735
17635 629629685
12266 872957123
7301 565698300
717 1004849686
4590 933677264
2502 448373527
17770 141895723
15849 1021910014
3797 538317789
8063 994543185
1954 982389320
6275 73023856
18711 288639460
8678 228070154
15822 804258235
18859 212651941
5558 310276590
7916 951243546
14096 162194479
1491 326617367
1843 680797253
16674 985449884
19401 971718796
3244 24259966
19279 1026792050
7865 285011686
5944 738281210
13958 309463507
13067 121323325
3618 534407316
12000 744153316
10322 1030654031
16071 849985199
18959 450556285
12897 277201138
675 477986923
17477 144545298
16303 749075899
6461 523367180
5607 349505249
486 391455726
3668 520111783
18196 942435420
11954 1053621673
17067 439269389
10992 47340249
19815 1013226316
499 232432636
9941 564732791
13875 404827691
18135 904492931
18459 949266003
17765 996362358
13549 907323830
16870 1072140779
3228 548548199
17115 437955218
7537 854735826
2197 783262894
11399 990475058
11513 1034845845
17423 203450393
15491 934224691
7916 932235500
16864 454867591
2968 237393764
18643 427051556
18749 694071566
8849 75802033
381 1017767883
5029 61747050
3691 782887505
19053 287598749
7951 980532393
15963 1059803694
3494 415793327
2548 89758996
7711 828690069
13364 366586585
16447 338746719
4841 983883294
3646 982055784
3316 986168084
12680 276453084
16811 128079876
7134 100996669
1625 841260488
8978 677036254
6940 672258128
15150 52426603
17446 960403230
12141 162102367
9021 617733578
1248 138349707
7771 780412031
2667 492504982
16463 1004546172
9926 988407928
4698 964922516
2397 797445630
11570 140265902
13136 935777097
1058 854290245
6675 392591439
16072 713274345
4846 983292504
2838 210392509
13886 525106306
6259 800443127
13651 105898045
9399 961462884
12401 749710800
17906 980448225
2863 216575187
4453 356991202
17210 673713330
10086 710026479
1363 395214128
1249 228750882
13421 627807970
14450 68810154
7280 780506032
6380 145633355
5401 189880152
13110 430288604
18903 20334571
18120 232388296
13039 1003419213
7922 838097549
57 237377209
9589 766712384
11905 1006291258
13160 824464391
3911 184267315
2005 703153309
13088 470541017
11833 7624658
10931 209555892
2567 491391241
6940 525869858
19366 910267320
5388 781353427
19086 600110059
19463 609699661
12815 1041020609
869 1010906218
7179 40311533
15793 211745238
8759 7536951
1869 397398161
12254 257961208
428 619012723
16221 187847842
9559 572785315
16584 436077109
585 218215966
355 959071179
8787 604343351
12170 313502734
17368 535447313
15050 442016444
15473 886756390
15238 855835946
3787 464852164
3027 467441341
9220 592049803
13564 631718259
12146 161045488
17375 804562520
892 488166589
909 778731025
8415 636298894
11278 905890133
15786 388932950
11707 305844591
14274 136797144
802 578386110
12351 898761774
9958 1059543861
19661 182308934
12988 654524123
19821 862552671
5807 878597196
19281 868734353
19773 442189622
5923 184235586
4568 707698397
10622 465226418
16454 543125143
14835 497929072
8385 973493840
19526 380513250
16311 302928648
7215 470258369
1995 108257104
18329 465052315
3091 629564369
3942 766480975
5080 589690821
14953 755996052
16697 369488251
18667 426513779
12680 1022019287
2119 702664
3915 199998928
1549 757284037
9308 28437745
18819 622828911
5802 79072216
12191 635145760
18422 143135674
1742 803553795
6711 990162909
849 398197914
14838 966622749
12091 521282107
1682 244621159
2004 369795215
10557 910137409
17560 75253522
16158 742719808
2681 456062870
6989 14485392
5209 756766400
2746 907263344
2865 816694409
13606 621066932
4813 151266494
15528 723488065
19117 388953985
7657 526743956
3685 326025670
8073 262638395
8062 779601366
14392 97285466
15507 984615887
12093 352961320
1077 493894178
4883 791205999
680 138460692
2439 29671952
2308 975029310
14619 462018172
4084 146112781
13798 427206204
19834 833046850
17874 471645290
13545 868579955
284 81702710
10794 810726281
16600 993067106
19864 340188480
16042 970640838
10723 159875753
6382 607441357
18289 808483243
7409 594129910
19000 533453694
15830 196487508
1701 815287599
18610 162129166
505 214276127
16112 392485088
12966 162894468
11789 970573208
13015 154949606
13501 101555098
12581 585028003
8804 777497436
1826 353701740
14942 396404203
18 1049227206
18361 916647268
17581 525867145
13365 892024187
1439 575520612
5291 525956088
521 774554199
4066 417112373
9469 1054904376
6875 439961761
19685 114549039
10279 906160448
4924 404307770
16396 639706665
11955 364469930
19492 554485511
11694 753780387
5053 923797657
19428 375540128
19770 931708210
16387 527781357
18161 505691449
970 997582379
17899 136619945
4973 484817359
17191 832336530
980 381205923
12183 984632214
2556 93699140
14209 886491246
18549 18034339
8895 941156195
13474 352052356
8191 5365717
11004 42695938
2116 309183159
17679 162443016
14244 699132689
8604 977723865
1000 752696957
19894 224695690
19791 732151210
3621 109878147
8107 599090396
9381 485760769
10147 236477545
13767 751009175
10255 879065406
9295 810807208
17663 235343192
17141 24248559
11060 628820044
3813 580540663
12453 93317056
15391 272487331
2299 782596079
12632 436070824
2613 334488617
14070 65956109
3301 548575056
18424 802487730
14002 92662876
15180 241797574
12372 227651288
13974 412503632
15867 1003547491
19024 280388519
4744 810586160
7620 198705657
11698 359619974
11668 50010568
8899 354264641
6995 743521385
8248 371155023
19050 478041219
1253 21497140
17107 802664086
2926 247448198
11105 1000755569
4239 457079410
14966 123905722
5525 89035829
10540 234451819
11874 311303332
4013 117973071
12717 485176996
18458 941544073
15072 132570034
1512 234804237
19225 1037266013
5150 1037847588
1673 890638535
2168 782026733
19352 1030089000
8232 706253527
191 353013323
14448 374955816
10796 102818318
1993 920272505
19650 198422502
13246 902457912
3478 1067654489
9809 893934628
18867 245328515
3702 681981652
1718 917176978
18964 900234801
8051 196861001
6567 499359735
2255 85437057
13184 794905656
7204 311942307
14402 1058643417
19680 971435823
1735 687444755
16902 1002540088
13753 431904244
15531 20413414
12282 538432731
7322 283665650
15613 99068671
81 206003502
5386 830626025
18402 886688251
5022 250432757
10547 964006096
17993 18856917
7038 193238970
7886 457492750
18482 1010898391
10950 569835385
10704 569881561
18429 344234435
4206 88603785
10676 1043176173
3895 375463233
13885 258193101
7593 709359217
7298 1057655436
8855 1047580
5151 867738918
19365 237004376
12995 888463341
12142 393327057
531 611911429
5953 147812422
5415 1064456681
8191 504752394
4011 666708965
13822 259230084
2495 891931803
10218 111814064
11447 247046270
7039 474744988
13180 199328090
4656 486397164
3497 499531466
2211 381072726
15631 8386239
4147 771677478
10865 878198272
6573 993122492
2601 1057724581
10899 800861705
8865 889701019
15996 56380694
7131 179030051
4209 694407293
10474 764014163
754 234130926
6038 631630739
16527 457471659
7676 1052110881
12527 114903052
14348 962657934
17389 650906619
15401 75600958
6326 252209529
10924 1046684140
5964 915031320
2433 1040471076
18758 614543743
2089 609463239
9326 640495594
7478 896820875
9569 182534311
19698 972601208
4307 713212825
7001 673664876
9224 841459897
3066 356005271
15324 964292752
12666 781512704
2460 536050878
15217 991525886
7691 841003126
19371 609425088
8190 383901952
12167 130176454
10912 78026294
17340 270012262
1359 1051859719
6287 377033544
9532 442064375
8895 196817641
12975 205693341
17465 698718748
3169 1034386723
17476 741504900
8320 697445578
18486 315454748
5039 35631716
10941 697565360
10499 499041752
14872 446096481
8711 745543073
18458 118927140
13241 889640783
1518 684223811
10219 443000836
11982 990982363
6339 684309752
2410 743008860
6267 720724982
4519 385454348
8257 126145501
14557 52370309
19544 640044320
17337 795297842
11893 483887687
7769 577844694
16996 623509611
18354 68111365
13217 427847613
6509 1048933289
735 978240512
9158 667492223
6340 995935499
17228 851616919
15242 419600200
14148 680223447
13919 896273464
17446 699350393
16518 1037386476
2589 929850248
9333 399284365
2955 82962535
17525 376694997
11844 279063626
1990 935141012
686 89167035
13624 699241516
615 595825942
8306 396084245
6655 850528014
15374 1064356186
6586 981947174
11483 250032153
11791 69069112
17498 147592711
6764 591595761
12738 842898154
1519 129555027
4508 133013790
11982 376362546
9384 996040209
8752 181042872
17718 941931207
10322 534767585
18317 824640598
6500 28839935
11944 903801962
233 109905975
5236 261544386
13434 805989635
16979 648743090
2947 881634990
4604 801864607
15620 275098074
1465 557300614
690 521506813
1511 805562485
19188 1016176608
12922 357800465
4006 780021279
9878 463376398
5145 359955884
4695 871183034
913 641558604
19530 320496499
12550 722786072
12785 387063083
13220 216533758
3779 873784555
8170 613987645
906 703728206
12847 339140588
2788 21837825
15000 675751539
706 282809418
14563 16727569
3660 178401662
16448 59133525
13499 289083017
10611 322378148
2429 353494890
17619 316503481
12117 966890932
14189 771101729
18296 45760782
9442 703699643
15409 163356596
10565 1064438846
15614 987432692
13726 998965426
4624 442125234
15082 687975925
399 298971877
17976 26132536
9044 90812951
13197 656114304
3694 824000489
6177 621041446
9213 234452108
15169 961937495
5178 1063008841
2411 638662804
1005 137842170
1300 174529331
8117 139251599
12837 66903260
13572 24257162
2042 405197837
4480 617455235
14530 623726999
7491 672665509
12609 462014751
7611 584910639
1169 1059637661
2155 867761140
3709 816301536
16105 765082331
13765 1050062088
13982 218212191
7165 1052168971
17353 893570064
814 792504625
9084 901888785
4947 537773720
157 389398168
9084 604094641
15879 820468082
9135 170021824
14950 99686268
130 518773600
12478 713076266
14659 898341629
8101 823422212
944 958551640
6853 532479524
10271 100710919
5723 761067193
6071 183145458
12826 115947399
3989 844553174
2760 480877925
8264 330042310
14016 930447806
15701 746932390
15535 368642832
9716 569203374
9143 300961136
11857 161641965
9199 225065732
8813 995349187
6656 671573127
10842 702813797
3178 1010469321
6146 78023517
989 612989485
3008 547465736
9313 147440937
2405 701329687
16302 862239433
18005 475106830
17236 781532204
3752 97277383
2805 698899461
13674 243928304
3654 641486620
9402 181141641
5905 763505866
5455 335703655
1238 226328449
11278 705772980
2405 507585858
4149 479135597
13254 255229988
5236 1006890722
4306 1012135636
1806 321440314
8183 191218959
1661 673815276
4248 289938474
4139 98883143
15914 1059754890
12986 220855786
17176 399370541
5276 234489933
13375 751014431
4539 684300598
4211 598842118
2195 935234117
6265 59693207
18035 1072743273
3307 165898269
7329 715776872
10839 134905849
17267 111491164
15008 141594653
19798 290523184
3003 1003827856
4362 135112999
12979 780725230
5187 23882325
9414 95304677
16042 242240548
11590 75103673
986 600836304
16249 426973376
14660 187985131
18585 867336422
7564 477429723
7668 539133739
938 1054800983
7629 784431648
11850 846207213
186 534484590
17451 555196543
356 424953679
3587 939023041
17290 601667346
7034 145048765
17150 809119643
2667 845420879
14886 612616929
18087 325921193
9884 828502895
977 36308432
10383 793752803
8194 242677021
1952 64609394
7783 182501053
19077 249489762
6046 501760562
17354 533712271
18877 457105360
17771 854556135
9579 621261120
4251 915591917
197 354030081
19264 408992057
9530 775747554
4309 445755894
15087 359242633
19687 825238371
18588 319615215
10456 660240724
15149 474214369
16767 209556910
4194 605990016
11013 698028270
14992 887046082
7849 1048988322
19389 288948208
16446 119785966
19240 496109862
19112 145354249
17375 289543638
7139 652308157
10054 802367301
18108 23407851
18583 172031499
2101 417518340
6909 137945752
13989 1012450705
18391 962280874
12022 1045914540
6684 779747544
13829 843126661
4881 450387722
4325 831272670
11060 1030509822
11517 687780751
8245 303923653
18118 770776067
6295 184995652
18990 462318521
371 296938163
311 940813252
1558 274697505
11352 571466571
9854 54367215
3835 94558218
1537 296642896
14398 432053967
16358 797261008
7731 627932158
10377 105384906
8159 218076173
5116 644872687
13470 660663305
13025 10811846
15869 457947663
12241 654525735
6623 76318163
2872 374941119
4185 558012701
5206 124161423
8086 119455815
5247 136150892
