12599 20048160
14080 333692888
16711 160132516
10730 513874167
18301 249812401
11464 877443909
9231 875374107
10486 610838579
6916 852258060
15911 948573380
13017 64309888
14242 26745358
7805 290539721
4063 755742141
8342 796493068
526 573479569
17818 502933442
18417 660525275
19958 288369977
92 256550659
17546 57474576
2140 775090693
13867 238049214
3502 388636144
15008 191857932
17347 559255142
11493 1053812374
2850 892063518
3851 115952462
10086 565548133
17206 377854201
18908 969804697
19614 903922864
16359 962755500
12815 199760736
15868 850408871
14344 796645963
16230 59331877
13824 11343749
6594 311414996
9404 167869047
10468 343464695
9658 699188319
14608 424350182
15306 47687886
2146 564166796
16016 920385065
1352 1004662504
4579 646254121
9634 697139853
11760 995208795
4200 208776995
18968 951093409
15364 468678371
16558 356821934
9396 574192415
282 471907214
6058 26500279
9465 369850908
4716 26700965
14266 985374602
12820 610970738
10466 706478813
6608 67739327
13961 763892333
19779 931227581
2588 17636457
5826 3128757
7097 615278418
2872 1057335681
4181 899029628
10979 835131153
5241 258930320
16661 944223719
13121 898391564
3092 565094811
11004 70659521
1786 28641880
15438 702965075
13750 233157981
7057 680042429
13929 48033149
16368 515595211
10601 294210463
18123 420320414
18690 342687551
7862 725690924
6512 215539435
19994 294295997
5702 674449606
15346 432997999
19402 221434633
12078 350654899
3446 824167549
16500 266011597
19705 890572034
6874 354960472
19156 188749323
13486 905650880
15550 606012192
494 460680902
11616 600001115
11408 535257343
5817 521096427
7419 806671189
3900 553072532
12812 880036229
5389 935506733
530 40716704
13959 172680481
10354 362382474
14297 892977135
12708 285560446
17060 810296233
6836 141420424
19583 999378552
17123 293770249
3348 346692887
13347 489063734
9600 873012052
3358 413995417
1911 305357970
7599 387693967
7197 889148489
4743 40506312
14958 81102468
13642 348278219
7415 703703138
9456 432032879
1946 832575638
7621 934404195
17902 998234088
18344 14082727
15453 784419250
8432 211852560
5860 929514595
12514 418579144
14103 193425919
16252 862238924
19962 948404380
16878 712830572
17193 945857255
11995 116721102
12401 249454749
10877 217681004
949 786183955
19678 90702737
362 663357871
19775 252770528
14971 430465644
17013 938798797
13414 885621337
1543 512202018
13020 1016283675
11794 451957116
4549 368820839
19781 809867211
16762 478932105
7590 97653461
2793 1067369183
3691 676404403
1141 664863070
12449 321947475
18579 592481805
2696 30455029
12719 486521221
6484 146997422
3972 399527799
4334 923432680
13031 888665894
10897 1063116255
5213 16540648
2030 694488613
768 150427050
4233 184097567
15519 936601961
12730 157764487
5947 999078329
15180 581689832
15050 846417730
897 1052161317
8375 543613246
2604 145398002
7296 739993084
9366 270210648
4791 609514336
10106 843969590
4514 220819297
12009 192548795
8956 893554826
2214 805995757
15057 320581242
19050 769304357
7845 708928099
13666 360204688
14158 949090190
2892 191059888
1813 729689046
2078 558710233
11385 491372585
3231 928653748
11789 440981770
6092 627043007
15893 773959441
10804 740661963
13964 957222762
9052 782661245
14753 219720786
3900 860683726
15797 324910493
2624 758592652
12991 961343794
15240 225819350
12841 635841421
15945 474592675
6000 922523708
19753 442926907
10215 108333667
4519 708040636
18261 931573049
10641 17264023
19122 200901768
1387 543938065
4494 23706929
17455 391962051
2282 914541989
18792 193485082
4925 407103085
15509 177093848
1201 389919395
908 591398544
11908 617867383
245 115504430
14311 947530155
11115 845779309
17697 485995544
3487 532579935
17005 94757414
19444 1056655848
12216 732887895
963 933926211
16261 860869821
473 839626108
12521 420921728
3028 676133876
17647 656790361
2602 1070659297
17044 846129945
7522 711678411
7628 536287523
4312 262254096
11356 840257005
10494 1038918497
18366 498195076
18038 603273283
448 663208197
1017 299315855
19269 157603108
17107 39905265
98 526789801
13540 743560813
7458 490594286
15904 463178965
2179 191765091
19184 312664916
758 210533130
2607 863765479
16259 712918267
3822 825246431
17475 733863904
2929 150521696
8069 815081594
18735 58819557
5673 409047323
8886 1042841274
2984 785486378
837 1010625152
19498 556133026
6448 4230828
7950 997306515
16479 757628937
4486 769208736
719 798533937
13144 433300351
11856 791290648
6910 661267580
10629 128376193
3079 578194422
4423 172627847
6260 535202528
5251 117549078
7323 720968770
9847 497915503
6279 981353910
9113 392135335
9655 773400555
11344 127655464
9531 327081765
13496 899118127
8218 867513275
4867 226148940
2830 676731543
17843 429859045
15302 952894906
11969 64011188
739 1066665141
2681 512580165
4668 394048817
16251 910489720
5786 283542376
5947 714649349
700 788839082
6850 261975027
19317 756803033
4843 387480351
16681 197361646
2183 29417148
4980 639825010
8442 411137997
14498 255225860
731 766901932
7128 923402457
3384 644565895
8458 402392888
12079 195194590
3298 738162170
822 596384262
32 701784849
9589 315447209
15444 173107197
2247 96113731
10150 362599000
1308 563967654
11406 946807883
13594 1038977144
3196 559146262
13655 630763184
7026 635912589
16608 540766748
8613 806911126
9429 56989662
447 862433196
3147 198805994
8352 707287902
6153 1053495178
3225 448743376
15020 320853466
3951 618837305
7107 581945420
7390 383540324
18995 595867941
5747 180731696
6452 689560063
273 198002959
9970 765264965
2093 57687947
7565 590303674
15154 784335548
2137 220267762
19006 463478227
19551 557269462
5954 772056978
14426 820450852
11398 758444754
15259 446190062
14499 419991292
12165 48541719
4743 120297616
7602 366530265
10293 140171681
7309 271677505
15107 363084375
9653 278837936
12762 94994796
7264 822301020
11001 165471407
16438 665967822
10897 868411780
11537 816868194
18762 36902242
8740 1056395722
3422 915795539
11569 900715403
6233 841370488
10930 695573374
2335 456193410
8881 697795664
6501 173315898
7599 290763010
2071 1069710843
16929 555677034
4977 545040946
8878 534351537
12294 999862245
19442 68922323
13948 394094377
6942 627820066
3085 119729322
13782 897894851
3816 123007527
6802 26283566
19822 602857203
350 997203634
18902 622936181
6266 183554800
4777 78351017
474 655669084
18054 723593373
5223 928007615
9919 891772149
16444 1019833783
19579 11792999
7306 60222773
15122 38812736
2805 470022397
7124 576120541
5332 466269482
770 573904946
277 660274600
7507 162127943
10454 51576504
4272 470088118
3533 746888560
10873 359258671
17666 1001697336
12734 806163188
15632 207128398
9031 829849949
1991 790119747
2924 1069371221
11500 583829372
4221 1053672410
2295 365092529
8603 899933057
17909 787945329
5693 999186672
10436 526045852
18541 762207587
10170 990866920
13321 720795944
14558 447200349
514 468431907
17260 74092249
4800 1030004298
19381 495914124
2716 923457577
16509 595614589
15812 945316703
13468 756553988
17626 500843295
11742 870720077
8789 510586033
67 627649755
12863 8882159
7775 1012084483
18806 392658888
18907 566794349
16683 140665536
8818 379476631
454 404722542
9749 614252881
16064 1071139069
19943 398269250
6247 177692587
5378 1064055393
13150 981006669
9200 935793789
13882 904654281
2387 987605942
12454 1022430106
3934 972138241
17088 643573840
6425 1052226216
13786 621871373
1441 345276616
3834 356969225
12421 970990033
6426 298210319
5674 421833994
14408 287970046
2921 173947146
13127 186583113
3436 473572416
17997 631541368
9428 626535787
6243 709573285
13398 495606819
8936 58027263
16409 1058322767
11598 26718538
11801 804018092
2971 679079772
8615 855223372
11785 74705825
13927 559331093
11879 129046425
19857 730757950
10102 795750997
19985 585058261
9164 825866494
16871 175689788
4981 808757070
1927 817697959
11341 978454549
1049 276798112
8135 227988917
3739 977728900
4009 626567846
1306 92905219
10125 260162035
5053 166862755
4898 164382651
2906 547129149
3913 654670256
1055 760657279
8057 1011554204
7754 803205736
8412 374252503
17041 489313999
19663 915665874
19644 10028253
12293 414027920
19397 625160334
4101 1065641767
11583 120551477
3079 177228099
4684 211291381
15995 320585124
11365 120138568
10626 293871771
14070 1027629947
15347 175641744
15935 992784944
8984 70861439
2613 745597147
10958 64547447
2367 1023469125
11145 310166554
2617 42049293
14733 177975072
6132 764114466
8630 759051219
16692 48784714
337 1061114772
19185 483653022
15617 780904788
1239 876316683
955 1063377436
806 838856146
6697 26432903
13458 137515273
395 230843971
8707 324431129
2642 178524819
19127 60954430
7651 977226959
13403 238917386
4762 254604258
17782 646074082
5988 165061579
11070 1060910207
4004 498783773
6273 334043502
3663 514314880
7101 972604304
13872 905834285
15272 973952411
12389 535830902
6953 825853847
8384 818142780
125 977579874
8998 571394678
3604 518363437
14803 670743473
19057 285650941
4533 243435658
15565 738424363
19341 514992437
2324 1038700004
18801 199829498
14214 414716329
14092 689463731
6520 732101840
16764 637638224
3824 608953345
13683 343624019
7629 403291578
17623 900395604
16125 891583180
7810 256507262
11685 1008021212
11203 149036048
17372 13109475
3227 286385373
9520 869964717
6976 180831436
19648 870184542
18045 42123097
16480 647105768
8688 731381522
2265 439087255
11019 627750426
9190 781244549
5141 145936042
1176 110688806
18054 1018719115
12306 21868990
15822 345389213
12269 992705253
846 880380755
11830 392116490
12636 1054954293
19147 285822957
1828 165534301
7330 343641124
8930 475125242
18050 544856983
16649 858965713
8648 796513796
5056 247900598
16323 685970811
3519 132610071
12089 441474787
982 759068786
3264 952900211
15686 680124121
5861 706026554
1926 735526261
13864 366656664
5248 650691841
11997 1056915651
17 63952203
10413 618009411
8460 762502582
9972 744836213
3448 461802938
13601 295963404
5837 678843746
13080 549231755
3675 779793869
4179 927725005
9412 753000878
2749 228457341
4637 894021069
14006 133339806
10001 551801220
14354 264057093
11773 229799746
6073 887113178
18997 600481035
17064 384963098
4701 580076789
19631 377182488
1169 906327469
15506 238260471
19198 334138096
10728 340319025
9031 555865619
11870 60280084
5089 517443196
2613 217090112
17655 533631526
14752 274015018
10311 93910560
17031 1043915164
15394 98232079
17414 12696882
16784 931912104
1103 755514847
202 674499383
12484 1012179558
4542 959402523
11390 224680161
5263 82427462
11657 765740861
7666 203557314
8133 712303548
18962 724162855
9638 711400818
5453 388189222
6293 243242185
6485 591617538
2158 460563454
18672 235935249
928 720058273
10040 379816000
5935 616593176
11483 434611596
10933 4078876
10652 937057417
541 224616506
5809 13175263
6247 102681428
2723 714422472
12135 663971358
19729 233943955
9573 324292002
13869 732128293
4318 950492348
9149 968918130
7618 96732318
8603 955457288
3444 555054413
11478 297066373
19662 712349218
12271 965915419
6010 74698315
189 543930644
1753 630136135
10633 632324936
704 830047085
1138 363112104
2646 441924198
2858 781949878
7800 167591342
18072 775810826
9493 322151191
12180 650297808
16178 720683846
3534 473274949
18695 699118132
17255 699597885
12032 343312302
6070 782926239
19389 778434518
2500 68963047
19091 297417631
17617 970710947
2921 287852885
4109 466413303
91 555048211
11583 1059512346
6010 148459851
450 397550294
9834 469649218
19235 353021964
12802 998219665
1604 131879469
7920 520864421
6012 254119362
5907 641874239
9013 225993190
13119 838112501
9932 641128646
18940 90646703
2933 47540264
14151 797905195
1300 538681825
80 1012174202
11525 593638492
6522 768714625
2869 936622874
3230 1032989817
19815 866967341
12169 634615151
4336 92063677
4217 851804100
8155 694442627
3012 466179502
2437 643157072
9937 615794357
8162 324436359
13949 118190135
9782 616349342
5623 591828453
3197 24258722
10116 974113347
17029 540054960
14748 763520812
11598 751152508
17611 174872140
5425 894458318
10065 428714404
5142 528484096
16290 953680906
15771 634958978
15399 1018155430
6932 485446998
10619 422170742
6822 11174036
12911 323938506
13643 159543782
4551 978834889
7889 163731981
10299 686857707
18683 315031387
17334 242735996
17183 574565943
890 3986719
7078 392984988
13178 314664521
5231 811617178
7327 989411266
13612 255903188
6243 931809320
11267 126087680
6681 34391147
17070 858931818
8163 139046994
3451 271049329
18363 763191028
9837 626022152
15243 328547136
18586 803925815
16148 745660534
2891 415794328
1323 321127084
6047 831228890
3191 758163274
11496 971633985
11957 332180877
7501 753491236
17332 86025992
13350 371362925
17657 495321118
4291 788613405
16476 415758473
10373 67237573
18889 459631575
13955 569509646
11456 63793640
8742 188004914
15413 60923761
13517 888909697
15185 16158332
11435 210453982
17135 1066505958
14436 75156543
5888 304795359
4115 703791664
2312 330017645
4007 32434255
7582 678492394
1954 779837649
1104 126264193
9432 469114877
8093 200167349
15254 911305900
15737 232309466
15640 642724048
9836 65674138
15026 381999593
18387 746117746
19976 30968209
18974 1053506098
16406 105092593
9712 610031744
19593 76601929
162 974630485
13411 73193325
18688 429578367
12987 563487811
5259 712355869
5947 29240902
2517 996815655
9409 287787525
4680 598490339
12926 137761700
12320 740396657
10394 950181722
8748 10594112
8206 582253042
12849 691465622
11752 310835531
807 190621452
19051 88497367
15418 859881743
19948 376585760
7882 620980577
4278 890949950
8811 905311894
13766 555971938
902 769400984
8624 813700431
4662 808225059
13593 477681627
5420 760091721
17499 384114802
17356 467374319
15780 661708691
1581 970961230
18775 282604369
15261 370758515
18217 1042962388
699 557259200
15397 940042198
16667 119264105
13065 568552742
6981 270185719
12775 1061306664
2902 171565257
10309 16432467
19197 980500366
7741 443956145
7232 367667403
1438 519006051
3669 54614875
6889 649223451
1993 599999979
14004 1012800415
1276 615554938
1066 304399437
835 410734559
13482 1057467281
389 403089474
19748 68958577
1887 736717729
12159 432609794
16832 1034561357
501 84360688
15341 285432683
373 882977530
17310 86012788
4992 645143667
19646 501190325
4396 347009986
8943 353409231
965 722598115
18021 867512888
12007 70281956
11430 859924664
2085 783179881
5521 651870189
19877 981727272
1171 748227016
12002 238573934
2035 650514190
7817 69698712
18279 1025378264
1980 264172443
6589 638477331
4594 716900988
15732 938927104
2196 175069144
19264 40501429
16770 486319454
17577 795485338
14156 244897872
1292 749614061
14137 382345734
8024 484336959
18404 229245035
18483 282290676
4538 153226877
11283 148498119
3165 36742353
12197 1039055940
4452 35899917
2857 855842636
4569 400323437
17684 238518676
15577 353178943
12717 975227431
1208 326828903
11280 251944415
15675 37528027
9358 68777968
8571 989553959
3019 684380766
11176 523313898
12095 636690049
10084 1030435416
11190 119655816
15588 1049156790
6000 198519027
13363 452566497
4385 12598039
18383 402797767
14450 554010526
4777 217416684
13982 1065063429
3337 813416935
982 938131485
488 768408035
14173 676064906
19380 32758814
18189 839613767
18928 554557037
7536 54955551
497 596225206
6376 671981365
6562 996665716
5064 597848958
11297 830127671
312 297323330
10240 715668513
469 263580830
10629 891718762
335 770866181
13962 499019997
19401 687318202
733 218797145
14460 717295959
2305 750299986
19668 335393866
18028 348578893
17841 223109203
5735 12920935
16360 545206535
433 219655118
18592 433701712
956 1009995334
16469 827473387
46 64867237
17752 1003465192
6977 577780823
19053 611130157
14243 1008100828
18316 766879988
1687 777029
609 988198472
3571 366996923
17900 556862092
3456 313748728
13089 16103924
8382 913913804
6953 654892554
16765 825629849
16831 904928810
15908 809535959
10804 388204550
13933 864161425
587 877443108
13191 716516070
12830 948425307
6099 447148169
17719 430066265
6792 175436609
11352 693894176
10415 953223529
17236 782668932
15848 423517297
13811 115755439
15619 424757596
10866 254862237
17191 770707776
13216 361600160
5455 680810953
11586 305570269
12936 344522167
19120 685267917
724 472493403
11446 835708606
10314 908484381
15829 191681359
1012 448729081
7327 858883831
8943 17290238
2110 655488127
19119 606353102
11598 246621315
8152 277605409
8094 749571573
4998 960942145
19507 399163034
6886 355481743
16548 1011274635
14458 70554621
159 621756853
2041 1016322961
16003 218361434
397 1954537
12708 943101838
8436 427104434
16683 355142842
5343 558860079
19219 639088412
406 196306104
237 841216581
19666 1027138616
2876 1051243674
12097 676066734
11770 275974100
14438 845702829
18641 889246080
13718 559764189
3971 331443072
2972 277636215
6370 123047048
18678 774300877
6009 1054048417
3061 7511232
15873 654193065
7457 856065351
19853 462421969
12915 738936815
18207 544303646
16570 695930709
11376 587073257
2198 644065198
7148 54840415
4064 136539967
10067 625223937
4960 329946853
8474 170880037
18485 717009551
14792 833158771
3057 288233919
18169 50817641
922 975607821
9982 1049769176
4426 492694948
11259 918783332
11951 341778371
14664 294067976
13932 1070012733
5936 293251216
10295 881138425
853 657311005
2457 823753843
19371 174259365
19569 450280505
9688 458028144
8817 52584558
9946 198342556
5055 884123467
15361 281726874
3254 147883929
11440 457206958
770 77037880
2817 430857843
7656 1043545500
4382 21142613
16667 170098762
19305 522001941
6152 813164383
6580 831538248
15339 706018313
10122 157192408
7287 636326669
15108 855584642
9778 374013247
19029 668552791
3671 100861965
2559 126273083
16371 901991925
6203 420680553
4968 21419785
2741 339516909
5805 211618162
17517 850612776
1387 963045867
12152 156731727
13730 605465666
2621 696205804
130 691114970
15736 170829916
10291 848208939
16602 962490191
14541 211165504
1255 355989580
3232 58941496
13110 223792170
1998 144893895
17557 738812824
140 529752242
291 663666582
15140 327538262
1780 995742201
17334 880625441
1073 156087787
1778 479036695
15733 50346089
5440 1025467982
2064 452538563
4793 875119987
520 1039280415
1931 695718467
2963 337139447
11289 870756883
18271 172483478
11352 111538249
6954 592479391
19987 645185248
3050 288744582
8679 652674792
13958 376068885
10120 799164675
6299 789837289
10555 161172969
9336 38424818
3290 878487269
15170 458702582
2355 54558294
2353 720880143
7273 45299759
6897 278418472
16465 628384375
13250 731447172
3030 970225097
17945 881575735
10230 653682133
7869 510975915
17699 839778782
7626 603932
19075 195306810
1329 82923036
18960 617592790
3606 654762000
16152 209518255
17936 798317490
6014 346537049
1933 10136461
12568 1067360636
18508 638013060
9487 893619538
10401 788250699
6402 4759082
3988 252522987
2531 326275561
12738 125866563
2552 383317635
17371 411985538
15259 1025714822
15235 983560878
2139 550350224
14481 529576480
7353 694436052
8978 1005559813
2219 952489881
12935 406540255
11869 543381434
4354 707155458
12363 511650343
1678 903118871
13512 594484066
12772 924507548
9018 517573636
15095 314677346
13756 351727926
15689 264445198
1019 1003627832
7699 411734937
18297 545818589
19297 70658001
685 344485644
5043 668312021
2752 584247105
12797 799723164
3473 221922314
5704 6895726
3123 295960715
751 544649066
11850 927363067
6467 690692606
5138 602586660
1608 1099122
2680 959135719
2358 404917854
7870 968168374
18616 990902575
8635 914821655
15984 443949735
14649 70422056
15889 690565209
11253 941188629
11844 1013713201
2083 766567332
15043 892657130
11847 331345066
3585 829063574
157 27132818
16928 86512153
18642 343414749
17882 1006203054
1256 344598173
7129 572164705
19510 576891642
3263 364736660
14598 740449965
19390 541213050
5590 717015687
17504 394092703
8408 657827563
6849 116752221
7921 132418640
9488 555808104
11389 632452032
5522 950692164
617 693733211
2687 28133578
16408 816267989
14147 452432294
4927 1002038259
15326 524937692
649 574761746
7237 1049921598
18068 281275297
13054 524086519
10994 231926946
16488 123169284
2441 123083053
8913 233634742
16691 667320556
16733 339112242
14718 862890144
7014 115336432
5869 766257819
16407 658965823
1973 103622468
7855 482127039
18018 238192022
12292 230804198
13040 902759329
5022 21634172
4145 287807240
16856 133936158
7213 632495489
13954 762237631
19646 1065016664
16258 829165602
12528 240670188
6510 154162018
9479 188342321
15859 682138475
13209 626827052
11186 330667902
10095 932364410
13149 929599408
18504 92179657
5598 189111659
9526 13977693
6449 981644268
2783 379413389
16709 356972739
7230 74414915
13439 166489175
287 901130624
13367 641655391
17895 686728661
7417 549243498
10185 484980203
19109 701843543
18578 100888061
4496 86645982
11454 192037208
4960 718265862
1440 209380066
9108 814448556
15423 766702992
14681 991210499
2899 776146158
6742 928443406
14988 86506906
8642 464232487
1899 107773386
5800 824330364
15463 275781058
1962 616177037
5034 19128414
8443 547715247
10833 860494735
11523 763825292
6960 62392533
12383 464940448
18571 513023434
5375 880372413
17406 345506967
14566 860534153
8406 944630908
877 118938363
19381 55683661
2209 460983265
18898 60008688
6304 705017181
2039 278145504
5216 326822243
11938 145118636
15592 17635133
5924 372087928
14708 228791303
12837 1021470331
15478 924054323
6846 789353600
17263 392769286
1053 717738086
7546 639607066
13892 524266912
18722 23349978
4747 435394997
7879 1062694409
282 1005919424
7870 122352955
11823 925264369
14637 855747673
9054 326877195
19987 938625314
13612 1010571748
669 411321253
11091 356626152
5874 491945672
15521 406176662
9769 375832772
10553 970312193
8301 612432806
10096 389042769
4192 172975567
8625 719735616
16629 95707765
9370 174723741
9908 822327841
7005 725734860
17530 742597423
10624 809681476
9335 241900113
9885 1054246415
2510 514099980
5347 473407566
8792 361515065
14739 313754035
3905 644797573
17507 518552836
9226 277674738
12350 621217695
6245 945305427
3458 772983280
18876 146042580
12321 757071869
16779 473364592
8193 211069403
6401 778597753
8509 57379894
5635 352451092
225 846102733
7561 19891642
15281 158963443
16799 147803064
5891 884769807
18533 934333359
2208 301491229
17071 685095445
14792 767478315
10022 666024114
12139 146120925
8805 426532644
16176 617831145
16541 773526364
14066 446755740
2769 436777503
13693 913882963
5435 384894853
19254 499616771
10757 759273341
1392 1011683761
6097 89830984
7000 962147066
18322 13529337
18602 890178957
2640 463422971
15290 228874924
10216 360951179
17068 748527535
970 589591098
11708 471215745
1433 660199789
13559 603420193
1710 879795164
1023 792601377
9749 359050774
11979 960073771
14959 522934523
10245 46827127
8526 165683777
13898 262426198
10620 303662320
5198 730468267
15925 572389862
9781 932479596
6248 52678740
6843 1064038181
7322 378885694
6189 378142581
3106 391041279
7662 1031593616
8494 584926658
5619 253929915
11613 180425226
13511 904671443
13380 766301228
19431 689735366
18793 415409104
10759 839442968
13354 819567220
7756 962022752
8183 599305192
15504 474032073
17140 559599315
13985 164689297
3384 489321772
15362 673415309
1905 390485186
10344 27740323
11869 767426485
7550 979223630
9522 903040250
3266 219803934
13816 490311899
9990 280998965
2761 324511093
783 92670667
7928 981746488
12090 708217515
16455 558508395
1298 426488500
207 61085349
11067 785517402
6524 339808597
8650 879236898
2223 230719546
12106 398431017
17114 200512236
18809 658147229
14983 757004882
17257 390998082
18994 993521961
18656 264307950
8394 489034883
5529 15501838
14740 268667974
14368 16437535
10983 677151657
217 824754485
2673 460222907
12154 721813368
5841 275329499
12524 900837282
9275 967732289
3182 52397187
18008 907169395
19570 894771325
13187 974754769
9343 732481032
7213 20831754
2797 402839599
1273 120053156
1132 471739153
16961 150129272
11581 784835681
15951 242068532
14295 153005030
16453 995619543
4835 466873339
758 681795385
9793 208232976
13130 95632256
9473 980696872
11134 27157420
8106 215717977
3585 1013685772
14711 119072591
1817 5587910
11349 645225162
1084 50805075
15942 122615579
6679 786380544
3105 307496618
8042 875356527
5327 835050099
17194 577909268
6576 246864517
8829 161656760
4980 374072962
16610 593819386
4803 117114402
9735 72323785
19190 97446319
12881 355280107
13083 1000389258
2712 339336825
11188 979254181
7879 509790304
15608 709212679
18112 8903649
15569 1059605835
15286 280718098
19773 900229153
4402 260069724
2221 410695883
15343 286073851
9161 229038497
6750 780778113
6986 734351758
3938 1062184787
14270 390096017
6677 438994986
4455 664122429
7041 513300115
17949 345190458
11464 101285999
4488 731535042
6205 1025396852
11846 215860516
6504 82585258
1035 815929412
2246 473465072
14684 880712984
17606 817517428
5139 815517997
7917 408662334
19262 351548192
8627 309937318
19232 244671270
9828 287315929
10863 886870916
12833 173026648
8244 1052559639
11932 289138809
16270 1073212366
18143 931513828
12142 778151723
1029 914678807
220 790764230
1695 545283043
11634 737303242
15985 435316973
17884 811352182
13395 449208878
702 251431581
18385 932840051
11438 247647782
8971 855507165
4693 539997837
12821 380860769
19282 445978208
4087 351118666
4375 22628290
19374 831775666
8330 288513260
16458 863801869
8102 359178407
1135 498250911
12599 85452499
340 816934656
6817 678178020
16614 866536607
11290 98863711
19142 95508796
13835 395473249
16391 925141357
3220 139935513
14577 717517594
12101 958995529
12065 1057314305
3269 240004552
15878 1062204466
10703 77567235
16357 490551956
5999 248004728
10582 836385118
13834 981732409
4709 115633311
5684 501396079
850 671831223
13527 210045909
10098 1009835740
1683 350068793
5324 648551830
9688 91293438
11996 813191490
11309 974559132
13875 966279315
2893 825682462
14581 842162444
11493 688662435
16250 467783560
6935 82062047
6573 318019762
11642 979202199
13488 531288461
12696 111695912
6998 259424238
18959 734508032
17512 372953853
16912 902900259
10433 932031415
14947 137028775
6002 938964335
6241 852333113
16094 372330056
11672 260355734
9406 208109500
11434 657214227
11583 427247385
847 519286550
9151 305196543
7502 765159578
1908 982921955
10344 414594223
3269 656114063
2734 971597815
13039 635796383
326 204152618
17249 806113542
16969 17088403
13952 584738951
14408 500254609
5700 17487932
1635 553447191
19993 1007398419
10320 793122860
3456 87853131
19514 150900587
2219 657489403
14655 122199172
5476 652859276
8625 559538874
6 756979515
2709 968331619
6818 930566552
11240 863790188
4604 298669577
2293 261223634
4556 392963911
960 301259049
8413 1012024287
8094 787781145
17681 510607027
14075 7462620
13819 518301559
10835 52372929
12612 54936373
9081 465730733
6247 517608649
10131 611370388
1396 64533861
5147 30651140
4817 1017806094
3328 6690971
1684 221018909
195 968166284
15210 1005272768
11194 27218718
5620 593981302
3697 462760236
5925 189969814
5060 937052838
7685 164721353
2054 952293390
15600 750275211
15965 1073022461
7608 718273198
9444 61545884
5759 487687127
14567 737103147
9086 1072275967
9995 937281661
2593 1014371571
11299 719731065
8552 969259221
13596 34177179
15239 907767449
18034 823739761
15463 673862792
7256 670783263
4676 676875968
15477 535190748
8428 570253234
16705 815978098
3942 212029603
364 768371906
4297 759573036
17432 202281534
19808 529759418
12666 241791852
3917 657094926
12700 996980586
7395 148756670
8638 444338276
6187 737220274
19120 957094944
11968 56260520
5754 937628787
19538 1057055409
19381 542822345
17895 83823026
14063 27070880
19509 853565924
15050 367504141
18121 652373076
16093 801663799
11044 288706147
9810 794877911
921 221952583
2983 1067673022
1104 46573448
4717 462752079
10373 257874820
11116 462206721
266 930791916
6461 175291358
9665 532976964
12910 50468358
10243 240670567
18978 352884013
8539 872651265
13198 849595160
5676 1032165139
13981 629460004
8743 751901043
14605 204390336
3094 977909065
7408 523649262
212 1040535699
12364 1048678086
4594 554367905
4923 109743346
19476 378837402
17483 765170739
12401 491706614
3583 689017563
5975 144112641
940 446397777
14501 297595231
3069 91786896
12911 826424450
16912 197023912
2461 1781301
19799 865019196
5324 552463637
4568 878913026
9964 827379218
45 205747526
14912 51313907
4901 487155303
8865 493057231
1473 295872089
12508 104646805
9240 189705249
13135 326744965
15123 383613276
6480 70101429
6897 703703736
4038 567984269
8964 675338361
4205 699926346
5010 818988790
15767 1038923647
758 859531033
14374 517137807
6812 216704739
11698 741767477
10536 777785829
4745 781481468
2416 140394952
15498 677188551
19006 22126279
16906 791848778
9039 845770799
8944 220781199
1974 753515750
17112 704951667
16121 124451809
4979 1014986278
14099 856921260
1732 58800558
14801 417378278
14853 124187749
14197 1054726082
17409 591280758
1206 896133255
6391 369514596
14462 209080592
4477 468859779
11210 281322318
187 262449789
4013 288060609
9644 326356431
11342 735055619
13280 44501065
19878 594309181
2748 716808081
14979 1015684015
15801 211137696
3239 583481901
5409 635014212
6217 370248349
14261 34973596
17779 535470714
11242 336309408
8706 279248467
7943 384704150
18634 77947468
11305 933553822
16816 832703132
5535 101035047
17901 1004874766
10414 773619063
17234 327697537
10318 962775079
10142 431569768
5291 403153316
12777 234213962
14789 841703344
15933 55534914
8432 18841823
9528 497613696
2581 816243995
7372 385263559
13167 137877024
18751 209729773
17423 473620480
4331 337492574
14008 122223008
4094 427443353
3108 728628537
9275 55745969
19197 996700376
17975 548776398
9189 199696095
1501 507784106
7151 751632002
16203 57758996
7043 174910538
19123 935372656
2782 382546582
6939 269100085
19152 988111381
2621 599182701
19292 266304077
3495 704706105
891 542597654
9532 523559755
1850 832188448
9778 837958505
9495 350798697
16050 946423793
4040 11840456
3963 765265231
11572 836854373
2783 916620169
13111 352604734
11172 803247796
2882 933638308
16164 38786940
6489 25175484
16142 12284832
10196 901694719
19747 218025587
17215 1010750906
14330 88764764
9626 852552590
3100 962481239
2969 108449521
13512 667797106
10053 346273196
16369 54337105
17177 343788379
6651 1067653802
18822 136120815
1185 663292618
5008 902521391
19154 961091342
17742 692335667
3471 206659947
14 1022695400
14191 1046410726
17966 725546383
15164 683903772
15172 666037822
7443 497160892
1912 5510237
16007 758061576
15172 114947114
6943 854719064
827 32140342
17427 721574295
7711 643847653
11411 256670404
17289 411565554
18593 1019993713
5157 895380713
13682 550482760
3028 601063339
13745 775493249
8104 772329453
923 448439405
9963 580054202
1540 605673711
11065 1035428588
12656 493633533
2817 447583671
11995 73135651
7720 752871199
11730 509802752
15558 19509372
12184 504252360
16423 119048957
15362 272389056
4139 573433890
4251 291422405
12934 52001345
3776 179828165
6464 150990082
9093 933002564
5047 716664290
8175 850605529
7832 671515828
10167 188043951
12490 48839707
11886 573418500
2787 13212178
11379 263774125
14129 868608100
8959 272974224
11507 200133940
17306 970202152
4541 813937527
9475 960020741
1527 557482869
16683 391571785
1086 528034635
12346 107374124
4257 529954668
2633 925835641
4069 35437339
5159 911011343
7394 352831731
8661 292235362
9413 486849375
13449 76162807
11820 649366818
9070 792361707
13964 535298512
6018 299761772
12814 954457683
4087 317308734
19374 228421992
18675 203758391
16891 385641503
12784 535352516
986 605686366
6909 375380322
8803 461605727
2043 46556197
9826 74873389
9505 816541237
13462 404833835
10296 422571852
1558 451324813
3167 541519418
10503 1033595869
12904 435478881
18343 113464951
6009 395337529
17766 64463117
15021 1023581901
10696 42078245
19601 503760956
8068 299757462
4007 594089273
6504 196696846
3334 944292235
19410 634672783
11671 1062587277
13016 186627821
17977 269747375
6657 1023433298
1215 1008202228
3722 1015787706
16909 474479730
13635 1003066487
14558 639431125
15247 385086126
11233 149050589
10023 364266456
3512 318012891
17943 879678531
10072 520194872
14527 896326798
14827 155984365
17620 976415280
273 753237516
16989 615749618
14138 687002422
6710 9836144
2990 770407715
18288 879854748
389 316112925
9583 990877755
2575 848419205
1259 615290470
13038 285712461
688 540417034
19639 142046588
7134 210515561
14101 1051870381
19369 297782167
10757 576378000
11737 39146237
9755 807806823
7499 75685337
19452 1747850
175 57667516
4897 449952740
10153 678831883
5147 380989556
15792 476165503
6953 1027784397
18706 279980197
18180 944335511
14925 282133087
5651 120112652
16599 459743585
1079 1007993467
12151 59079092
18721 22139080
11882 435264822
10679 645272041
447 509875224
9779 900454251
956 952501599
8835 283964395
11031 980692836
1386 390486942
8541 662417492
4605 303469769
15278 131899056
16583 709851209
542 13136334
8294 632439309
17526 904084054
11756 739602839
5458 847424198
15519 345930367
2145 451833839
18489 990299376
9448 631298421
1577 483982889
17278 478499411
1648 1051834621
8689 641313109
19524 427875923
16768 390965660
12113 264629671
18655 193168158
13107 718540167
19927 118424355
17821 537979926
12195 534060233
245 506621837
19059 783204737
12597 578893493
14157 145033615
7724 370731374
17479 3419278
3867 858118444
10287 780782058
89 841412980
5891 80085348
19343 1059911779
16761 624515985
5340 924458792
13240 78185052
211 753197701
19645 327862655
3704 919747409
5175 793085710
10150 62660345
9771 460569580
18924 944558075
114 52497492
2412 339869289
2710 34310226
19738 531150956
12920 904086599
12547 539208383
13196 394871144
163 371470640
13179 475080255
11598 36714274
18880 524404521
1096 840853517
3469 307396310
10893 374779900
18467 934074061
6762 521473038
4541 585957349
9761 564505335
13446 39852749
11913 94854524
15422 809980037
15308 977983226
17369 202554082
3879 865254879
13695 463969550
9934 798264367
2989 882600966
454 62308352
7795 762652442
104 837966847
4052 384827504
10117 101791721
17290 1026971010
3932 988913939
927 824637339
19109 666979043
5493 428917854
7306 893488980
18558 209096255
18889 453345142
19557 810308872
14932 615564267
3043 624348758
18864 1060851051
13899 911097369
10297 237851969
17759 316448535
15165 149007820
3256 261987178
2940 533062399
16354 805262589
11119 697805537
16989 929136147
15646 413705741
9821 39109056
2376 941355059
13643 668925038
4670 824508566
19363 582239321
18824 407624333
13812 41763347
10399 44600834
8930 622057729
4498 589694965
16327 935534557
13794 801256185
12750 9021746
17797 248178614
16534 794237923
11078 203435366
13206 927800228
2275 376851033
13619 805273982
750 76620913
10379 1052009552
6477 579367333
12334 128119113
9275 117717122
10495 657790063
18756 813637798
19383 860320027
12748 713462596
10243 73837178
8937 989408163
19809 118750222
2404 390592414
16231 352264747
19229 565512229
7900 374215290
10180 781570490
1693 718636154
17088 294739190
1625 459131386
10315 853526274
17333 316700576
9588 747377182
6505 533290340
15868 800278045
10977 1026936598
10682 834953446
797 607501524
13144 566171381
2834 621517717
15891 628646872
6662 141237665
3742 517139123
6456 951696151
512 956704445
17302 860850790
689 1037790144
9604 28698835
8577 854374045
2268 988377849
12114 1055411654
11625 211209540
5464 382415297
9643 207535222
15808 858217900
4054 286428707
12903 224352179
7506 334909748
10334 619123100
13980 436199015
1069 210180412
9636 622276813
3788 1066866943
9421 760581707
5547 1061300323
9808 575111193
1196 935652477
14202 875141958
14212 766380148
18505 623712563
12030 857693697
11187 582172691
14616 621420021
4319 646945650
611 812918963
6218 541590699
1255 531906226
8899 643103599
19357 800293116
6191 794775109
1267 757809585
17542 327389957
8492 434742405
788 361721692
2877 437063485
10297 876753227
6961 692546102
8041 59652007
14438 404304095
7341 232172187
10765 286872122
7200 1026720801
10926 640541023
14419 212396173
18210 634328568
5546 24334083
9080 944282822
4765 742259195
13777 83277851
6167 845594564
1443 529051742
8058 524067582
11481 1027544202
4089 1027816223
7665 841796271
1340 929852655
11517 913764464
9824 39809803
16227 865274755
12885 229815910
93 428542516
4126 1026651843
11514 1010439138
5429 706102077
411 948709761
7012 743457472
6806 566236694
14764 733891725
14391 916926270
17602 963793081
11354 518284711
14861 821039278
19058 808166805
19818 560834473
16005 998541151
3560 1058202426
4877 579325935
5868 473525192
14809 882884934
17006 715996426
15530 340376309
5338 82570895
16183 609462949
18800 1063603255
19081 1025494161
18052 29048503
17152 702561286
12543 671187993
9452 769217514
8380 738080825
14644 295853874
14956 375991626
3123 946084202
51 942380111
8726 1025081137
15272 732034466
4383 399470266
3225 500824433
12005 182687820
15909 533921852
7249 407387843
11072 1069452120
2115 1052755981
15698 708965743
18955 1058971053
15704 330398461
12881 697064764
19041 693474004
12941 851499235
1491 178787994
15791 289892323
17700 177519430
12217 582780685
2817 951703974
4128 420464970
9131 849741532
4111 801183764
7828 1025277148
8771 690209786
7270 625988336
1872 329016608
14813 707135028
16794 383912893
13448 762860058
6781 155009180
15948 760142056
4070 214521244
5473 86350901
2456 884082224
659 925615471
2344 846718943
1378 1031781976
2177 187280068
1378 594778500
3297 346794511
4732 650889948
19866 988957827
555 553463839
1713 222573814
1088 946923868
9986 326779604
3647 431980921
1371 725574300
10655 955606703
13116 760229473
17070 449819403
5566 448519755
19274 637486318
14025 304253204
19177 1013262222
4508 217560203
18387 475384692
3593 616576532
11299 165056252
10198 542270246
15881 1071584984
16829 152506827
8458 697988749
10348 139061540
12607 597829876
16678 204866019
17650 88496314
18049 897308366
4036 835025121
4934 206275907
12394 831597884
18708 1034444207
16651 328073975
5597 547767317
7299 374470925
10151 61661325
19044 426006736
16236 28581826
19728 377413221
11707 528974707
14271 583905605
277 822362867
13663 942550205
13361 106445737
7631 108099694
7352 558150033
3140 211251406
1065 844947385
17060 974446501
3894 507795653
3405 403637393
18662 183711595
15247 983526787
721 888217336
14094 973971264
9799 211422153
18721 873926112
41 458945491
18070 355034450
15758 821081883
11340 698556887
10208 414081086
13526 924285058
6812 380974315
8031 495521726
14613 758814308
17985 11470792
5586 700822017
7596 959468337
2795 980320685
17317 233267038
17968 186686567
14309 891194631
15747 718853825
16598 500562107
4153 954544997
1721 16454490
16892 438772619
67 984681114
11244 911316868
14459 730628483
3001 1026121523
16829 567318771
2475 868506254
890 179816475
7739 164395553
5910 732562687
6103 918261643
13161 595901690
1 522153472
7615 869539127
8336 30825157
16344 303672122
1870 760270263
13992 17149269
2361 1020428740
17400 834462515
5315 498062704
7363 756321873
17361 479165266
14394 81087103
2655 984218261
9344 217560676
11259 185237367
16399 485026807
3461 399375309
11441 415582471
16342 258152317
1768 43911092
15766 969601282
10119 330573555
11747 903294444
14390 498836238
8497 1047419741
17266 874184226
3621 935730830
5674 489199775
18233 78067016
15012 191846860
10492 598558315
1558 518694976
430 344228458
17389 776483434
7016 86774732
15561 405309194
5682 120872877
8607 475856309
3755 218109499
15798 1026092885
16037 788861754
15786 679657126
9286 956894848
1356 693252283
8808 1063591034
15968 548443511
2746 1011154597
8062 120242196
18045 887342101
7602 905826208
15623 651246066
7996 945375098
16836 1026436086
11632 614463450
13680 233698545
17207 1034171974
4126 521396037
6764 468543006
4212 871912810
15359 519164177
14125 579035755
12502 643616677
12309 812614247
18791 323568051
1553 948618001
5856 293918441
13780 401749040
11104 684730182
16331 592979999
3066 370940834
7634 608093262
1625 751674915
12540 507208128
5110 1073302217
3536 473152907
3364 329775075
6822 94468443
6597 370323095
19950 1003449328
18578 551910238
8969 1058652571
5239 41827973
18574 472902853
16981 254624942
3975 559048295
6782 980627277
4497 462700179
19356 944024875
10240 471497962
12842 642220775
2584 89870628
6522 1024713584
4821 543134603
4077 158505100
13540 973247872
14014 765492052
7240 137413109
4120 713669813
17974 388566513
8603 823164400
17688 1052555535
3067 994326811
17806 529391103
13281 766179743
16873 676418307
4744 7890104
12974 588175987
512 819302904
9689 173908794
6927 974959556
3031 648681815
17291 387485653
7211 862979677
994 189253560
18122 209617396
18066 874082638
17407 590819926
17553 573570893
13608 1003183314
13830 983464382
15991 847300172
4782 539690621
9906 149840826
12025 613302715
5011 993811113
11786 28370559
14472 493212086
7642 451888929
6836 7835926
3285 106370510
1580 533787406
17403 501808391
2747 375497852
5121 416581666
10847 468530508
9294 750803911
9258 172521731
13150 922762868
12354 714749752
16738 769454330
17761 177908758
13470 433018622
19510 433445084
2602 381972345
13122 250029149
15025 492379448
16379 348048256
18709 337526620
6412 1071391169
5993 684988890
12052 194191790
9974 833621501
12675 524832106
10103 379003616
13696 464641838
8573 39935476
453 806996419
4971 471329664
18913 932808969
8827 137828123
13269 509526644
14583 837620788
10424 250131849
19553 475633291
13555 658963557
7691 1003338422
17989 912071735
18880 386809501
6208 18867649
10489 814746110
12907 265692634
3209 935036649
190 56108527
11922 36358725
553 844233854
3853 216566857
8749 243183001
16742 95678724
17153 300850025
2845 473637078
16751 876725929
17799 459387125
5652 669736743
6186 175791081
11395 527410246
9029 378210831
19651 447092094
7334 59517466
7661 1006072538
11090 631724429
19791 631082361
1504 578280771
6763 518449167
5406 978053607
8184 24160097
17035 425933948
10336 778883788
16475 825164503
8448 199091390
9494 429167648
15308 165129019
18810 975763796
12904 801306713
18324 997410246
11792 831922885
13515 3030937
11857 220091964
10325 646273095
1550 792114195
6303 290878750
4316 554648496
3338 963708862
19526 1030206222
11305 114783900
18090 768862013
2692 838686082
6841 804805855
10904 755527180
13403 583719084
15636 353376301
3273 467003375
4893 727671464
11985 74625287
13195 380668823
7542 1057952743
10570 745720040
13453 342465174
8378 33906906
2369 684931503
752 100242053
13392 963567842
17842 559140431
5836 561011570
3807 550092408
19995 660603062
7717 637738895
151 307541144
11049 551184634
15407 121321496
11362 278545778
13572 772786633
5758 222387077
9036 522196563
2300 415196690
13138 407828720
15920 943037648
2420 978127856
8834 356052168
4772 232818997
5007 655229142
18824 287341238
2951 602708524
18459 213138176
13965 977254607
4713 823674289
13179 300028952
17654 1004001276
8539 358769461
4504 617832744
11855 54523301
4472 326779664
17097 120331199
9461 470803108
2323 457924396
18017 82380902
18409 829623144
19747 330109167
2554 611059269
9011 580119912
8523 825194600
13313 1034482705
10772 942163402
12270 134807741
8161 108353080
13297 690087251
19955 656813524
14227 32877135
6396 1014814098
15220 710319936
4838 556536763
18116 908704583
17036 295400557
8906 44420510
13087 488743449
2497 194248207
13059 524848644
9206 143498616
12623 17590471
971 306267726
6705 35285711
19799 262982934
5992 169012445
4100 727843054
11272 29839495
463 281132034
1209 880490677
17612 826459160
12024 958763557
16095 296450821
19413 598567912
2308 525557557
2451 1043079139
5736 224844838
5260 170806095
17998 975334125
6314 166795065
15563 471073457
12878 296046850
19306 928864555
13837 548131552
4008 452031276
12686 47758427
16217 634619159
10862 967965393
12930 341582691
8092 766419443
17436 359875354
11453 662279237
7384 668207708
6281 288291746
14069 1061908701
14476 1067094454
15916 838283362
1830 58603650
3301 763954504
3436 46850780
15742 881082110
5796 434392300
10187 595370118
10221 81790128
11025 1046024440
18517 281461369
16682 93527038
352 349278571
16612 326451801
11336 866994177
3554 22813275
9623 615927943
5178 351715435
1295 87900574
19541 897947524
13059 834913979
1714 689691062
7196 658364584
17411 433977508
17589 743491074
11118 591580676
13662 43289530
3501 659790882
14845 533986708
19599 736812637
7144 793362091
2645 1073047977
4780 451119594
373 682777867
3305 478300820
16890 384950816
19284 389448894
8227 609697174
19892 948243920
8736 412561329
11462 564335879
4824 918037704
9209 414776310
15877 307508677
6098 35684096
17046 752154793
16521 564407776
18412 448176389
11018 599995425
11358 818540674
1781 787313062
18805 963540827
18814 1019470627
12272 836150493
15886 995809954
2050 256419822
15680 913836032
7343 207232899
8133 148066669
11794 1043602216
8929 357989360
11482 835873660
8076 140288992
19689 289424050
6897 552928619
9748 282961169
5106 35558675
14149 614115701
8226 202074156
14492 1027246540
10953 1029631328
8073 227672985
6852 477033772
10419 398952565
13539 679709280
11061 43335305
10793 320248482
10844 914641174
19215 18083563
13547 53580013
5313 337212425
8983 210593015
5504 1001804572
17322 1510062
13151 246209049
8484 304260769
18982 741389385
12053 51619060
5297 623375051
3717 748808670
15505 761947406
8077 387306026
4810 352403800
5019 378143671
13012 157850946
1714 808160760
1115 516896314
7911 125393524
14879 559122943
6245 327445830
3060 776486696
5770 472839582
8323 359718302
2887 1064152639
14855 37934877
6212 1049071103
4433 757522359
11642 324454474
11077 347444817
12887 226762143
17818 1056734500
2078 936246289
14494 45564477
18213 88207304
18096 412571646
17141 109142910
3588 880663963
1645 654225666
2114 650041245
414 842990008
3079 90191971
9456 555384599
19522 492386460
7036 787960617
13593 735379406
13265 923957519
354 527244498
1712 431447419
16714 561106517
13263 696635188
12721 656481112
6106 548290453
2252 183352241
14925 506647310
15938 767250568
15355 724156833
17520 538963164
5130 133695334
3941 329412091
14132 26797320
14470 335356941
10568 248819782
5323 140298890
13159 898233459
7968 1017008319
6567 937845494
3493 848392781
18484 162206667
6638 993501098
15498 225121792
16451 403027615
16540 432787513
12898 606145224
6672 113422636
4121 94453270
18081 47820838
19276 651225424
18204 812326276
6677 929698958
12675 182698811
19390 903675837
13325 335730000
9801 8862494
3075 152580704
11497 788238279
7653 541586458
15718 859715616
18339 231067584
5885 50653287
7460 286869162
8637 150349613
5987 173745859
4716 502134230
13229 393599754
18304 171297053
1732 962989074
358 248336782
10623 24842370
7326 916657162
5224 110472597
2589 802837063
15805 577283995
