1000 27
213 59
113 208
108 2
28 135
181 214
77 156
16 49
5 127
21 40
51 251
213 248
30 104
99 225
2 35
148 55
254 59
2 182
45 109
87 22
20 83
200 223
60 216
223 127
31 239
126 153
73 133
33 161
183 179
99 166
131 57
196 110
195 40
169 200
174 222
164 30
256 55
246 74
160 2
82 170
128 178
228 119
197 86
146 82
41 204
130 32
157 49
220 24
50 155
209 26
57 11
220 67
169 157
71 190
194 2
242 221
240 48
80 104
242 88
178 53
59 25
200 248
153 243
100 93
20 254
130 84
25 220
134 172
216 236
196 228
234 192
69 62
55 210
200 20
23 114
8 111
183 3
61 214
191 103
229 100
49 184
196 30
148 57
42 131
83 140
116 100
96 37
213 245
28 254
87 37
123 140
28 43
99 243
234 97
86 118
231 86
81 49
160 30
244 10
80 237
226 229
96 229
107 23
42 43
105 29
2 64
103 143
119 143
9 79
214 66
168 6
240 90
60 209
29 255
127 55
129 20
79 95
142 15
84 127
202 8
228 152
211 15
35 97
160 195
111 128
9 33
251 0
138 153
185 0
68 103
126 168
68 32
97 98
8 139
100 70
63 179
86 213
209 58
247 235
31 240
94 239
140 164
152 77
60 59
146 38
28 255
56 70
34 57
223 86
214 1
224 82
17 85
134 62
4 105
43 21
125 62
157 3
102 118
199 211
142 103
141 171
173 110
247 247
162 133
146 163
254 24
19 141
198 21
62 58
117 67
6 200
65 212
246 35
159 61
207 124
9 69
115 247
255 92
1 164
76 47
66 177
138 121
68 222
232 28
68 48
43 112
209 234
243 219
47 185
64 162
250 47
52 254
11 114
27 115
160 54
168 93
182 232
129 204
186 44
255 145
97 138
46 153
213 100
28 122
17 44
80 76
142 212
152 186
31 133
8 88
25 147
63 56
184 177
236 184
190 97
145 157
93 175
135 102
87 31
67 218
100 228
215 228
212 82
187 160
117 150
206 182
183 165
152 231
14 114
210 229
152 100
40 104
256 7
61 126
162 2
240 34
240 73
222 17
20 147
39 217
215 15
118 51
193 82
59 146
129 148
59 252
144 29
75 25
18 250
88 138
253 244
171 123
124 195
107 124
150 126
100 140
11 86
6 119
126 132
177 99
217 128
48 165
238 116
131 217
90 240
225 49
175 223
253 13
210 186
137 204
161 251
248 226
217 213
137 43
55 34
129 128
222 157
183 135
249 81
86 207
161 81
223 28
1 170
109 255
184 150
61 170
126 242
109 3
11 242
4 247
53 20
51 17
88 82
219 75
250 156
78 36
175 133
90 242
59 61
132 122
247 191
145 190
118 75
75 22
103 23
129 130
189 66
80 63
14 9
161 152
57 61
243 255
76 244
91 92
165 128
200 165
87 157
140 175
207 238
24 68
183 171
7 117
26 148
95 49
201 41
19 23
254 28
204 137
64 7
232 2
134 91
195 169
159 152
54 38
209 196
94 180
193 22
159 119
146 242
232 17
81 26
56 112
145 34
97 233
82 36
12 139
40 182
253 173
153 25
152 202
198 179
164 143
78 191
80 49
111 68
115 4
110 67
24 74
57 53
58 72
76 181
204 160
209 121
253 218
11 134
185 68
244 164
115 252
37 16
34 75
247 114
137 52
232 14
188 77
64 62
224 206
244 32
50 232
202 140
75 88
190 73
162 59
164 128
82 36
16 112
29 108
115 100
177 201
134 226
43 34
236 38
218 162
19 207
69 12
91 215
111 78
122 200
89 88
31 45
201 46
213 71
74 60
42 2
116 235
17 39
109 113
134 211
176 237
112 40
13 179
203 66
241 228
6 109
232 67
170 149
96 67
61 254
176 101
102 53
89 192
82 70
139 225
85 47
235 214
213 149
147 134
100 182
90 68
44 159
86 163
144 158
160 139
16 251
87 140
109 227
232 115
14 165
140 27
163 33
18 134
8 124
222 44
108 25
50 147
178 197
172 32
23 50
16 45
22 167
72 92
137 245
169 42
16 173
120 199
182 144
173 37
210 71
246 78
44 85
255 252
97 73
241 99
137 56
57 82
22 106
138 122
255 84
37 13
31 198
88 140
216 102
68 218
251 93
228 148
236 80
75 165
1 146
45 20
44 152
161 33
218 173
37 145
26 230
227 70
2 89
51 18
78 138
96 205
75 38
175 165
244 244
157 182
90 8
105 219
73 58
210 195
40 214
34 71
33 149
107 250
130 204
17 2
99 228
136 39
138 10
95 42
139 39
126 88
51 19
172 94
39 6
84 95
201 79
136 68
91 72
70 84
103 137
250 4
94 92
69 16
127 113
253 202
250 211
117 178
86 27
254 72
16 228
173 30
133 126
95 49
17 231
251 121
121 246
247 191
134 218
30 175
243 195
144 46
138 223
10 238
137 136
103 63
74 188
103 40
35 205
176 182
140 89
18 148
127 125
15 220
37 70
155 45
174 104
32 254
128 51
197 49
149 194
240 235
30 118
9 164
109 163
130 122
17 136
20 203
67 133
75 2
129 136
68 177
120 201
182 225
39 183
47 166
66 49
160 246
212 250
28 186
41 103
221 38
235 91
136 70
139 117
177 218
226 136
162 100
25 76
88 127
198 83
207 114
87 62
128 5
180 48
39 148
32 131
201 97
96 186
246 46
32 183
76 12
146 47
60 110
88 90
17 129
164 239
45 192
158 79
150 195
6 0
178 87
26 94
79 212
186 141
230 171
202 178
33 63
216 99
154 246
254 92
230 143
10 115
210 182
221 206
236 213
17 83
70 46
223 96
118 39
63 188
225 228
80 206
58 27
251 13
69 36
211 184
225 80
64 199
69 124
221 33
138 230
30 15
106 63
54 241
71 1
56 48
110 2
124 115
158 74
68 22
196 33
159 216
9 109
142 211
14 59
102 178
118 156
117 30
166 178
232 121
200 10
236 207
22 44
20 9
85 113
251 100
159 21
42 34
102 141
60 128
182 27
64 231
186 159
94 102
130 176
190 96
3 235
165 130
96 139
225 248
104 59
104 225
95 40
60 0
1 89
145 180
196 67
50 42
94 152
33 209
135 97
125 14
256 76
169 50
212 71
171 169
222 77
210 115
139 128
156 217
225 121
214 88
192 220
5 226
104 47
5 70
60 236
240 236
198 212
66 197
250 135
58 130
191 82
131 4
171 72
19 20
14 148
84 85
51 13
129 118
226 11
83 172
41 121
222 96
93 44
181 37
91 115
85 236
19 240
193 123
72 166
105 27
145 82
80 145
164 255
110 80
211 213
84 237
215 50
14 211
205 252
77 56
126 53
198 80
227 207
213 192
233 194
102 85
113 93
21 246
155 217
148 215
68 52
77 240
205 61
73 174
30 235
81 232
235 242
83 20
54 152
7 187
22 197
209 42
182 90
234 107
160 196
187 115
60 209
137 157
147 194
87 87
89 161
8 27
43 213
197 162
21 243
158 84
87 215
116 2
105 244
22 215
60 232
170 140
195 83
79 220
178 234
256 56
134 199
187 187
197 3
227 96
135 135
228 115
53 31
21 69
145 209
226 36
246 108
42 138
225 99
230 149
177 220
12 183
171 5
179 175
65 167
119 184
148 253
31 0
55 198
125 91
54 153
150 57
87 121
3 214
159 169
151 176
24 193
66 62
210 2
53 223
40 231
71 17
68 252
152 227
230 243
116 173
96 245
122 254
230 54
253 214
4 204
170 21
112 193
107 52
2 103
140 51
1 235
29 210
160 45
151 4
200 207
194 161
24 141
213 91
43 204
223 243
25 117
103 173
64 3
79 1
68 219
255 147
84 220
191 101
175 56
99 75
103 130
46 160
101 8
241 56
174 98
115 149
229 75
21 94
16 176
182 12
159 7
213 231
170 226
245 49
122 196
70 161
75 51
129 19
80 14
20 125
248 33
127 37
112 247
254 17
105 239
104 191
27 146
87 23
137 36
137 158
7 121
134 236
250 11
131 96
224 73
135 18
144 49
204 9
194 32
104 175
209 233
44 129
192 37
205 11
124 203
65 20
96 1
108 22
254 49
252 241
29 94
146 223
254 185
34 171
228 111
156 30
210 198
204 187
151 104
127 172
8 254
231 251
141 1
64 5
223 205
180 44
15 248
124 205
203 225
73 114
221 140
226 72
244 173
14 211
167 2
180 224
183 230
65 187
148 36
74 163
35 9
115 123
191 189
143 194
126 211
8 197
181 30
129 19
190 198
187 50
248 156
181 144
16 171
24 188
127 15
209 214
84 11
256 69
52 85
17 167
159 180
40 14
116 205
195 105
184 58
155 64
147 221
203 165
155 116
51 103
86 109
31 136
249 251
36 241
118 105
75 101
182 175
114 180
35 67
238 49
106 49
117 101
127 110
60 5
225 105
92 34
31 228
122 160
155 2
167 233
142 161
133 226
76 233
171 31
202 37
75 83
93 210
18 10
196 246
80 154
105 180
89 86
228 28
43 6
193 72
81 148
