820417 100 400 117
703 68 763
909 266 66
825 887 970
590 392 514
951 400 266
876 496 888
899 321 68
699 773 568
812 568 514
907 191 392
679 971 945
788 507 888
773 143 231
622 400 117
631 339 507
738 650 117
670 103 197
956 339 925
608 392 888
903 321 197
628 107 888
957 144 641
942 68 117
729 117 970
670 339 117
839 496 514
913 66 251
918 201 321
646 496 197
881 266 231
956 650 971
961 60 231
889 945 266
934 568 66
769 133 266
757 68 970
667 191 321
627 66 514
674 773 507
862 773 392
774 191 888
730 333 888
626 925 68
887 266 888
772 191 730
833 321 103
739 945 117
863 773 650
820 143 887
760 507 107
865 568 392
827 60 887
858 333 107
872 103 117
768 356 945
876 773 763
671 266 970
729 333 321
602 650 231
894 333 709
680 925 251
723 66 496
750 191 763
662 66 117
839 191 514
747 133 709
937 60 117
638 400 321
624 339 514
687 201 650
800 514 763
618 117 197
605 400 925
857 333 60
625 763 197
779 650 266
681 339 144
691 496 143
923 266 730
706 266 709
726 143 144
676 191 143
955 887 117
769 730 231
760 266 507
840 133 251
755 201 888
938 888 231
703 321 143
716 400 60
869 333 251
793 144 251
706 191 568
604 191 945
788 321 251
786 763 970
710 191 197
703 107 144
848 321 730
871 888 887
