154872 100 430 854
579 749 684
656 516 255
462 749 430
792 931 155
361 656 357
380 931 776
635 854 820
815 255 656
781 533 776
582 255 925
461 516 820
567 533 684
380 467 357
616 255 467
695 430 67
614 516 854
809 684 514
608 67 514
688 516 749
749 533 656
735 467 820
448 931 854
686 516 67
808 155 514
755 533 749
698 931 656
717 684 467
807 931 516
596 155 820
662 854 155
381 854 514
692 231 67
654 656 467
721 931 514
478 684 776
741 776 357
400 255 820
520 430 656
630 925 467
463 516 357
674 931 430
480 684 820
479 533 231
585 749 357
644 776 514
535 67 820
722 854 357
621 925 776
815 854 776
373 231 820
463 749 656
819 656 820
379 931 820
583 533 255
665 516 231
752 533 67
823 925 684
525 514 357
354 231 656
596 854 656
507 255 357
355 533 155
708 749 925
609 931 684
415 516 776
532 430 820
537 749 514
586 749 820
439 854 684
468 255 155
815 533 467
669 749 231
812 255 231
353 656 155
732 749 67
768 231 155
504 516 925
393 255 514
719 430 684
692 231 357
520 925 231
752 925 67
430 516 533
394 931 255
649 155 357
697 925 430
824 255 854
355 430 357
371 533 925
379 514 820
547 854 430
454 684 155
433 231 514
517 931 357
482 749 467
538 516 430
494 516 155
549 931 231
726 925 357
629 854 231
