1000 1000
750 1 2 3 4 5 6 7 8 9 10 11 12 13 14 15 16 17 18 19 20 21 22 23 24 25 26 27 28 29 30 31 32 33 34 35 36 37 38 39 40 41 42 43 44 45 46 47 48 49 50 51 52 53 54 55 56 57 58 59 60 61 62 63 64 65 66 67 68 69 70 71 72 73 74 75 76 77 78 79 80 81 82 83 84 85 86 87 88 89 90 91 92 93 94 95 96 97 98 99 100 101 102 103 104 105 106 107 108 109 110 111 112 113 114 115 116 117 118 119 120 121 122 123 124 125 126 127 128 129 130 131 132 133 134 135 136 137 138 139 140 141 142 143 144 145 146 147 148 149 150 151 152 153 154 155 156 157 158 159 160 161 162 163 164 165 166 167 168 169 170 171 172 173 174 175 176 177 178 179 180 181 182 183 184 185 186 187 188 189 190 191 192 193 194 195 196 197 198 199 200 201 202 203 204 205 206 207 208 209 210 211 212 213 214 215 216 217 218 219 220 221 222 223 224 225 226 227 228 229 230 231 232 233 234 235 236 237 238 239 240 241 242 243 244 245 246 247 248 249 250 251 252 253 254 255 256 257 258 259 260 261 262 263 264 265 266 267 268 269 270 271 272 273 274 275 276 277 278 279 280 281 282 283 284 285 286 287 288 289 290 291 292 293 294 295 296 297 298 299 300 301 302 303 304 305 306 307 308 309 310 311 312 313 314 315 316 317 318 319 320 321 322 323 324 325 326 327 328 329 330 331 332 333 334 335 336 337 338 339 340 341 342 343 344 345 346 347 348 349 350 351 352 353 354 355 356 357 358 359 360 361 362 363 364 365 366 367 368 369 370 371 372 373 374 375 376 377 378 379 380 381 382 383 384 385 386 387 388 389 390 391 392 393 394 395 396 397 398 399 400 401 402 403 404 405 406 407 408 409 410 411 412 413 414 415 416 417 418 419 420 421 422 423 424 425 426 427 428 429 430 431 432 433 434 435 436 437 438 439 440 441 442 443 444 445 446 447 448 449 450 451 452 453 454 455 456 457 458 459 460 461 462 463 464 465 466 467 468 469 470 471 472 473 474 475 476 477 478 479 480 481 482 483 484 485 486 487 488 489 490 491 492 493 494 495 496 497 498 499 500 501 502 503 504 505 506 507 508 509 510 511 512 513 514 515 516 517 518 519 520 521 522 523 524 525 526 527 528 529 530 531 532 533 534 535 536 537 538 539 540 541 542 543 544 545 546 547 548 549 550 551 552 553 554 555 556 557 558 559 560 561 562 563 564 565 566 567 568 569 570 571 572 573 574 575 576 577 578 579 580 581 582 583 584 585 586 587 588 589 590 591 592 593 594 595 596 597 598 599 600 601 602 603 604 605 606 607 608 609 610 611 612 613 614 615 616 617 618 619 620 621 622 623 624 625 626 627 628 629 630 631 632 633 634 635 636 637 638 639 640 641 642 643 644 645 646 647 648 649 650 651 652 653 654 655 656 657 658 659 660 661 662 663 664 665 666 667 668 669 670 671 672 673 674 675 676 677 678 679 680 681 682 683 684 685 686 687 688 689 690 691 692 693 694 695 696 697 698 699 700 701 702 703 704 705 706 707 708 709 710 711 712 713 714 715 716 717 718 719 720 721 722 723 724 725 726 727 728 729 730 731 732 733 734 735 736 737 738 739 740 741 742 743 744 745 746 747 748 749 548 379 134 16 535 113 2 408 397 242 714 671 30 347 390 209 460 689 15 474 622 532 112 530 468 1 753 10 184 360 522 286 151 5 722 112 278 407 404 237 628 400 375 508 512 704 52 593 776 10 438 393 14 281 19 696 195 546 220 425 487 208 702 791 237 622 127 438 120 472 158 473 624 327 349 373 256 738 334 291 284 451 96 736 659 395 489 500 464 524 741 275 196 323 380 839 756 406 232 578 750 692 700 204 105 658 829 58 719 593 812 375 63 509 456 558 797 354 137 96 526 343 443 298 428 342 435 528 517 326 71 158 854 547 321 522 519 723 136 145 574 304 1 495 6 203 270 325 782 595 609 129 247 236 281 399 821 52 555 291 23 646 596 163 13 111 142 319 862 70 790 434 847 787 796 644 682 99 235 849 551 488 56 286 501 10 843 417 794 874 172 618 354 817 742 599 281 568 270 893 227 776 859 547 684 93 643 929 151 623 840 425 779 552 654 425 311 443 951 724 434 456 650 262 372 33 640 795 365 627 803 260 477 89 419 393 435 549 877 752 4 642 599 305 739 774 968 636 352 540
806 904
741 619
590 881
929 42
823 550
508 124
753 221
747 664
855 838
583 325
965 22
771 487
189 325
256 508
351 533
42 483
887 958
675 228
663 458
382 245
177 996
194 932
261 633
928 872
708 60
567 104
463 147
68 214
316 644
792 701
986 497
419 200
886 419
239 366
287 376
365 29
837 960
948 484
354 228
495 816
94 333
748 874
905 397
734 122
744 163
989 402
630 44
446 341
986 891
23 29
612 85
926 507
335 454
963 571
608 257
870 931
848 559
55 814
222 255
902 268
245 100
102 210
733 323
948 989
292 684
505 168
154 733
75 596
429 838
557 991
420 13
907 253
799 695
283 62
180 445
825 331
295 829
799 848
24 458
637 464
204 823
688 578
786 168
575 886
39 961
476 648
98 754
383 874
251 312
727 760
502 491
797 778
777 790
858 709
411 694
292 448
872 845
486 215
783 924
493 549
257 302
6 982
658 112
684 146
355 887
141 874
84 17
464 320
641 848
546 264
256 52
671 837
306 855
572 330
114 635
755 690
428 180
433 838
477 489
861 438
958 35
636 329
90 100
879 582
5 225
792 968
241 615
427 546
355 280
504 591
267 764
821 743
376 262
103 866
939 292
266 457
285 765
611 620
79 402
57 255
242 705
208 747
144 191
243 210
471 597
216 936
432 193
177 698
809 513
43 204
474 770
380 997
208 5
697 620
548 457
358 565
572 509
239 38
853 62
245 289
444 209
919 585
84 574
33 869
156 84
296 193
465 678
983 126
815 500
654 286
143 9
162 284
527 640
471 640
189 196
931 114
380 463
910 116
454 368
705 994
449 672
160 437
837 985
369 807
718 898
561 683
47 987
594 979
520 676
350 224
949 832
96 722
518 208
840 679
133 793
631 420
431 25
210 836
846 880
56 298
962 322
361 942
133 263
344 134
530 147
549 303
628 29
9 330
704 871
386 611
386 122
605 977
652 340
503 782
469 751
337 258
592 391
968 723
625 39
960 916
881 327
211 784
322 45
276 65
510 171
587 109
808 702
617 961
582 36
61 843
423 700
758 501
531 555
667 615
344 807
733 306
371 884
502 266
749 387
695 804
513 141
912 185
420 58
90 502
629 951
468 23
488 685
269 766
496 957
213 357
780 964
517 105
939 710
251 31
959 980
310 351
483 472
787 828
123 514
406 297
944 804
222 149
305 232
110 869
718 97
153 990
847 81
634 533
774 400
256 42
914 806
789 686
613 911
465 481
221 660
549 168
232 71
991 207
556 621
521 74
659 483
780 11
828 859
735 640
775 997
157 41
966 570
119 760
375 390
953 877
131 357
546 21
671 961
433 784
754 128
891 955
987 397
182 681
730 440
559 630
188 812
594 121
265 173
665 497
861 653
24 826
601 163
817 739
455 384
913 706
172 193
716 16
345 484
993 539
159 758
98 327
80 553
355 206
770 674
906 442
301 214
270 1
500 899
892 309
922 244
724 608
246 749
227 848
259 835
45 83
534 33
622 246
222 311
176 421
906 990
282 854
650 866
667 682
325 982
78 532
782 122
395 718
844 863
935 393
915 221
300 731
675 213
829 102
407 184
478 708
596 356
125 165
874 473
461 595
757 134
64 521
495 439
763 700
603 724
85 335
571 998
749 477
831 81
26 933
514 715
912 180
917 603
531 779
252 874
818 189
85 547
65 405
533 155
85 382
902 537
457 691
49 147
394 555
45 865
116 696
950 787
632 247
360 660
295 162
820 789
169 786
923 924
750 391
583 88
936 424
322 323
135 410
489 899
364 209
695 105
688 192
152 175
499 754
445 1
282 926
314 776
521 266
698 255
512 676
293 957
454 763
157 121
794 205
152 371
725 275
992 911
391 370
118 860
559 672
837 541
907 349
516 927
628 928
824 176
377 141
669 827
310 193
346 253
582 71
473 598
292 666
195 718
266 180
363 496
802 789
228 345
146 957
695 599
379 795
830 71
233 737
855 879
430 914
536 806
606 386
524 629
661 63
919 174
798 272
60 709
217 139
604 639
260 538
799 957
175 784
312 921
829 420
916 352
935 396
323 779
918 75
566 825
695 822
552 793
28 281
874 187
883 76
639 298
230 126
399 79
731 465
549 306
123 841
951 414
357 515
438 879
251 8
369 516
384 559
576 518
792 110
670 459
920 559
148 589
411 483
122 608
565 490
443 926
639 1000
467 97
83 830
166 9
482 436
971 16
678 946
762 376
144 956
963 687
565 571
80 870
657 775
662 573
525 537
783 46
41 552
683 457
434 838
858 536
13 462
435 351
516 999
30 147
353 420
366 242
828 269
934 738
483 634
565 380
629 913
795 324
422 650
287 928
352 82
893 989
231 189
930 327
52 815
550 979
505 35
132 896
736 534
651 652
835 335
572 255
216 811
817 326
34 108
933 549
172 741
910 86
634 605
309 197
340 857
558 431
809 616
546 111
106 899
747 488
728 474
59 35
66 57
831 135
971 567
467 445
971 774
80 251
346 327
688 287
246 109
789 587
334 269
280 239
732 66
496 188
168 216
148 895
904 880
507 340
688 579
106 664
677 355
727 23
221 519
8 325
983 86
693 752
684 74
761 727
554 370
705 871
538 652
652 560
957 449
46 346
510 487
182 683
593 87
622 51
992 776
433 631
516 389
14 165
299 980
544 658
847 3
143 30
59 209
313 554
874 291
103 626
678 342
227 417
228 772
193 611
849 167
530 708
711 610
938 81
794 729
216 388
841 434
973 493
750 14
383 829
77 431
597 19
633 227
650 667
700 752
562 770
986 234
439 767
929 711
561 193
636 160
875 114
704 377
122 558
314 154
10 725
493 277
424 237
883 226
908 33
436 261
574 734
987 821
7 666
434 298
378 331
451 746
262 539
481 539
992 207
398 326
216 158
550 754
242 433
621 177
676 382
769 794
843 390
201 978
330 900
878 409
658 721
403 415
921 933
918 789
495 858
281 94
496 106
981 645
916 96
192 948
731 976
991 632
850 321
818 355
568 493
330 131
606 531
344 331
366 256
663 831
760 265
372 290
969 832
513 709
403 627
117 675
344 893
924 60
675 997
688 714
752 841
269 142
168 884
802 552
691 634
788 744
188 891
811 599
746 777
456 412
430 712
138 322
816 58
191 137
247 857
751 285
600 404
440 668
781 600
219 722
971 194
996 800
27 600
87 801
231 32
488 36
896 542
222 535
538 349
613 388
363 895
737 621
423 709
388 741
176 646
887 653
73 468
97 551
623 72
754 411
70 973
622 879
629 977
145 633
528 927
725 636
963 800
263 261
459 79
486 509
945 885
706 929
446 51
364 606
198 610
795 232
300 986
784 166
865 296
14 126
63 540
595 459
302 760
313 602
624 28
966 405
421 254
392 295
902 431
815 265
912 439
758 791
168 341
496 399
147 307
595 734
582 856
972 867
693 974
157 13
247 941
91 896
225 39
834 520
392 420
635 301
648 734
829 620
635 876
6 378
230 818
602 827
8 961
506 307
661 1000
642 489
404 650
839 864
505 837
680 253
222 825
807 940
831 764
592 331
940 209
152 255
746 296
149 899
57 804
94 822
1 727
445 285
371 317
214 771
386 707
890 91
689 885
366 476
954 752
924 863
186 397
627 774
722 181
616 210
517 707
325 948
924 895
941 804
999 733
385 737
939 191
890 948
386 232
257 44
536 354
333 977
122 849
32 135
498 403
913 145
748 959
1000 533
230 358
202 503
582 991
206 264
744 479
782 156
53 303
418 247
479 571
919 785
681 863
16 747
942 857
211 121
82 650
276 460
738 651
146 47
560 590
393 762
544 746
770 644
701 574
946 131
364 373
451 147
576 818
584 168
106 310
187 183
589 238
969 865
132 734
2 83
797 517
891 737
753 691
41 678
600 842
840 906
879 648
592 803
991 252
699 827
342 747
608 194
24 933
29 468
401 577
789 931
628 873
577 403
329 265
414 265
269 748
103 657
511 620
915 197
817 626
647 924
859 466
634 44
633 611
237 637
747 807
796 98
938 720
56 724
175 204
280 27
444 736
830 303
539 641
651 572
302 758
165 927
140 985
857 304
385 424
556 570
507 419
263 21
585 239
978 250
357 389
324 284
542 333
312 101
449 294
412 415
689 442
657 135
446 759
785 384
511 941
532 732
576 766
737 921
403 941
891 649
562 425
424 738
36 331
46 622
403 586
692 955
90 261
186 469
744 557
921 464
571 312
422 729
725 792
697 888
360 438
649 189
751 995
171 768
385 86
712 865
571 220
886 692
548 570
345 779
693 451
444 99
467 523
191 362
573 502
796 35
738 3
248 874
853 9
584 777
841 612
783 590
416 351
309 686
161 656
763 210
404 375
80 917
469 579
14 444
794 383
74 47
415 721
454 596
851 91
933 664
187 853
791 415
478 836
710 223
287 214
839 849
475 893
788 301
157 236
689 304
774 2
46 442
850 393
366 758
367 561
833 899
363 341
477 316
590 231
341 91
776 450
111 436
680 934
594 842
365 251
640 219
454 764
158 997
