50 50
42 67
583 0
476 24
1413 58
1079 64
1392 45
274 27
1334 91
120 42
514 36
756 4
1027 53
293 82
166 16
1025 95
1134 26
392 38
432 12
1222 99
1218 94
1382 11
1125 33
418 64
762 11
932 68
1102 44
1027 57
1344 59
96 41
208 78
813 35
621 42
289 6
413 42
571 48
125 5
73 29
1363 50
627 1
1386 48
936 23
1077 54
63 40
653 76
990 8
1127 39
181 23
1224 38
301 82
1360 41
517 15
323 58
1120 30
1027 6
16 86
705 45
1023 72
515 29
876 73
781 12
963 90
528 36
771 67
632 74
1154 52
10 50
1113 24
1016 30
889 91
740 37
1068 87
413 83
556 9
552 58
1198 88
667 46
166 30
585 68
901 91
56 55
143 59
284 37
1403 83
255 41
725 50
219 36
741 20
280 21
8 99
962 84
1087 34
54 99
517 38
1145 88
860 67
851 93
186 83
540 21
1360 17
1229 14
