2000 2000
42 67
583 0
476 24
1413 58
1079 64
1392 45
274 27
1334 91
120 42
514 36
756 4
1027 53
293 82
166 16
1025 95
1134 26
392 38
432 12
1222 99
1218 94
1382 11
1125 33
418 64
762 11
932 68
1102 44
1027 57
1344 59
96 41
208 78
813 35
621 42
289 6
413 42
571 48
125 5
73 29
1363 50
627 1
1386 48
936 23
1077 54
63 40
653 76
990 8
1127 39
181 23
1224 38
301 82
1360 41
520 15
326 58
1135 30
1036 6
38 86
708 45
1041 72
519 29
894 73
784 12
979 90
534 36
786 67
648 74
1156 52
29 50
1124 24
1025 30
910 91
752 37
1078 87
432 83
566 9
574 58
1214 88
671 46
185 30
596 68
901 91
69 55
155 59
303 37
1417 83
274 41
727 50
226 36
747 20
283 21
27 99
975 84
1092 34
54 99
535 38
1149 88
872 67
853 93
203 83
552 21
1369 17
1244 14
1368 16
242 51
469 49
702 56
1229 3
473 8
93 9
610 2
320 85
218 43
326 87
555 3
259 0
517 18
449 96
419 81
896 98
688 57
341 22
1283 92
287 79
935 57
769 91
1122 88
463 11
385 34
1265 55
197 46
479 86
182 33
1110 42
837 16
312 98
257 51
1394 99
682 76
571 89
762 12
1163 10
872 69
606 88
460 89
876 23
689 85
1175 85
1205 26
1296 57
1205 32
1294 54
1276 89
1283 29
931 92
1294 55
559 49
252 12
1386 60
149 53
322 23
462 96
870 29
980 37
1173 49
194 95
422 16
965 5
43 82
952 34
859 1
1119 71
35 63
1438 55
988 53
913 8
395 45
1438 56
1000 58
639 82
482 44
189 22
1378 61
1222 50
1108 66
541 59
409 39
1436 24
271 10
432 49
245 13
161 22
731 18
94 5
703 91
137 25
594 14
687 24
575 74
1365 59
330 70
298 97
329 77
518 70
326 68
1375 85
227 80
454 27
489 99
330 25
106 24
958 72
120 81
806 32
250 93
1156 31
1303 42
1405 86
123 0
494 60
844 74
1329 70
236 33
1018 60
203 67
96 50
141 94
1258 24
698 25
693 94
1089 2
116 66
365 93
844 84
1019 64
988 52
1363 87
863 26
383 57
535 15
949 27
540 58
1413 9
693 86
806 87
818 74
1188 27
1316 28
978 20
1151 62
124 96
862 61
130 25
1265 60
451 16
717 26
252 71
660 47
1022 20
1031 24
1429 63
627 51
1407 29
703 13
265 78
1176 7
1412 0
175 39
866 60
664 24
726 8
982 87
1108 50
81 28
52 84
712 40
914 4
1332 56
321 50
130 85
425 16
189 57
1337 57
578 71
862 61
1393 22
858 12
1214 96
82 41
1416 29
1222 65
808 32
727 55
550 62
709 34
903 72
1326 69
963 63
1170 83
912 35
2 48
362 38
786 42
747 11
1172 75
1328 25
346 70
189 34
826 83
843 98
710 1
690 34
200 34
1243 93
111 5
1211 48
64 0
34 41
1162 55
201 62
290 77
293 78
315 43
975 73
1413 13
876 72
1315 10
1018 32
791 95
228 31
1347 88
1364 90
804 89
107 45
660 14
1396 40
475 58
336 59
1127 5
819 81
1182 29
768 8
533 97
294 56
1116 27
716 41
246 40
492 74
470 77
84 83
1024 92
1379 1
385 59
1233 28
706 84
10 86
1119 70
536 47
969 3
1090 63
1393 63
383 71
168 40
661 42
430 13
402 4
183 32
751 5
662 39
304 22
967 47
643 48
96 64
1344 75
1414 12
291 78
332 62
1330 85
968 44
1428 40
238 8
997 70
974 23
1001 72
1269 87
1249 63
1142 3
44 27
97 69
1074 65
29 43
902 88
68 37
840 63
736 81
151 42
609 60
1090 58
1195 88
1205 90
760 43
1299 20
749 67
223 83
780 26
806 38
1226 29
1159 48
1230 59
622 66
631 55
311 26
966 25
224 1
980 96
1329 15
709 42
886 13
325 96
379 72
295 6
290 29
769 5
495 12
682 93
748 36
357 41
617 94
1067 52
929 38
351 55
884 31
975 41
246 11
1002 86
997 50
1349 34
828 53
1285 52
1067 62
664 54
486 34
420 56
149 24
814 13
1226 28
441 80
1187 58
1043 55
1164 64
400 76
884 9
523 61
1168 48
1283 53
477 20
1089 23
956 69
1003 59
315 19
964 3
376 81
621 92
1050 13
947 89
1219 38
344 10
1264 34
1005 61
1084 93
78 69
492 69
59 0
1030 64
738 15
110 15
1075 39
15 88
761 54
268 10
39 74
1191 15
68 41
860 79
1293 98
66 88
970 32
1197 89
230 8
1438 90
286 63
29 84
333 0
758 85
405 71
1268 67
270 95
533 25
1049 29
1329 98
434 93
373 80
51 49
784 28
796 64
662 5
199 16
327 26
1345 87
360 64
1341 86
270 62
342 64
550 15
647 73
1307 41
1110 62
1102 31
493 68
691 2
272 7
474 12
1005 30
1107 9
1209 56
787 93
1237 52
1055 45
329 48
302 12
818 14
622 58
277 4
1244 52
824 79
983 23
597 66
404 98
1165 96
273 33
655 22
1147 92
96 25
582 58
851 7
1223 30
533 0
89 99
1097 48
941 40
994 75
135 67
767 97
1221 97
1383 51
933 30
136 25
659 29
75 40
801 47
717 55
544 92
792 54
581 46
87 46
1057 69
11 63
696 15
18 75
1236 28
293 70
906 64
864 62
1220 24
1046 69
331 23
1029 33
1356 10
1044 36
1082 78
890 36
517 64
1394 49
442 5
396 4
520 23
1343 70
1163 68
588 85
525 73
1331 94
1249 26
1075 72
498 40
415 19
944 11
504 89
1230 65
930 85
399 50
178 9
999 66
1076 74
568 0
1002 73
1210 61
975 68
37 31
385 26
1189 22
577 79
713 52
1307 91
1116 64
875 64
523 55
147 74
1221 21
239 47
8 89
1160 95
273 50
526 54
1044 12
169 39
487 12
1135 67
1401 15
471 23
256 34
891 86
6 58
194 6
977 0
1302 92
218 32
359 74
572 21
1028 22
572 76
1262 48
1220 82
449 76
593 11
547 56
797 25
11 86
984 69
140 34
1298 68
871 91
561 83
1011 27
667 71
632 12
10 27
1343 45
881 85
41 37
560 13
932 50
683 11
643 49
1127 54
52 81
144 67
458 93
1379 72
841 30
456 42
864 77
1325 2
1423 81
773 23
800 23
544 95
38 27
539 10
861 58
737 87
233 28
1338 58
24 60
1338 86
1305 10
159 28
1179 41
587 3
488 65
873 81
630 50
1293 98
1137 61
180 56
676 78
796 35
614 75
397 86
644 60
389 48
301 92
930 40
1015 35
1117 99
334 92
347 28
593 69
1047 94
857 52
144 32
908 8
389 97
236 49
446 41
190 0
1119 48
896 51
29 33
1132 0
1161 90
1252 19
525 78
1428 44
465 87
900 25
1294 38
303 93
931 11
123 34
403 97
1348 29
1343 5
32 92
269 49
9 79
774 77
74 93
183 97
885 76
1097 82
637 59
287 89
160 49
1421 72
315 8
646 8
726 3
991 7
1255 74
781 11
326 61
991 90
966 83
775 32
1007 41
641 13
1425 96
1081 15
839 99
5 80
571 32
8 84
51 17
1189 70
242 82
804 23
123 5
862 95
107 16
1299 78
638 58
256 50
1066 29
1074 95
1241 76
432 99
281 65
218 8
421 43
1170 14
103 55
1126 73
295 48
1338 86
707 46
1380 17
250 16
123 91
1090 12
957 93
464 15
1066 57
509 52
237 51
860 26
841 55
176 94
1421 97
190 65
1076 61
1075 78
1061 40
298 47
1008 70
1216 89
305 49
458 65
645 82
1124 32
269 67
1201 82
175 41
42 87
954 79
570 38
1154 47
1201 46
707 59
1430 22
345 86
580 28
855 60
494 77
1151 3
796 31
323 55
1256 6
125 21
41 81
138 55
130 24
1063 35
1311 74
1100 98
571 53
1171 35
206 88
964 32
434 80
1233 78
699 1
516 99
724 63
1403 73
1364 45
722 74
113 53
1182 87
1262 10
1388 65
1421 29
1354 12
535 81
1058 90
854 5
737 32
1114 20
158 31
1031 93
1389 78
1131 6
1288 66
521 97
823 94
1150 88
1350 84
466 78
48 15
809 84
541 6
45 97
797 90
820 85
107 99
917 10
1016 13
94 85
319 80
1332 67
1198 44
179 7
47 27
753 31
1401 71
203 93
1192 37
1114 4
1174 6
579 22
720 0
543 37
1279 88
166 89
12 81
152 84
922 61
362 17
874 82
688 65
688 4
705 95
584 21
1089 81
559 6
781 43
1024 80
263 68
1280 13
837 51
1333 79
9 40
1334 33
772 63
756 53
615 95
1358 74
531 35
1235 76
1200 25
1196 8
618 56
1289 32
716 40
186 62
1316 62
949 36
732 2
443 80
1027 76
431 93
551 46
343 73
404 80
328 72
393 7
1386 66
1266 88
978 68
994 96
408 9
443 36
1390 62
598 42
22 22
67 48
135 68
710 14
395 90
460 59
294 95
990 40
410 99
346 91
1406 81
777 53
1026 29
170 42
370 83
1355 14
1083 44
866 29
521 64
456 70
626 47
157 87
1319 76
1192 40
490 90
953 10
512 45
462 70
52 89
948 78
334 6
321 35
480 96
274 88
1432 79
176 90
517 65
936 5
304 67
1232 34
1036 57
57 45
656 18
211 44
183 63
897 64
42 23
549 4
1404 27
1132 92
1078 63
542 63
532 65
166 45
1355 95
924 22
177 51
8 55
518 38
900 82
171 54
947 7
1238 38
145 90
1142 54
159 23
656 78
155 81
893 33
902 94
371 46
674 45
112 16
1437 89
17 63
814 97
574 30
217 8
854 74
285 72
228 55
983 61
859 6
995 75
1061 19
990 32
239 79
776 83
536 36
1118 18
1234 28
484 77
672 91
425 95
243 1
166 32
699 80
496 7
1053 74
92 90
345 41
476 29
473 74
65 91
686 87
1293 39
514 53
1246 81
20 5
1169 79
258 39
833 98
952 39
756 21
1234 26
1343 38
383 81
1392 78
388 23
1060 34
1302 49
1265 7
371 41
622 46
74 37
1158 0
1247 90
221 35
367 10
1184 82
377 89
822 74
1226 22
560 66
543 38
1333 11
924 67
790 67
248 42
122 47
305 17
472 23
1409 3
1289 51
133 36
831 67
1267 5
28 62
936 75
491 31
1298 44
394 3
513 15
261 19
521 91
624 33
338 42
562 0
699 78
710 57
888 93
425 3
437 33
657 71
918 90
141 41
251 47
915 58
480 2
1048 90
1375 68
109 95
384 8
858 42
625 99
181 78
1167 57
934 47
280 45
67 13
585 10
1368 85
1380 4
835 3
781 69
841 29
1355 74
456 30
807 44
108 18
1058 63
859 73
1215 31
996 11
118 98
433 3
31 79
732 43
143 88
126 34
1223 22
51 11
865 51
1259 77
295 76
485 20
236 48
915 79
1438 57
8 62
209 62
727 70
329 73
1396 86
129 17
82 92
757 67
246 65
324 32
1174 81
566 30
87 31
210 52
1375 72
1171 7
792 28
922 90
727 77
874 36
708 43
1023 33
1154 93
1061 74
52 82
568 61
1101 62
738 97
954 23
263 17
889 3
1253 83
654 59
990 86
1016 65
908 40
1392 97
1400 50
803 21
176 81
904 71
1412 99
1001 79
701 0
531 61
615 5
351 28
14 22
19 60
1215 35
416 14
874 93
1275 61
557 38
481 38
1345 55
472 71
943 52
817 33
620 65
727 1
159 59
328 48
1390 92
376 33
1378 3
815 11
753 68
992 98
990 48
1004 47
1084 31
670 75
1153 49
991 99
1430 43
294 54
1292 34
758 67
751 93
887 66
756 8
902 84
595 67
1421 69
989 11
1121 90
1114 43
167 99
657 95
507 58
334 58
488 89
1382 40
943 64
720 26
644 3
1307 12
1089 70
297 95
1320 86
396 9
998 83
954 90
1053 86
442 81
807 2
1270 62
541 65
997 32
688 28
895 89
727 83
480 65
1063 45
647 21
914 20
1424 73
689 51
1106 36
517 1
1300 10
223 90
225 71
445 35
510 82
388 18
632 12
96 98
1278 62
280 92
846 47
881 3
34 15
840 58
698 45
519 99
952 72
676 62
437 73
1043 38
1014 42
849 3
270 25
3 1
451 82
38 36
157 39
1007 21
1229 63
240 75
973 81
379 61
103 2
1193 95
685 16
758 7
1052 84
69 59
822 58
198 68
612 19
1098 41
264 64
186 15
883 29
842 15
360 36
578 59
701 52
780 41
326 48
914 98
407 24
771 33
1316 38
667 62
994 84
406 78
1172 85
641 24
1252 5
785 65
16 7
612 84
705 90
1207 91
622 85
413 90
411 98
517 18
1242 24
1028 76
1247 69
853 27
990 68
615 2
1001 0
754 18
853 84
522 56
1363 32
1347 14
846 39
753 20
762 54
551 41
981 42
309 21
1345 46
1305 9
1074 8
1068 33
555 4
502 42
149 60
592 20
30 78
1188 13
122 91
183 15
657 61
567 11
456 51
45 70
241 7
818 84
886 1
110 58
1062 90
1196 12
476 60
1342 72
957 76
602 73
515 51
896 28
533 61
1156 3
1094 7
571 51
698 92
1001 19
779 7
925 5
1119 83
1321 9
1286 38
47 71
1106 54
1188 14
144 29
490 66
632 56
749 70
1294 66
1333 83
971 53
260 91
1260 86
52 29
43 17
476 56
447 52
279 66
330 60
1036 31
987 67
1331 98
1307 20
112 7
652 16
1095 42
248 63
377 47
852 30
24 43
1179 14
809 17
1335 20
1230 92
337 54
173 93
467 75
59 12
969 51
1031 79
878 77
914 61
1320 72
1369 44
802 63
125 46
881 8
654 30
810 64
1199 46
896 81
873 11
475 91
957 23
710 91
1264 30
1177 69
36 0
1238 17
880 14
158 41
185 67
1277 53
588 73
726 3
686 16
446 67
1072 2
917 57
1360 67
1121 66
812 71
602 45
1129 38
350 47
232 92
1428 57
1406 53
1420 80
1171 30
734 20
1345 77
933 86
35 89
938 44
1199 10
25 19
1004 27
230 19
1348 16
549 96
1036 58
699 93
609 49
475 72
277 94
551 33
147 29
406 28
494 41
662 88
549 33
802 70
884 61
1291 8
355 62
871 78
476 97
698 38
90 83
285 95
77 33
568 57
880 34
418 35
755 93
588 93
649 51
885 94
1434 74
1075 97
924 95
248 92
1161 37
209 13
851 10
754 28
58 86
109 40
993 69
369 93
541 62
1273 27
924 94
78 13
1260 13
942 64
320 95
507 81
1063 9
1049 68
741 11
765 35
1128 33
919 62
748 77
810 40
77 0
1079 58
1345 54
870 30
80 95
662 23
667 27
708 11
394 54
997 53
418 21
654 28
378 0
490 71
643 52
748 31
699 34
785 86
75 48
102 65
1293 12
73 52
534 87
19 57
1307 56
39 50
1299 1
352 99
325 44
696 75
807 50
647 66
235 1
930 43
442 80
1002 18
784 63
1125 29
1089 54
1424 79
1314 66
490 77
516 2
108 92
286 72
689 23
1088 48
1388 97
195 8
156 93
476 81
327 10
383 56
384 65
768 69
212 53
170 84
719 45
271 33
592 0
903 94
816 85
349 81
777 56
1151 72
355 1
803 35
605 71
768 37
1154 68
912 95
412 3
183 11
690 34
133 93
531 61
227 58
357 6
878 43
437 27
1084 84
911 93
238 24
773 82
240 27
436 46
1051 89
409 37
1281 59
951 56
1042 3
721 0
1432 25
1012 95
885 15
45 6
1047 41
138 98
1326 13
702 12
173 57
1141 39
955 94
657 43
1325 11
463 55
475 47
111 90
998 27
538 54
261 72
5 41
328 46
518 13
1007 29
68 3
1091 93
184 87
327 79
1414 25
1031 60
1431 7
986 92
848 17
528 3
1068 93
574 11
1042 28
1285 48
1413 92
561 54
616 53
533 47
1215 26
244 4
173 71
1003 5
986 56
225 67
876 19
1298 66
1404 46
1276 87
1422 12
1116 99
809 97
1202 28
497 4
331 68
758 96
1197 20
1113 18
998 19
329 74
919 59
208 14
1382 3
719 51
100 14
1174 51
1220 90
34 83
283 84
1369 86
1072 48
634 97
425 68
1334 48
358 82
512 69
894 77
1015 4
485 43
1430 11
1294 92
1047 90
1234 90
1304 74
112 74
687 73
1062 18
982 33
859 11
311 63
757 49
81 45
480 20
41 71
865 21
879 57
1020 82
983 22
468 6
13 89
1091 45
848 23
1367 50
660 36
526 6
197 13
272 80
523 43
552 45
199 49
136 14
1092 27
1435 4
1035 17
476 55
37 86
775 98
352 11
986 58
549 75
1089 32
1206 96
447 12
1429 29
483 36
1022 53
1035 70
458 52
314 97
1058 1
436 93
693 16
965 28
74 25
335 96
246 44
1057 26
1399 58
143 21
1017 8
1018 28
410 47
1046 80
304 28
1121 26
406 77
332 47
844 31
217 84
385 69
330 56
852 45
524 16
291 97
1080 90
1364 49
874 86
381 75
202 77
65 87
672 82
808 0
433 89
853 15
505 10
941 99
122 7
1265 4
1048 85
996 92
854 12
1427 83
972 29
1320 33
783 64
676 57
341 10
399 8
1204 32
934 84
864 1
1110 83
497 92
451 87
633 10
69 35
226 15
14 77
1337 34
232 33
119 86
1179 34
820 49
515 84
427 92
753 22
1180 13
463 73
1391 60
925 53
704 22
1057 37
976 6
618 97
184 36
292 99
969 98
986 47
1085 92
32 96
1096 28
959 42
49 95
545 37
1193 67
740 93
1184 46
734 24
1161 65
736 6
1202 92
682 75
839 61
706 18
568 27
1333 96
340 41
1437 90
407 15
535 23
535 44
1101 37
1103 93
512 71
779 77
592 0
211 85
1004 18
1223 6
1102 8
162 25
1157 80
717 70
1005 47
197 36
453 0
334 64
1412 40
251 4
476 66
324 70
780 6
461 56
662 66
106 78
1258 74
1214 91
363 32
661 96
290 90
1092 7
1045 46
1397 2
1050 26
402 6
1125 50
273 79
521 22
1128 1
1433 76
289 57
935 38
1305 44
744 80
945 43
287 61
1210 39
1115 90
197 79
983 19
1000 84
102 77
1296 13
16 71
1321 39
585 21
1370 34
874 58
1437 69
1328 4
485 2
98 38
653 65
1013 81
1200 23
290 71
1116 82
389 16
1167 19
1276 13
1004 51
636 83
51 38
137 84
190 1
947 33
746 14
328 95
1201 41
285 77
1053 65
1198 38
369 67
676 87
1341 22
622 41
897 4
513 68
1244 72
1033 74
483 37
502 41
1432 18
818 74
559 46
329 24
1215 81
955 40
575 96
373 27
1206 18
1416 41
524 91
902 59
693 17
579 43
245 64
1308 57
1305 66
648 46
377 89
295 45
252 52
266 26
394 84
956 50
340 46
1026 70
1395 95
1166 23
1219 56
79 10
521 92
171 90
854 52
95 15
1409 61
885 84
102 34
299 82
989 36
1139 90
48 82
360 16
633 25
151 10
695 82
1281 93
1137 54
277 95
135 38
705 20
29 83
842 96
615 90
1048 89
572 83
867 29
998 79
1346 0
1058 45
1155 51
978 63
619 7
775 76
618 11
967 64
138 31
1163 98
816 55
247 57
135 64
812 10
728 65
1186 65
191 40
1396 42
75 94
1073 70
1058 0
1207 6
1084 96
200 11
361 15
890 75
599 48
457 79
648 21
398 97
613 9
19 71
659 22
958 97
927 99
1243 20
379 84
596 15
930 85
596 99
56 8
1089 69
902 79
963 7
943 6
826 75
686 24
267 74
7 28
84 45
336 14
4 68
388 7
892 4
1106 97
950 55
813 43
232 97
680 36
849 33
516 30
180 4
134 88
408 54
171 76
800 15
819 31
213 75
42 14
305 57
601 38
202 47
926 18
242 31
1038 19
2 90
1322 72
125 2
503 28
503 98
1229 45
1066 22
53 94
554 44
1416 47
290 85
636 23
192 53
1267 30
866 66
542 12
877 18
251 42
1131 6
1045 84
634 70
411 50
525 11
949 95
1172 20
200 83
336 92
142 84
27 87
73 43
991 59
238 16
978 32
1418 83
260 15
1026 16
1031 39
1065 5
1291 46
14 75
918 87
631 30
175 35
732 73
603 73
705 86
1187 85
523 45
834 85
1324 35
1029 83
748 96
503 85
363 21
627 82
881 88
1213 36
891 65
572 98
1278 86
866 76
353 21
179 45
947 64
1321 72
819 70
336 54
653 80
104 91
937 10
812 67
449 75
625 99
508 90
1426 56
127 3
770 67
882 42
472 66
1189 86
1243 98
1115 64
1086 65
202 40
1361 14
1009 12
1046 38
73 25
412 49
156 79
1119 38
860 21
1195 91
531 39
1285 65
739 73
658 70
124 53
1124 8
887 29
848 89
274 71
1225 59
1364 72
1076 66
87 70
828 99
656 50
494 36
450 6
648 13
329 71
304 73
438 73
1301 2
1125 17
1245 53
225 95
57 13
968 70
836 5
912 33
1200 52
612 19
371 93
1367 65
1153 44
1279 71
1064 99
691 96
1399 52
908 53
1063 90
497 57
814 9
110 86
362 59
729 35
1029 1
396 69
457 31
384 74
1323 43
1056 16
635 11
1318 22
338 57
1145 74
722 83
757 95
1260 83
476 3
794 0
1201 80
141 5
1045 58
1185 57
1172 20
712 56
1251 32
69 82
566 20
164 74
1110 94
667 64
1363 14
845 90
353 55
213 67
37 31
1035 80
402 28
1242 20
446 91
889 87
53 26
436 59
251 20
1402 14
994 47
377 34
483 51
380 78
710 89
257 76
1061 90
44 72
225 1
118 44
378 39
464 27
882 86
76 27
780 23
510 14
343 44
1120 69
306 76
591 52
1213 37
160 88
154 88
944 74
188 15
984 56
1283 16
62 29
102 84
556 49
373 26
1388 2
69 16
447 52
53 55
1345 44
677 43
1069 99
1082 21
1344 13
1211 93
289 60
957 74
230 1
1404 8
55 26
819 91
331 29
439 77
121 8
743 22
658 37
598 3
945 12
778 53
1200 99
811 2
262 69
436 29
1101 38
763 26
635 34
1388 48
625 3
869 18
1066 37
550 79
662 44
392 61
323 76
522 45
715 72
629 96
1056 35
7 29
839 32
494 58
970 20
273 24
170 26
578 83
568 74
107 88
320 64
837 77
208 42
1176 23
463 25
344 42
91 49
1429 90
74 28
832 4
84 9
675 79
323 83
693 32
45 99
406 47
821 90
302 59
971 39
1083 80
814 78
100 56
564 44
283 25
16 98
1154 80
353 64
398 72
139 93
825 5
1269 33
1033 87
514 38
947 64
129 99
716 8
946 38
955 38
1051 59
1146 44
22 69
977 18
639 58
486 61
1141 90
602 26
726 4
1155 68
424 47
1080 66
768 65
251 0
740 73
568 68
1379 79
323 28
359 58
402 67
606 34
453 69
783 70
1017 35
1135 11
626 50
181 45
378 54
569 17
103 42
650 73
1377 79
619 88
563 86
880 9
324 21
1052 81
1408 20
1412 54
1431 84
919 99
118 29
195 57
748 65
896 49
388 92
1052 19
1433 13
864 17
661 60
1360 53
129 62
699 54
1366 34
1432 50
560 45
414 47
864 61
589 59
1026 85
50 18
474 68
677 50
238 99
363 35
880 92
1039 82
323 16
182 58
267 99
1136 57
1364 71
758 80
927 6
955 86
965 52
1329 35
91 28
850 60
102 49
926 85
286 57
1299 41
232 93
1268 33
177 68
533 35
403 96
236 61
1277 84
22 99
903 49
980 6
1095 87
139 69
590 88
639 83
523 58
1217 38
757 20
1099 58
979 23
84 98
577 70
152 96
245 88
425 46
533 75
1031 19
1391 97
1351 54
1403 58
39 91
391 37
121 32
1164 36
171 58
362 85
624 84
937 27
67 26
964 36
404 70
794 48
444 99
1007 73
797 51
1391 17
917 71
36 29
464 44
197 67
1221 28
698 34
683 57
461 81
673 41
1376 49
1321 99
1113 99
1413 45
337 1
669 83
195 35
440 95
1405 70
1411 17
1052 52
1252 73
400 55
152 70
1015 30
1367 65
237 80
20 58
930 8
849 67
133 28
323 99
264 70
113 12
1050 64
935 84
976 11
1400 68
11 26
608 66
81 88
132 65
1311 47
252 59
1053 71
1111 10
400 66
349 70
195 25
930 74
1312 43
796 36
1008 16
274 34
107 61
998 15
1029 82
67 82
1074 0
137 37
987 0
718 64
392 95
1258 29
1267 88
576 44
122 75
243 90
227 19
1273 95
842 7
846 74
171 56
431 32
1133 22
1373 53
370 55
756 25
835 28
601 27
249 90
869 54
1201 92
873 18
271 56
1406 82
964 39
1156 93
489 69
175 33
1237 92
1136 26
87 80
1349 61
1377 7
165 45
582 21
442 82
1105 91
213 15
611 43
252 71
569 35
511 12
126 67
820 52
55 28
963 29
1279 99
1203 51
137 41
875 83
87 44
170 77
946 2
25 2
730 49
742 75
896 38
1068 95
239 5
47 23
1264 41
1076 30
454 20
936 43
1020 74
1025 0
48 75
620 30
1210 22
225 90
699 52
853 82
666 88
588 60
678 23
324 59
269 43
958 84
1244 68
204 98
769 79
1050 13
1105 47
1067 71
525 44
192 48
1174 53
355 88
1385 25
618 90
445 46
485 75
357 78
669 3
880 77
449 48
25 94
71 29
947 38
1136 72
1085 62
666 67
1056 65
1379 59
1059 89
524 19
1224 40
1399 32
535 22
1297 61
385 41
712 32
117 61
454 13
1264 45
926 10
471 70
866 96
615 14
654 10
807 52
578 71
516 30
627 61
494 51
521 83
1370 58
178 95
639 14
502 84
1126 12
681 41
820 90
258 11
583 82
28 87
14 50
973 68
1056 84
972 35
949 5
1366 92
484 50
1261 60
1095 59
530 23
68 0
1324 56
434 48
1437 7
60 91
54 82
520 19
52 79
287 19
493 1
876 24
1345 25
717 83
1092 88
1019 63
1101 34
430 51
1047 24
732 67
47 40
502 55
200 61
994 27
1381 39
1009 37
391 48
1381 48
1103 21
549 75
486 14
636 62
931 76
577 58
283 84
616 66
288 56
1401 29
75 29
1122 43
1249 1
605 20
330 36
273 82
90 66
34 93
1057 79
204 87
751 97
1024 94
268 53
131 3
522 20
494 53
752 33
1278 65
1294 80
705 66
1228 68
1147 28
1334 44
924 49
127 3
1326 40
882 10
528 82
492 87
669 61
1127 99
545 18
570 58
763 58
849 78
197 57
817 21
1094 56
795 60
665 43
918 41
996 52
1112 11
983 93
138 81
774 60
631 71
14 94
768 35
672 55
937 23
651 88
184 10
116 32
559 10
618 19
259 89
99 51
818 23
760 49
1411 7
794 84
1349 12
496 4
180 62
1026 51
1389 32
1347 38
105 28
1000 26
740 45
1173 5
760 57
996 1
737 27
1035 53
455 42
983 49
865 55
841 48
1324 15
1097 73
186 49
138 69
1381 70
152 68
712 78
1084 81
1184 86
979 31
1401 59
119 89
301 38
1299 72
1331 56
1148 47
1309 11
517 19
206 5
1015 88
311 45
1412 92
1416 76
351 3
1100 99
909 67
506 14
1350 93
466 54
623 31
500 26
990 99
1051 74
1374 12
1364 57
1114 91
410 29
1126 61
953 96
1330 83
1208 54
570 2
190 76
884 81
611 23
292 43
1018 69
405 89
48 99
36 79
948 52
376 50
1353 45
977 71
1211 90
425 77
1243 19
434 28
83 22
889 85
751 84
896 84
1136 15
800 81
368 59
95 46
481 27
649 21
284 18
913 50
1118 61
262 58
961 71
678 2
1052 20
792 53
1371 86
957 35
788 13
385 92
239 65
737 36
624 46
377 12
703 15
789 26
178 73
844 80
1375 90
275 14
346 57
1262 49
884 85
1007 2
1269 74
836 48
456 38
1178 37
517 92
689 43
252 81
493 91
366 84
1203 85
1300 99
454 86
1218 50
682 85
1054 8
621 99
914 96
429 31
1181 2
215 37
331 77
1082 51
377 63
274 5
1352 67
956 55
1131 95
912 72
632 70
1100 21
7 23
1049 65
402 35
1109 99
1281 92
336 24
32 66
528 22
777 18
291 92
960 61
182 28
304 49
1376 26
569 78
510 38
786 44
370 39
1115 40
763 66
302 48
280 51
1396 51
233 57
1176 9
404 76
468 23
990 54
370 6
828 99
708 30
574 58
1354 84
228 31
1020 83
1402 22
816 87
707 68
239 79
1000 9
1439 41
506 77
1073 72
195 35
599 17
376 43
649 65
6 91
151 38
410 76
555 91
1182 9
109 97
1078 28
272 59
770 40
17 94
1058 20
1341 46
624 86
1272 43
833 74
568 88
82 27
736 4
404 46
734 85
286 50
1248 73
554 12
355 83
289 68
932 83
454 87
89 45
474 39
717 48
41 7
1012 54
895 40
605 18
389 77
722 72
472 85
907 20
429 2
50 6
765 24
580 37
329 99
366 90
417 6
1149 75
1302 92
103 47
1235 84
1386 29
125 5
261 89
95 70
880 82
1246 80
1263 72
9 51
274 55
785 77
1155 29
810 51
1063 37
961 76
654 73
1138 97
1401 25
1169 62
450 60
524 73
885 9
1029 24
63 82
281 15
564 46
192 68
1027 61
1156 86
1072 89
494 4
1405 94
443 98
1337 33
469 84
1199 64
837 14
1116 96
1045 48
1072 96
113 91
1038 89
1143 55
120 51
765 71
168 28
955 54
237 30
1020 91
789 53
303 67
1226 77
906 97
350 73
371 62
196 29
1377 39
318 41
1290 20
49 47
192 82
900 89
883 3
376 62
99 92
942 63
1095 11
278 92
859 70
1042 49
211 76
334 86
777 3
1365 98
1070 78
461 23
128 11
1316 17
944 27
198 90
271 1
121 44
91 12
446 33
961 1
38 35
366 33
438 34
1237 71
89 63
953 40
589 82
410 66
267 27
69 71
1327 5
929 34
332 55
1313 99
536 75
170 39
293 88
1324 73
1147 58
842 87
1058 13
990 52
903 78
1011 4
1271 49
305 37
1197 59
287 55
521 26
182 66
1037 55
584 46
915 35
1387 36
18 38
1140 3
1008 99
1262 25
807 24
272 63
799 76
525 34
819 26
1337 44
642 61
2 75
921 96
775 71
50 13
326 30
734 9
1267 59
27 46
1102 3
607 91
655 96
438 50
290 35
13 67
797 65
465 73
451 16
394 15
1339 43
511 97
371 91
363 63
492 7
1103 21
533 58
1313 75
1222 76
361 19
1291 11
1396 9
612 63
563 14
459 83
814 88
462 5
281 40
1235 91
534 85
1221 20
174 97
721 3
1178 62
842 54
555 2
935 29
966 26
318 28
91 79
1206 99
4 42
574 16
901 98
1225 30
1359 51
239 44
65 85
1300 72
1378 58
285 29
251 60
852 27
728 22
35 73
448 33
123 51
929 34
908 22
1178 2
1104 80
319 88
552 85
418 10
499 74
5 99
580 55
1370 65
612 72
505 26
19 23
300 87
1211 97
141 75
1288 78
1383 93
558 6
898 89
776 21
1348 64
441 13
171 10
343 63
102 88
798 64
248 54
333 16
99 86
524 24
1429 2
1341 59
489 82
1074 74
745 66
321 54
114 50
78 26
463 2
543 1
634 49
139 2
1388 81
186 10
119 89
1225 84
854 6
831 87
1153 90
510 18
635 53
1282 62
656 13
818 15
171 85
188 64
432 37
1381 84
505 72
1020 44
981 57
89 29
152 40
1217 1
954 76
293 0
1259 13
254 11
1060 32
111 14
1381 16
189 34
972 52
767 41
186 50
547 69
902 62
342 11
1306 11
764 21
949 45
1225 50
1009 64
53 44
5 36
747 25
219 53
935 6
1325 29
1313 70
55 28
274 59
343 15
799 78
464 84
544 83
322 37
685 30
1076 15
423 21
841 52
571 46
706 4
851 25
1245 49
1093 29
1426 9
732 29
567 33
1419 46
1216 83
655 39
296 35
525 70
1127 29
1244 21
525 89
213 44
1354 5
1377 13
750 99
187 15
1214 58
488 83
1091 43
1080 31
1315 51
1328 90
224 95
1397 61
1410 67
884 34
476 91
668 78
925 79
550 15
1198 72
599 52
898 23
797 37
466 10
12 78
859 61
505 18
714 83
1105 95
320 72
274 3
1353 45
411 50
1306 42
860 55
558 68
252 1
769 47
949 87
146 9
1024 33
645 40
1358 24
957 0
693 31
1149 17
601 84
426 44
1158 19
315 67
286 74
25 30
761 16
704 99
700 85
287 21
747 41
610 73
661 52
617 29
786 59
1350 65
968 50
1071 91
996 13
787 86
273 90
1268 6
1102 22
379 66
390 91
741 66
1275 79
280 67
1200 3
163 20
270 34
66 33
407 87
1053 27
471 24
1035 18
1289 44
676 86
1062 8
169 97
169 21
1381 7
292 22
416 91
468 51
85 65
494 80
672 65
183 0
1366 35
613 12
732 76
402 89
415 99
338 61
697 31
320 0
127 80
158 45
711 68
1191 62
689 33
613 82
1367 60
1365 41
271 36
471 33
250 27
1353 28
247 84
1209 68
1394 97
931 6
1338 63
391 90
653 44
1259 43
83 64
148 58
1378 11
635 47
1148 29
686 80
86 64
40 76
1065 18
434 47
503 47
1239 32
880 37
87 96
104 24
459 53
507 41
88 29
509 65
773 32
206 19
1029 39
779 38
925 3
251 20
1013 49
499 24
616 87
400 29
140 98
1267 38
938 2
1018 85
674 11
1360 27
950 30
664 82
642 31
895 90
301 56
1413 48
758 26
1230 64
338 93
250 37
1151 38
840 70
1111 45
695 59
289 21
1026 60
1131 23
665 5
19 13
1348 84
20 34
989 70
840 57
1352 56
169 92
804 33
1078 83
1194 99
184 90
1307 0
1334 73
834 85
1417 9
1374 81
794 99
1322 7
1416 19
207 27
576 60
549 52
338 3
31 98
1120 69
305 90
503 57
663 19
364 49
923 46
726 67
445 9
1301 79
787 7
525 38
768 99
625 14
853 55
1209 65
1351 20
409 64
710 3
887 50
1030 1
833 27
240 10
990 24
977 98
568 31
864 54
512 3
739 9
1025 32
1333 30
856 32
24 90
1194 32
880 17
744 21
380 5
17 21
857 70
1399 94
790 27
202 77
1359 5
1344 42
548 18
1391 24
980 65
365 71
1072 44
1439 9
972 72
724 74
1149 97
981 41
122 41
618 68
603 21
1388 27
1013 83
699 32
648 62
1371 35
1252 35
297 34
253 28
909 24
733 33
1287 25
367 82
615 65
273 64
1107 22
170 8
249 31
127 26
46 63
1184 19
194 41
853 76
1023 21
1319 87
386 39
1145 52
929 74
636 42
485 0
921 34
1144 80
1157 23
132 68
486 34
993 44
1006 8
655 19
300 49
168 80
520 48
685 19
353 40
377 70
591 33
751 22
156 40
582 50
937 47
759 50
463 96
964 31
99 51
937 39
1012 70
921 43
338 73
1215 57
946 66
288 43
454 14
1153 71
304 61
1298 20
563 27
1101 53
446 28
1175 97
1344 81
239 10
794 78
970 90
69 34
511 47
456 22
673 74
465 22
354 19
1060 66
660 94
452 24
491 89
1197 97
555 60
246 73
1003 5
905 38
568 18
922 44
142 15
1309 23
692 24
1341 69
254 70
1260 15
485 29
56 37
1172 30
721 0
263 94
1294 3
603 59
632 6
224 69
1250 55
806 51
94 77
748 39
1394 2
567 96
1094 23
962 23
1398 71
980 20
275 56
275 49
488 97
760 43
742 92
581 4
989 94
1134 49
513 81
1380 45
725 45
1366 33
345 99
1422 97
108 41
330 99
582 74
1364 59
1044 45
1340 59
691 67
650 68
99 94
777 96
763 23
56 17
1022 68
537 81
810 74
226 84
474 68
987 4
187 21
571 11
899 51
799 42
631 25
358 51
453 98
1187 80
1382 82
914 14
784 4
315 9
549 5
965 66
514 80
1209 41
637 86
497 33
228 24
53 92
965 51
1207 27
735 87
516 20
733 27
375 10
755 3
748 83
1196 35
1281 77
694 80
606 11
645 53
346 8
341 48
48 41
1232 16
186 18
109 84
608 74
303 85
1409 60
1042 85
23 1
977 5
61 96
1295 9
586 87
159 25
112 2
143 46
982 52
564 89
628 98
635 18
667 57
62 73
1160 68
6 10
348 25
256 39
316 18
526 18
38 67
1263 66
1159 26
1438 82
536 60
105 57
903 54
201 61
1040 21
1211 98
441 58
469 45
634 89
632 56
216 25
931 32
1423 21
83 62
215 8
422 30
289 90
922 69
750 53
707 56
1323 83
1008 93
654 62
1290 66
151 19
87 64
942 8
1214 14
37 12
313 22
1133 92
175 99
1192 71
1119 92
1358 17
867 88
694 89
494 14
785 68
30 58
299 45
57 97
607 47
881 37
498 7
793 49
1035 39
595 12
119 31
819 91
307 45
198 16
580 56
1410 72
79 8
1141 9
743 58
131 44
5 30
899 49
1252 68
1395 1
1167 55
943 27
1168 62
391 18
949 89
129 41
883 96
976 40
13 35
1243 82
1383 50
1133 52
190 1
611 33
774 94
347 26
811 33
954 12
169 25
907 12
25 45
346 2
750 58
1428 77
1213 11
965 50
59 80
1376 27
458 16
42 18
451 77
236 65
495 13
55 76
831 74
24 41
291 97
1005 48
804 48
935 36
1231 17
1084 24
270 38
1195 61
693 47
142 39
467 81
567 14
1212 16
1027 67
1144 67
1406 63
528 74
1177 99
258 80
340 24
304 86
1285 57
1235 15
59 75
914 82
773 37
52 62
763 28
1004 12
917 76
443 58
782 91
225 22
1187 50
3 28
195 42
244 60
1401 77
1421 95
1015 13
1399 25
832 95
442 48
169 84
475 91
449 32
974 37
543 32
1434 34
1052 37
305 2
1183 14
570 69
957 47
1097 3
823 6
339 97
348 2
