99 908
1 2 3337
1 3 513
2 4 0
2 5 17
3 6 3
3 7 1097
4 8 257
4 9 2052
5 10 129
5 11 8226
6 12 2082
6 13 257
7 14 3
7 15 12
8 16 275
8 17 2
9 18 240
9 19 70
10 20 4099
10 21 55
11 22 4608
11 23 309
12 24 1
12 25 0
13 26 135
13 27 5
14 28 133
14 29 4
15 30 1
15 31 644
16 32 2770
16 33 2810
17 34 18
17 35 97
18 36 0
18 37 0
19 38 2130
19 39 9
20 40 4641
20 41 2441
21 42 0
21 43 642
22 44 0
22 45 2805
23 46 6392
23 47 8460
24 48 0
24 49 576
25 50 1105
25 51 2
26 52 13
26 53 264
27 54 6
27 55 3
28 56 33
28 57 2769
29 58 2435
29 59 1
30 60 8
30 61 8209
31 62 16
31 63 4
32 64 16
32 65 1
33 66 260
33 67 1
34 68 537
34 69 37
35 70 2051
35 71 2083
36 72 34
36 73 0
37 74 4097
37 75 8446
38 76 17
38 77 128
39 78 576
39 79 40
40 80 8704
40 81 23
41 82 12
41 83 16
42 84 514
42 85 88
43 86 129
43 87 0
44 88 8
44 89 7442
45 90 8192
45 91 9227
46 92 132
46 93 130
47 94 17
47 95 0
48 96 16
48 97 4
49 98 3
49 99 2773
7 20 535
90 29 652
97 98 3466
2 69 6639
61 96 9290
90 35 663
27 20 6556
10 63 7244
43 96 6137
52 50 39
54 73 1765
69 41 4866
73 91 979
4 95 4618
75 48 16320
75 3 8217
58 89 12331
12 45 12600
12 48 1514
61 27 13740
39 71 5650
76 73 3818
57 48 5409
27 75 13281
37 78 1300
99 33 6759
8 1 3607
61 40 13858
74 27 4639
48 71 2931
85 72 7131
39 28 7238
92 67 16032
1 81 1950
45 15 13457
24 86 1413
53 79 2040
85 96 4081
69 85 7409
34 60 6996
24 99 6290
9 17 5066
54 87 7476
28 88 14877
64 95 2512
55 74 3880
76 71 654
44 41 12561
81 68 336
97 36 1549
56 45 10517
51 88 15053
82 98 3482
77 49 6341
97 52 6481
74 18 7629
23 30 13979
81 17 6768
26 56 128
18 70 1920
24 82 5119
97 13 4051
7 94 2391
65 32 4622
88 16 8235
70 38 3721
53 42 5127
75 60 9399
10 20 6608
36 7 5697
25 28 466
59 33 1863
51 47 4822
44 81 12194
6 88 14306
48 52 403
30 81 800
66 35 1875
80 53 12827
53 81 3549
81 44 12428
4 54 1592
90 64 3782
4 12 2540
8 41 1501
65 81 5467
77 54 673
74 74 6194
17 40 7028
43 92 15684
20 28 4751
11 89 5074
57 93 9283
79 17 6303
51 16 571
30 49 5658
19 93 16382
7 84 6421
68 38 250
10 37 2940
50 67 2925
89 18 14339
33 29 1192
77 96 1375
34 4 5636
49 70 3081
43 74 765
68 18 4301
75 31 12012
72 74 33
16 11 12748
86 79 1278
60 18 7834
9 63 7411
37 42 7863
44 17 12338
6 16 5439
59 99 1540
12 11 8939
97 37 5649
7 47 4763
54 61 15740
97 90 4151
54 59 4426
54 17 1331
5 52 4187
20 27 2198
87 4 5063
57 77 114
61 59 14887
88 18 13334
27 15 7267
41 14 2702
44 40 14226
83 18 8149
35 19 7482
37 83 5642
69 56 5345
50 93 8395
75 19 10399
57 79 6776
58 35 2189
58 13 2767
73 37 6135
65 42 2205
41 74 779
65 64 4606
50 78 5213
21 95 5549
36 87 231
66 27 484
62 46 12838
27 40 2887
29 72 7334
18 66 7117
10 87 3726
46 60 15221
35 37 3192
67 72 4644
49 77 6965
29 91 5490
40 50 7947
57 40 2461
79 40 5913
4 7 7615
48 27 740
20 75 8265
26 13 6330
70 49 5843
92 66 13211
61 45 7100
9 40 6730
80 9 13203
59 11 15726
36 76 4385
97 8 817
96 17 1588
80 53 10705
99 65 3420
47 17 3524
46 99 15518
16 75 8413
55 57 803
40 92 15416
64 58 4404
36 26 2721
89 30 13927
93 35 10496
15 82 325
79 42 5910
95 45 11225
68 96 317
8 16 1019
97 94 8173
72 19 4732
64 10 668
4 41 1841
96 86 5748
28 30 1683
94 48 7149
96 18 7737
62 75 15860
60 77 5104
58 17 807
1 51 5138
62 48 1840
27 68 5673
89 94 14083
4 95 3370
54 11 15413
7 34 131
11 4 8745
26 99 973
71 44 11670
43 6 9
49 19 4338
58 91 6096
91 72 6610
73 6 5649
67 11 11474
88 91 8235
97 83 3368
57 85 256
55 40 4759
19 74 2950
36 79 1412
80 11 1134
37 70 6018
59 61 9964
41 73 1765
50 61 12536
37 36 3014
29 51 6059
68 10 3144
79 88 13666
59 32 7767
24 90 4806
99 37 4166
59 6 7288
35 52 1229
85 79 7816
45 10 11350
13 6 4851
66 63 561
50 16 7859
28 26 6301
46 28 12054
61 13 13221
93 79 9998
60 12 7285
75 65 12742
44 74 10301
50 44 16031
2 32 4890
54 88 13047
66 36 6700
35 46 8267
10 44 12476
76 31 7106
95 21 4280
40 65 6753
77 94 2727
74 1 4600
97 46 15399
28 65 6366
54 42 1173
5 29 1912
3 21 649
7 60 3793
59 24 3999
9 56 1776
62 82 7668
92 20 8753
79 62 4537
87 64 7401
90 66 715
65 19 7760
57 4 2250
28 30 3139
93 17 15489
8 10 3259
61 95 15777
56 34 6657
88 35 16272
29 50 4841
51 6 4365
39 92 12757
8 64 7130
81 57 5305
24 76 6424
8 38 1292
92 7 11238
63 96 7695
54 9 7992
44 28 15615
69 91 3854
6 23 12043
12 1 7901
67 94 7651
26 68 7534
53 42 3903
75 3 11564
6 39 6513
56 39 687
23 21 10175
38 32 3524
49 48 4275
10 35 2081
63 28 1255
80 6 15446
6 65 219
18 22 9973
88 23 3356
58 21 7236
24 84 6841
14 54 2147
7 67 2940
55 75 15053
16 93 13652
38 51 195
33 83 4367
33 12 7467
71 46 10896
27 25 4639
96 51 2030
69 21 7493
47 72 7135
1 41 7474
23 39 13207
80 57 12162
54 37 7213
19 10 3780
19 69 7069
33 17 33
24 19 5956
49 26 2833
27 30 4440
48 32 4572
73 43 4586
99 40 1228
87 15 2937
72 16 6357
44 39 12735
52 68 6051
72 8 3279
71 41 5451
36 41 5100
83 39 2972
12 2 7400
76 57 5608
34 33 4414
63 75 15377
14 53 4660
40 41 7243
11 13 16066
52 25 106
59 76 3509
68 86 1354
23 14 13676
82 9 1010
93 78 10846
52 39 5850
95 51 3597
18 28 7928
10 26 5068
69 60 4277
93 14 15350
22 95 15623
4 52 7287
89 23 4598
79 84 1015
85 7 6563
30 99 3627
56 63 7197
55 6 2610
68 48 6641
45 5 11719
65 55 6889
4 77 8107
10 50 5127
29 14 5910
23 22 6420
99 2 8000
41 66 2045
98 40 5597
97 97 7485
25 51 3036
68 99 3909
18 63 5825
53 13 3763
62 81 7524
61 60 13325
79 54 1666
71 23 8556
77 89 14410
14 58 347
82 45 15340
68 76 7121
91 93 15519
7 52 45
2 38 5905
90 20 5731
39 60 7893
44 4 11019
35 53 985
2 33 3345
9 69 6852
83 99 7301
45 2 16336
56 13 6338
84 17 2941
59 96 2664
84 10 1829
57 88 9257
63 44 13351
78 2 7154
12 75 11999
14 73 2658
59 22 15973
26 99 7694
92 62 10867
68 56 4136
7 57 2221
31 11 9252
90 31 1781
26 30 4804
35 48 4523
44 86 9366
42 8 5283
64 60 1137
47 71 8118
86 48 4739
23 90 14094
33 83 5653
72 4 6703
1 55 2254
95 95 6972
36 52 154
16 88 11241
69 16 1850
59 38 5274
12 15 7798
87 34 4806
41 39 7021
61 48 12456
88 26 8815
28 52 3186
34 10 356
28 32 3017
39 4 901
10 35 5905
26 21 7722
50 67 5053
13 24 7110
43 69 6452
37 27 6715
90 24 310
60 39 244
48 78 2338
95 46 14622
44 49 10869
45 55 11507
35 18 3181
94 87 4903
15 60 6176
44 28 10262
52 4 6267
32 32 7975
56 97 5353
29 7 3646
43 64 4654
44 38 14823
23 3 8998
47 12 2843
71 49 1025
22 85 12590
90 37 7405
77 52 5318
45 67 12849
14 68 4744
69 40 2384
79 78 4456
24 55 528
20 10 7877
10 22 10857
35 70 3613
15 97 3743
74 26 3415
90 96 3348
65 73 989
54 74 1768
9 21 1391
95 50 5258
45 55 16356
83 51 1042
11 23 6150
76 49 7236
3 15 7300
98 94 7496
64 58 7449
8 79 5714
4 24 6937
5 52 1106
80 54 12663
25 36 7729
30 3 1469
44 40 9082
15 96 3220
51 35 596
33 37 4633
18 81 5505
74 6 4370
13 73 1767
88 32 9425
95 89 12089
9 64 6938
39 24 6526
32 5 2511
9 72 8161
86 71 2812
53 63 6557
80 9 13965
35 89 9063
71 46 9029
49 46 13136
48 5 7419
70 34 8055
68 59 7759
57 9 5693
38 58 2309
84 63 940
71 3 2205
93 13 8802
35 88 11617
67 59 6301
93 8 8364
1 27 3288
77 39 492
66 28 4410
82 82 1795
75 50 15712
18 99 2178
1 40 2471
25 3 7618
82 60 3212
70 54 6751
74 2 2289
42 31 7291
55 17 6906
52 82 1137
68 74 1501
69 79 8127
89 87 14877
1 71 3212
25 19 6062
23 6 13116
13 19 7015
91 96 3835
23 88 3608
50 46 12453
58 41 4607
30 20 3374
28 47 486
82 89 12004
8 16 1557
44 29 10069
45 39 8298
57 88 12843
37 15 7028
55 19 861
46 87 11215
38 2 2019
43 38 3868
41 7 2960
93 32 15730
21 84 738
52 76 3950
78 84 7746
53 2 184
24 8 4078
28 97 7683
92 9 14218
80 33 9075
68 18 4667
62 84 694
65 33 4570
9 15 3718
49 36 7777
43 2 1235
58 74 517
20 79 6919
87 91 5684
28 97 5429
7 13 4542
5 29 3001
70 92 9193
93 61 6648
4 29 1926
3 95 4918
88 37 13590
73 87 3364
80 95 9797
41 42 360
47 64 3021
84 10 5419
62 80 11135
51 2 2555
70 30 4663
46 49 12707
19 6 171
81 51 402
2 40 5292
75 13 10710
3 40 414
87 27 2623
76 99 2979
82 20 3728
68 23 13819
18 72 1836
92 21 14893
42 76 7285
87 35 3188
87 26 6222
63 46 13781
65 81 5807
48 99 2967
32 48 5584
64 30 5535
43 68 48
37 20 702
55 84 4711
59 45 14191
93 86 11556
20 67 7558
60 64 6465
20 29 5399
81 22 14661
92 87 8301
74 40 1438
30 69 4535
39 56 5028
44 60 16255
53 61 14360
78 26 656
64 55 5420
78 83 5893
76 86 3969
39 93 8649
12 5 5170
47 15 1904
38 40 6518
38 93 12138
68 77 5745
61 20 12247
4 92 10857
10 14 7470
20 43 4785
81 91 6811
83 89 8253
38 76 1054
2 9 213
18 81 4466
68 11 9509
87 53 623
36 98 1201
88 84 12412
64 80 13148
23 6 15072
64 83 4568
93 48 13664
16 91 2108
9 78 5662
56 23 14836
58 33 5099
15 91 132
5 14 6818
15 71 6866
69 97 1042
91 93 16250
51 14 4678
63 6 4657
97 32 7173
2 21 1860
26 40 7733
27 87 6205
16 24 5945
96 99 3469
8 47 7724
92 84 14796
89 53 15488
80 88 3249
18 53 6844
60 1 5817
67 47 969
57 29 1130
44 51 13580
87 65 7672
54 47 1228
60 60 5399
68 55 1747
13 50 6272
74 31 6924
79 46 9829
60 87 1857
71 27 3711
16 62 5399
64 55 813
82 97 2025
92 59 8249
70 85 6502
20 75 15258
56 25 4043
99 35 6966
59 53 2832
93 58 8321
43 94 7704
73 39 2931
37 89 9927
43 14 7563
91 51 6171
31 57 5634
98 97 2416
93 31 11913
79 33 6327
62 17 509
59 97 1952
85 45 13337
48 81 6032
85 75 12049
34 7 5740
7 30 4858
19 86 319
58 33 4113
94 54 2291
16 47 3364
95 73 7949
7 94 390
20 36 8050
45 14 11684
61 28 10658
18 60 8050
33 5 7186
3 13 6599
51 46 8676
29 58 7529
23 1 14347
48 54 3112
31 42 88
14 17 1419
59 13 8092
71 52 4155
42 77 7165
34 63 7220
87 86 2484
44 56 14393
49 37 7047
2 77 7358
17 64 2851
69 12 6700
69 33 4844
15 66 6524
93 61 5070
15 63 3498
89 58 12009
81 87 5005
66 87 1264
29 89 11584
70 66 4451
41 2 304
26 92 11485
57 76 5911
41 98 6498
58 72 4906
53 63 1702
29 36 1978
78 40 3241
19 90 4240
33 51 4877
48 56 7388
75 16 14825
3 52 2725
69 36 2036
57 80 11385
91 31 4321
53 55 2135
86 32 338
3 47 5315
4 37 547
22 53 11597
12 27 6877
73 37 4038
27 48 799
15 30 4099
50 64 6308
40 83 5239
42 79 509
14 23 16035
48 50 5039
71 11 11664
91 43 8189
95 76 5884
38 19 2646
44 5 13619
75 59 11913
31 40 4768
80 15 8992
40 25 4763
35 23 9826
76 94 7727
78 29 3428
