16 16
2 4 0 4 4 3 3 2 4 0 0 1 2 1 1 0
2 1 1 4 2 3 2 2 1 1 3 0 2 1 1 3
2 2 4 0 4 3 1 2 3 3 4 1 1 3 3 2
6 9 1 12 10 9 8 6 9 1 3 2 6 3 3 3
3 1 4 3 1 0 0 2 3 1 0 2 4 3 1 0
4 0 0 1 1 3 3 4 3 4 4 1 0 1 1 1
10 15 5 16 18 15 12 10 16 4 7 4 9 7 7 5
2 3 3 2 4 1 3 0 4 3 4 0 2 1 3 1
0 4 2 0 4 2 3 2 2 1 0 1 1 0 2 0
1 2 0 0 1 4 1 0 2 1 2 2 2 2 3 3
4 4 3 1 3 2 1 1 0 3 3 0 1 2 0 0
4 2 3 3 0 1 2 0 1 1 4 0 1 1 3 4
15 17 10 23 21 18 14 14 20 6 10 6 15 11 9 8
4 3 3 0 3 2 2 3 3 3 3 2 1 0 2 3
4 1 0 1 0 4 4 1 3 3 4 3 4 4 4 2
0 3 3 3 2 4 3 3 0 3 3 0 1 3 1 4
798 9 1157 472 1622 538 292 38 179 190 1657 1958 191 1815 888 1156
