100 100
380 430 611 606 58 787 51 327 430 622 747 407 296 714 205 949 406 810 515 935 588 785 334 913 23 476 963 177 726 922 707 529 266 627 425 900 248 975 530 757 413 96 16 92 905 251 807 730 703 547 452 255 684 535 594 146 790 36 47 505 607 278 958 281 746 299 422 592 413 808 52 41 791 576 924 657 708 946 958 632 263 627 831 441 679 637 100 637 909 750 654 540 597 827 979 46 139 838 81 898
1140 1290 1833 1818 174 2361 153 981 1290 1866 2241 1221 888 2142 615 2847 1218 2430 1545 2805 1764 2355 1002 2739 69 1428 2889 531 2178 2766 2121 1587 798 1881 1275 2700 744 2925 1590 2271 1239 288 48 276 2715 753 2421 2190 2109 1641 1356 765 2052 1605 1782 438 2370 108 141 1515 1821 834 2874 843 2238 897 1266 1776 1239 2424 156 123 2373 1728 2772 1971 2124 2838 2874 1896 789 1881 2493 1323 2037 1911 300 1911 2727 2250 1962 1620 1791 2481 2937 138 417 2514 243 2694
206 929 693 351 816 194 238 988 675 971 421 980 683 966 99 756 609 466 668 359 395 184 928 94 332 866 458 266 463 913 431 286 360 166 449 122 260 883 173 966 706 946 474 708 346 670 820 266 69 378 927 38 884 359 767 978 30 921 191 890 93 444 809 507 40 523 222 647 150 225 262 382 969 740 1 855 305 526 287 863 979 966 478 345 209 886 906 720 643 606 442 361 983 938 817 795 709 799 497 795
252 367 140 103 855 755 52 856 445 262 997 650 789 65 705 127 447 427 503 276 265 675 246 781 803 815 263 760 316 581 777 533 828 784 703 444 476 374 108 535 402 935 441 786 393 320 414 944 857 912 304 496 691 706 826 216 583 133 511 976 305 665 206 98 418 619 791 24 467 850 934 495 975 75 694 787 465 762 639 508 460 682 586 495 122 935 948 559 119 138 466 373 750 60 341 93 548 406 918 268
1644 2024 2113 2024 1884 3871 257 2693 2180 2390 4235 2521 2466 2272 2025 3101 2112 3284 2551 3357 2294 3705 1494 4301 1675 3058 3415 2051 2810 3928 3675 2653 2454 3449 2681 3588 1696 3673 1806 3341 2043 2158 930 1848 3501 1393 3249 4078 3823 3465 1964 1757 3434 3017 3434 870 3536 374 1163 3467 2431 2164 3286 1039 3074 2135 2848 1824 2173 4124 2024 1113 4323 1878 4160 3545 3054 4362 4152 2912 1709 3245 3665 2313 2281 3781 2196 3029 2965 2526 2894 2366 3291 2601 3619 324 1513 3326 2079 3230
114 42 750 749 728 261 977 736 25 606 465 783 953 405 626 153 165 545 127 780 431 380 183 347 723 81 63 544 249 426 440 662 291 29 698 598 978 727 825 460 269 180 223 347 402 165 82 423 55 187 807 809 330 91 111 544 344 75 689 205 756 724 217 856 48 760 280 650 88 966 67 778 173 843 48 932 576 763 598 335 616 857 980 166 661 491 933 929 85 250 891 693 288 288 786 57 559 827 910 226
241 264 666 74 692 148 412 892 216 158 827 159 42 839 163 448 396 250 896 196 678 108 486 437 303 323 1 41 845 630 94 400 993 54 394 204 542 124 569 581 643 827 201 502 23 38 561 834 101 205 900 732 456 636 210 917 593 477 792 910 990 408 775 889 69 391 139 835 306 39 173 69 573 444 827 195 336 395 102 316 7 22 764 948 8 772 8 790 157 47 831 86 696 906 467 814 190 467 605 511
653 439 826 942 929 440 527 540 886 443 47 153 470 610 605 709 971 471 242 332 842 420 225 881 718 588 351 252 857 865 975 430 351 102 750 788 747 72 290 219 717 993 760 756 92 693 199 32 849 873 343 933 444 856 486 25 364 0 332 22 145 53 709 895 747 508 319 634 136 123 244 982 490 375 546 439 48 565 962 168 719 469 982 113 287 340 766 633 290 321 636 677 995 906 463 249 620 56 133 566
57 421 461 501 660 916 163 738 378 397 334 588 499 470 199 115 366 465 232 874 78 337 800 848 993 958 757 671 58 682 617 65 706 820 312 204 602 197 136 643 116 978 306 624 115 473 160 678 336 719 608 188 782 321 616 223 712 186 170 766 42 268 458 876 662 946 981 753 704 838 597 322 595 911 115 387 221 237 604 578 640 864 566 694 931 365 756 184 65 106 265 0 984 389 402 411 957 807 407 227
943 35 112 231 677 49 206 401 435 546 959 576 811 708 90 164 597 725 107 883 415 377 94 380 355 168 934 383 611 316 403 948 200 41 660 273 723 189 32 223 787 178 739 503 137 890 463 177 801 203 913 830 314 99 998 103 598 117 790 868 374 692 448 106 184 848 926 567 235 407 977 471 205 30 920 845 458 759 598 42 808 277 66 633 505 278 290 311 440 17 402 869 543 848 226 760 57 863 646 490
862 958 1943 754 1442 1083 875 2111 862 938 2401 725 380 2392 531 1845 1198 1310 2307 1327 1944 1001 1306 1787 629 1122 965 259 2416 2182 895 1329 2252 735 1213 1308 1332 1223 1668 1919 1699 1750 418 1096 951 327 1929 2398 905 957 2252 1719 1596 1807 1014 1980 1976 990 1631 2325 2587 1094 2508 2059 884 1081 700 2262 1025 886 398 179 1937 1464 2578 1047 1380 1736 1162 1264 277 671 2359 2337 695 2181 116 2217 1223 844 2316 712 1989 2639 1913 1674 519 1772 1291 1920
339 813 162 358 220 437 815 875 372 876 390 429 555 10 77 784 275 435 976 840 48 529 190 633 367 637 323 445 3 994 86 734 452 275 541 925 201 855 304 378 391 433 260 725 826 125 690 189 707 935 847 719 883 614 428 313 48 26 640 727 709 466 565 965 887 473 976 750 653 953 229 509 343 600 771 611 778 763 188 568 2 960 968 373 666 360 418 385 1 485 619 946 613 696 389 894 804 119 219 627
833 1285 1523 1713 1006 1485 1843 1938 827 2104 1602 1619 1804 1129 908 1886 846 1790 1618 2555 1067 1694 707 1893 1113 1194 1349 1166 978 2342 1233 1925 1009 931 1664 2423 1427 2557 1659 1595 1073 709 499 1164 2133 541 1579 1342 1465 1669 2106 1783 1897 1240 1133 1003 1182 137 1376 1437 2072 1468 1740 2102 1681 1532 1678 1992 1154 2727 348 1328 1307 2019 1743 2200 2062 2472 1744 1535 881 2444 2779 980 2006 1488 1451 1951 995 1485 2164 2179 1498 1811 2154 997 1502 1784 1210 1751
90 747 965 124 284 525 953 792 110 197 497 805 112 856 256 730 231 34 501 171 438 656 265 236 469 924 386 972 802 652 471 580 925 380 708 599 137 867 728 812 831 684 293 658 140 887 688 77 559 959 530 630 676 140 638 391 860 276 60 94 328 437 53 385 139 927 728 196 304 368 396 975 813 183 391 148 646 333 559 127 773 601 207 495 552 835 460 652 171 595 720 273 88 467 375 163 612 474 649 930
2173 2072 2910 2173 1135 2935 1312 2174 1835 2609 3697 2602 1811 3706 961 3741 2046 3189 2153 3859 2617 3388 1361 3355 893 2520 4209 1886 3591 3734 2995 3115 1923 2302 2643 3572 1604 3981 2350 3306 2857 1150 1080 1437 2992 2530 3572 2444 3469 2803 2799 2225 3042 1844 3418 932 3828 501 991 2477 2523 1963 3375 1334 2561 2672 2920 2539 1778 3199 1529 1569 3391 1941 4083 2964 3228 3930 4031 2065 2370 2759 2766 2451 3094 3024 1050 2874 3338 2862 3084 2762 2422 3796 3538 1061 1086 3851 1538 4114
45 0 985 990 772 638 771 793 696 373 61 908 716 300 739 827 497 872 578 289 772 693 658 999 478 366 610 642 995 567 577 854 454 992 602 226 994 45 374 548 883 444 881 975 670 847 318 98 967 594 572 67 138 991 789 268 460 512 300 812 434 677 575 617 890 47 990 340 705 484 643 814 564 500 298 682 875 370 923 498 51 864 677 23 260 764 117 467 770 919 855 297 727 665 300 888 969 813 398 244
850 456 605 810 428 913 420 882 32 266 387 631 464 501 380 585 702 73 653 594 227 388 954 802 866 168 147 371 137 633 312 862 320 101 555 685 86 117 741 763 648 932 667 953 146 213 594 707 75 266 729 482 508 802 494 571 506 698 955 144 444 224 778 101 31 740 303 925 528 559 589 270 849 912 788 563 400 541 514 505 44 711 375 284 106 258 397 394 159 123 415 96 822 258 873 876 396 706 105 795
143 141 139 388 839 277 372 752 396 682 771 585 529 584 447 868 939 999 615 522 242 712 707 631 848 454 971 490 209 458 925 727 868 964 555 905 289 207 355 396 323 341 49 634 784 426 786 611 822 869 258 411 800 804 985 503 362 608 922 40 401 937 12 347 919 91 148 160 405 425 90 330 281 888 795 638 411 984 647 655 371 502 100 761 717 965 539 501 423 815 409 53 2 431 585 89 807 944 535 264
1598 2586 2666 2272 1845 3310 443 2825 2410 3099 3659 2851 2360 3173 1419 3730 2274 3323 2716 3440 2424 3214 2176 3614 1204 3109 3610 1557 2957 4260 3329 2406 1986 2831 2427 3266 1480 4182 1871 3772 2347 2169 963 1770 3454 1743 3655 3400 3035 2931 2587 1299 3627 2670 3375 1632 2983 1162 843 3381 2219 1943 3889 1448 2696 2039 2279 2447 1856 3499 1352 1000 4317 2543 3467 3613 2894 4126 3800 3267 2228 3529 3557 2163 2368 3732 2154 3190 3489 2994 2870 2354 3524 3479 4095 1026 1674 3719 1658 3757
885 449 238 755 415 741 56 609 19 827 862 248 779 343 731 751 251 96 498 979 138 306 991 301 413 781 451 469 286 277 142 541 355 435 658 799 961 380 374 584 538 113 656 593 373 671 31 252 253 399 623 100 36 600 366 192 546 164 303 281 952 809 933 722 482 89 242 704 869 940 136 65 805 612 672 826 955 625 210 156 388 646 868 614 413 796 726 65 85 181 829 256 188 716 838 998 915 499 222 733
2045 858 857 1144 1960 1717 678 2139 912 1074 2343 1857 2064 1274 1175 876 1746 1225 1263 1753 907 1440 1294 1963 2024 1151 1344 1514 1064 1530 1492 2343 1348 926 1918 1402 1285 680 881 1521 1837 2045 1847 2242 676 1423 1471 1828 1733 1381 1946 1808 1513 1607 2318 890 1687 948 2256 1988 1123 1581 1432 305 633 2207 2020 1516 1230 1816 2500 1236 2029 1017 2402 2195 1323 2062 1751 1055 1312 1670 1027 1412 733 1471 1635 1264 718 278 1283 1338 2115 1166 1440 1729 1001 1975 1669 1553
1147 911 2187 2297 1715 1488 1555 1603 1341 1671 1259 1343 1719 1729 1436 1811 1542 1826 884 2047 1861 1585 742 2141 1464 1145 1377 973 1832 2213 2122 1621 908 758 1873 2286 1973 1774 1645 1436 1399 1269 999 1195 1399 1109 1088 1185 1607 1607 1602 1997 1458 1482 1191 715 1498 111 1068 732 1508 1055 1884 2032 1541 1567 1021 1876 637 1897 363 1801 1454 1794 1518 2028 1332 2274 2518 1135 1598 1953 2793 720 1627 1468 1799 2199 1284 1321 2181 1910 1880 2021 2228 352 1318 1721 1124 1690
447 347 719 81 382 489 105 403 749 390 991 168 545 317 345 167 270 538 986 925 202 182 95 628 255 396 720 341 813 546 278 27 903 724 686 986 365 397 868 616 218 344 604 163 879 15 372 843 807 217 326 17 180 57 869 536 458 700 622 274 835 828 914 958 899 427 592 921 340 89 536 43 493 146 21 828 94 218 802 943 496 27 217 85 403 672 776 685 711 66 254 354 942 643 500 150 866 209 534 398
1845 1350 3998 4229 3416 2566 2853 2936 2923 2487 1367 2404 2905 2639 2780 3347 3010 3169 1704 2668 3475 2698 1625 4021 2660 2099 2338 1867 3684 3645 3674 2905 1713 1852 3225 3300 3714 1891 2309 2203 2999 2706 2640 2926 2161 2649 1605 1315 3423 3074 2517 2997 2040 3329 2466 1008 2322 623 1700 1566 2087 1785 3168 3544 3178 2122 2330 2850 1478 2504 1250 3597 2508 2669 2362 3149 2255 3209 4403 1801 2368 3286 4452 856 2174 2572 2682 3299 2344 2561 3672 2884 3602 3592 2991 1489 2907 2590 1655 2500
253 924 621 248 111 275 43 103 623 116 723 285 203 712 117 84 469 807 966 104 584 381 65 372 630 560 87 715 945 993 621 842 465 249 158 148 766 70 496 693 703 967 683 460 714 444 415 714 924 961 725 200 667 772 249 817 218 813 358 379 469 86 475 724 246 187 517 282 71 340 501 235 625 273 947 6 388 917 243 338 184 957 639 94 260 531 253 665 237 390 971 27 497 460 184 491 99 491 940 890
413 498 223 790 562 125 221 995 946 578 754 201 523 413 98 546 687 478 212 918 482 684 714 356 19 458 127 730 401 826 892 766 24 544 755 102 619 288 384 421 756 635 668 199 410 213 508 135 915 562 354 302 234 115 410 263 74 92 984 881 948 40 424 301 781 702 293 896 20 901 455 979 978 14 7 673 699 66 68 985 524 764 587 629 118 111 602 322 42 187 942 497 188 372 838 613 933 348 831 550
636 1180 1287 1451 1847 1830 1638 2524 1513 1511 1448 1987 2060 375 1521 1738 1219 1734 2057 1405 1085 1897 1094 2413 1648 1818 1196 1847 1314 2142 1440 2121 1734 2051 1846 1595 1671 1274 786 1461 1676 1812 1582 2486 1889 1292 1422 1231 2531 2441 1723 1282 1712 2311 2043 797 1091 671 1451 2515 1448 1808 1346 1680 2195 1139 2757 1114 1825 2287 1806 1818 1882 1175 1763 2080 2118 1895 1750 1574 513 2506 2231 891 1048 2059 1483 1411 890 1542 1940 1616 2090 1421 1030 1875 2321 1338 1535 1139
324 906 321 189 225 738 409 469 881 239 107 629 913 154 685 50 393 249 794 202 8 934 727 672 707 496 942 972 650 8 819 621 483 727 573 705 644 158 375 644 491 934 752 983 224 986 463 331 901 753 955 326 596 728 251 61 10 480 153 27 891 491 252 809 726 269 134 863 130 721 667 49 17 665 11 725 908 162 50 524 215 599 670 455 711 221 680 37 569 807 535 666 92 882 49 106 594 324 444 70
33 956 93 891 22 605 887 757 498 28 446 920 297 129 974 89 859 864 479 472 869 408 817 663 222 818 183 177 820 678 454 464 847 803 824 626 663 991 292 492 954 30 249 375 425 493 291 162 771 537 140 888 354 363 967 636 461 519 513 106 285 750 704 640 972 353 465 45 306 126 557 296 546 880 796 484 693 194 605 59 838 556 179 296 782 729 556 42 840 536 279 94 543 306 532 379 590 635 881 516
173 17 978 203 681 823 232 575 632 140 531 386 361 397 953 809 35 121 537 743 533 306 396 786 35 673 434 407 804 807 952 626 331 569 808 531 731 707 146 678 942 145 330 961 47 770 426 387 614 686 705 539 365 521 44 502 57 120 716 38 131 388 344 439 535 901 988 891 140 232 834 441 765 356 833 786 528 609 363 300 5 530 131 810 705 797 918 316 996 889 833 618 703 711 460 135 690 420 646 860
590 145 370 13 836 110 68 906 707 956 701 479 494 254 126 113 646 443 914 515 787 90 197 569 433 148 130 204 862 836 460 230 611 309 568 30 138 932 1 102 191 406 804 579 673 210 965 37 219 818 49 712 646 718 38 289 690 33 672 989 453 544 165 503 770 569 739 968 837 224 456 388 366 296 658 586 420 832 25 276 309 91 842 721 787 109 389 383 721 587 377 924 438 914 662 855 177 706 419 643
612 521 692 407 218 144 748 415 879 521 448 651 87 475 879 858 583 946 187 407 288 925 395 860 320 390 767 656 354 672 446 156 879 500 293 203 309 508 585 289 271 580 127 550 941 502 793 994 157 621 156 803 466 828 288 12 764 935 72 833 920 2 202 48 506 913 361 210 784 64 585 771 392 12 938 789 101 769 809 588 774 774 867 838 456 198 228 753 709 864 720 809 125 905 7 418 900 728 878 827
955 739 540 19 680 393 257 792 726 237 359 539 981 552 383 442 979 807 889 780 265 783 794 463 13 925 961 397 361 485 95 7 156 544 605 624 56 892 250 85 420 431 516 786 34 491 647 617 947 889 92 296 834 223 172 48 23 291 166 261 981 941 461 443 245 696 229 373 900 650 703 828 731 941 523 942 710 388 13 788 479 73 220 737 555 814 431 0 997 411 8 917 202 128 245 639 629 699 933 596
2353 3005 3967 4137 1238 4633 2047 3246 2547 4592 4590 3247 2988 3985 1728 5682 2470 5030 3678 6295 3419 4834 2043 5545 1205 3098 5201 1874 3882 6030 4061 4041 2073 3439 3364 6023 2419 6457 3779 4623 2725 1093 563 1532 5753 1545 4807 4262 4277 3857 3914 2803 4633 3380 3509 1587 4342 281 1564 3457 4500 2580 5572 3226 4665 2728 3366 4360 2806 5959 556 1492 4471 4323 5439 4828 4894 6256 5576 4063 1933 4952 6103 2744 4722 4036 1851 4499 4631 4485 4780 4339 3886 5119 6070 1181 2058 5136 1534 5343
591 403 964 695 298 42 540 245 464 222 815 860 989 770 749 297 91 24 252 321 740 713 835 316 489 796 548 664 858 543 81 580 407 436 670 662 863 166 463 55 598 772 331 861 300 493 41 649 644 237 82 619 667 463 816 610 42 619 413 880 108 306 847 806 452 696 571 500 377 456 535 11 587 102 84 423 883 313 932 79 582 0 616 358 843 807 909 415 765 530 72 317 58 281 272 257 757 740 107 311
393 971 587 743 468 802 88 298 582 252 977 457 385 293 716 628 394 291 771 107 912 332 509 292 677 227 205 91 691 183 881 270 632 604 318 114 613 374 849 152 827 915 337 788 255 177 851 968 584 377 246 20 406 162 745 745 341 432 58 494 154 94 513 538 398 505 339 251 73 847 219 479 217 145 446 600 498 797 141 925 840 199 9 656 443 992 690 474 458 79 288 973 300 64 654 67 930 826 852 675
734 620 893 23 940 959 118 28 376 945 453 35 565 826 670 712 880 526 959 460 977 200 274 783 781 506 987 501 568 192 714 741 705 694 130 230 614 598 139 546 762 767 854 448 828 530 224 692 114 887 960 114 245 464 643 819 326 948 544 863 970 455 360 908 898 63 584 925 558 914 130 479 803 399 785 0 651 554 980 888 908 852 660 829 243 282 65 881 474 380 570 639 352 641 644 775 72 33 694 141
595 826 345 204 777 789 250 778 160 571 60 104 716 597 188 716 756 28 929 930 346 787 94 114 278 568 533 220 891 323 246 778 89 698 616 900 357 532 703 962 982 596 759 541 761 425 184 415 752 524 18 93 374 569 899 897 798 634 327 725 372 688 551 557 980 491 861 988 739 260 199 570 411 233 26 452 946 921 680 636 36 745 925 523 976 342 599 724 929 851 628 667 198 357 241 150 452 149 600 491
414 753 210 742 553 228 764 215 213 949 524 442 154 217 940 112 184 449 628 463 963 397 287 0 786 443 438 218 120 912 897 605 946 789 570 337 435 990 797 192 317 903 230 865 952 719 297 654 528 274 183 561 913 154 824 698 550 390 148 356 124 901 318 905 768 140 187 155 728 655 335 485 600 629 754 801 75 815 937 531 461 610 47 981 455 674 838 588 811 721 16 315 312 697 331 943 608 974 69 452
1383 1774 1732 677 825 1371 1262 1287 2509 1150 1546 1448 1545 946 1909 1075 1246 1733 1967 1534 498 2041 1217 2160 1282 1282 2429 1969 1817 1226 1543 804 2265 1951 1552 1894 1318 1063 1828 1549 980 1858 1483 1696 2044 1503 1628 2168 1865 1591 1437 1146 1242 1613 1408 609 1232 2115 847 1134 2646 1321 1368 1815 2131 1609 1087 1994 1254 874 1788 863 902 823 970 2342 1103 1149 1661 2055 1485 1400 1754 1378 1570 1091 1684 1475 1989 1737 1509 1829 1159 2430 556 674 2360 1261 1856 1295
87 872 345 963 376 901 813 889 632 188 12 539 990 657 718 615 717 859 72 645 449 671 168 81 171 606 852 386 944 240 531 778 879 673 659 792 298 387 21 602 620 116 847 622 925 2 120 899 834 804 969 283 568 538 474 156 17 200 579 432 448 47 44 9 546 556 270 241 39 293 196 513 31 121 972 896 328 288 739 415 399 755 184 658 484 525 975 689 371 794 385 944 920 775 161 324 971 466 235 959
1253 1663 2146 1257 1563 1306 1071 1688 2045 726 1143 1732 1900 1564 1239 1353 1945 2486 2433 1173 1621 1857 1517 1834 1121 1851 1658 1754 2301 2045 1293 1703 1075 1785 1365 998 1816 1007 1120 1326 2006 1842 2080 2221 1418 1782 1380 1429 2838 2444 1389 563 1639 1986 1210 1133 701 1616 824 1452 1884 1704 1511 1784 1381 930 1736 995 1676 1474 1847 1877 1920 1714 1768 1630 1973 1675 1179 1624 714 1894 1536 854 1075 2109 801 1132 2004 1720 1834 1241 1426 1253 729 2018 1697 2003 2271 1730
339 709 57 302 323 37 338 916 697 491 402 189 687 997 120 567 949 926 523 591 848 35 691 744 658 512 98 772 355 771 409 753 448 745 304 512 916 855 198 762 157 196 418 164 704 318 545 813 695 154 433 254 618 800 429 561 932 358 546 260 943 723 817 712 906 831 39 109 730 90 337 721 975 274 116 681 257 465 643 959 450 621 978 956 134 274 747 295 400 861 463 255 814 50 968 926 17 785 932 270
12 292 984 536 461 102 499 417 109 752 490 638 944 966 770 603 255 437 922 487 477 209 563 273 31 372 586 91 558 392 963 462 183 415 848 535 397 25 707 184 444 22 73 994 873 404 559 929 993 947 361 928 959 415 16 15 466 662 292 58 398 331 179 188 73 946 89 980 481 500 880 487 341 261 241 798 689 573 908 409 950 308 941 467 425 450 704 736 67 54 285 85 921 628 935 215 604 244 50 655
881 619 948 656 631 941 178 273 489 497 338 576 674 325 465 829 650 736 989 298 883 749 421 39 437 734 384 215 22 787 193 842 22 316 122 925 179 291 271 871 904 493 100 462 83 890 289 417 391 18 20 303 375 667 392 32 108 641 998 258 113 693 1 687 516 618 718 668 536 747 523 797 73 552 615 256 928 115 619 343 248 710 544 210 104 40 337 12 34 744 217 68 235 104 32 816 691 197 146 853
478 233 962 990 428 124 981 489 425 984 286 535 996 662 363 535 667 437 155 575 154 970 663 460 763 316 94 147 518 509 664 112 524 934 806 381 590 634 415 862 580 919 526 370 850 944 18 716 61 422 6 826 703 39 810 214 751 432 985 684 301 535 502 963 564 12 440 711 537 778 781 334 51 40 710 538 507 349 951 350 606 795 171 621 88 675 725 807 628 265 786 373 289 185 981 655 687 394 506 716
651 287 242 182 971 552 95 221 301 387 727 325 140 91 830 957 51 304 672 521 17 855 23 251 578 398 886 388 321 11 100 28 509 822 578 959 953 59 368 41 617 460 253 650 586 807 526 749 273 964 825 270 895 922 946 746 531 570 310 268 808 259 70 453 304 256 454 3 1 143 119 734 344 828 993 191 340 957 517 465 372 31 706 588 955 545 654 823 18 687 96 407 951 922 804 190 381 910 798 117
2441 3356 3770 3070 2998 4107 1035 3926 3319 3583 5471 4361 4138 4008 2873 4154 2812 3774 3471 4037 3429 4602 3257 4711 2496 4720 4421 2981 4131 5384 4187 3519 3221 4051 3800 4372 2819 4722 2442 4362 3347 3876 1735 3417 4147 2556 4110 4993 4536 4080 2973 2414 4985 3839 5017 2458 3608 1914 1767 5237 2632 2914 4942 2352 3566 3354 3641 2971 2700 4805 2821 1506 5879 2720 4245 4823 4242 5201 5371 3854 3270 4211 4759 3016 3333 5474 4011 4164 4373 3662 3408 3044 4332 3820 4708 1376 2979 4865 2683 4336
593 59 657 386 479 115 56 540 282 339 827 566 582 931 90 713 231 604 684 158 504 748 158 83 552 498 507 153 474 522 685 184 541 755 939 253 676 903 803 434 782 331 746 870 255 64 410 680 360 778 227 382 110 87 230 842 703 953 717 312 170 215 671 729 206 201 794 84 915 667 10 637 969 484 282 326 158 311 904 445 452 681 733 350 138 972 837 859 561 756 4 649 570 233 754 549 806 404 929 495
925 468 125 804 644 706 699 642 198 251 234 562 34 842 407 589 597 436 189 544 851 264 973 979 855 127 797 540 725 150 486 996 6 761 339 928 315 235 71 963 454 388 430 266 605 65 903 832 584 738 888 282 534 496 867 302 331 470 320 288 412 441 530 37 902 35 878 428 355 492 297 673 78 274 810 819 586 91 504 529 598 248 637 857 452 645 995 273 875 22 894 682 833 660 250 985 644 383 806 911
206 82 692 808 894 381 159 753 480 418 713 271 494 43 564 679 294 798 694 744 511 223 34 939 604 975 440 234 232 812 131 98 281 369 468 882 719 79 973 769 198 467 481 739 491 714 682 333 900 795 499 393 227 940 640 572 411 416 762 942 491 583 591 345 28 486 353 742 86 464 933 652 624 181 760 874 351 347 173 959 862 818 154 552 943 604 476 690 161 293 447 9 635 895 475 352 400 1 763 634
865 88 304 4 240 77 51 603 637 212 685 685 708 258 915 462 472 502 374 806 406 823 643 390 61 487 271 988 331 410 470 549 465 772 214 299 330 794 616 175 904 959 527 281 920 938 683 910 727 126 824 240 332 515 859 740 479 707 445 25 667 911 740 597 145 770 526 268 917 870 415 643 700 22 852 505 150 228 560 367 945 740 824 466 262 49 107 463 16 735 804 918 513 408 594 18 247 546 735 152
374 931 2073 1915 1785 1985 2022 2200 1289 934 1008 1708 2304 1459 2297 1577 917 1525 736 2168 1413 1357 747 1214 929 1360 1349 1337 1997 1473 1923 2066 1501 1271 2165 1921 2007 1821 992 1740 1831 441 1400 1930 1374 937 628 1709 1503 1677 2481 1631 1263 1150 629 1202 418 395 1984 675 1335 1159 605 1304 1129 2217 1538 1782 267 1491 1097 1732 969 1320 1853 2614 1432 1660 1700 1050 1020 2142 1295 1634 1850 1813 2826 1934 1452 1933 2109 2255 1911 1774 1407 516 2220 1713 1791 2045
689 149 781 711 455 218 706 934 417 581 122 92 714 873 124 997 387 394 948 686 414 994 429 741 781 923 62 444 259 629 48 353 768 258 247 921 779 601 127 127 211 352 793 639 935 78 13 144 159 616 802 313 506 98 773 827 905 824 751 872 652 189 866 418 979 443 676 183 960 852 781 955 396 50 934 422 198 450 746 336 995 526 346 298 626 570 251 863 264 295 378 380 28 807 876 659 27 16 719 206
157 149 474 154 241 642 577 361 917 195 685 359 763 545 858 16 812 551 371 952 544 744 688 275 316 845 271 62 945 430 480 93 898 430 669 959 773 420 785 575 678 719 696 628 89 777 56 283 727 456 567 979 898 57 669 345 748 565 67 221 781 41 804 493 732 385 987 193 688 181 501 591 367 6 568 392 150 362 196 98 722 934 129 871 807 164 666 790 639 318 865 321 269 889 58 879 282 29 804 690
2354 2017 2867 2419 3250 2636 1864 3251 2512 2170 2615 2532 3489 2346 2524 2380 2968 3060 2276 3103 2391 3043 1782 3385 2280 2885 2601 2130 2509 3279 2994 2161 1892 2086 3181 3354 2505 3040 2003 2056 2221 2635 1956 2767 1826 1920 2149 2746 3411 3408 1998 2789 2983 2411 2189 979 2104 535 1745 1969 2794 2661 2551 2573 2204 2882 2041 2273 2004 3397 2000 3124 3160 2810 2735 3757 2507 3424 3170 2431 2537 2708 3599 1952 2304 3217 3178 2758 2400 1870 2655 3200 2832 2209 2814 1084 2495 2826 2975 2554
1 429 229 947 187 431 503 406 50 595 70 69 322 639 995 564 174 640 160 665 486 667 705 214 939 888 265 278 498 218 506 788 904 336 161 600 621 224 833 659 356 732 999 605 194 325 174 533 997 992 756 185 751 830 724 854 179 472 718 794 847 923 836 72 938 504 662 581 368 279 24 865 427 237 530 991 549 235 376 56 140 290 36 860 477 827 57 107 836 948 761 908 762 848 601 692 888 613 418 249
452 612 375 632 733 519 619 98 266 250 918 514 756 215 844 863 251 886 541 22 402 90 956 659 777 481 494 257 272 871 317 494 304 197 46 363 236 270 536 426 552 275 103 288 849 655 943 750 237 997 532 643 84 385 161 828 735 756 904 110 480 604 154 322 778 747 703 499 227 535 376 293 775 762 634 886 414 699 14 921 465 5 656 856 705 238 100 194 825 2 8 534 933 953 942 359 595 526 208 480
3328 3889 5526 4234 2870 5740 2577 4166 3139 5695 5870 3441 3595 5650 2561 6842 3746 5806 5533 6951 5074 5142 2803 6765 2289 3927 6189 2416 5295 6852 4869 5182 3771 4187 3888 6457 3575 7179 4487 5750 4130 2687 1618 2482 6604 2113 5592 5788 4492 4949 5774 3649 5334 4480 4362 3323 5261 1706 2900 5230 6460 3443 6707 5023 5632 3182 4089 6120 3670 6912 859 2040 5847 5166 7051 5023 5881 7205 6658 5267 2848 5826 7527 4521 4973 5090 1924 6170 5262 4912 6181 5064 4934 6666 7181 2770 2320 5636 2833 5995
625 737 291 765 443 337 497 928 357 760 616 369 761 469 864 0 467 934 106 792 702 985 116 250 167 625 4 533 695 20 577 990 71 906 976 605 359 312 774 697 103 661 361 877 210 84 580 450 624 780 730 607 619 13 674 855 132 292 556 914 942 456 484 902 675 606 972 335 207 154 455 852 354 911 859 956 361 881 958 449 615 145 797 861 384 800 825 762 182 743 882 750 872 847 368 662 615 805 800 50
504 116 322 822 102 831 31 903 915 559 581 881 132 724 495 197 779 231 172 982 556 982 393 547 655 728 743 362 207 4 774 371 586 279 809 819 490 93 916 274 364 47 508 463 46 950 847 938 734 431 828 954 505 184 659 480 234 698 927 756 787 687 155 983 744 565 100 953 674 948 893 363 218 261 368 231 463 708 948 935 105 439 18 428 407 767 293 704 822 54 313 701 722 209 610 279 442 9 984 432
957 402 275 430 450 449 123 463 717 526 500 380 72 343 794 45 107 662 626 475 981 538 469 692 188 410 564 32 49 871 600 689 471 809 25 0 965 277 978 861 26 702 394 702 625 714 742 173 301 902 173 675 303 324 629 649 29 59 588 449 765 176 561 96 403 948 916 47 103 694 627 674 634 291 359 105 731 587 863 813 5 774 723 485 251 398 347 745 399 686 785 750 414 395 323 380 616 811 166 348
388 808 959 638 573 53 203 197 498 277 726 362 964 867 88 465 568 392 636 751 418 105 647 356 569 655 516 303 12 974 32 326 53 320 274 622 453 650 500 8 224 703 408 77 627 876 21 691 491 365 249 336 7 646 436 126 49 227 522 144 705 220 809 740 699 563 611 425 298 240 86 483 925 999 627 573 304 776 244 615 294 696 713 352 134 254 532 901 731 777 612 146 129 767 279 592 413 233 4 680
1711 1556 1534 1633 1363 1630 1289 1500 994 1605 1902 1241 1163 1035 1665 864 1156 1060 2267 1982 1392 967 1336 1430 1907 1007 1305 930 1070 2091 1487 1494 2169 1614 1811 2008 886 1504 2406 1571 1183 2179 1501 1981 1977 947 1263 2204 1410 757 1238 1060 1601 1013 2187 1805 1514 1788 1725 774 1403 1953 2010 1964 1698 1307 1082 2001 1596 1303 1460 798 1942 1687 1563 2192 569 1574 2253 1979 1001 1348 639 1350 964 1604 2011 1667 1681 910 685 765 2076 1598 1704 1969 1870 1889 708 1645
780 582 371 237 270 764 565 953 115 660 95 710 995 705 264 56 871 811 501 525 697 700 451 60 162 451 810 228 435 681 660 0 30 515 710 361 278 247 742 525 20 762 118 39 380 145 672 311 143 807 35 220 537 142 452 582 478 225 496 689 297 770 41 879 101 400 623 5 472 707 289 73 341 587 461 586 369 93 524 560 359 95 985 846 32 567 676 702 677 799 674 331 199 3 751 276 642 950 398 728
4586 5235 6304 5624 2491 6917 3729 5415 5088 6008 6523 5326 4997 5432 4017 7342 4418 6836 6298 8423 4144 7263 4214 8507 3353 4548 7777 4214 5836 7889 5916 5707 4658 5491 5471 8602 3823 7637 6348 6935 4353 3883 2713 4181 7943 3261 7029 7137 6217 5714 6080 4431 6383 5795 5411 2767 6080 3094 3366 4735 7590 4125 7718 5142 6827 5077 4756 7279 4588 7392 2933 2625 6222 6058 7197 7733 6397 7946 7751 6623 3462 7063 8232 4406 6398 5385 3932 6368 6779 6345 6704 6264 5867 7807 7499 2731 4814 7103 3495 7433
2034 2674 2746 2441 2020 2501 2139 3047 2210 1981 1308 2511 3217 2908 2498 1973 2990 3937 3094 2363 2804 3224 2673 2108 2222 3190 2733 2260 3234 2944 2459 2491 2009 2636 2236 1959 2715 1478 2695 2510 2382 3336 3197 2865 1992 2252 2226 2273 3978 4243 2180 968 2927 2958 2386 2569 1358 2313 2038 2935 3028 3397 2388 2735 2420 1834 3021 1581 2516 2460 2160 2815 2688 2538 2759 3207 2891 2003 2079 2240 1213 2279 2557 2560 1584 3503 1534 1941 3517 3467 3269 2480 2387 2104 2081 2986 3227 3566 3087 2707
445 93 644 585 837 690 587 908 285 842 217 319 682 71 930 77 372 149 72 363 845 650 946 435 529 664 450 99 484 529 739 78 449 523 18 252 535 740 164 38 265 311 473 797 589 207 191 779 148 236 226 649 572 180 843 787 523 211 735 625 749 758 217 335 8 669 914 320 590 751 152 582 522 82 125 869 502 91 209 905 797 115 243 877 285 883 460 493 759 337 372 902 425 315 425 428 75 955 341 653
596 591 845 266 100 605 592 607 523 777 503 597 371 169 557 174 912 300 697 852 385 217 322 368 896 2 398 26 287 154 411 570 939 218 417 287 645 194 391 894 558 150 69 717 923 902 34 168 442 795 64 539 876 439 573 633 452 517 499 589 670 985 354 816 699 624 35 498 172 947 752 556 813 208 315 445 101 114 485 931 138 306 240 140 434 517 711 550 959 464 668 612 987 546 74 898 589 937 420 395
232 765 752 391 295 706 420 174 251 917 862 992 352 19 399 162 708 88 413 418 269 57 527 596 94 763 433 344 374 738 898 806 730 349 452 957 684 80 172 752 843 169 635 483 917 944 108 732 579 192 559 621 52 803 421 425 428 141 77 725 382 911 278 561 896 255 54 127 806 334 347 619 265 683 352 883 146 774 250 762 778 807 756 847 323 720 735 347 660 368 222 979 801 770 393 363 802 69 999 380
509 410 734 366 962 158 722 878 951 859 737 961 318 43 937 60 610 797 106 447 829 763 683 704 899 985 939 992 206 927 916 458 627 17 394 609 878 701 549 345 666 621 555 401 939 965 987 399 719 519 621 524 578 29 133 554 793 687 121 395 218 982 729 28 930 640 839 234 367 829 479 475 23 577 288 377 488 35 116 938 281 700 685 172 200 925 184 975 470 715 150 178 417 580 296 411 873 870 716 562
893 342 661 878 654 112 249 75 35 468 903 439 494 497 981 648 552 717 823 857 172 674 358 483 104 660 216 823 188 777 687 736 287 530 454 535 134 378 386 718 181 212 750 856 939 666 553 705 985 867 115 98 284 516 726 464 907 651 210 438 195 951 20 184 65 692 799 746 647 78 539 959 267 540 325 878 428 207 103 754 567 795 258 857 857 69 922 704 381 821 89 517 73 574 46 805 324 268 103 247
613 700 944 747 899 942 296 473 241 856 709 913 452 893 175 356 972 826 147 886 283 477 612 894 853 31 999 896 953 470 222 975 255 942 416 119 66 536 654 474 64 651 385 304 47 819 610 829 434 935 570 286 405 231 723 620 173 782 694 348 699 164 303 190 219 879 951 613 768 812 408 646 147 800 894 596 43 764 635 747 839 520 811 644 346 294 298 25 789 955 955 986 788 610 874 702 58 442 188 198
560 998 862 298 232 947 77 233 152 10 632 746 397 615 834 754 611 537 78 134 215 140 152 217 695 232 513 267 868 137 577 723 807 848 114 271 418 90 307 129 32 872 658 587 695 487 158 607 285 784 27 744 841 979 855 317 467 655 973 751 943 869 960 625 734 294 746 223 606 698 813 802 451 875 354 667 389 65 961 598 348 904 544 866 585 262 143 598 903 641 787 286 994 288 521 589 991 193 990 189
1923 2400 3422 3012 2778 2281 2339 3409 3098 1859 1820 3009 3377 2333 2842 2180 2909 4292 3117 2254 3095 3535 2291 3083 1766 2842 2272 2929 3991 2632 2447 3547 1600 3683 2943 1829 3169 1364 2268 2571 2992 2947 3322 4073 2298 2713 2278 1977 4429 3818 2691 1237 2396 2990 2673 2256 1293 2420 1680 3178 3260 2837 2570 3303 2946 1583 3698 1670 2588 2112 2945 3543 2838 3125 2925 3268 3209 2926 3060 2571 1380 2903 3010 1738 1719 3673 1743 2361 2956 3382 3571 2288 3025 2765 1397 3568 3281 3621 3469 2024
589 136 2 927 287 786 218 992 207 653 85 584 615 799 204 674 132 547 519 430 899 709 537 849 543 662 71 149 814 361 49 595 100 4 712 142 224 219 513 642 454 265 696 213 29 113 232 612 290 197 578 201 804 708 573 44 865 465 253 792 233 674 351 752 410 614 555 105 475 274 483 577 854 110 564 696 559 571 802 14 258 336 160 806 172 438 896 241 360 224 920 86 781 111 886 312 734 205 470 504
544 225 845 365 338 32 802 327 702 361 799 91 613 137 818 3 554 963 799 442 115 736 301 226 954 79 196 40 906 799 36 164 749 555 583 629 917 781 609 820 770 310 119 599 868 556 823 130 218 717 702 977 434 468 23 241 681 378 482 207 197 990 476 33 721 80 158 500 241 434 208 126 239 376 287 37 757 570 20 751 324 199 935 580 132 61 452 560 277 486 717 101 446 668 376 617 956 201 634 284
488 68 861 613 544 773 109 56 506 617 132 505 633 337 778 211 330 490 985 998 668 834 801 373 633 136 212 453 805 700 804 840 847 135 545 595 822 748 503 196 101 903 367 897 338 516 853 93 500 195 450 532 675 467 835 49 20 165 714 717 573 43 259 427 54 736 458 698 473 841 123 427 195 709 386 371 123 169 764 555 434 95 653 374 820 711 179 203 910 718 851 524 976 439 371 614 62 672 552 330
310 785 651 571 411 483 305 587 222 455 957 173 564 961 454 902 287 330 147 22 828 951 314 975 200 307 89 462 125 307 243 679 106 825 893 654 465 20 809 819 534 550 851 629 60 501 738 746 377 158 81 949 837 407 103 322 959 915 659 255 289 804 852 883 645 492 993 971 104 420 964 234 886 425 300 121 278 307 931 735 559 56 789 995 403 209 106 792 883 331 22 848 900 953 615 828 968 784 446 763
2332 1638 3034 3490 2102 2879 2365 3202 2071 3101 1847 2524 2705 2697 2197 2659 2586 2673 2100 3329 3145 2511 1601 3358 2903 1809 1846 1148 2933 2728 2582 2786 1947 980 3002 2715 2842 2187 2549 2972 2411 1684 1764 2125 2351 2124 1354 1965 2339 2599 2244 2737 3138 2629 2337 1392 2815 1093 1820 2113 2411 2714 2589 3600 2650 2805 1611 2479 1284 3118 1598 2934 3121 2112 2397 3169 1992 2959 3805 2080 1994 2595 3193 1666 2233 2423 3406 2990 2603 2009 3769 2608 3648 2678 3188 1562 2641 2863 2014 2589
905 1653 979 2211 1653 1469 1741 602 582 1095 1906 1097 1834 1069 2683 2290 676 2412 1242 709 1290 847 2617 1532 2493 1850 1253 792 1042 1960 1140 1776 1512 730 253 1326 1093 764 1905 1511 1460 1282 1205 1181 1892 1635 2060 2033 1471 2986 1820 1471 919 1600 1046 2510 1649 1984 2526 1014 1807 2131 1144 716 2494 1998 2068 1579 822 1349 776 1451 1977 1761 1798 2763 1377 1633 404 1898 1070 300 1348 2572 1887 1303 257 495 2486 952 777 1976 2628 2754 2485 1410 2078 1665 834 1209
938 937 510 409 864 478 31 958 183 508 186 997 299 224 754 308 500 186 667 578 150 638 141 695 809 603 487 419 955 82 999 370 322 467 199 357 639 942 642 780 751 302 559 20 851 434 428 339 555 30 39 676 719 535 858 903 110 766 205 575 370 215 760 963 219 667 257 69 883 555 515 695 635 677 528 136 700 404 199 201 528 507 913 852 137 226 73 975 434 404 403 421 85 344 311 22 221 183 397 601
886 514 535 689 564 196 153 540 77 571 340 425 321 745 628 198 919 819 471 901 350 776 380 21 205 242 268 752 704 818 471 342 782 913 514 67 394 692 344 980 447 919 286 856 607 782 756 212 941 840 424 463 634 653 805 776 581 481 36 837 118 49 593 645 53 86 322 287 334 703 908 149 160 28 415 492 238 529 610 405 742 215 249 441 560 313 742 703 681 901 671 794 281 338 575 826 553 353 30 935
175 205 853 449 89 573 604 126 513 264 520 888 433 603 681 170 61 633 835 833 14 595 848 856 259 487 164 27 907 183 426 275 769 828 118 434 935 458 298 615 823 485 677 300 925 756 936 238 528 918 419 949 203 546 752 709 111 259 461 339 348 708 776 60 15 224 414 891 270 845 509 857 34 202 51 18 460 454 255 277 67 123 918 60 797 268 624 438 516 586 196 473 683 773 601 828 161 73 431 875
519 773 436 747 38 964 970 749 593 516 839 590 778 782 856 995 119 882 916 587 21 65 533 792 163 813 498 478 216 608 868 636 343 690 975 585 777 719 203 145 307 201 140 496 802 602 607 638 237 76 215 691 579 212 206 965 900 692 655 31 188 529 468 348 493 228 299 965 899 836 815 872 814 388 204 978 580 25 938 973 534 592 214 525 204 301 373 663 858 350 691 140 917 529 628 981 153 884 504 559
516 628 329 106 455 254 251 887 77 897 657 536 340 226 272 0 604 426 225 453 964 198 916 563 394 419 742 124 56 422 830 854 477 979 556 21 145 787 323 195 533 580 218 13 370 836 373 536 450 717 625 412 76 808 727 911 891 35 248 981 209 853 731 519 352 395 3 409 266 268 924 673 385 274 127 348 329 826 596 539 77 182 15 7 295 120 966 976 468 18 522 612 103 636 773 766 989 990 987 733
662 108 647 305 548 192 702 393 556 660 897 942 340 420 54 294 935 817 935 789 801 229 682 867 580 725 717 453 226 7 930 568 444 187 608 718 930 703 10 642 284 149 963 486 905 40 450 415 861 951 355 503 168 441 934 995 461 378 188 790 993 429 319 62 53 730 273 958 228 745 56 684 841 832 16 59 867 178 866 228 474 137 804 704 791 869 192 513 327 317 385 498 225 565 996 147 200 97 524 882
657 168 727 722 805 729 303 643 851 822 971 86 558 474 169 694 866 521 579 194 614 982 983 514 64 65 328 798 671 864 490 388 341 219 347 0 651 4 0 769 410 847 414 977 263 22 195 252 959 600 883 117 900 579 711 574 518 783 403 31 861 565 303 1 645 160 184 411 283 371 152 364 152 316 460 234 556 495 988 731 548 885 248 354 295 934 752 468 926 109 845 587 562 524 519 642 290 184 943 730
589 510 437 12 845 308 146 460 405 741 513 675 145 562 895 480 505 236 379 624 620 886 353 767 332 556 719 172 633 694 703 456 579 505 349 31 434 760 969 328 193 863 335 322 691 313 773 623 907 666 380 662 666 127 259 419 509 276 528 58 325 342 344 868 652 787 114 961 92 215 999 767 458 441 820 345 147 52 683 683 989 834 127 725 449 230 431 23 504 297 252 893 156 624 870 42 352 219 796 657
369 499 177 728 546 946 473 681 933 899 181 222 444 395 840 177 997 38 339 692 914 429 260 868 570 537 474 152 113 653 152 669 822 471 448 996 236 39 378 310 708 891 821 6 416 386 277 368 986 912 686 145 870 713 848 679 886 801 683 914 765 523 117 164 702 185 258 645 478 84 835 289 191 636 402 974 886 578 108 856 431 228 336 327 895 113 56 189 35 390 678 968 919 600 865 343 969 882 311 755
1751 1928 1259 1983 912 1513 2034 1699 1000 1860 2132 1458 1827 1289 1914 2427 946 2034 2715 2284 241 1268 1081 1908 634 2110 1037 1746 407 2379 1641 2106 1082 1495 1970 2045 1112 1952 893 1241 879 846 1150 2077 2567 1393 1850 1532 1929 1878 1177 1508 1746 1342 1360 1742 1855 1369 1505 1196 1092 1946 1053 1497 1445 1393 2074 2461 2199 1867 1583 2340 1424 1528 1300 2467 1786 995 1229 2295 1103 2347 1440 1755 1727 730 1713 1752 1240 1656 1399 1603 1603 1799 1063 2680 1281 1271 826 1433
310 748 380 206 876 886 784 323 828 427 935 932 525 925 236 848 231 562 802 767 194 347 470 720 306 336 566 410 422 159 26 244 897 405 946 944 536 499 609 789 54 44 57 605 197 831 278 223 61 160 831 486 274 692 426 577 401 85 551 883 978 618 625 142 349 474 552 116 934 546 562 255 291 70 707 290 264 629 778 191 816 88 935 930 391 667 330 301 686 333 573 246 15 581 789 406 585 853 773 955
196 187 280 355 943 599 43 215 279 513 312 168 217 618 476 219 681 918 717 578 880 657 776 43 329 336 10 30 158 113 907 279 96 109 952 101 55 372 904 658 383 338 514 293 211 849 877 780 782 167 479 69 784 290 506 767 549 857 68 148 333 236 870 578 463 727 495 587 663 362 593 553 714 885 557 102 991 523 939 523 193 668 77 583 890 120 148 939 106 560 754 299 809 503 954 15 993 521 197 139
530 47 748 691 98 265 780 37 232 80 176 243 21 365 584 73 259 630 734 736 894 310 419 810 969 489 334 485 747 178 590 454 67 952 211 368 2 598 480 316 193 538 195 971 907 497 735 227 444 329 146 46 385 110 411 817 314 17 863 379 974 390 204 429 94 677 261 209 396 44 319 589 621 163 779 522 549 456 974 504 874 603 589 589 644 60 149 102 219 532 513 292 617 154 53 947 121 39 339 319
459 692 104 356 322 858 679 483 129 203 849 445 262 528 788 284 431 543 960 754 241 390 712 332 852 409 313 126 836 5 210 879 532 262 436 703 830 638 403 790 398 599 462 446 96 619 476 771 95 938 176 922 567 876 534 856 165 815 622 13 86 707 33 360 781 356 649 125 953 752 62 629 46 538 334 860 811 566 893 344 220 717 93 648 384 316 831 236 446 784 531 76 484 708 349 116 560 111 832 782
184 359 168 689 435 482 367 629 728 918 556 110 2 80 326 547 333 779 832 805 332 647 613 709 930 357 201 819 631 97 226 481 269 479 191 471 908 945 40 688 355 71 270 597 879 528 203 824 745 729 549 724 979 140 7 891 411 898 289 112 524 115 10 726 233 709 723 440 611 252 413 107 741 513 894 881 173 550 296 271 414 905 834 281 213 967 179 141 544 219 524 749 597 47 541 569 882 978 403 940
722 185 222 375 580 916 530 516 354 244 88 629 476 447 854 257 346 368 19 841 977 200 484 236 308 692 50 449 389 880 916 102 4 745 817 560 247 65 872 204 635 383 228 30 482 229 954 376 749 582 533 166 468 319 828 951 875 261 497 750 919 112 910 881 930 415 124 258 899 220 140 573 882 977 321 841 602 27 621 34 440 453 907 806 395 32 661 367 980 746 151 185 952 141 763 804 427 906 895 243
965 860 926 70 219 216 942 157 769 31 199 473 78 349 330 334 964 695 772 646 803 698 577 47 551 684 205 144 931 258 716 284 269 161 840 968 228 746 796 410 696 423 575 627 712 747 266 39 586 474 957 385 247 347 335 636 468 711 925 520 56 861 693 522 875 4 324 903 820 189 292 730 590 639 601 4 540 973 422 131 682 606 220 271 358 219 755 24 334 718 772 556 84 800 846 448 303 715 959 156
1872 2643 3709 4512 3917 3569 3819 3342 2153 2368 3741 3371 4720 3459 5070 4580 1824 4541 2662 3035 3207 2952 3522 2829 3974 3708 3109 2282 3513 3955 3748 4026 3554 2756 3357 3500 3776 3488 3700 3685 4073 2054 3351 3981 3521 2636 3098 4422 3334 5441 4528 3484 2292 2837 1905 4554 2770 3332 5227 2001 3312 3505 2420 2749 3829 4416 4400 3445 2004 3507 1883 3820 3915 3565 3933 5703 2967 3604 3008 3393 2542 3123 3376 4556 3875 4088 3920 3288 4499 3641 2890 4880 5109 4761 4646 2475 5104 3782 3554 3749
815 759 964 209 347 30 413 813 603 591 629 344 416 485 227 133 639 594 739 204 387 967 415 922 384 996 335 587 714 146 849 981 221 191 125 991 406 442 323 617 737 375 814 806 724 293 596 927 548 670 46 842 383 663 182 643 770 721 71 497 668 40 657 301 426 618 124 622 900 825 941 744 648 76 431 574 678 67 660 790 812 554 317 277 994 968 149 922 928 160 716 767 743 647 315 541 366 423 164 767
1030 772 756 1226 1576 702 1419 1643 1493 1046 1123 177 1398 532 1575 557 1182 496 1662 760 1980 1303 720 1548 1301 384 1928 741 1809 800 698 1017 1445 1227 1896 1334 1826 1996 432 394 1371 1127 792 249 108 397 172 1819 585 752 631 1236 1413 647 1248 760 613 1555 775 1022 1588 371 673 660 312 950 128 420 532 1744 918 213 191 1022 651 1317 1573 1677 1485 1430 61 1591 1448 1974 779 1728 263 179 1703 352 1545 1583 1133 1570 1591 609 1942 1660 1396 380
