500 700
291 372
256 402
333 365
2 9
249 278
398 446
38 207
142 255
38 175
104 118
38 82
258 316
10 83
4 75
450 185
8 14
36 77
32 499
265 376
356 382
221 406
417 399
398 211
70 284
189 69
93 498
78 459
95 438
231 425
93 163
307 389
10 15
232 400
204 462
78 165
191 264
10 11
82 215
124 418
44 139
145 210
15 131
365 466
188 286
18 328
5 390
45 404
50 111
33 200
488 491
263 296
359 325
439 409
58 419
302 482
15 60
31 97
70 257
105 358
176 431
430 440
476 226
93 105
178 435
329 436
70 456
90 148
237 375
15 134
51 124
20 32
112 145
34 380
232 109
349 26
411 278
171 272
124 143
299 297
240 259
11 117
422 290
364 284
183 8
106 198
51 194
1 2
45 334
14 100
87 120
186 244
17 459
382 391
223 346
47 66
23 212
163 475
69 312
451 349
469 71
10 52
19 31
59 80
351 165
122 416
7 383
41 199
3 19
356 396
184 370
121 197
19 274
8 403
7 64
38 74
285 98
183 260
170 251
361 206
228 428
102 207
48 88
432 247
73 156
4 167
259 480
13 11
78 487
26 460
3 30
392 333
142 173
392 290
324 345
28 121
33 39
153 273
147 359
184 392
10 70
270 285
35 103
93 160
258 360
207 387
266 200
26 377
103 253
35 57
71 16
53 317
130 299
330 287
130 186
12 67
10 229
204 245
274 412
210 493
402 116
36 81
7 152
80 337
63 352
9 449
181 267
152 356
50 58
26 266
31 73
57 462
58 424
39 45
92 127
101 228
13 43
321 309
177 290
135 492
88 129
21 69
452 186
71 185
276 478
27 142
130 311
407 48
35 484
14 149
51 55
7 27
268 281
148 351
485 73
51 227
81 369
221 410
74 463
267 336
329 317
20 53
49 63
191 48
18 78
131 140
316 348
208 32
39 137
26 246
2 4
25 46
128 417
185 74
77 85
135 440
325 392
183 168
15 44
23 36
202 269
1 5
276 330
25 62
57 404
25 29
486 496
262 470
145 401
469 165
270 54
241 289
161 268
62 128
95 243
427 302
57 84
7 331
75 15
397 16
33 42
84 95
165 371
27 156
302 327
149 258
331 367
346 220
91 216
1 8
192 381
394 496
139 330
1 25
244 420
334 354
112 236
109 204
7 494
228 300
11 12
132 231
470 318
405 377
108 171
110 168
77 101
39 94
185 354
14 48
54 423
448 116
29 230
198 190
176 250
299 451
49 119
100 389
45 191
488 418
268 487
1 336
185 214
103 133
99 151
151 273
102 442
204 295
387 396
255 469
178 298
74 79
163 73
313 385
126 249
16 190
27 99
469 385
273 276
248 340
73 218
71 477
312 476
286 489
133 262
102 397
119 195
73 70
48 123
424 413
12 135
75 83
1 3
299 384
315 394
354 409
183 320
30 65
257 409
248 319
22 172
448 117
8 445
226 341
5 18
110 238
290 311
453 172
14 265
191 240
338 145
106 217
103 494
88 350
73 169
25 219
414 173
148 329
211 247
58 125
4 500
367 352
14 22
1 16
19 38
91 164
60 86
12 132
496 182
284 441
271 309
330 91
104 395
168 454
283 80
31 448
96 400
43 405
317 488
485 227
209 51
22 26
41 68
497 271
159 213
225 277
131 313
54 307
34 179
45 371
390 471
101 280
126 196
195 221
439 262
15 430
97 364
122 144
21 24
296 300
5 153
95 112
130 224
486 326
430 275
148 465
104 195
37 130
39 322
252 353
134 314
175 357
140 170
414 458
17 275
205 408
5 20
92 490
80 115
4 6
120 383
58 181
119 178
27 407
183 497
1 115
97 471
419 268
213 222
23 248
33 176
76 110
200 377
408 66
15 37
148 177
124 437
86 361
110 209
161 279
26 157
45 295
191 319
9 89
121 203
82 341
98 3
302 378
20 91
273 310
11 90
305 386
154 362
251 282
143 284
34 116
234 252
281 368
47 283
27 270
129 359
258 371
192 435
322 213
144 166
329 16
184 92
268 474
38 392
62 126
18 23
54 220
10 187
292 276
383 415
191 234
167 144
27 36
167 363
55 306
23 398
202 270
133 184
71 271
77 439
115 330
151 467
27 335
152 241
304 479
194 111
62 155
5 10
10 47
273 478
321 297
270 349
39 333
69 107
389 457
289 300
294 302
240 296
142 193
438 483
385 218
395 443
81 180
20 61
52 174
393 229
114 205
95 344
260 121
15 35
32 40
99 112
60 71
151 201
79 481
256 408
491 79
58 314
45 223
382 214
3 76
316 305
241 95
345 334
318 339
17 464
337 154
438 387
36 87
43 183
47 336
2 343
35 50
394 495
138 208
1 28
46 104
353 414
69 190
4 98
369 465
407 419
67 136
416 427
274 297
29 33
78 158
12 34
71 92
63 326
157 315
427 432
197 304
40 409
145 406
96 102
108 325
104 105
79 192
3 93
120 292
328 486
252 362
277 344
192 256
110 455
255 477
93 305
6 237
172 120
135 342
23 225
394 82
210 342
226 423
116 347
263 93
142 378
47 56
10 17
150 56
390 461
176 388
113 159
130 159
279 485
201 197
253 490
155 411
183 204
221 298
104 226
88 189
441 444
3 293
76 294
87 372
161 454
179 500
280 200
176 235
9 393
29 453
150 239
178 429
104 468
10 13
291 173
149 494
277 323
229 427
495 325
73 233
5 7
73 113
179 318
128 389
438 289
174 374
233 395
14 143
125 232
218 50
398 417
41 59
140 318
105 106
90 291
52 162
261 434
329 332
407 421
432 261
88 206
28 122
293 482
392 133
238 450
325 386
88 261
33 108
486 442
28 41
91 379
158 182
128 209
38 114
147 308
50 473
112 194
260 496
357 207
51 141
355 447
335 399
51 202
9 21
49 211
112 54
403 223
471 121
89 242
281 452
316 164
263 298
285 366
71 303
152 422
228 338
49 150
177 288
30 72
244 301
28 373
336 16
207 299
115 119
448 399
69 161
166 321
132 433
190 336
110 154
449 456
10 49
37 54
143 233
160 149
10 138
42 96
4 183
279 324
88 426
155 413
126 254
409 241
449 374
107 294
42 287
8 344
224 355
119 296
249 263
11 472
21 109
38 51
26 299
117 146
443 355
111 147
348 388
156 188
200 426
82 441
83 119
89 151
50
449 460
272 342
314 477
286 299
201 333
224 230
124 448
195 366
408 474
477 491
288 443
65 462
133 304
333 392
59 437
6 66
278 414
143 254
218 253
221 387
438 478
328 359
283 351
7 278
170 473
453 465
243 374
101 123
393 496
451 467
247 367
499 500
25 383
200 290
337 472
250 474
432 471
324 464
447 480
49 285
134 493
66 178
404 451
440 476
450 488
138 285
247 444
306 448
317 418
182 285
500 700
27 304
50 263
44 55
356 306
59 152
36 45
266 45
31 49
105 101
277 89
317 459
497 269
6 34
102 280
132 221
80 126
85 197
123 455
14 141
38 160
39 259
27 432
73 61
266 303
152 166
118 323
13 20
44 355
144 350
189 156
37 76
36 461
14 65
75 121
326 72
304 496
130 315
113 191
53 86
208 218
2 4
2 7
34 122
102 110
18 89
30 98
70 128
93 430
171 439
50 242
290 320
7 421
445 494
331 227
475 428
273 148
12 202
124 272
2 11
13 151
8 125
106 143
111 173
168 301
186 488
307 500
117 382
192 72
309 117
215 418
433 19
61 79
37 308
167 213
395 486
354 102
209 233
456 492
44 341
24 64
196 209
155 258
34 220
107 130
343 463
231 336
37 40
21 323
229 326
146 478
41 499
29 102
253 472
159 225
85 139
124 76
4 13
45 212
98 383
128 139
220 401
78 123
142 256
439 369
347 223
280 372
225 269
24 38
209 263
211 224
402 419
84 184
265 434
401 481
259 298
351 443
225 381
102 187
5 33
250 415
154 376
9 10
273 320
451 274
83 171
221 367
73 127
118 299
18 349
129 270
135 170
136 390
481 244
13 109
220 288
18 21
9 17
122 227
9 94
88 231
64 146
179 188
273 310
266 339
154 222
1 223
455 27
337 379
267 402
31 38
352 33
221 28
249 480
180 311
7 47
181 297
98 414
111 413
384 442
149 275
331 479
343 427
95 368
276 444
14 380
220 390
121 124
261 250
44 459
56 438
74 84
5 219
1 35
396 214
117 331
340 4
114 313
322 334
311 487
370 378
129 164
12 287
122 309
56 142
20 362
306 460
81 101
83 434
54 59
365 450
430 58
171 254
183 431
302 451
401 467
117 282
408 68
166 452
202 395
79 70
343 65
272 295
421 316
156 484
361 455
6 97
99 208
489 387
208 496
386 375
240 159
467 239
260 264
207 78
255 126
450 386
107 412
28 108
8 57
409 317
244 317
182 267
154 418
363 240
240 357
192 420
1 2
76 187
250 278
27 30
169 337
57 168
149 279
3 61
495 1
258 346
137 195
145 148
31 423
287 428
5 274
111 315
353 414
1 5
141 381
282 342
113 117
215 319
262 291
72 207
117 362
360 382
76 247
420 433
199 498
287 434
134 307
432 59
366 489
231 426
484 181
58 414
119 182
346 377
9 292
132 135
183 241
137 183
15 23
32 308
29 133
74 97
256 312
32 203
180 408
307 267
135 370
66 221
51 456
367 215
291 300
32 399
132 159
107 416
193 489
19 58
24 419
113 488
349 458
52 75
36 54
462 235
236 64
116 228
51 455
156 293
234 474
61 446
3 26
89 91
124 129
187 199
187 485
186 285
26 163
55 88
290 50
108 473
31 111
230 290
25 44
338 389
366 373
272 173
20 36
8 19
308 271
81 395
22 32
12 445
135 245
67 100
343 453
57 218
120 218
6 327
204 443
265 405
114 92
71 324
38 56
40 81
27 62
33 248
63 449
270 266
156 281
134 294
143 348
100 98
327 66
150 347
41 53
63 192
7 42
150 179
12 333
248 424
110 180
303 492
16 460
140 174
221 238
64 78
213 386
51 200
319 335
19 447
155 298
41 51
24 138
7 72
38 340
127 244
115 193
33 403
145 194
352 361
259 292
62 147
169 189
212 441
328 273
36 331
73 96
65 322
52 397
172 468
18 39
389 354
4 6
215 343
42 58
302 425
166 268
61 107
63 80
216 324
48 105
34 83
159 178
154 255
295 318
110 181
327 404
13 48
162 215
261 499
391 393
26 93
1 314
407 133
471 380
330 353
447 465
361 409
493 158
390 205
49 90
300 486
30 67
180 239
176 360
58 471
167 262
303 396
91 95
105 211
367 363
349 400
326 436
317 467
493 361
8 29
349 87
325 15
26 31
221 421
16 190
141 358
9 285
203 437
250 420
15 131
162 490
15 286
214 417
13 37
299 106
362 384
480 119
335 375
118 207
61 116
7 28
6 250
415 457
311 139
320 213
85 243
11 409
327 454
428 390
225 371
201 476
289 330
147 240
142 273
6 271
132 334
85 169
23 104
18 257
160 235
262 351
191 236
53 68
105 172
13 115
139 220
73 132
270 494
57 234
70 82
153 354
145 161
29 73
35 136
302 398
146 188
290 410
300 309
54 448
318 473
306 33
17 246
1 22
343 356
180 486
419 18
92 125
191 344
315 387
110 155
309 345
53 388
151 364
168 482
431 242
247 429
367 469
47 321
238 253
196 407
110 471
335 395
266 14
443 462
23 118
33 87
59 70
1 46
98 403
49 183
40 291
260 444
40 80
27 74
19 394
462 156
452 75
1 3
310 352
165 175
259 406
24 264
3 9
11 226
6 302
88 114
106 152
195 206
76 476
99 31
393 312
202 329
17 18
75 140
299 416
228 422
56 99
347 226
80 112
58 369
227 179
316 249
3 52
69 431
302 484
103 201
219 396
58 177
366 374
24 217
138 157
172 229
411 418
112 31
32 66
17 60
451 483
424 7
28 162
1 14
134 411
123 306
402 339
66 186
21 289
471 261
61 167
39 43
304 391
150 305
27 164
391 325
38 150
42 92
24 154
73 158
10 113
398 67
18 41
48 85
126 156
212 306
344 365
33 276
220 316
34 260
151 237
16 329
43 379
22 77
143 100
22 25
66 236
12 50
163 230
180 491
459 419
385 435
128 134
10 392
37 106
4 23
354 355
82 252
40 196
248 277
174 491
483 274
8 24
104 440
136 483
191 496
263 381
255 2
373 287
12 271
22 34
45 181
7 8
48 137
104 328
313 385
4 296
12 16
3 120
34 171
146 185
147 192
53 216
324 490
77 375
378 334
36 93
19 144
83 266
332 312
3 12
3 470
69 71
224 359
137 265
286 310
276 475
170 466
350 495
488 193
40 261
73 398
103 283
14 15
449 497
292 499
354 309
316 332
148 198
242 351
38 149
202 249
75 340
172 178
279 325
94 205
131 145
129 204
168 366
96 251
93 485
221 142
211 464
125 176
129 141
390 477
166 363
326 174
175 210
27 63
49 475
366 487
54 119
71 103
152 153
87 303
27 232
302 422
413 101
102 165
35 255
213 499
32 69
397 192
123 214
264 493
53 338
65 160
266 284
8 27
50
21 22
191 271
415 456
93 154
240 360
343 418
225 340
302 454
333 430
438 449
455 461
160 298
161 484
151 308
183 461
236 490
375 455
386 395
367 377
420 424
173 393
92 215
402 414
418 450
327 496
41 381
119 261
56 128
358 421
71 144
474 486
189 236
303 396
226 294
267 270
417 462
252 423
428 467
136 282
211 433
495 498
102 482
59 229
69 290
178 467
133 498
300 415
45 476
237 243
110 340
0 0
