4900
-70 -70 -69 -69
-70 -68 -69 -67
-70 -66 -69 -65
-70 -64 -69 -63
-70 -62 -69 -61
-70 -60 -69 -59
-70 -58 -69 -57
-70 -56 -69 -55
-70 -54 -69 -53
-70 -52 -69 -51
-70 -50 -69 -49
-70 -48 -69 -47
-70 -46 -69 -45
-70 -44 -69 -43
-70 -42 -69 -41
-70 -40 -69 -39
-70 -38 -69 -37
-70 -36 -69 -35
-70 -34 -69 -33
-70 -32 -69 -31
-70 -30 -69 -29
-70 -28 -69 -27
-70 -26 -69 -25
-70 -24 -69 -23
-70 -22 -69 -21
-70 -20 -69 -19
-70 -18 -69 -17
-70 -16 -69 -15
-70 -14 -69 -13
-70 -12 -69 -11
-70 -10 -69 -9
-70 -8 -69 -7
-70 -6 -69 -5
-70 -4 -69 -3
-70 -2 -69 -1
-70 0 -69 1
-70 2 -69 3
-70 4 -69 5
-70 6 -69 7
-70 8 -69 9
-70 10 -69 11
-70 12 -69 13
-70 14 -69 15
-70 16 -69 17
-70 18 -69 19
-70 20 -69 21
-70 22 -69 23
-70 24 -69 25
-70 26 -69 27
-70 28 -69 29
-70 30 -69 31
-70 32 -69 33
-70 34 -69 35
-70 36 -69 37
-70 38 -69 39
-70 40 -69 41
-70 42 -69 43
-70 44 -69 45
-70 46 -69 47
-70 48 -69 49
-70 50 -69 51
-70 52 -69 53
-70 54 -69 55
-70 56 -69 57
-70 58 -69 59
-70 60 -69 61
-70 62 -69 63
-70 64 -69 65
-70 66 -69 67
-70 68 -69 69
-68 -70 -67 -69
-68 -68 -67 -67
-68 -66 -67 -65
-68 -64 -67 -63
-68 -62 -67 -61
-68 -60 -67 -59
-68 -58 -67 -57
-68 -56 -67 -55
-68 -54 -67 -53
-68 -52 -67 -51
-68 -50 -67 -49
-68 -48 -67 -47
-68 -46 -67 -45
-68 -44 -67 -43
-68 -42 -67 -41
-68 -40 -67 -39
-68 -38 -67 -37
-68 -36 -67 -35
-68 -34 -67 -33
-68 -32 -67 -31
-68 -30 -67 -29
-68 -28 -67 -27
-68 -26 -67 -25
-68 -24 -67 -23
-68 -22 -67 -21
-68 -20 -67 -19
-68 -18 -67 -17
-68 -16 -67 -15
-68 -14 -67 -13
-68 -12 -67 -11
-68 -10 -67 -9
-68 -8 -67 -7
-68 -6 -67 -5
-68 -4 -67 -3
-68 -2 -67 -1
-68 0 -67 1
-68 2 -67 3
-68 4 -67 5
-68 6 -67 7
-68 8 -67 9
-68 10 -67 11
-68 12 -67 13
-68 14 -67 15
-68 16 -67 17
-68 18 -67 19
-68 20 -67 21
-68 22 -67 23
-68 24 -67 25
-68 26 -67 27
-68 28 -67 29
-68 30 -67 31
-68 32 -67 33
-68 34 -67 35
-68 36 -67 37
-68 38 -67 39
-68 40 -67 41
-68 42 -67 43
-68 44 -67 45
-68 46 -67 47
-68 48 -67 49
-68 50 -67 51
-68 52 -67 53
-68 54 -67 55
-68 56 -67 57
-68 58 -67 59
-68 60 -67 61
-68 62 -67 63
-68 64 -67 65
-68 66 -67 67
-68 68 -67 69
-66 -70 -65 -69
-66 -68 -65 -67
-66 -66 -65 -65
-66 -64 -65 -63
-66 -62 -65 -61
-66 -60 -65 -59
-66 -58 -65 -57
-66 -56 -65 -55
-66 -54 -65 -53
-66 -52 -65 -51
-66 -50 -65 -49
-66 -48 -65 -47
-66 -46 -65 -45
-66 -44 -65 -43
-66 -42 -65 -41
-66 -40 -65 -39
-66 -38 -65 -37
-66 -36 -65 -35
-66 -34 -65 -33
-66 -32 -65 -31
-66 -30 -65 -29
-66 -28 -65 -27
-66 -26 -65 -25
-66 -24 -65 -23
-66 -22 -65 -21
-66 -20 -65 -19
-66 -18 -65 -17
-66 -16 -65 -15
-66 -14 -65 -13
-66 -12 -65 -11
-66 -10 -65 -9
-66 -8 -65 -7
-66 -6 -65 -5
-66 -4 -65 -3
-66 -2 -65 -1
-66 0 -65 1
-66 2 -65 3
-66 4 -65 5
-66 6 -65 7
-66 8 -65 9
-66 10 -65 11
-66 12 -65 13
-66 14 -65 15
-66 16 -65 17
-66 18 -65 19
-66 20 -65 21
-66 22 -65 23
-66 24 -65 25
-66 26 -65 27
-66 28 -65 29
-66 30 -65 31
-66 32 -65 33
-66 34 -65 35
-66 36 -65 37
-66 38 -65 39
-66 40 -65 41
-66 42 -65 43
-66 44 -65 45
-66 46 -65 47
-66 48 -65 49
-66 50 -65 51
-66 52 -65 53
-66 54 -65 55
-66 56 -65 57
-66 58 -65 59
-66 60 -65 61
-66 62 -65 63
-66 64 -65 65
-66 66 -65 67
-66 68 -65 69
-64 -70 -63 -69
-64 -68 -63 -67
-64 -66 -63 -65
-64 -64 -63 -63
-64 -62 -63 -61
-64 -60 -63 -59
-64 -58 -63 -57
-64 -56 -63 -55
-64 -54 -63 -53
-64 -52 -63 -51
-64 -50 -63 -49
-64 -48 -63 -47
-64 -46 -63 -45
-64 -44 -63 -43
-64 -42 -63 -41
-64 -40 -63 -39
-64 -38 -63 -37
-64 -36 -63 -35
-64 -34 -63 -33
-64 -32 -63 -31
-64 -30 -63 -29
-64 -28 -63 -27
-64 -26 -63 -25
-64 -24 -63 -23
-64 -22 -63 -21
-64 -20 -63 -19
-64 -18 -63 -17
-64 -16 -63 -15
-64 -14 -63 -13
-64 -12 -63 -11
-64 -10 -63 -9
-64 -8 -63 -7
-64 -6 -63 -5
-64 -4 -63 -3
-64 -2 -63 -1
-64 0 -63 1
-64 2 -63 3
-64 4 -63 5
-64 6 -63 7
-64 8 -63 9
-64 10 -63 11
-64 12 -63 13
-64 14 -63 15
-64 16 -63 17
-64 18 -63 19
-64 20 -63 21
-64 22 -63 23
-64 24 -63 25
-64 26 -63 27
-64 28 -63 29
-64 30 -63 31
-64 32 -63 33
-64 34 -63 35
-64 36 -63 37
-64 38 -63 39
-64 40 -63 41
-64 42 -63 43
-64 44 -63 45
-64 46 -63 47
-64 48 -63 49
-64 50 -63 51
-64 52 -63 53
-64 54 -63 55
-64 56 -63 57
-64 58 -63 59
-64 60 -63 61
-64 62 -63 63
-64 64 -63 65
-64 66 -63 67
-64 68 -63 69
-62 -70 -61 -69
-62 -68 -61 -67
-62 -66 -61 -65
-62 -64 -61 -63
-62 -62 -61 -61
-62 -60 -61 -59
-62 -58 -61 -57
-62 -56 -61 -55
-62 -54 -61 -53
-62 -52 -61 -51
-62 -50 -61 -49
-62 -48 -61 -47
-62 -46 -61 -45
-62 -44 -61 -43
-62 -42 -61 -41
-62 -40 -61 -39
-62 -38 -61 -37
-62 -36 -61 -35
-62 -34 -61 -33
-62 -32 -61 -31
-62 -30 -61 -29
-62 -28 -61 -27
-62 -26 -61 -25
-62 -24 -61 -23
-62 -22 -61 -21
-62 -20 -61 -19
-62 -18 -61 -17
-62 -16 -61 -15
-62 -14 -61 -13
-62 -12 -61 -11
-62 -10 -61 -9
-62 -8 -61 -7
-62 -6 -61 -5
-62 -4 -61 -3
-62 -2 -61 -1
-62 0 -61 1
-62 2 -61 3
-62 4 -61 5
-62 6 -61 7
-62 8 -61 9
-62 10 -61 11
-62 12 -61 13
-62 14 -61 15
-62 16 -61 17
-62 18 -61 19
-62 20 -61 21
-62 22 -61 23
-62 24 -61 25
-62 26 -61 27
-62 28 -61 29
-62 30 -61 31
-62 32 -61 33
-62 34 -61 35
-62 36 -61 37
-62 38 -61 39
-62 40 -61 41
-62 42 -61 43
-62 44 -61 45
-62 46 -61 47
-62 48 -61 49
-62 50 -61 51
-62 52 -61 53
-62 54 -61 55
-62 56 -61 57
-62 58 -61 59
-62 60 -61 61
-62 62 -61 63
-62 64 -61 65
-62 66 -61 67
-62 68 -61 69
-60 -70 -59 -69
-60 -68 -59 -67
-60 -66 -59 -65
-60 -64 -59 -63
-60 -62 -59 -61
-60 -60 -59 -59
-60 -58 -59 -57
-60 -56 -59 -55
-60 -54 -59 -53
-60 -52 -59 -51
-60 -50 -59 -49
-60 -48 -59 -47
-60 -46 -59 -45
-60 -44 -59 -43
-60 -42 -59 -41
-60 -40 -59 -39
-60 -38 -59 -37
-60 -36 -59 -35
-60 -34 -59 -33
-60 -32 -59 -31
-60 -30 -59 -29
-60 -28 -59 -27
-60 -26 -59 -25
-60 -24 -59 -23
-60 -22 -59 -21
-60 -20 -59 -19
-60 -18 -59 -17
-60 -16 -59 -15
-60 -14 -59 -13
-60 -12 -59 -11
-60 -10 -59 -9
-60 -8 -59 -7
-60 -6 -59 -5
-60 -4 -59 -3
-60 -2 -59 -1
-60 0 -59 1
-60 2 -59 3
-60 4 -59 5
-60 6 -59 7
-60 8 -59 9
-60 10 -59 11
-60 12 -59 13
-60 14 -59 15
-60 16 -59 17
-60 18 -59 19
-60 20 -59 21
-60 22 -59 23
-60 24 -59 25
-60 26 -59 27
-60 28 -59 29
-60 30 -59 31
-60 32 -59 33
-60 34 -59 35
-60 36 -59 37
-60 38 -59 39
-60 40 -59 41
-60 42 -59 43
-60 44 -59 45
-60 46 -59 47
-60 48 -59 49
-60 50 -59 51
-60 52 -59 53
-60 54 -59 55
-60 56 -59 57
-60 58 -59 59
-60 60 -59 61
-60 62 -59 63
-60 64 -59 65
-60 66 -59 67
-60 68 -59 69
-58 -70 -57 -69
-58 -68 -57 -67
-58 -66 -57 -65
-58 -64 -57 -63
-58 -62 -57 -61
-58 -60 -57 -59
-58 -58 -57 -57
-58 -56 -57 -55
-58 -54 -57 -53
-58 -52 -57 -51
-58 -50 -57 -49
-58 -48 -57 -47
-58 -46 -57 -45
-58 -44 -57 -43
-58 -42 -57 -41
-58 -40 -57 -39
-58 -38 -57 -37
-58 -36 -57 -35
-58 -34 -57 -33
-58 -32 -57 -31
-58 -30 -57 -29
-58 -28 -57 -27
-58 -26 -57 -25
-58 -24 -57 -23
-58 -22 -57 -21
-58 -20 -57 -19
-58 -18 -57 -17
-58 -16 -57 -15
-58 -14 -57 -13
-58 -12 -57 -11
-58 -10 -57 -9
-58 -8 -57 -7
-58 -6 -57 -5
-58 -4 -57 -3
-58 -2 -57 -1
-58 0 -57 1
-58 2 -57 3
-58 4 -57 5
-58 6 -57 7
-58 8 -57 9
-58 10 -57 11
-58 12 -57 13
-58 14 -57 15
-58 16 -57 17
-58 18 -57 19
-58 20 -57 21
-58 22 -57 23
-58 24 -57 25
-58 26 -57 27
-58 28 -57 29
-58 30 -57 31
-58 32 -57 33
-58 34 -57 35
-58 36 -57 37
-58 38 -57 39
-58 40 -57 41
-58 42 -57 43
-58 44 -57 45
-58 46 -57 47
-58 48 -57 49
-58 50 -57 51
-58 52 -57 53
-58 54 -57 55
-58 56 -57 57
-58 58 -57 59
-58 60 -57 61
-58 62 -57 63
-58 64 -57 65
-58 66 -57 67
-58 68 -57 69
-56 -70 -55 -69
-56 -68 -55 -67
-56 -66 -55 -65
-56 -64 -55 -63
-56 -62 -55 -61
-56 -60 -55 -59
-56 -58 -55 -57
-56 -56 -55 -55
-56 -54 -55 -53
-56 -52 -55 -51
-56 -50 -55 -49
-56 -48 -55 -47
-56 -46 -55 -45
-56 -44 -55 -43
-56 -42 -55 -41
-56 -40 -55 -39
-56 -38 -55 -37
-56 -36 -55 -35
-56 -34 -55 -33
-56 -32 -55 -31
-56 -30 -55 -29
-56 -28 -55 -27
-56 -26 -55 -25
-56 -24 -55 -23
-56 -22 -55 -21
-56 -20 -55 -19
-56 -18 -55 -17
-56 -16 -55 -15
-56 -14 -55 -13
-56 -12 -55 -11
-56 -10 -55 -9
-56 -8 -55 -7
-56 -6 -55 -5
-56 -4 -55 -3
-56 -2 -55 -1
-56 0 -55 1
-56 2 -55 3
-56 4 -55 5
-56 6 -55 7
-56 8 -55 9
-56 10 -55 11
-56 12 -55 13
-56 14 -55 15
-56 16 -55 17
-56 18 -55 19
-56 20 -55 21
-56 22 -55 23
-56 24 -55 25
-56 26 -55 27
-56 28 -55 29
-56 30 -55 31
-56 32 -55 33
-56 34 -55 35
-56 36 -55 37
-56 38 -55 39
-56 40 -55 41
-56 42 -55 43
-56 44 -55 45
-56 46 -55 47
-56 48 -55 49
-56 50 -55 51
-56 52 -55 53
-56 54 -55 55
-56 56 -55 57
-56 58 -55 59
-56 60 -55 61
-56 62 -55 63
-56 64 -55 65
-56 66 -55 67
-56 68 -55 69
-54 -70 -53 -69
-54 -68 -53 -67
-54 -66 -53 -65
-54 -64 -53 -63
-54 -62 -53 -61
-54 -60 -53 -59
-54 -58 -53 -57
-54 -56 -53 -55
-54 -54 -53 -53
-54 -52 -53 -51
-54 -50 -53 -49
-54 -48 -53 -47
-54 -46 -53 -45
-54 -44 -53 -43
-54 -42 -53 -41
-54 -40 -53 -39
-54 -38 -53 -37
-54 -36 -53 -35
-54 -34 -53 -33
-54 -32 -53 -31
-54 -30 -53 -29
-54 -28 -53 -27
-54 -26 -53 -25
-54 -24 -53 -23
-54 -22 -53 -21
-54 -20 -53 -19
-54 -18 -53 -17
-54 -16 -53 -15
-54 -14 -53 -13
-54 -12 -53 -11
-54 -10 -53 -9
-54 -8 -53 -7
-54 -6 -53 -5
-54 -4 -53 -3
-54 -2 -53 -1
-54 0 -53 1
-54 2 -53 3
-54 4 -53 5
-54 6 -53 7
-54 8 -53 9
-54 10 -53 11
-54 12 -53 13
-54 14 -53 15
-54 16 -53 17
-54 18 -53 19
-54 20 -53 21
-54 22 -53 23
-54 24 -53 25
-54 26 -53 27
-54 28 -53 29
-54 30 -53 31
-54 32 -53 33
-54 34 -53 35
-54 36 -53 37
-54 38 -53 39
-54 40 -53 41
-54 42 -53 43
-54 44 -53 45
-54 46 -53 47
-54 48 -53 49
-54 50 -53 51
-54 52 -53 53
-54 54 -53 55
-54 56 -53 57
-54 58 -53 59
-54 60 -53 61
-54 62 -53 63
-54 64 -53 65
-54 66 -53 67
-54 68 -53 69
-52 -70 -51 -69
-52 -68 -51 -67
-52 -66 -51 -65
-52 -64 -51 -63
-52 -62 -51 -61
-52 -60 -51 -59
-52 -58 -51 -57
-52 -56 -51 -55
-52 -54 -51 -53
-52 -52 -51 -51
-52 -50 -51 -49
-52 -48 -51 -47
-52 -46 -51 -45
-52 -44 -51 -43
-52 -42 -51 -41
-52 -40 -51 -39
-52 -38 -51 -37
-52 -36 -51 -35
-52 -34 -51 -33
-52 -32 -51 -31
-52 -30 -51 -29
-52 -28 -51 -27
-52 -26 -51 -25
-52 -24 -51 -23
-52 -22 -51 -21
-52 -20 -51 -19
-52 -18 -51 -17
-52 -16 -51 -15
-52 -14 -51 -13
-52 -12 -51 -11
-52 -10 -51 -9
-52 -8 -51 -7
-52 -6 -51 -5
-52 -4 -51 -3
-52 -2 -51 -1
-52 0 -51 1
-52 2 -51 3
-52 4 -51 5
-52 6 -51 7
-52 8 -51 9
-52 10 -51 11
-52 12 -51 13
-52 14 -51 15
-52 16 -51 17
-52 18 -51 19
-52 20 -51 21
-52 22 -51 23
-52 24 -51 25
-52 26 -51 27
-52 28 -51 29
-52 30 -51 31
-52 32 -51 33
-52 34 -51 35
-52 36 -51 37
-52 38 -51 39
-52 40 -51 41
-52 42 -51 43
-52 44 -51 45
-52 46 -51 47
-52 48 -51 49
-52 50 -51 51
-52 52 -51 53
-52 54 -51 55
-52 56 -51 57
-52 58 -51 59
-52 60 -51 61
-52 62 -51 63
-52 64 -51 65
-52 66 -51 67
-52 68 -51 69
-50 -70 -49 -69
-50 -68 -49 -67
-50 -66 -49 -65
-50 -64 -49 -63
-50 -62 -49 -61
-50 -60 -49 -59
-50 -58 -49 -57
-50 -56 -49 -55
-50 -54 -49 -53
-50 -52 -49 -51
-50 -50 -49 -49
-50 -48 -49 -47
-50 -46 -49 -45
-50 -44 -49 -43
-50 -42 -49 -41
-50 -40 -49 -39
-50 -38 -49 -37
-50 -36 -49 -35
-50 -34 -49 -33
-50 -32 -49 -31
-50 -30 -49 -29
-50 -28 -49 -27
-50 -26 -49 -25
-50 -24 -49 -23
-50 -22 -49 -21
-50 -20 -49 -19
-50 -18 -49 -17
-50 -16 -49 -15
-50 -14 -49 -13
-50 -12 -49 -11
-50 -10 -49 -9
-50 -8 -49 -7
-50 -6 -49 -5
-50 -4 -49 -3
-50 -2 -49 -1
-50 0 -49 1
-50 2 -49 3
-50 4 -49 5
-50 6 -49 7
-50 8 -49 9
-50 10 -49 11
-50 12 -49 13
-50 14 -49 15
-50 16 -49 17
-50 18 -49 19
-50 20 -49 21
-50 22 -49 23
-50 24 -49 25
-50 26 -49 27
-50 28 -49 29
-50 30 -49 31
-50 32 -49 33
-50 34 -49 35
-50 36 -49 37
-50 38 -49 39
-50 40 -49 41
-50 42 -49 43
-50 44 -49 45
-50 46 -49 47
-50 48 -49 49
-50 50 -49 51
-50 52 -49 53
-50 54 -49 55
-50 56 -49 57
-50 58 -49 59
-50 60 -49 61
-50 62 -49 63
-50 64 -49 65
-50 66 -49 67
-50 68 -49 69
-48 -70 -47 -69
-48 -68 -47 -67
-48 -66 -47 -65
-48 -64 -47 -63
-48 -62 -47 -61
-48 -60 -47 -59
-48 -58 -47 -57
-48 -56 -47 -55
-48 -54 -47 -53
-48 -52 -47 -51
-48 -50 -47 -49
-48 -48 -47 -47
-48 -46 -47 -45
-48 -44 -47 -43
-48 -42 -47 -41
-48 -40 -47 -39
-48 -38 -47 -37
-48 -36 -47 -35
-48 -34 -47 -33
-48 -32 -47 -31
-48 -30 -47 -29
-48 -28 -47 -27
-48 -26 -47 -25
-48 -24 -47 -23
-48 -22 -47 -21
-48 -20 -47 -19
-48 -18 -47 -17
-48 -16 -47 -15
-48 -14 -47 -13
-48 -12 -47 -11
-48 -10 -47 -9
-48 -8 -47 -7
-48 -6 -47 -5
-48 -4 -47 -3
-48 -2 -47 -1
-48 0 -47 1
-48 2 -47 3
-48 4 -47 5
-48 6 -47 7
-48 8 -47 9
-48 10 -47 11
-48 12 -47 13
-48 14 -47 15
-48 16 -47 17
-48 18 -47 19
-48 20 -47 21
-48 22 -47 23
-48 24 -47 25
-48 26 -47 27
-48 28 -47 29
-48 30 -47 31
-48 32 -47 33
-48 34 -47 35
-48 36 -47 37
-48 38 -47 39
-48 40 -47 41
-48 42 -47 43
-48 44 -47 45
-48 46 -47 47
-48 48 -47 49
-48 50 -47 51
-48 52 -47 53
-48 54 -47 55
-48 56 -47 57
-48 58 -47 59
-48 60 -47 61
-48 62 -47 63
-48 64 -47 65
-48 66 -47 67
-48 68 -47 69
-46 -70 -45 -69
-46 -68 -45 -67
-46 -66 -45 -65
-46 -64 -45 -63
-46 -62 -45 -61
-46 -60 -45 -59
-46 -58 -45 -57
-46 -56 -45 -55
-46 -54 -45 -53
-46 -52 -45 -51
-46 -50 -45 -49
-46 -48 -45 -47
-46 -46 -45 -45
-46 -44 -45 -43
-46 -42 -45 -41
-46 -40 -45 -39
-46 -38 -45 -37
-46 -36 -45 -35
-46 -34 -45 -33
-46 -32 -45 -31
-46 -30 -45 -29
-46 -28 -45 -27
-46 -26 -45 -25
-46 -24 -45 -23
-46 -22 -45 -21
-46 -20 -45 -19
-46 -18 -45 -17
-46 -16 -45 -15
-46 -14 -45 -13
-46 -12 -45 -11
-46 -10 -45 -9
-46 -8 -45 -7
-46 -6 -45 -5
-46 -4 -45 -3
-46 -2 -45 -1
-46 0 -45 1
-46 2 -45 3
-46 4 -45 5
-46 6 -45 7
-46 8 -45 9
-46 10 -45 11
-46 12 -45 13
-46 14 -45 15
-46 16 -45 17
-46 18 -45 19
-46 20 -45 21
-46 22 -45 23
-46 24 -45 25
-46 26 -45 27
-46 28 -45 29
-46 30 -45 31
-46 32 -45 33
-46 34 -45 35
-46 36 -45 37
-46 38 -45 39
-46 40 -45 41
-46 42 -45 43
-46 44 -45 45
-46 46 -45 47
-46 48 -45 49
-46 50 -45 51
-46 52 -45 53
-46 54 -45 55
-46 56 -45 57
-46 58 -45 59
-46 60 -45 61
-46 62 -45 63
-46 64 -45 65
-46 66 -45 67
-46 68 -45 69
-44 -70 -43 -69
-44 -68 -43 -67
-44 -66 -43 -65
-44 -64 -43 -63
-44 -62 -43 -61
-44 -60 -43 -59
-44 -58 -43 -57
-44 -56 -43 -55
-44 -54 -43 -53
-44 -52 -43 -51
-44 -50 -43 -49
-44 -48 -43 -47
-44 -46 -43 -45
-44 -44 -43 -43
-44 -42 -43 -41
-44 -40 -43 -39
-44 -38 -43 -37
-44 -36 -43 -35
-44 -34 -43 -33
-44 -32 -43 -31
-44 -30 -43 -29
-44 -28 -43 -27
-44 -26 -43 -25
-44 -24 -43 -23
-44 -22 -43 -21
-44 -20 -43 -19
-44 -18 -43 -17
-44 -16 -43 -15
-44 -14 -43 -13
-44 -12 -43 -11
-44 -10 -43 -9
-44 -8 -43 -7
-44 -6 -43 -5
-44 -4 -43 -3
-44 -2 -43 -1
-44 0 -43 1
-44 2 -43 3
-44 4 -43 5
-44 6 -43 7
-44 8 -43 9
-44 10 -43 11
-44 12 -43 13
-44 14 -43 15
-44 16 -43 17
-44 18 -43 19
-44 20 -43 21
-44 22 -43 23
-44 24 -43 25
-44 26 -43 27
-44 28 -43 29
-44 30 -43 31
-44 32 -43 33
-44 34 -43 35
-44 36 -43 37
-44 38 -43 39
-44 40 -43 41
-44 42 -43 43
-44 44 -43 45
-44 46 -43 47
-44 48 -43 49
-44 50 -43 51
-44 52 -43 53
-44 54 -43 55
-44 56 -43 57
-44 58 -43 59
-44 60 -43 61
-44 62 -43 63
-44 64 -43 65
-44 66 -43 67
-44 68 -43 69
-42 -70 -41 -69
-42 -68 -41 -67
-42 -66 -41 -65
-42 -64 -41 -63
-42 -62 -41 -61
-42 -60 -41 -59
-42 -58 -41 -57
-42 -56 -41 -55
-42 -54 -41 -53
-42 -52 -41 -51
-42 -50 -41 -49
-42 -48 -41 -47
-42 -46 -41 -45
-42 -44 -41 -43
-42 -42 -41 -41
-42 -40 -41 -39
-42 -38 -41 -37
-42 -36 -41 -35
-42 -34 -41 -33
-42 -32 -41 -31
-42 -30 -41 -29
-42 -28 -41 -27
-42 -26 -41 -25
-42 -24 -41 -23
-42 -22 -41 -21
-42 -20 -41 -19
-42 -18 -41 -17
-42 -16 -41 -15
-42 -14 -41 -13
-42 -12 -41 -11
-42 -10 -41 -9
-42 -8 -41 -7
-42 -6 -41 -5
-42 -4 -41 -3
-42 -2 -41 -1
-42 0 -41 1
-42 2 -41 3
-42 4 -41 5
-42 6 -41 7
-42 8 -41 9
-42 10 -41 11
-42 12 -41 13
-42 14 -41 15
-42 16 -41 17
-42 18 -41 19
-42 20 -41 21
-42 22 -41 23
-42 24 -41 25
-42 26 -41 27
-42 28 -41 29
-42 30 -41 31
-42 32 -41 33
-42 34 -41 35
-42 36 -41 37
-42 38 -41 39
-42 40 -41 41
-42 42 -41 43
-42 44 -41 45
-42 46 -41 47
-42 48 -41 49
-42 50 -41 51
-42 52 -41 53
-42 54 -41 55
-42 56 -41 57
-42 58 -41 59
-42 60 -41 61
-42 62 -41 63
-42 64 -41 65
-42 66 -41 67
-42 68 -41 69
-40 -70 -39 -69
-40 -68 -39 -67
-40 -66 -39 -65
-40 -64 -39 -63
-40 -62 -39 -61
-40 -60 -39 -59
-40 -58 -39 -57
-40 -56 -39 -55
-40 -54 -39 -53
-40 -52 -39 -51
-40 -50 -39 -49
-40 -48 -39 -47
-40 -46 -39 -45
-40 -44 -39 -43
-40 -42 -39 -41
-40 -40 -39 -39
-40 -38 -39 -37
-40 -36 -39 -35
-40 -34 -39 -33
-40 -32 -39 -31
-40 -30 -39 -29
-40 -28 -39 -27
-40 -26 -39 -25
-40 -24 -39 -23
-40 -22 -39 -21
-40 -20 -39 -19
-40 -18 -39 -17
-40 -16 -39 -15
-40 -14 -39 -13
-40 -12 -39 -11
-40 -10 -39 -9
-40 -8 -39 -7
-40 -6 -39 -5
-40 -4 -39 -3
-40 -2 -39 -1
-40 0 -39 1
-40 2 -39 3
-40 4 -39 5
-40 6 -39 7
-40 8 -39 9
-40 10 -39 11
-40 12 -39 13
-40 14 -39 15
-40 16 -39 17
-40 18 -39 19
-40 20 -39 21
-40 22 -39 23
-40 24 -39 25
-40 26 -39 27
-40 28 -39 29
-40 30 -39 31
-40 32 -39 33
-40 34 -39 35
-40 36 -39 37
-40 38 -39 39
-40 40 -39 41
-40 42 -39 43
-40 44 -39 45
-40 46 -39 47
-40 48 -39 49
-40 50 -39 51
-40 52 -39 53
-40 54 -39 55
-40 56 -39 57
-40 58 -39 59
-40 60 -39 61
-40 62 -39 63
-40 64 -39 65
-40 66 -39 67
-40 68 -39 69
-38 -70 -37 -69
-38 -68 -37 -67
-38 -66 -37 -65
-38 -64 -37 -63
-38 -62 -37 -61
-38 -60 -37 -59
-38 -58 -37 -57
-38 -56 -37 -55
-38 -54 -37 -53
-38 -52 -37 -51
-38 -50 -37 -49
-38 -48 -37 -47
-38 -46 -37 -45
-38 -44 -37 -43
-38 -42 -37 -41
-38 -40 -37 -39
-38 -38 -37 -37
-38 -36 -37 -35
-38 -34 -37 -33
-38 -32 -37 -31
-38 -30 -37 -29
-38 -28 -37 -27
-38 -26 -37 -25
-38 -24 -37 -23
-38 -22 -37 -21
-38 -20 -37 -19
-38 -18 -37 -17
-38 -16 -37 -15
-38 -14 -37 -13
-38 -12 -37 -11
-38 -10 -37 -9
-38 -8 -37 -7
-38 -6 -37 -5
-38 -4 -37 -3
-38 -2 -37 -1
-38 0 -37 1
-38 2 -37 3
-38 4 -37 5
-38 6 -37 7
-38 8 -37 9
-38 10 -37 11
-38 12 -37 13
-38 14 -37 15
-38 16 -37 17
-38 18 -37 19
-38 20 -37 21
-38 22 -37 23
-38 24 -37 25
-38 26 -37 27
-38 28 -37 29
-38 30 -37 31
-38 32 -37 33
-38 34 -37 35
-38 36 -37 37
-38 38 -37 39
-38 40 -37 41
-38 42 -37 43
-38 44 -37 45
-38 46 -37 47
-38 48 -37 49
-38 50 -37 51
-38 52 -37 53
-38 54 -37 55
-38 56 -37 57
-38 58 -37 59
-38 60 -37 61
-38 62 -37 63
-38 64 -37 65
-38 66 -37 67
-38 68 -37 69
-36 -70 -35 -69
-36 -68 -35 -67
-36 -66 -35 -65
-36 -64 -35 -63
-36 -62 -35 -61
-36 -60 -35 -59
-36 -58 -35 -57
-36 -56 -35 -55
-36 -54 -35 -53
-36 -52 -35 -51
-36 -50 -35 -49
-36 -48 -35 -47
-36 -46 -35 -45
-36 -44 -35 -43
-36 -42 -35 -41
-36 -40 -35 -39
-36 -38 -35 -37
-36 -36 -35 -35
-36 -34 -35 -33
-36 -32 -35 -31
-36 -30 -35 -29
-36 -28 -35 -27
-36 -26 -35 -25
-36 -24 -35 -23
-36 -22 -35 -21
-36 -20 -35 -19
-36 -18 -35 -17
-36 -16 -35 -15
-36 -14 -35 -13
-36 -12 -35 -11
-36 -10 -35 -9
-36 -8 -35 -7
-36 -6 -35 -5
-36 -4 -35 -3
-36 -2 -35 -1
-36 0 -35 1
-36 2 -35 3
-36 4 -35 5
-36 6 -35 7
-36 8 -35 9
-36 10 -35 11
-36 12 -35 13
-36 14 -35 15
-36 16 -35 17
-36 18 -35 19
-36 20 -35 21
-36 22 -35 23
-36 24 -35 25
-36 26 -35 27
-36 28 -35 29
-36 30 -35 31
-36 32 -35 33
-36 34 -35 35
-36 36 -35 37
-36 38 -35 39
-36 40 -35 41
-36 42 -35 43
-36 44 -35 45
-36 46 -35 47
-36 48 -35 49
-36 50 -35 51
-36 52 -35 53
-36 54 -35 55
-36 56 -35 57
-36 58 -35 59
-36 60 -35 61
-36 62 -35 63
-36 64 -35 65
-36 66 -35 67
-36 68 -35 69
-34 -70 -33 -69
-34 -68 -33 -67
-34 -66 -33 -65
-34 -64 -33 -63
-34 -62 -33 -61
-34 -60 -33 -59
-34 -58 -33 -57
-34 -56 -33 -55
-34 -54 -33 -53
-34 -52 -33 -51
-34 -50 -33 -49
-34 -48 -33 -47
-34 -46 -33 -45
-34 -44 -33 -43
-34 -42 -33 -41
-34 -40 -33 -39
-34 -38 -33 -37
-34 -36 -33 -35
-34 -34 -33 -33
-34 -32 -33 -31
-34 -30 -33 -29
-34 -28 -33 -27
-34 -26 -33 -25
-34 -24 -33 -23
-34 -22 -33 -21
-34 -20 -33 -19
-34 -18 -33 -17
-34 -16 -33 -15
-34 -14 -33 -13
-34 -12 -33 -11
-34 -10 -33 -9
-34 -8 -33 -7
-34 -6 -33 -5
-34 -4 -33 -3
-34 -2 -33 -1
-34 0 -33 1
-34 2 -33 3
-34 4 -33 5
-34 6 -33 7
-34 8 -33 9
-34 10 -33 11
-34 12 -33 13
-34 14 -33 15
-34 16 -33 17
-34 18 -33 19
-34 20 -33 21
-34 22 -33 23
-34 24 -33 25
-34 26 -33 27
-34 28 -33 29
-34 30 -33 31
-34 32 -33 33
-34 34 -33 35
-34 36 -33 37
-34 38 -33 39
-34 40 -33 41
-34 42 -33 43
-34 44 -33 45
-34 46 -33 47
-34 48 -33 49
-34 50 -33 51
-34 52 -33 53
-34 54 -33 55
-34 56 -33 57
-34 58 -33 59
-34 60 -33 61
-34 62 -33 63
-34 64 -33 65
-34 66 -33 67
-34 68 -33 69
-32 -70 -31 -69
-32 -68 -31 -67
-32 -66 -31 -65
-32 -64 -31 -63
-32 -62 -31 -61
-32 -60 -31 -59
-32 -58 -31 -57
-32 -56 -31 -55
-32 -54 -31 -53
-32 -52 -31 -51
-32 -50 -31 -49
-32 -48 -31 -47
-32 -46 -31 -45
-32 -44 -31 -43
-32 -42 -31 -41
-32 -40 -31 -39
-32 -38 -31 -37
-32 -36 -31 -35
-32 -34 -31 -33
-32 -32 -31 -31
-32 -30 -31 -29
-32 -28 -31 -27
-32 -26 -31 -25
-32 -24 -31 -23
-32 -22 -31 -21
-32 -20 -31 -19
-32 -18 -31 -17
-32 -16 -31 -15
-32 -14 -31 -13
-32 -12 -31 -11
-32 -10 -31 -9
-32 -8 -31 -7
-32 -6 -31 -5
-32 -4 -31 -3
-32 -2 -31 -1
-32 0 -31 1
-32 2 -31 3
-32 4 -31 5
-32 6 -31 7
-32 8 -31 9
-32 10 -31 11
-32 12 -31 13
-32 14 -31 15
-32 16 -31 17
-32 18 -31 19
-32 20 -31 21
-32 22 -31 23
-32 24 -31 25
-32 26 -31 27
-32 28 -31 29
-32 30 -31 31
-32 32 -31 33
-32 34 -31 35
-32 36 -31 37
-32 38 -31 39
-32 40 -31 41
-32 42 -31 43
-32 44 -31 45
-32 46 -31 47
-32 48 -31 49
-32 50 -31 51
-32 52 -31 53
-32 54 -31 55
-32 56 -31 57
-32 58 -31 59
-32 60 -31 61
-32 62 -31 63
-32 64 -31 65
-32 66 -31 67
-32 68 -31 69
-30 -70 -29 -69
-30 -68 -29 -67
-30 -66 -29 -65
-30 -64 -29 -63
-30 -62 -29 -61
-30 -60 -29 -59
-30 -58 -29 -57
-30 -56 -29 -55
-30 -54 -29 -53
-30 -52 -29 -51
-30 -50 -29 -49
-30 -48 -29 -47
-30 -46 -29 -45
-30 -44 -29 -43
-30 -42 -29 -41
-30 -40 -29 -39
-30 -38 -29 -37
-30 -36 -29 -35
-30 -34 -29 -33
-30 -32 -29 -31
-30 -30 -29 -29
-30 -28 -29 -27
-30 -26 -29 -25
-30 -24 -29 -23
-30 -22 -29 -21
-30 -20 -29 -19
-30 -18 -29 -17
-30 -16 -29 -15
-30 -14 -29 -13
-30 -12 -29 -11
-30 -10 -29 -9
-30 -8 -29 -7
-30 -6 -29 -5
-30 -4 -29 -3
-30 -2 -29 -1
-30 0 -29 1
-30 2 -29 3
-30 4 -29 5
-30 6 -29 7
-30 8 -29 9
-30 10 -29 11
-30 12 -29 13
-30 14 -29 15
-30 16 -29 17
-30 18 -29 19
-30 20 -29 21
-30 22 -29 23
-30 24 -29 25
-30 26 -29 27
-30 28 -29 29
-30 30 -29 31
-30 32 -29 33
-30 34 -29 35
-30 36 -29 37
-30 38 -29 39
-30 40 -29 41
-30 42 -29 43
-30 44 -29 45
-30 46 -29 47
-30 48 -29 49
-30 50 -29 51
-30 52 -29 53
-30 54 -29 55
-30 56 -29 57
-30 58 -29 59
-30 60 -29 61
-30 62 -29 63
-30 64 -29 65
-30 66 -29 67
-30 68 -29 69
-28 -70 -27 -69
-28 -68 -27 -67
-28 -66 -27 -65
-28 -64 -27 -63
-28 -62 -27 -61
-28 -60 -27 -59
-28 -58 -27 -57
-28 -56 -27 -55
-28 -54 -27 -53
-28 -52 -27 -51
-28 -50 -27 -49
-28 -48 -27 -47
-28 -46 -27 -45
-28 -44 -27 -43
-28 -42 -27 -41
-28 -40 -27 -39
-28 -38 -27 -37
-28 -36 -27 -35
-28 -34 -27 -33
-28 -32 -27 -31
-28 -30 -27 -29
-28 -28 -27 -27
-28 -26 -27 -25
-28 -24 -27 -23
-28 -22 -27 -21
-28 -20 -27 -19
-28 -18 -27 -17
-28 -16 -27 -15
-28 -14 -27 -13
-28 -12 -27 -11
-28 -10 -27 -9
-28 -8 -27 -7
-28 -6 -27 -5
-28 -4 -27 -3
-28 -2 -27 -1
-28 0 -27 1
-28 2 -27 3
-28 4 -27 5
-28 6 -27 7
-28 8 -27 9
-28 10 -27 11
-28 12 -27 13
-28 14 -27 15
-28 16 -27 17
-28 18 -27 19
-28 20 -27 21
-28 22 -27 23
-28 24 -27 25
-28 26 -27 27
-28 28 -27 29
-28 30 -27 31
-28 32 -27 33
-28 34 -27 35
-28 36 -27 37
-28 38 -27 39
-28 40 -27 41
-28 42 -27 43
-28 44 -27 45
-28 46 -27 47
-28 48 -27 49
-28 50 -27 51
-28 52 -27 53
-28 54 -27 55
-28 56 -27 57
-28 58 -27 59
-28 60 -27 61
-28 62 -27 63
-28 64 -27 65
-28 66 -27 67
-28 68 -27 69
-26 -70 -25 -69
-26 -68 -25 -67
-26 -66 -25 -65
-26 -64 -25 -63
-26 -62 -25 -61
-26 -60 -25 -59
-26 -58 -25 -57
-26 -56 -25 -55
-26 -54 -25 -53
-26 -52 -25 -51
-26 -50 -25 -49
-26 -48 -25 -47
-26 -46 -25 -45
-26 -44 -25 -43
-26 -42 -25 -41
-26 -40 -25 -39
-26 -38 -25 -37
-26 -36 -25 -35
-26 -34 -25 -33
-26 -32 -25 -31
-26 -30 -25 -29
-26 -28 -25 -27
-26 -26 -25 -25
-26 -24 -25 -23
-26 -22 -25 -21
-26 -20 -25 -19
-26 -18 -25 -17
-26 -16 -25 -15
-26 -14 -25 -13
-26 -12 -25 -11
-26 -10 -25 -9
-26 -8 -25 -7
-26 -6 -25 -5
-26 -4 -25 -3
-26 -2 -25 -1
-26 0 -25 1
-26 2 -25 3
-26 4 -25 5
-26 6 -25 7
-26 8 -25 9
-26 10 -25 11
-26 12 -25 13
-26 14 -25 15
-26 16 -25 17
-26 18 -25 19
-26 20 -25 21
-26 22 -25 23
-26 24 -25 25
-26 26 -25 27
-26 28 -25 29
-26 30 -25 31
-26 32 -25 33
-26 34 -25 35
-26 36 -25 37
-26 38 -25 39
-26 40 -25 41
-26 42 -25 43
-26 44 -25 45
-26 46 -25 47
-26 48 -25 49
-26 50 -25 51
-26 52 -25 53
-26 54 -25 55
-26 56 -25 57
-26 58 -25 59
-26 60 -25 61
-26 62 -25 63
-26 64 -25 65
-26 66 -25 67
-26 68 -25 69
-24 -70 -23 -69
-24 -68 -23 -67
-24 -66 -23 -65
-24 -64 -23 -63
-24 -62 -23 -61
-24 -60 -23 -59
-24 -58 -23 -57
-24 -56 -23 -55
-24 -54 -23 -53
-24 -52 -23 -51
-24 -50 -23 -49
-24 -48 -23 -47
-24 -46 -23 -45
-24 -44 -23 -43
-24 -42 -23 -41
-24 -40 -23 -39
-24 -38 -23 -37
-24 -36 -23 -35
-24 -34 -23 -33
-24 -32 -23 -31
-24 -30 -23 -29
-24 -28 -23 -27
-24 -26 -23 -25
-24 -24 -23 -23
-24 -22 -23 -21
-24 -20 -23 -19
-24 -18 -23 -17
-24 -16 -23 -15
-24 -14 -23 -13
-24 -12 -23 -11
-24 -10 -23 -9
-24 -8 -23 -7
-24 -6 -23 -5
-24 -4 -23 -3
-24 -2 -23 -1
-24 0 -23 1
-24 2 -23 3
-24 4 -23 5
-24 6 -23 7
-24 8 -23 9
-24 10 -23 11
-24 12 -23 13
-24 14 -23 15
-24 16 -23 17
-24 18 -23 19
-24 20 -23 21
-24 22 -23 23
-24 24 -23 25
-24 26 -23 27
-24 28 -23 29
-24 30 -23 31
-24 32 -23 33
-24 34 -23 35
-24 36 -23 37
-24 38 -23 39
-24 40 -23 41
-24 42 -23 43
-24 44 -23 45
-24 46 -23 47
-24 48 -23 49
-24 50 -23 51
-24 52 -23 53
-24 54 -23 55
-24 56 -23 57
-24 58 -23 59
-24 60 -23 61
-24 62 -23 63
-24 64 -23 65
-24 66 -23 67
-24 68 -23 69
-22 -70 -21 -69
-22 -68 -21 -67
-22 -66 -21 -65
-22 -64 -21 -63
-22 -62 -21 -61
-22 -60 -21 -59
-22 -58 -21 -57
-22 -56 -21 -55
-22 -54 -21 -53
-22 -52 -21 -51
-22 -50 -21 -49
-22 -48 -21 -47
-22 -46 -21 -45
-22 -44 -21 -43
-22 -42 -21 -41
-22 -40 -21 -39
-22 -38 -21 -37
-22 -36 -21 -35
-22 -34 -21 -33
-22 -32 -21 -31
-22 -30 -21 -29
-22 -28 -21 -27
-22 -26 -21 -25
-22 -24 -21 -23
-22 -22 -21 -21
-22 -20 -21 -19
-22 -18 -21 -17
-22 -16 -21 -15
-22 -14 -21 -13
-22 -12 -21 -11
-22 -10 -21 -9
-22 -8 -21 -7
-22 -6 -21 -5
-22 -4 -21 -3
-22 -2 -21 -1
-22 0 -21 1
-22 2 -21 3
-22 4 -21 5
-22 6 -21 7
-22 8 -21 9
-22 10 -21 11
-22 12 -21 13
-22 14 -21 15
-22 16 -21 17
-22 18 -21 19
-22 20 -21 21
-22 22 -21 23
-22 24 -21 25
-22 26 -21 27
-22 28 -21 29
-22 30 -21 31
-22 32 -21 33
-22 34 -21 35
-22 36 -21 37
-22 38 -21 39
-22 40 -21 41
-22 42 -21 43
-22 44 -21 45
-22 46 -21 47
-22 48 -21 49
-22 50 -21 51
-22 52 -21 53
-22 54 -21 55
-22 56 -21 57
-22 58 -21 59
-22 60 -21 61
-22 62 -21 63
-22 64 -21 65
-22 66 -21 67
-22 68 -21 69
-20 -70 -19 -69
-20 -68 -19 -67
-20 -66 -19 -65
-20 -64 -19 -63
-20 -62 -19 -61
-20 -60 -19 -59
-20 -58 -19 -57
-20 -56 -19 -55
-20 -54 -19 -53
-20 -52 -19 -51
-20 -50 -19 -49
-20 -48 -19 -47
-20 -46 -19 -45
-20 -44 -19 -43
-20 -42 -19 -41
-20 -40 -19 -39
-20 -38 -19 -37
-20 -36 -19 -35
-20 -34 -19 -33
-20 -32 -19 -31
-20 -30 -19 -29
-20 -28 -19 -27
-20 -26 -19 -25
-20 -24 -19 -23
-20 -22 -19 -21
-20 -20 -19 -19
-20 -18 -19 -17
-20 -16 -19 -15
-20 -14 -19 -13
-20 -12 -19 -11
-20 -10 -19 -9
-20 -8 -19 -7
-20 -6 -19 -5
-20 -4 -19 -3
-20 -2 -19 -1
-20 0 -19 1
-20 2 -19 3
-20 4 -19 5
-20 6 -19 7
-20 8 -19 9
-20 10 -19 11
-20 12 -19 13
-20 14 -19 15
-20 16 -19 17
-20 18 -19 19
-20 20 -19 21
-20 22 -19 23
-20 24 -19 25
-20 26 -19 27
-20 28 -19 29
-20 30 -19 31
-20 32 -19 33
-20 34 -19 35
-20 36 -19 37
-20 38 -19 39
-20 40 -19 41
-20 42 -19 43
-20 44 -19 45
-20 46 -19 47
-20 48 -19 49
-20 50 -19 51
-20 52 -19 53
-20 54 -19 55
-20 56 -19 57
-20 58 -19 59
-20 60 -19 61
-20 62 -19 63
-20 64 -19 65
-20 66 -19 67
-20 68 -19 69
-18 -70 -17 -69
-18 -68 -17 -67
-18 -66 -17 -65
-18 -64 -17 -63
-18 -62 -17 -61
-18 -60 -17 -59
-18 -58 -17 -57
-18 -56 -17 -55
-18 -54 -17 -53
-18 -52 -17 -51
-18 -50 -17 -49
-18 -48 -17 -47
-18 -46 -17 -45
-18 -44 -17 -43
-18 -42 -17 -41
-18 -40 -17 -39
-18 -38 -17 -37
-18 -36 -17 -35
-18 -34 -17 -33
-18 -32 -17 -31
-18 -30 -17 -29
-18 -28 -17 -27
-18 -26 -17 -25
-18 -24 -17 -23
-18 -22 -17 -21
-18 -20 -17 -19
-18 -18 -17 -17
-18 -16 -17 -15
-18 -14 -17 -13
-18 -12 -17 -11
-18 -10 -17 -9
-18 -8 -17 -7
-18 -6 -17 -5
-18 -4 -17 -3
-18 -2 -17 -1
-18 0 -17 1
-18 2 -17 3
-18 4 -17 5
-18 6 -17 7
-18 8 -17 9
-18 10 -17 11
-18 12 -17 13
-18 14 -17 15
-18 16 -17 17
-18 18 -17 19
-18 20 -17 21
-18 22 -17 23
-18 24 -17 25
-18 26 -17 27
-18 28 -17 29
-18 30 -17 31
-18 32 -17 33
-18 34 -17 35
-18 36 -17 37
-18 38 -17 39
-18 40 -17 41
-18 42 -17 43
-18 44 -17 45
-18 46 -17 47
-18 48 -17 49
-18 50 -17 51
-18 52 -17 53
-18 54 -17 55
-18 56 -17 57
-18 58 -17 59
-18 60 -17 61
-18 62 -17 63
-18 64 -17 65
-18 66 -17 67
-18 68 -17 69
-16 -70 -15 -69
-16 -68 -15 -67
-16 -66 -15 -65
-16 -64 -15 -63
-16 -62 -15 -61
-16 -60 -15 -59
-16 -58 -15 -57
-16 -56 -15 -55
-16 -54 -15 -53
-16 -52 -15 -51
-16 -50 -15 -49
-16 -48 -15 -47
-16 -46 -15 -45
-16 -44 -15 -43
-16 -42 -15 -41
-16 -40 -15 -39
-16 -38 -15 -37
-16 -36 -15 -35
-16 -34 -15 -33
-16 -32 -15 -31
-16 -30 -15 -29
-16 -28 -15 -27
-16 -26 -15 -25
-16 -24 -15 -23
-16 -22 -15 -21
-16 -20 -15 -19
-16 -18 -15 -17
-16 -16 -15 -15
-16 -14 -15 -13
-16 -12 -15 -11
-16 -10 -15 -9
-16 -8 -15 -7
-16 -6 -15 -5
-16 -4 -15 -3
-16 -2 -15 -1
-16 0 -15 1
-16 2 -15 3
-16 4 -15 5
-16 6 -15 7
-16 8 -15 9
-16 10 -15 11
-16 12 -15 13
-16 14 -15 15
-16 16 -15 17
-16 18 -15 19
-16 20 -15 21
-16 22 -15 23
-16 24 -15 25
-16 26 -15 27
-16 28 -15 29
-16 30 -15 31
-16 32 -15 33
-16 34 -15 35
-16 36 -15 37
-16 38 -15 39
-16 40 -15 41
-16 42 -15 43
-16 44 -15 45
-16 46 -15 47
-16 48 -15 49
-16 50 -15 51
-16 52 -15 53
-16 54 -15 55
-16 56 -15 57
-16 58 -15 59
-16 60 -15 61
-16 62 -15 63
-16 64 -15 65
-16 66 -15 67
-16 68 -15 69
-14 -70 -13 -69
-14 -68 -13 -67
-14 -66 -13 -65
-14 -64 -13 -63
-14 -62 -13 -61
-14 -60 -13 -59
-14 -58 -13 -57
-14 -56 -13 -55
-14 -54 -13 -53
-14 -52 -13 -51
-14 -50 -13 -49
-14 -48 -13 -47
-14 -46 -13 -45
-14 -44 -13 -43
-14 -42 -13 -41
-14 -40 -13 -39
-14 -38 -13 -37
-14 -36 -13 -35
-14 -34 -13 -33
-14 -32 -13 -31
-14 -30 -13 -29
-14 -28 -13 -27
-14 -26 -13 -25
-14 -24 -13 -23
-14 -22 -13 -21
-14 -20 -13 -19
-14 -18 -13 -17
-14 -16 -13 -15
-14 -14 -13 -13
-14 -12 -13 -11
-14 -10 -13 -9
-14 -8 -13 -7
-14 -6 -13 -5
-14 -4 -13 -3
-14 -2 -13 -1
-14 0 -13 1
-14 2 -13 3
-14 4 -13 5
-14 6 -13 7
-14 8 -13 9
-14 10 -13 11
-14 12 -13 13
-14 14 -13 15
-14 16 -13 17
-14 18 -13 19
-14 20 -13 21
-14 22 -13 23
-14 24 -13 25
-14 26 -13 27
-14 28 -13 29
-14 30 -13 31
-14 32 -13 33
-14 34 -13 35
-14 36 -13 37
-14 38 -13 39
-14 40 -13 41
-14 42 -13 43
-14 44 -13 45
-14 46 -13 47
-14 48 -13 49
-14 50 -13 51
-14 52 -13 53
-14 54 -13 55
-14 56 -13 57
-14 58 -13 59
-14 60 -13 61
-14 62 -13 63
-14 64 -13 65
-14 66 -13 67
-14 68 -13 69
-12 -70 -11 -69
-12 -68 -11 -67
-12 -66 -11 -65
-12 -64 -11 -63
-12 -62 -11 -61
-12 -60 -11 -59
-12 -58 -11 -57
-12 -56 -11 -55
-12 -54 -11 -53
-12 -52 -11 -51
-12 -50 -11 -49
-12 -48 -11 -47
-12 -46 -11 -45
-12 -44 -11 -43
-12 -42 -11 -41
-12 -40 -11 -39
-12 -38 -11 -37
-12 -36 -11 -35
-12 -34 -11 -33
-12 -32 -11 -31
-12 -30 -11 -29
-12 -28 -11 -27
-12 -26 -11 -25
-12 -24 -11 -23
-12 -22 -11 -21
-12 -20 -11 -19
-12 -18 -11 -17
-12 -16 -11 -15
-12 -14 -11 -13
-12 -12 -11 -11
-12 -10 -11 -9
-12 -8 -11 -7
-12 -6 -11 -5
-12 -4 -11 -3
-12 -2 -11 -1
-12 0 -11 1
-12 2 -11 3
-12 4 -11 5
-12 6 -11 7
-12 8 -11 9
-12 10 -11 11
-12 12 -11 13
-12 14 -11 15
-12 16 -11 17
-12 18 -11 19
-12 20 -11 21
-12 22 -11 23
-12 24 -11 25
-12 26 -11 27
-12 28 -11 29
-12 30 -11 31
-12 32 -11 33
-12 34 -11 35
-12 36 -11 37
-12 38 -11 39
-12 40 -11 41
-12 42 -11 43
-12 44 -11 45
-12 46 -11 47
-12 48 -11 49
-12 50 -11 51
-12 52 -11 53
-12 54 -11 55
-12 56 -11 57
-12 58 -11 59
-12 60 -11 61
-12 62 -11 63
-12 64 -11 65
-12 66 -11 67
-12 68 -11 69
-10 -70 -9 -69
-10 -68 -9 -67
-10 -66 -9 -65
-10 -64 -9 -63
-10 -62 -9 -61
-10 -60 -9 -59
-10 -58 -9 -57
-10 -56 -9 -55
-10 -54 -9 -53
-10 -52 -9 -51
-10 -50 -9 -49
-10 -48 -9 -47
-10 -46 -9 -45
-10 -44 -9 -43
-10 -42 -9 -41
-10 -40 -9 -39
-10 -38 -9 -37
-10 -36 -9 -35
-10 -34 -9 -33
-10 -32 -9 -31
-10 -30 -9 -29
-10 -28 -9 -27
-10 -26 -9 -25
-10 -24 -9 -23
-10 -22 -9 -21
-10 -20 -9 -19
-10 -18 -9 -17
-10 -16 -9 -15
-10 -14 -9 -13
-10 -12 -9 -11
-10 -10 -9 -9
-10 -8 -9 -7
-10 -6 -9 -5
-10 -4 -9 -3
-10 -2 -9 -1
-10 0 -9 1
-10 2 -9 3
-10 4 -9 5
-10 6 -9 7
-10 8 -9 9
-10 10 -9 11
-10 12 -9 13
-10 14 -9 15
-10 16 -9 17
-10 18 -9 19
-10 20 -9 21
-10 22 -9 23
-10 24 -9 25
-10 26 -9 27
-10 28 -9 29
-10 30 -9 31
-10 32 -9 33
-10 34 -9 35
-10 36 -9 37
-10 38 -9 39
-10 40 -9 41
-10 42 -9 43
-10 44 -9 45
-10 46 -9 47
-10 48 -9 49
-10 50 -9 51
-10 52 -9 53
-10 54 -9 55
-10 56 -9 57
-10 58 -9 59
-10 60 -9 61
-10 62 -9 63
-10 64 -9 65
-10 66 -9 67
-10 68 -9 69
-8 -70 -7 -69
-8 -68 -7 -67
-8 -66 -7 -65
-8 -64 -7 -63
-8 -62 -7 -61
-8 -60 -7 -59
-8 -58 -7 -57
-8 -56 -7 -55
-8 -54 -7 -53
-8 -52 -7 -51
-8 -50 -7 -49
-8 -48 -7 -47
-8 -46 -7 -45
-8 -44 -7 -43
-8 -42 -7 -41
-8 -40 -7 -39
-8 -38 -7 -37
-8 -36 -7 -35
-8 -34 -7 -33
-8 -32 -7 -31
-8 -30 -7 -29
-8 -28 -7 -27
-8 -26 -7 -25
-8 -24 -7 -23
-8 -22 -7 -21
-8 -20 -7 -19
-8 -18 -7 -17
-8 -16 -7 -15
-8 -14 -7 -13
-8 -12 -7 -11
-8 -10 -7 -9
-8 -8 -7 -7
-8 -6 -7 -5
-8 -4 -7 -3
-8 -2 -7 -1
-8 0 -7 1
-8 2 -7 3
-8 4 -7 5
-8 6 -7 7
-8 8 -7 9
-8 10 -7 11
-8 12 -7 13
-8 14 -7 15
-8 16 -7 17
-8 18 -7 19
-8 20 -7 21
-8 22 -7 23
-8 24 -7 25
-8 26 -7 27
-8 28 -7 29
-8 30 -7 31
-8 32 -7 33
-8 34 -7 35
-8 36 -7 37
-8 38 -7 39
-8 40 -7 41
-8 42 -7 43
-8 44 -7 45
-8 46 -7 47
-8 48 -7 49
-8 50 -7 51
-8 52 -7 53
-8 54 -7 55
-8 56 -7 57
-8 58 -7 59
-8 60 -7 61
-8 62 -7 63
-8 64 -7 65
-8 66 -7 67
-8 68 -7 69
-6 -70 -5 -69
-6 -68 -5 -67
-6 -66 -5 -65
-6 -64 -5 -63
-6 -62 -5 -61
-6 -60 -5 -59
-6 -58 -5 -57
-6 -56 -5 -55
-6 -54 -5 -53
-6 -52 -5 -51
-6 -50 -5 -49
-6 -48 -5 -47
-6 -46 -5 -45
-6 -44 -5 -43
-6 -42 -5 -41
-6 -40 -5 -39
-6 -38 -5 -37
-6 -36 -5 -35
-6 -34 -5 -33
-6 -32 -5 -31
-6 -30 -5 -29
-6 -28 -5 -27
-6 -26 -5 -25
-6 -24 -5 -23
-6 -22 -5 -21
-6 -20 -5 -19
-6 -18 -5 -17
-6 -16 -5 -15
-6 -14 -5 -13
-6 -12 -5 -11
-6 -10 -5 -9
-6 -8 -5 -7
-6 -6 -5 -5
-6 -4 -5 -3
-6 -2 -5 -1
-6 0 -5 1
-6 2 -5 3
-6 4 -5 5
-6 6 -5 7
-6 8 -5 9
-6 10 -5 11
-6 12 -5 13
-6 14 -5 15
-6 16 -5 17
-6 18 -5 19
-6 20 -5 21
-6 22 -5 23
-6 24 -5 25
-6 26 -5 27
-6 28 -5 29
-6 30 -5 31
-6 32 -5 33
-6 34 -5 35
-6 36 -5 37
-6 38 -5 39
-6 40 -5 41
-6 42 -5 43
-6 44 -5 45
-6 46 -5 47
-6 48 -5 49
-6 50 -5 51
-6 52 -5 53
-6 54 -5 55
-6 56 -5 57
-6 58 -5 59
-6 60 -5 61
-6 62 -5 63
-6 64 -5 65
-6 66 -5 67
-6 68 -5 69
-4 -70 -3 -69
-4 -68 -3 -67
-4 -66 -3 -65
-4 -64 -3 -63
-4 -62 -3 -61
-4 -60 -3 -59
-4 -58 -3 -57
-4 -56 -3 -55
-4 -54 -3 -53
-4 -52 -3 -51
-4 -50 -3 -49
-4 -48 -3 -47
-4 -46 -3 -45
-4 -44 -3 -43
-4 -42 -3 -41
-4 -40 -3 -39
-4 -38 -3 -37
-4 -36 -3 -35
-4 -34 -3 -33
-4 -32 -3 -31
-4 -30 -3 -29
-4 -28 -3 -27
-4 -26 -3 -25
-4 -24 -3 -23
-4 -22 -3 -21
-4 -20 -3 -19
-4 -18 -3 -17
-4 -16 -3 -15
-4 -14 -3 -13
-4 -12 -3 -11
-4 -10 -3 -9
-4 -8 -3 -7
-4 -6 -3 -5
-4 -4 -3 -3
-4 -2 -3 -1
-4 0 -3 1
-4 2 -3 3
-4 4 -3 5
-4 6 -3 7
-4 8 -3 9
-4 10 -3 11
-4 12 -3 13
-4 14 -3 15
-4 16 -3 17
-4 18 -3 19
-4 20 -3 21
-4 22 -3 23
-4 24 -3 25
-4 26 -3 27
-4 28 -3 29
-4 30 -3 31
-4 32 -3 33
-4 34 -3 35
-4 36 -3 37
-4 38 -3 39
-4 40 -3 41
-4 42 -3 43
-4 44 -3 45
-4 46 -3 47
-4 48 -3 49
-4 50 -3 51
-4 52 -3 53
-4 54 -3 55
-4 56 -3 57
-4 58 -3 59
-4 60 -3 61
-4 62 -3 63
-4 64 -3 65
-4 66 -3 67
-4 68 -3 69
-2 -70 -1 -69
-2 -68 -1 -67
-2 -66 -1 -65
-2 -64 -1 -63
-2 -62 -1 -61
-2 -60 -1 -59
-2 -58 -1 -57
-2 -56 -1 -55
-2 -54 -1 -53
-2 -52 -1 -51
-2 -50 -1 -49
-2 -48 -1 -47
-2 -46 -1 -45
-2 -44 -1 -43
-2 -42 -1 -41
-2 -40 -1 -39
-2 -38 -1 -37
-2 -36 -1 -35
-2 -34 -1 -33
-2 -32 -1 -31
-2 -30 -1 -29
-2 -28 -1 -27
-2 -26 -1 -25
-2 -24 -1 -23
-2 -22 -1 -21
-2 -20 -1 -19
-2 -18 -1 -17
-2 -16 -1 -15
-2 -14 -1 -13
-2 -12 -1 -11
-2 -10 -1 -9
-2 -8 -1 -7
-2 -6 -1 -5
-2 -4 -1 -3
-2 -2 -1 -1
-2 0 -1 1
-2 2 -1 3
-2 4 -1 5
-2 6 -1 7
-2 8 -1 9
-2 10 -1 11
-2 12 -1 13
-2 14 -1 15
-2 16 -1 17
-2 18 -1 19
-2 20 -1 21
-2 22 -1 23
-2 24 -1 25
-2 26 -1 27
-2 28 -1 29
-2 30 -1 31
-2 32 -1 33
-2 34 -1 35
-2 36 -1 37
-2 38 -1 39
-2 40 -1 41
-2 42 -1 43
-2 44 -1 45
-2 46 -1 47
-2 48 -1 49
-2 50 -1 51
-2 52 -1 53
-2 54 -1 55
-2 56 -1 57
-2 58 -1 59
-2 60 -1 61
-2 62 -1 63
-2 64 -1 65
-2 66 -1 67
-2 68 -1 69
0 -70 1 -69
0 -68 1 -67
0 -66 1 -65
0 -64 1 -63
0 -62 1 -61
0 -60 1 -59
0 -58 1 -57
0 -56 1 -55
0 -54 1 -53
0 -52 1 -51
0 -50 1 -49
0 -48 1 -47
0 -46 1 -45
0 -44 1 -43
0 -42 1 -41
0 -40 1 -39
0 -38 1 -37
0 -36 1 -35
0 -34 1 -33
0 -32 1 -31
0 -30 1 -29
0 -28 1 -27
0 -26 1 -25
0 -24 1 -23
0 -22 1 -21
0 -20 1 -19
0 -18 1 -17
0 -16 1 -15
0 -14 1 -13
0 -12 1 -11
0 -10 1 -9
0 -8 1 -7
0 -6 1 -5
0 -4 1 -3
0 -2 1 -1
0 0 1 1
0 2 1 3
0 4 1 5
0 6 1 7
0 8 1 9
0 10 1 11
0 12 1 13
0 14 1 15
0 16 1 17
0 18 1 19
0 20 1 21
0 22 1 23
0 24 1 25
0 26 1 27
0 28 1 29
0 30 1 31
0 32 1 33
0 34 1 35
0 36 1 37
0 38 1 39
0 40 1 41
0 42 1 43
0 44 1 45
0 46 1 47
0 48 1 49
0 50 1 51
0 52 1 53
0 54 1 55
0 56 1 57
0 58 1 59
0 60 1 61
0 62 1 63
0 64 1 65
0 66 1 67
0 68 1 69
2 -70 3 -69
2 -68 3 -67
2 -66 3 -65
2 -64 3 -63
2 -62 3 -61
2 -60 3 -59
2 -58 3 -57
2 -56 3 -55
2 -54 3 -53
2 -52 3 -51
2 -50 3 -49
2 -48 3 -47
2 -46 3 -45
2 -44 3 -43
2 -42 3 -41
2 -40 3 -39
2 -38 3 -37
2 -36 3 -35
2 -34 3 -33
2 -32 3 -31
2 -30 3 -29
2 -28 3 -27
2 -26 3 -25
2 -24 3 -23
2 -22 3 -21
2 -20 3 -19
2 -18 3 -17
2 -16 3 -15
2 -14 3 -13
2 -12 3 -11
2 -10 3 -9
2 -8 3 -7
2 -6 3 -5
2 -4 3 -3
2 -2 3 -1
2 0 3 1
2 2 3 3
2 4 3 5
2 6 3 7
2 8 3 9
2 10 3 11
2 12 3 13
2 14 3 15
2 16 3 17
2 18 3 19
2 20 3 21
2 22 3 23
2 24 3 25
2 26 3 27
2 28 3 29
2 30 3 31
2 32 3 33
2 34 3 35
2 36 3 37
2 38 3 39
2 40 3 41
2 42 3 43
2 44 3 45
2 46 3 47
2 48 3 49
2 50 3 51
2 52 3 53
2 54 3 55
2 56 3 57
2 58 3 59
2 60 3 61
2 62 3 63
2 64 3 65
2 66 3 67
2 68 3 69
4 -70 5 -69
4 -68 5 -67
4 -66 5 -65
4 -64 5 -63
4 -62 5 -61
4 -60 5 -59
4 -58 5 -57
4 -56 5 -55
4 -54 5 -53
4 -52 5 -51
4 -50 5 -49
4 -48 5 -47
4 -46 5 -45
4 -44 5 -43
4 -42 5 -41
4 -40 5 -39
4 -38 5 -37
4 -36 5 -35
4 -34 5 -33
4 -32 5 -31
4 -30 5 -29
4 -28 5 -27
4 -26 5 -25
4 -24 5 -23
4 -22 5 -21
4 -20 5 -19
4 -18 5 -17
4 -16 5 -15
4 -14 5 -13
4 -12 5 -11
4 -10 5 -9
4 -8 5 -7
4 -6 5 -5
4 -4 5 -3
4 -2 5 -1
4 0 5 1
4 2 5 3
4 4 5 5
4 6 5 7
4 8 5 9
4 10 5 11
4 12 5 13
4 14 5 15
4 16 5 17
4 18 5 19
4 20 5 21
4 22 5 23
4 24 5 25
4 26 5 27
4 28 5 29
4 30 5 31
4 32 5 33
4 34 5 35
4 36 5 37
4 38 5 39
4 40 5 41
4 42 5 43
4 44 5 45
4 46 5 47
4 48 5 49
4 50 5 51
4 52 5 53
4 54 5 55
4 56 5 57
4 58 5 59
4 60 5 61
4 62 5 63
4 64 5 65
4 66 5 67
4 68 5 69
6 -70 7 -69
6 -68 7 -67
6 -66 7 -65
6 -64 7 -63
6 -62 7 -61
6 -60 7 -59
6 -58 7 -57
6 -56 7 -55
6 -54 7 -53
6 -52 7 -51
6 -50 7 -49
6 -48 7 -47
6 -46 7 -45
6 -44 7 -43
6 -42 7 -41
6 -40 7 -39
6 -38 7 -37
6 -36 7 -35
6 -34 7 -33
6 -32 7 -31
6 -30 7 -29
6 -28 7 -27
6 -26 7 -25
6 -24 7 -23
6 -22 7 -21
6 -20 7 -19
6 -18 7 -17
6 -16 7 -15
6 -14 7 -13
6 -12 7 -11
6 -10 7 -9
6 -8 7 -7
6 -6 7 -5
6 -4 7 -3
6 -2 7 -1
6 0 7 1
6 2 7 3
6 4 7 5
6 6 7 7
6 8 7 9
6 10 7 11
6 12 7 13
6 14 7 15
6 16 7 17
6 18 7 19
6 20 7 21
6 22 7 23
6 24 7 25
6 26 7 27
6 28 7 29
6 30 7 31
6 32 7 33
6 34 7 35
6 36 7 37
6 38 7 39
6 40 7 41
6 42 7 43
6 44 7 45
6 46 7 47
6 48 7 49
6 50 7 51
6 52 7 53
6 54 7 55
6 56 7 57
6 58 7 59
6 60 7 61
6 62 7 63
6 64 7 65
6 66 7 67
6 68 7 69
8 -70 9 -69
8 -68 9 -67
8 -66 9 -65
8 -64 9 -63
8 -62 9 -61
8 -60 9 -59
8 -58 9 -57
8 -56 9 -55
8 -54 9 -53
8 -52 9 -51
8 -50 9 -49
8 -48 9 -47
8 -46 9 -45
8 -44 9 -43
8 -42 9 -41
8 -40 9 -39
8 -38 9 -37
8 -36 9 -35
8 -34 9 -33
8 -32 9 -31
8 -30 9 -29
8 -28 9 -27
8 -26 9 -25
8 -24 9 -23
8 -22 9 -21
8 -20 9 -19
8 -18 9 -17
8 -16 9 -15
8 -14 9 -13
8 -12 9 -11
8 -10 9 -9
8 -8 9 -7
8 -6 9 -5
8 -4 9 -3
8 -2 9 -1
8 0 9 1
8 2 9 3
8 4 9 5
8 6 9 7
8 8 9 9
8 10 9 11
8 12 9 13
8 14 9 15
8 16 9 17
8 18 9 19
8 20 9 21
8 22 9 23
8 24 9 25
8 26 9 27
8 28 9 29
8 30 9 31
8 32 9 33
8 34 9 35
8 36 9 37
8 38 9 39
8 40 9 41
8 42 9 43
8 44 9 45
8 46 9 47
8 48 9 49
8 50 9 51
8 52 9 53
8 54 9 55
8 56 9 57
8 58 9 59
8 60 9 61
8 62 9 63
8 64 9 65
8 66 9 67
8 68 9 69
10 -70 11 -69
10 -68 11 -67
10 -66 11 -65
10 -64 11 -63
10 -62 11 -61
10 -60 11 -59
10 -58 11 -57
10 -56 11 -55
10 -54 11 -53
10 -52 11 -51
10 -50 11 -49
10 -48 11 -47
10 -46 11 -45
10 -44 11 -43
10 -42 11 -41
10 -40 11 -39
10 -38 11 -37
10 -36 11 -35
10 -34 11 -33
10 -32 11 -31
10 -30 11 -29
10 -28 11 -27
10 -26 11 -25
10 -24 11 -23
10 -22 11 -21
10 -20 11 -19
10 -18 11 -17
10 -16 11 -15
10 -14 11 -13
10 -12 11 -11
10 -10 11 -9
10 -8 11 -7
10 -6 11 -5
10 -4 11 -3
10 -2 11 -1
10 0 11 1
10 2 11 3
10 4 11 5
10 6 11 7
10 8 11 9
10 10 11 11
10 12 11 13
10 14 11 15
10 16 11 17
10 18 11 19
10 20 11 21
10 22 11 23
10 24 11 25
10 26 11 27
10 28 11 29
10 30 11 31
10 32 11 33
10 34 11 35
10 36 11 37
10 38 11 39
10 40 11 41
10 42 11 43
10 44 11 45
10 46 11 47
10 48 11 49
10 50 11 51
10 52 11 53
10 54 11 55
10 56 11 57
10 58 11 59
10 60 11 61
10 62 11 63
10 64 11 65
10 66 11 67
10 68 11 69
12 -70 13 -69
12 -68 13 -67
12 -66 13 -65
12 -64 13 -63
12 -62 13 -61
12 -60 13 -59
12 -58 13 -57
12 -56 13 -55
12 -54 13 -53
12 -52 13 -51
12 -50 13 -49
12 -48 13 -47
12 -46 13 -45
12 -44 13 -43
12 -42 13 -41
12 -40 13 -39
12 -38 13 -37
12 -36 13 -35
12 -34 13 -33
12 -32 13 -31
12 -30 13 -29
12 -28 13 -27
12 -26 13 -25
12 -24 13 -23
12 -22 13 -21
12 -20 13 -19
12 -18 13 -17
12 -16 13 -15
12 -14 13 -13
12 -12 13 -11
12 -10 13 -9
12 -8 13 -7
12 -6 13 -5
12 -4 13 -3
12 -2 13 -1
12 0 13 1
12 2 13 3
12 4 13 5
12 6 13 7
12 8 13 9
12 10 13 11
12 12 13 13
12 14 13 15
12 16 13 17
12 18 13 19
12 20 13 21
12 22 13 23
12 24 13 25
12 26 13 27
12 28 13 29
12 30 13 31
12 32 13 33
12 34 13 35
12 36 13 37
12 38 13 39
12 40 13 41
12 42 13 43
12 44 13 45
12 46 13 47
12 48 13 49
12 50 13 51
12 52 13 53
12 54 13 55
12 56 13 57
12 58 13 59
12 60 13 61
12 62 13 63
12 64 13 65
12 66 13 67
12 68 13 69
14 -70 15 -69
14 -68 15 -67
14 -66 15 -65
14 -64 15 -63
14 -62 15 -61
14 -60 15 -59
14 -58 15 -57
14 -56 15 -55
14 -54 15 -53
14 -52 15 -51
14 -50 15 -49
14 -48 15 -47
14 -46 15 -45
14 -44 15 -43
14 -42 15 -41
14 -40 15 -39
14 -38 15 -37
14 -36 15 -35
14 -34 15 -33
14 -32 15 -31
14 -30 15 -29
14 -28 15 -27
14 -26 15 -25
14 -24 15 -23
14 -22 15 -21
14 -20 15 -19
14 -18 15 -17
14 -16 15 -15
14 -14 15 -13
14 -12 15 -11
14 -10 15 -9
14 -8 15 -7
14 -6 15 -5
14 -4 15 -3
14 -2 15 -1
14 0 15 1
14 2 15 3
14 4 15 5
14 6 15 7
14 8 15 9
14 10 15 11
14 12 15 13
14 14 15 15
14 16 15 17
14 18 15 19
14 20 15 21
14 22 15 23
14 24 15 25
14 26 15 27
14 28 15 29
14 30 15 31
14 32 15 33
14 34 15 35
14 36 15 37
14 38 15 39
14 40 15 41
14 42 15 43
14 44 15 45
14 46 15 47
14 48 15 49
14 50 15 51
14 52 15 53
14 54 15 55
14 56 15 57
14 58 15 59
14 60 15 61
14 62 15 63
14 64 15 65
14 66 15 67
14 68 15 69
16 -70 17 -69
16 -68 17 -67
16 -66 17 -65
16 -64 17 -63
16 -62 17 -61
16 -60 17 -59
16 -58 17 -57
16 -56 17 -55
16 -54 17 -53
16 -52 17 -51
16 -50 17 -49
16 -48 17 -47
16 -46 17 -45
16 -44 17 -43
16 -42 17 -41
16 -40 17 -39
16 -38 17 -37
16 -36 17 -35
16 -34 17 -33
16 -32 17 -31
16 -30 17 -29
16 -28 17 -27
16 -26 17 -25
16 -24 17 -23
16 -22 17 -21
16 -20 17 -19
16 -18 17 -17
16 -16 17 -15
16 -14 17 -13
16 -12 17 -11
16 -10 17 -9
16 -8 17 -7
16 -6 17 -5
16 -4 17 -3
16 -2 17 -1
16 0 17 1
16 2 17 3
16 4 17 5
16 6 17 7
16 8 17 9
16 10 17 11
16 12 17 13
16 14 17 15
16 16 17 17
16 18 17 19
16 20 17 21
16 22 17 23
16 24 17 25
16 26 17 27
16 28 17 29
16 30 17 31
16 32 17 33
16 34 17 35
16 36 17 37
16 38 17 39
16 40 17 41
16 42 17 43
16 44 17 45
16 46 17 47
16 48 17 49
16 50 17 51
16 52 17 53
16 54 17 55
16 56 17 57
16 58 17 59
16 60 17 61
16 62 17 63
16 64 17 65
16 66 17 67
16 68 17 69
18 -70 19 -69
18 -68 19 -67
18 -66 19 -65
18 -64 19 -63
18 -62 19 -61
18 -60 19 -59
18 -58 19 -57
18 -56 19 -55
18 -54 19 -53
18 -52 19 -51
18 -50 19 -49
18 -48 19 -47
18 -46 19 -45
18 -44 19 -43
18 -42 19 -41
18 -40 19 -39
18 -38 19 -37
18 -36 19 -35
18 -34 19 -33
18 -32 19 -31
18 -30 19 -29
18 -28 19 -27
18 -26 19 -25
18 -24 19 -23
18 -22 19 -21
18 -20 19 -19
18 -18 19 -17
18 -16 19 -15
18 -14 19 -13
18 -12 19 -11
18 -10 19 -9
18 -8 19 -7
18 -6 19 -5
18 -4 19 -3
18 -2 19 -1
18 0 19 1
18 2 19 3
18 4 19 5
18 6 19 7
18 8 19 9
18 10 19 11
18 12 19 13
18 14 19 15
18 16 19 17
18 18 19 19
18 20 19 21
18 22 19 23
18 24 19 25
18 26 19 27
18 28 19 29
18 30 19 31
18 32 19 33
18 34 19 35
18 36 19 37
18 38 19 39
18 40 19 41
18 42 19 43
18 44 19 45
18 46 19 47
18 48 19 49
18 50 19 51
18 52 19 53
18 54 19 55
18 56 19 57
18 58 19 59
18 60 19 61
18 62 19 63
18 64 19 65
18 66 19 67
18 68 19 69
20 -70 21 -69
20 -68 21 -67
20 -66 21 -65
20 -64 21 -63
20 -62 21 -61
20 -60 21 -59
20 -58 21 -57
20 -56 21 -55
20 -54 21 -53
20 -52 21 -51
20 -50 21 -49
20 -48 21 -47
20 -46 21 -45
20 -44 21 -43
20 -42 21 -41
20 -40 21 -39
20 -38 21 -37
20 -36 21 -35
20 -34 21 -33
20 -32 21 -31
20 -30 21 -29
20 -28 21 -27
20 -26 21 -25
20 -24 21 -23
20 -22 21 -21
20 -20 21 -19
20 -18 21 -17
20 -16 21 -15
20 -14 21 -13
20 -12 21 -11
20 -10 21 -9
20 -8 21 -7
20 -6 21 -5
20 -4 21 -3
20 -2 21 -1
20 0 21 1
20 2 21 3
20 4 21 5
20 6 21 7
20 8 21 9
20 10 21 11
20 12 21 13
20 14 21 15
20 16 21 17
20 18 21 19
20 20 21 21
20 22 21 23
20 24 21 25
20 26 21 27
20 28 21 29
20 30 21 31
20 32 21 33
20 34 21 35
20 36 21 37
20 38 21 39
20 40 21 41
20 42 21 43
20 44 21 45
20 46 21 47
20 48 21 49
20 50 21 51
20 52 21 53
20 54 21 55
20 56 21 57
20 58 21 59
20 60 21 61
20 62 21 63
20 64 21 65
20 66 21 67
20 68 21 69
22 -70 23 -69
22 -68 23 -67
22 -66 23 -65
22 -64 23 -63
22 -62 23 -61
22 -60 23 -59
22 -58 23 -57
22 -56 23 -55
22 -54 23 -53
22 -52 23 -51
22 -50 23 -49
22 -48 23 -47
22 -46 23 -45
22 -44 23 -43
22 -42 23 -41
22 -40 23 -39
22 -38 23 -37
22 -36 23 -35
22 -34 23 -33
22 -32 23 -31
22 -30 23 -29
22 -28 23 -27
22 -26 23 -25
22 -24 23 -23
22 -22 23 -21
22 -20 23 -19
22 -18 23 -17
22 -16 23 -15
22 -14 23 -13
22 -12 23 -11
22 -10 23 -9
22 -8 23 -7
22 -6 23 -5
22 -4 23 -3
22 -2 23 -1
22 0 23 1
22 2 23 3
22 4 23 5
22 6 23 7
22 8 23 9
22 10 23 11
22 12 23 13
22 14 23 15
22 16 23 17
22 18 23 19
22 20 23 21
22 22 23 23
22 24 23 25
22 26 23 27
22 28 23 29
22 30 23 31
22 32 23 33
22 34 23 35
22 36 23 37
22 38 23 39
22 40 23 41
22 42 23 43
22 44 23 45
22 46 23 47
22 48 23 49
22 50 23 51
22 52 23 53
22 54 23 55
22 56 23 57
22 58 23 59
22 60 23 61
22 62 23 63
22 64 23 65
22 66 23 67
22 68 23 69
24 -70 25 -69
24 -68 25 -67
24 -66 25 -65
24 -64 25 -63
24 -62 25 -61
24 -60 25 -59
24 -58 25 -57
24 -56 25 -55
24 -54 25 -53
24 -52 25 -51
24 -50 25 -49
24 -48 25 -47
24 -46 25 -45
24 -44 25 -43
24 -42 25 -41
24 -40 25 -39
24 -38 25 -37
24 -36 25 -35
24 -34 25 -33
24 -32 25 -31
24 -30 25 -29
24 -28 25 -27
24 -26 25 -25
24 -24 25 -23
24 -22 25 -21
24 -20 25 -19
24 -18 25 -17
24 -16 25 -15
24 -14 25 -13
24 -12 25 -11
24 -10 25 -9
24 -8 25 -7
24 -6 25 -5
24 -4 25 -3
24 -2 25 -1
24 0 25 1
24 2 25 3
24 4 25 5
24 6 25 7
24 8 25 9
24 10 25 11
24 12 25 13
24 14 25 15
24 16 25 17
24 18 25 19
24 20 25 21
24 22 25 23
24 24 25 25
24 26 25 27
24 28 25 29
24 30 25 31
24 32 25 33
24 34 25 35
24 36 25 37
24 38 25 39
24 40 25 41
24 42 25 43
24 44 25 45
24 46 25 47
24 48 25 49
24 50 25 51
24 52 25 53
24 54 25 55
24 56 25 57
24 58 25 59
24 60 25 61
24 62 25 63
24 64 25 65
24 66 25 67
24 68 25 69
26 -70 27 -69
26 -68 27 -67
26 -66 27 -65
26 -64 27 -63
26 -62 27 -61
26 -60 27 -59
26 -58 27 -57
26 -56 27 -55
26 -54 27 -53
26 -52 27 -51
26 -50 27 -49
26 -48 27 -47
26 -46 27 -45
26 -44 27 -43
26 -42 27 -41
26 -40 27 -39
26 -38 27 -37
26 -36 27 -35
26 -34 27 -33
26 -32 27 -31
26 -30 27 -29
26 -28 27 -27
26 -26 27 -25
26 -24 27 -23
26 -22 27 -21
26 -20 27 -19
26 -18 27 -17
26 -16 27 -15
26 -14 27 -13
26 -12 27 -11
26 -10 27 -9
26 -8 27 -7
26 -6 27 -5
26 -4 27 -3
26 -2 27 -1
26 0 27 1
26 2 27 3
26 4 27 5
26 6 27 7
26 8 27 9
26 10 27 11
26 12 27 13
26 14 27 15
26 16 27 17
26 18 27 19
26 20 27 21
26 22 27 23
26 24 27 25
26 26 27 27
26 28 27 29
26 30 27 31
26 32 27 33
26 34 27 35
26 36 27 37
26 38 27 39
26 40 27 41
26 42 27 43
26 44 27 45
26 46 27 47
26 48 27 49
26 50 27 51
26 52 27 53
26 54 27 55
26 56 27 57
26 58 27 59
26 60 27 61
26 62 27 63
26 64 27 65
26 66 27 67
26 68 27 69
28 -70 29 -69
28 -68 29 -67
28 -66 29 -65
28 -64 29 -63
28 -62 29 -61
28 -60 29 -59
28 -58 29 -57
28 -56 29 -55
28 -54 29 -53
28 -52 29 -51
28 -50 29 -49
28 -48 29 -47
28 -46 29 -45
28 -44 29 -43
28 -42 29 -41
28 -40 29 -39
28 -38 29 -37
28 -36 29 -35
28 -34 29 -33
28 -32 29 -31
28 -30 29 -29
28 -28 29 -27
28 -26 29 -25
28 -24 29 -23
28 -22 29 -21
28 -20 29 -19
28 -18 29 -17
28 -16 29 -15
28 -14 29 -13
28 -12 29 -11
28 -10 29 -9
28 -8 29 -7
28 -6 29 -5
28 -4 29 -3
28 -2 29 -1
28 0 29 1
28 2 29 3
28 4 29 5
28 6 29 7
28 8 29 9
28 10 29 11
28 12 29 13
28 14 29 15
28 16 29 17
28 18 29 19
28 20 29 21
28 22 29 23
28 24 29 25
28 26 29 27
28 28 29 29
28 30 29 31
28 32 29 33
28 34 29 35
28 36 29 37
28 38 29 39
28 40 29 41
28 42 29 43
28 44 29 45
28 46 29 47
28 48 29 49
28 50 29 51
28 52 29 53
28 54 29 55
28 56 29 57
28 58 29 59
28 60 29 61
28 62 29 63
28 64 29 65
28 66 29 67
28 68 29 69
30 -70 31 -69
30 -68 31 -67
30 -66 31 -65
30 -64 31 -63
30 -62 31 -61
30 -60 31 -59
30 -58 31 -57
30 -56 31 -55
30 -54 31 -53
30 -52 31 -51
30 -50 31 -49
30 -48 31 -47
30 -46 31 -45
30 -44 31 -43
30 -42 31 -41
30 -40 31 -39
30 -38 31 -37
30 -36 31 -35
30 -34 31 -33
30 -32 31 -31
30 -30 31 -29
30 -28 31 -27
30 -26 31 -25
30 -24 31 -23
30 -22 31 -21
30 -20 31 -19
30 -18 31 -17
30 -16 31 -15
30 -14 31 -13
30 -12 31 -11
30 -10 31 -9
30 -8 31 -7
30 -6 31 -5
30 -4 31 -3
30 -2 31 -1
30 0 31 1
30 2 31 3
30 4 31 5
30 6 31 7
30 8 31 9
30 10 31 11
30 12 31 13
30 14 31 15
30 16 31 17
30 18 31 19
30 20 31 21
30 22 31 23
30 24 31 25
30 26 31 27
30 28 31 29
30 30 31 31
30 32 31 33
30 34 31 35
30 36 31 37
30 38 31 39
30 40 31 41
30 42 31 43
30 44 31 45
30 46 31 47
30 48 31 49
30 50 31 51
30 52 31 53
30 54 31 55
30 56 31 57
30 58 31 59
30 60 31 61
30 62 31 63
30 64 31 65
30 66 31 67
30 68 31 69
32 -70 33 -69
32 -68 33 -67
32 -66 33 -65
32 -64 33 -63
32 -62 33 -61
32 -60 33 -59
32 -58 33 -57
32 -56 33 -55
32 -54 33 -53
32 -52 33 -51
32 -50 33 -49
32 -48 33 -47
32 -46 33 -45
32 -44 33 -43
32 -42 33 -41
32 -40 33 -39
32 -38 33 -37
32 -36 33 -35
32 -34 33 -33
32 -32 33 -31
32 -30 33 -29
32 -28 33 -27
32 -26 33 -25
32 -24 33 -23
32 -22 33 -21
32 -20 33 -19
32 -18 33 -17
32 -16 33 -15
32 -14 33 -13
32 -12 33 -11
32 -10 33 -9
32 -8 33 -7
32 -6 33 -5
32 -4 33 -3
32 -2 33 -1
32 0 33 1
32 2 33 3
32 4 33 5
32 6 33 7
32 8 33 9
32 10 33 11
32 12 33 13
32 14 33 15
32 16 33 17
32 18 33 19
32 20 33 21
32 22 33 23
32 24 33 25
32 26 33 27
32 28 33 29
32 30 33 31
32 32 33 33
32 34 33 35
32 36 33 37
32 38 33 39
32 40 33 41
32 42 33 43
32 44 33 45
32 46 33 47
32 48 33 49
32 50 33 51
32 52 33 53
32 54 33 55
32 56 33 57
32 58 33 59
32 60 33 61
32 62 33 63
32 64 33 65
32 66 33 67
32 68 33 69
34 -70 35 -69
34 -68 35 -67
34 -66 35 -65
34 -64 35 -63
34 -62 35 -61
34 -60 35 -59
34 -58 35 -57
34 -56 35 -55
34 -54 35 -53
34 -52 35 -51
34 -50 35 -49
34 -48 35 -47
34 -46 35 -45
34 -44 35 -43
34 -42 35 -41
34 -40 35 -39
34 -38 35 -37
34 -36 35 -35
34 -34 35 -33
34 -32 35 -31
34 -30 35 -29
34 -28 35 -27
34 -26 35 -25
34 -24 35 -23
34 -22 35 -21
34 -20 35 -19
34 -18 35 -17
34 -16 35 -15
34 -14 35 -13
34 -12 35 -11
34 -10 35 -9
34 -8 35 -7
34 -6 35 -5
34 -4 35 -3
34 -2 35 -1
34 0 35 1
34 2 35 3
34 4 35 5
34 6 35 7
34 8 35 9
34 10 35 11
34 12 35 13
34 14 35 15
34 16 35 17
34 18 35 19
34 20 35 21
34 22 35 23
34 24 35 25
34 26 35 27
34 28 35 29
34 30 35 31
34 32 35 33
34 34 35 35
34 36 35 37
34 38 35 39
34 40 35 41
34 42 35 43
34 44 35 45
34 46 35 47
34 48 35 49
34 50 35 51
34 52 35 53
34 54 35 55
34 56 35 57
34 58 35 59
34 60 35 61
34 62 35 63
34 64 35 65
34 66 35 67
34 68 35 69
36 -70 37 -69
36 -68 37 -67
36 -66 37 -65
36 -64 37 -63
36 -62 37 -61
36 -60 37 -59
36 -58 37 -57
36 -56 37 -55
36 -54 37 -53
36 -52 37 -51
36 -50 37 -49
36 -48 37 -47
36 -46 37 -45
36 -44 37 -43
36 -42 37 -41
36 -40 37 -39
36 -38 37 -37
36 -36 37 -35
36 -34 37 -33
36 -32 37 -31
36 -30 37 -29
36 -28 37 -27
36 -26 37 -25
36 -24 37 -23
36 -22 37 -21
36 -20 37 -19
36 -18 37 -17
36 -16 37 -15
36 -14 37 -13
36 -12 37 -11
36 -10 37 -9
36 -8 37 -7
36 -6 37 -5
36 -4 37 -3
36 -2 37 -1
36 0 37 1
36 2 37 3
36 4 37 5
36 6 37 7
36 8 37 9
36 10 37 11
36 12 37 13
36 14 37 15
36 16 37 17
36 18 37 19
36 20 37 21
36 22 37 23
36 24 37 25
36 26 37 27
36 28 37 29
36 30 37 31
36 32 37 33
36 34 37 35
36 36 37 37
36 38 37 39
36 40 37 41
36 42 37 43
36 44 37 45
36 46 37 47
36 48 37 49
36 50 37 51
36 52 37 53
36 54 37 55
36 56 37 57
36 58 37 59
36 60 37 61
36 62 37 63
36 64 37 65
36 66 37 67
36 68 37 69
38 -70 39 -69
38 -68 39 -67
38 -66 39 -65
38 -64 39 -63
38 -62 39 -61
38 -60 39 -59
38 -58 39 -57
38 -56 39 -55
38 -54 39 -53
38 -52 39 -51
38 -50 39 -49
38 -48 39 -47
38 -46 39 -45
38 -44 39 -43
38 -42 39 -41
38 -40 39 -39
38 -38 39 -37
38 -36 39 -35
38 -34 39 -33
38 -32 39 -31
38 -30 39 -29
38 -28 39 -27
38 -26 39 -25
38 -24 39 -23
38 -22 39 -21
38 -20 39 -19
38 -18 39 -17
38 -16 39 -15
38 -14 39 -13
38 -12 39 -11
38 -10 39 -9
38 -8 39 -7
38 -6 39 -5
38 -4 39 -3
38 -2 39 -1
38 0 39 1
38 2 39 3
38 4 39 5
38 6 39 7
38 8 39 9
38 10 39 11
38 12 39 13
38 14 39 15
38 16 39 17
38 18 39 19
38 20 39 21
38 22 39 23
38 24 39 25
38 26 39 27
38 28 39 29
38 30 39 31
38 32 39 33
38 34 39 35
38 36 39 37
38 38 39 39
38 40 39 41
38 42 39 43
38 44 39 45
38 46 39 47
38 48 39 49
38 50 39 51
38 52 39 53
38 54 39 55
38 56 39 57
38 58 39 59
38 60 39 61
38 62 39 63
38 64 39 65
38 66 39 67
38 68 39 69
40 -70 41 -69
40 -68 41 -67
40 -66 41 -65
40 -64 41 -63
40 -62 41 -61
40 -60 41 -59
40 -58 41 -57
40 -56 41 -55
40 -54 41 -53
40 -52 41 -51
40 -50 41 -49
40 -48 41 -47
40 -46 41 -45
40 -44 41 -43
40 -42 41 -41
40 -40 41 -39
40 -38 41 -37
40 -36 41 -35
40 -34 41 -33
40 -32 41 -31
40 -30 41 -29
40 -28 41 -27
40 -26 41 -25
40 -24 41 -23
40 -22 41 -21
40 -20 41 -19
40 -18 41 -17
40 -16 41 -15
40 -14 41 -13
40 -12 41 -11
40 -10 41 -9
40 -8 41 -7
40 -6 41 -5
40 -4 41 -3
40 -2 41 -1
40 0 41 1
40 2 41 3
40 4 41 5
40 6 41 7
40 8 41 9
40 10 41 11
40 12 41 13
40 14 41 15
40 16 41 17
40 18 41 19
40 20 41 21
40 22 41 23
40 24 41 25
40 26 41 27
40 28 41 29
40 30 41 31
40 32 41 33
40 34 41 35
40 36 41 37
40 38 41 39
40 40 41 41
40 42 41 43
40 44 41 45
40 46 41 47
40 48 41 49
40 50 41 51
40 52 41 53
40 54 41 55
40 56 41 57
40 58 41 59
40 60 41 61
40 62 41 63
40 64 41 65
40 66 41 67
40 68 41 69
42 -70 43 -69
42 -68 43 -67
42 -66 43 -65
42 -64 43 -63
42 -62 43 -61
42 -60 43 -59
42 -58 43 -57
42 -56 43 -55
42 -54 43 -53
42 -52 43 -51
42 -50 43 -49
42 -48 43 -47
42 -46 43 -45
42 -44 43 -43
42 -42 43 -41
42 -40 43 -39
42 -38 43 -37
42 -36 43 -35
42 -34 43 -33
42 -32 43 -31
42 -30 43 -29
42 -28 43 -27
42 -26 43 -25
42 -24 43 -23
42 -22 43 -21
42 -20 43 -19
42 -18 43 -17
42 -16 43 -15
42 -14 43 -13
42 -12 43 -11
42 -10 43 -9
42 -8 43 -7
42 -6 43 -5
42 -4 43 -3
42 -2 43 -1
42 0 43 1
42 2 43 3
42 4 43 5
42 6 43 7
42 8 43 9
42 10 43 11
42 12 43 13
42 14 43 15
42 16 43 17
42 18 43 19
42 20 43 21
42 22 43 23
42 24 43 25
42 26 43 27
42 28 43 29
42 30 43 31
42 32 43 33
42 34 43 35
42 36 43 37
42 38 43 39
42 40 43 41
42 42 43 43
42 44 43 45
42 46 43 47
42 48 43 49
42 50 43 51
42 52 43 53
42 54 43 55
42 56 43 57
42 58 43 59
42 60 43 61
42 62 43 63
42 64 43 65
42 66 43 67
42 68 43 69
44 -70 45 -69
44 -68 45 -67
44 -66 45 -65
44 -64 45 -63
44 -62 45 -61
44 -60 45 -59
44 -58 45 -57
44 -56 45 -55
44 -54 45 -53
44 -52 45 -51
44 -50 45 -49
44 -48 45 -47
44 -46 45 -45
44 -44 45 -43
44 -42 45 -41
44 -40 45 -39
44 -38 45 -37
44 -36 45 -35
44 -34 45 -33
44 -32 45 -31
44 -30 45 -29
44 -28 45 -27
44 -26 45 -25
44 -24 45 -23
44 -22 45 -21
44 -20 45 -19
44 -18 45 -17
44 -16 45 -15
44 -14 45 -13
44 -12 45 -11
44 -10 45 -9
44 -8 45 -7
44 -6 45 -5
44 -4 45 -3
44 -2 45 -1
44 0 45 1
44 2 45 3
44 4 45 5
44 6 45 7
44 8 45 9
44 10 45 11
44 12 45 13
44 14 45 15
44 16 45 17
44 18 45 19
44 20 45 21
44 22 45 23
44 24 45 25
44 26 45 27
44 28 45 29
44 30 45 31
44 32 45 33
44 34 45 35
44 36 45 37
44 38 45 39
44 40 45 41
44 42 45 43
44 44 45 45
44 46 45 47
44 48 45 49
44 50 45 51
44 52 45 53
44 54 45 55
44 56 45 57
44 58 45 59
44 60 45 61
44 62 45 63
44 64 45 65
44 66 45 67
44 68 45 69
46 -70 47 -69
46 -68 47 -67
46 -66 47 -65
46 -64 47 -63
46 -62 47 -61
46 -60 47 -59
46 -58 47 -57
46 -56 47 -55
46 -54 47 -53
46 -52 47 -51
46 -50 47 -49
46 -48 47 -47
46 -46 47 -45
46 -44 47 -43
46 -42 47 -41
46 -40 47 -39
46 -38 47 -37
46 -36 47 -35
46 -34 47 -33
46 -32 47 -31
46 -30 47 -29
46 -28 47 -27
46 -26 47 -25
46 -24 47 -23
46 -22 47 -21
46 -20 47 -19
46 -18 47 -17
46 -16 47 -15
46 -14 47 -13
46 -12 47 -11
46 -10 47 -9
46 -8 47 -7
46 -6 47 -5
46 -4 47 -3
46 -2 47 -1
46 0 47 1
46 2 47 3
46 4 47 5
46 6 47 7
46 8 47 9
46 10 47 11
46 12 47 13
46 14 47 15
46 16 47 17
46 18 47 19
46 20 47 21
46 22 47 23
46 24 47 25
46 26 47 27
46 28 47 29
46 30 47 31
46 32 47 33
46 34 47 35
46 36 47 37
46 38 47 39
46 40 47 41
46 42 47 43
46 44 47 45
46 46 47 47
46 48 47 49
46 50 47 51
46 52 47 53
46 54 47 55
46 56 47 57
46 58 47 59
46 60 47 61
46 62 47 63
46 64 47 65
46 66 47 67
46 68 47 69
48 -70 49 -69
48 -68 49 -67
48 -66 49 -65
48 -64 49 -63
48 -62 49 -61
48 -60 49 -59
48 -58 49 -57
48 -56 49 -55
48 -54 49 -53
48 -52 49 -51
48 -50 49 -49
48 -48 49 -47
48 -46 49 -45
48 -44 49 -43
48 -42 49 -41
48 -40 49 -39
48 -38 49 -37
48 -36 49 -35
48 -34 49 -33
48 -32 49 -31
48 -30 49 -29
48 -28 49 -27
48 -26 49 -25
48 -24 49 -23
48 -22 49 -21
48 -20 49 -19
48 -18 49 -17
48 -16 49 -15
48 -14 49 -13
48 -12 49 -11
48 -10 49 -9
48 -8 49 -7
48 -6 49 -5
48 -4 49 -3
48 -2 49 -1
48 0 49 1
48 2 49 3
48 4 49 5
48 6 49 7
48 8 49 9
48 10 49 11
48 12 49 13
48 14 49 15
48 16 49 17
48 18 49 19
48 20 49 21
48 22 49 23
48 24 49 25
48 26 49 27
48 28 49 29
48 30 49 31
48 32 49 33
48 34 49 35
48 36 49 37
48 38 49 39
48 40 49 41
48 42 49 43
48 44 49 45
48 46 49 47
48 48 49 49
48 50 49 51
48 52 49 53
48 54 49 55
48 56 49 57
48 58 49 59
48 60 49 61
48 62 49 63
48 64 49 65
48 66 49 67
48 68 49 69
50 -70 51 -69
50 -68 51 -67
50 -66 51 -65
50 -64 51 -63
50 -62 51 -61
50 -60 51 -59
50 -58 51 -57
50 -56 51 -55
50 -54 51 -53
50 -52 51 -51
50 -50 51 -49
50 -48 51 -47
50 -46 51 -45
50 -44 51 -43
50 -42 51 -41
50 -40 51 -39
50 -38 51 -37
50 -36 51 -35
50 -34 51 -33
50 -32 51 -31
50 -30 51 -29
50 -28 51 -27
50 -26 51 -25
50 -24 51 -23
50 -22 51 -21
50 -20 51 -19
50 -18 51 -17
50 -16 51 -15
50 -14 51 -13
50 -12 51 -11
50 -10 51 -9
50 -8 51 -7
50 -6 51 -5
50 -4 51 -3
50 -2 51 -1
50 0 51 1
50 2 51 3
50 4 51 5
50 6 51 7
50 8 51 9
50 10 51 11
50 12 51 13
50 14 51 15
50 16 51 17
50 18 51 19
50 20 51 21
50 22 51 23
50 24 51 25
50 26 51 27
50 28 51 29
50 30 51 31
50 32 51 33
50 34 51 35
50 36 51 37
50 38 51 39
50 40 51 41
50 42 51 43
50 44 51 45
50 46 51 47
50 48 51 49
50 50 51 51
50 52 51 53
50 54 51 55
50 56 51 57
50 58 51 59
50 60 51 61
50 62 51 63
50 64 51 65
50 66 51 67
50 68 51 69
52 -70 53 -69
52 -68 53 -67
52 -66 53 -65
52 -64 53 -63
52 -62 53 -61
52 -60 53 -59
52 -58 53 -57
52 -56 53 -55
52 -54 53 -53
52 -52 53 -51
52 -50 53 -49
52 -48 53 -47
52 -46 53 -45
52 -44 53 -43
52 -42 53 -41
52 -40 53 -39
52 -38 53 -37
52 -36 53 -35
52 -34 53 -33
52 -32 53 -31
52 -30 53 -29
52 -28 53 -27
52 -26 53 -25
52 -24 53 -23
52 -22 53 -21
52 -20 53 -19
52 -18 53 -17
52 -16 53 -15
52 -14 53 -13
52 -12 53 -11
52 -10 53 -9
52 -8 53 -7
52 -6 53 -5
52 -4 53 -3
52 -2 53 -1
52 0 53 1
52 2 53 3
52 4 53 5
52 6 53 7
52 8 53 9
52 10 53 11
52 12 53 13
52 14 53 15
52 16 53 17
52 18 53 19
52 20 53 21
52 22 53 23
52 24 53 25
52 26 53 27
52 28 53 29
52 30 53 31
52 32 53 33
52 34 53 35
52 36 53 37
52 38 53 39
52 40 53 41
52 42 53 43
52 44 53 45
52 46 53 47
52 48 53 49
52 50 53 51
52 52 53 53
52 54 53 55
52 56 53 57
52 58 53 59
52 60 53 61
52 62 53 63
52 64 53 65
52 66 53 67
52 68 53 69
54 -70 55 -69
54 -68 55 -67
54 -66 55 -65
54 -64 55 -63
54 -62 55 -61
54 -60 55 -59
54 -58 55 -57
54 -56 55 -55
54 -54 55 -53
54 -52 55 -51
54 -50 55 -49
54 -48 55 -47
54 -46 55 -45
54 -44 55 -43
54 -42 55 -41
54 -40 55 -39
54 -38 55 -37
54 -36 55 -35
54 -34 55 -33
54 -32 55 -31
54 -30 55 -29
54 -28 55 -27
54 -26 55 -25
54 -24 55 -23
54 -22 55 -21
54 -20 55 -19
54 -18 55 -17
54 -16 55 -15
54 -14 55 -13
54 -12 55 -11
54 -10 55 -9
54 -8 55 -7
54 -6 55 -5
54 -4 55 -3
54 -2 55 -1
54 0 55 1
54 2 55 3
54 4 55 5
54 6 55 7
54 8 55 9
54 10 55 11
54 12 55 13
54 14 55 15
54 16 55 17
54 18 55 19
54 20 55 21
54 22 55 23
54 24 55 25
54 26 55 27
54 28 55 29
54 30 55 31
54 32 55 33
54 34 55 35
54 36 55 37
54 38 55 39
54 40 55 41
54 42 55 43
54 44 55 45
54 46 55 47
54 48 55 49
54 50 55 51
54 52 55 53
54 54 55 55
54 56 55 57
54 58 55 59
54 60 55 61
54 62 55 63
54 64 55 65
54 66 55 67
54 68 55 69
56 -70 57 -69
56 -68 57 -67
56 -66 57 -65
56 -64 57 -63
56 -62 57 -61
56 -60 57 -59
56 -58 57 -57
56 -56 57 -55
56 -54 57 -53
56 -52 57 -51
56 -50 57 -49
56 -48 57 -47
56 -46 57 -45
56 -44 57 -43
56 -42 57 -41
56 -40 57 -39
56 -38 57 -37
56 -36 57 -35
56 -34 57 -33
56 -32 57 -31
56 -30 57 -29
56 -28 57 -27
56 -26 57 -25
56 -24 57 -23
56 -22 57 -21
56 -20 57 -19
56 -18 57 -17
56 -16 57 -15
56 -14 57 -13
56 -12 57 -11
56 -10 57 -9
56 -8 57 -7
56 -6 57 -5
56 -4 57 -3
56 -2 57 -1
56 0 57 1
56 2 57 3
56 4 57 5
56 6 57 7
56 8 57 9
56 10 57 11
56 12 57 13
56 14 57 15
56 16 57 17
56 18 57 19
56 20 57 21
56 22 57 23
56 24 57 25
56 26 57 27
56 28 57 29
56 30 57 31
56 32 57 33
56 34 57 35
56 36 57 37
56 38 57 39
56 40 57 41
56 42 57 43
56 44 57 45
56 46 57 47
56 48 57 49
56 50 57 51
56 52 57 53
56 54 57 55
56 56 57 57
56 58 57 59
56 60 57 61
56 62 57 63
56 64 57 65
56 66 57 67
56 68 57 69
58 -70 59 -69
58 -68 59 -67
58 -66 59 -65
58 -64 59 -63
58 -62 59 -61
58 -60 59 -59
58 -58 59 -57
58 -56 59 -55
58 -54 59 -53
58 -52 59 -51
58 -50 59 -49
58 -48 59 -47
58 -46 59 -45
58 -44 59 -43
58 -42 59 -41
58 -40 59 -39
58 -38 59 -37
58 -36 59 -35
58 -34 59 -33
58 -32 59 -31
58 -30 59 -29
58 -28 59 -27
58 -26 59 -25
58 -24 59 -23
58 -22 59 -21
58 -20 59 -19
58 -18 59 -17
58 -16 59 -15
58 -14 59 -13
58 -12 59 -11
58 -10 59 -9
58 -8 59 -7
58 -6 59 -5
58 -4 59 -3
58 -2 59 -1
58 0 59 1
58 2 59 3
58 4 59 5
58 6 59 7
58 8 59 9
58 10 59 11
58 12 59 13
58 14 59 15
58 16 59 17
58 18 59 19
58 20 59 21
58 22 59 23
58 24 59 25
58 26 59 27
58 28 59 29
58 30 59 31
58 32 59 33
58 34 59 35
58 36 59 37
58 38 59 39
58 40 59 41
58 42 59 43
58 44 59 45
58 46 59 47
58 48 59 49
58 50 59 51
58 52 59 53
58 54 59 55
58 56 59 57
58 58 59 59
58 60 59 61
58 62 59 63
58 64 59 65
58 66 59 67
58 68 59 69
60 -70 61 -69
60 -68 61 -67
60 -66 61 -65
60 -64 61 -63
60 -62 61 -61
60 -60 61 -59
60 -58 61 -57
60 -56 61 -55
60 -54 61 -53
60 -52 61 -51
60 -50 61 -49
60 -48 61 -47
60 -46 61 -45
60 -44 61 -43
60 -42 61 -41
60 -40 61 -39
60 -38 61 -37
60 -36 61 -35
60 -34 61 -33
60 -32 61 -31
60 -30 61 -29
60 -28 61 -27
60 -26 61 -25
60 -24 61 -23
60 -22 61 -21
60 -20 61 -19
60 -18 61 -17
60 -16 61 -15
60 -14 61 -13
60 -12 61 -11
60 -10 61 -9
60 -8 61 -7
60 -6 61 -5
60 -4 61 -3
60 -2 61 -1
60 0 61 1
60 2 61 3
60 4 61 5
60 6 61 7
60 8 61 9
60 10 61 11
60 12 61 13
60 14 61 15
60 16 61 17
60 18 61 19
60 20 61 21
60 22 61 23
60 24 61 25
60 26 61 27
60 28 61 29
60 30 61 31
60 32 61 33
60 34 61 35
60 36 61 37
60 38 61 39
60 40 61 41
60 42 61 43
60 44 61 45
60 46 61 47
60 48 61 49
60 50 61 51
60 52 61 53
60 54 61 55
60 56 61 57
60 58 61 59
60 60 61 61
60 62 61 63
60 64 61 65
60 66 61 67
60 68 61 69
62 -70 63 -69
62 -68 63 -67
62 -66 63 -65
62 -64 63 -63
62 -62 63 -61
62 -60 63 -59
62 -58 63 -57
62 -56 63 -55
62 -54 63 -53
62 -52 63 -51
62 -50 63 -49
62 -48 63 -47
62 -46 63 -45
62 -44 63 -43
62 -42 63 -41
62 -40 63 -39
62 -38 63 -37
62 -36 63 -35
62 -34 63 -33
62 -32 63 -31
62 -30 63 -29
62 -28 63 -27
62 -26 63 -25
62 -24 63 -23
62 -22 63 -21
62 -20 63 -19
62 -18 63 -17
62 -16 63 -15
62 -14 63 -13
62 -12 63 -11
62 -10 63 -9
62 -8 63 -7
62 -6 63 -5
62 -4 63 -3
62 -2 63 -1
62 0 63 1
62 2 63 3
62 4 63 5
62 6 63 7
62 8 63 9
62 10 63 11
62 12 63 13
62 14 63 15
62 16 63 17
62 18 63 19
62 20 63 21
62 22 63 23
62 24 63 25
62 26 63 27
62 28 63 29
62 30 63 31
62 32 63 33
62 34 63 35
62 36 63 37
62 38 63 39
62 40 63 41
62 42 63 43
62 44 63 45
62 46 63 47
62 48 63 49
62 50 63 51
62 52 63 53
62 54 63 55
62 56 63 57
62 58 63 59
62 60 63 61
62 62 63 63
62 64 63 65
62 66 63 67
62 68 63 69
64 -70 65 -69
64 -68 65 -67
64 -66 65 -65
64 -64 65 -63
64 -62 65 -61
64 -60 65 -59
64 -58 65 -57
64 -56 65 -55
64 -54 65 -53
64 -52 65 -51
64 -50 65 -49
64 -48 65 -47
64 -46 65 -45
64 -44 65 -43
64 -42 65 -41
64 -40 65 -39
64 -38 65 -37
64 -36 65 -35
64 -34 65 -33
64 -32 65 -31
64 -30 65 -29
64 -28 65 -27
64 -26 65 -25
64 -24 65 -23
64 -22 65 -21
64 -20 65 -19
64 -18 65 -17
64 -16 65 -15
64 -14 65 -13
64 -12 65 -11
64 -10 65 -9
64 -8 65 -7
64 -6 65 -5
64 -4 65 -3
64 -2 65 -1
64 0 65 1
64 2 65 3
64 4 65 5
64 6 65 7
64 8 65 9
64 10 65 11
64 12 65 13
64 14 65 15
64 16 65 17
64 18 65 19
64 20 65 21
64 22 65 23
64 24 65 25
64 26 65 27
64 28 65 29
64 30 65 31
64 32 65 33
64 34 65 35
64 36 65 37
64 38 65 39
64 40 65 41
64 42 65 43
64 44 65 45
64 46 65 47
64 48 65 49
64 50 65 51
64 52 65 53
64 54 65 55
64 56 65 57
64 58 65 59
64 60 65 61
64 62 65 63
64 64 65 65
64 66 65 67
64 68 65 69
66 -70 67 -69
66 -68 67 -67
66 -66 67 -65
66 -64 67 -63
66 -62 67 -61
66 -60 67 -59
66 -58 67 -57
66 -56 67 -55
66 -54 67 -53
66 -52 67 -51
66 -50 67 -49
66 -48 67 -47
66 -46 67 -45
66 -44 67 -43
66 -42 67 -41
66 -40 67 -39
66 -38 67 -37
66 -36 67 -35
66 -34 67 -33
66 -32 67 -31
66 -30 67 -29
66 -28 67 -27
66 -26 67 -25
66 -24 67 -23
66 -22 67 -21
66 -20 67 -19
66 -18 67 -17
66 -16 67 -15
66 -14 67 -13
66 -12 67 -11
66 -10 67 -9
66 -8 67 -7
66 -6 67 -5
66 -4 67 -3
66 -2 67 -1
66 0 67 1
66 2 67 3
66 4 67 5
66 6 67 7
66 8 67 9
66 10 67 11
66 12 67 13
66 14 67 15
66 16 67 17
66 18 67 19
66 20 67 21
66 22 67 23
66 24 67 25
66 26 67 27
66 28 67 29
66 30 67 31
66 32 67 33
66 34 67 35
66 36 67 37
66 38 67 39
66 40 67 41
66 42 67 43
66 44 67 45
66 46 67 47
66 48 67 49
66 50 67 51
66 52 67 53
66 54 67 55
66 56 67 57
66 58 67 59
66 60 67 61
66 62 67 63
66 64 67 65
66 66 67 67
66 68 67 69
68 -70 69 -69
68 -68 69 -67
68 -66 69 -65
68 -64 69 -63
68 -62 69 -61
68 -60 69 -59
68 -58 69 -57
68 -56 69 -55
68 -54 69 -53
68 -52 69 -51
68 -50 69 -49
68 -48 69 -47
68 -46 69 -45
68 -44 69 -43
68 -42 69 -41
68 -40 69 -39
68 -38 69 -37
68 -36 69 -35
68 -34 69 -33
68 -32 69 -31
68 -30 69 -29
68 -28 69 -27
68 -26 69 -25
68 -24 69 -23
68 -22 69 -21
68 -20 69 -19
68 -18 69 -17
68 -16 69 -15
68 -14 69 -13
68 -12 69 -11
68 -10 69 -9
68 -8 69 -7
68 -6 69 -5
68 -4 69 -3
68 -2 69 -1
68 0 69 1
68 2 69 3
68 4 69 5
68 6 69 7
68 8 69 9
68 10 69 11
68 12 69 13
68 14 69 15
68 16 69 17
68 18 69 19
68 20 69 21
68 22 69 23
68 24 69 25
68 26 69 27
68 28 69 29
68 30 69 31
68 32 69 33
68 34 69 35
68 36 69 37
68 38 69 39
68 40 69 41
68 42 69 43
68 44 69 45
68 46 69 47
68 48 69 49
68 50 69 51
68 52 69 53
68 54 69 55
68 56 69 57
68 58 69 59
68 60 69 61
68 62 69 63
68 64 69 65
68 66 69 67
68 68 69 69
