47
-1105 -1155 -930 -285
-765 -1115 -615 -375
-705 -480 -165 -285
-705 -1200 -175 -1025
-275 -1105 -105 -385
-10 -1165 185 -285
315 -1160 400 -710
340 -1195 655 -1070
580 -1140 655 -265
325 -480 395 -335
365 -390 620 -265
365 -770 610 -665
815 -1195 1110 -1070
825 -760 1100 -660
810 -405 1115 -275
780 -700 860 -360
1065 -695 1130 -360
775 -1110 860 -735
1070 -1110 1145 -730
-1065 -95 140 260
-725 80 750 460
135 -135 490 840
135 -135 490 750
-520 40 -210 945
-595 620 215 695
670 -5 855 610
550 -75 830 -25
815 240 1085 370
980 -90 1125 145
280 150 490 315
-1035 -155 -845 -90
855 815 950 1030
785 980 860 1165
945 985 1015 1160
730 835 1075 895
875 695 935 790
-1165 420 -520 650
-1090 815 -210 945
-130 800 65 1160
120 980 690 1150
-1140 995 -125 1180
-825 1050 -195 1135
-90 865 10 1090
280 1045 625 1090
-655 1065 -245 1115
-1155 70 -790 315
-1005 110 -825 225
