300 1 100 1000
10 75 17 69 81 28 77 10 58 14 46 43 84 25 68 28 61 57 42 30 3 16 14 53 14 79 47 51 8 76 53 65 16 27 64 56 5 72 43 88 38 13 6 80 47 46 73 93 83 38 62 16 26 29 100 85 34 65 98 55 76 94 70 87 37 66 58 17 71 21 13 62 57 33 71 50 36 71 31 72 15 1 80 66 71 8 19 22 52 65 100 11 95 52 16 78 42 23 65 57 14 49 98 9 55 6 16 50 2 98 95 52 90 86 8 63 26 63 48 99 45 75 2 64 70 43 91 32 86 87 36 78 30 52 90 3 95 86 47 14 41 14 42 55 56 65 98 21 60 48 50 66 19 86 50 28 99 95 40 18 91 1 84 40 67 85 78 83 3 19 28 88 48 3 49 96 41 64 93 1 59 83 62 53 84 48 65 73 64 90 26 62 68 58 82 31 81 49 52 95 8 89 69 10 23 91 70 51 61 87 1 86 83 71 56 37 87 15 23 66 85 61 79 23 39 79 68 61 15 3 61 26 25 6 24 12 55 64 59 66 75 76 84 34 83 74 18 52 59 60 83 76 64 76 66 82 90 89 78 96 13 2 70 16 23 97 98 78 52 75 47 62 98 78 87 36 53 47 35 30 3 65 69 46 47 13 21 12 23 100 1 48 63 46 72 62 18 61 64 41
22 9 23 83 66 42 10 3 53 19 48 21 30 89 92 16 76 88 99 21 47 11 36 36 73 54 100 41 3 55 15 43 73 67 2 48 71 78 49 44 1 79 85 77 60 74 69 73 3 23 56 10 18 85 96 8 1 59 89 81 26 48 62 9 92 29 48 16 29 85 100 50 11 85 49 5 73 23 23 72 27 87 14 1 38 33 8 92 18 70 98 24 43 69 51 53 65 97 40 87 4 69 64 37 6 65 68 78 60 40 100 54 21 77 96 87 76 29 47 93 20 80 12 61 26 9 81 18 37 89 86 75 52 33 96 98 67 39 81 39 71 93 100 40 64 34 1 47 68 28 37 51 54 13 77 49 13 31 31 78 73 5 71 72 72 26 23 58 24 39 27 80 94 28 50 26 32 61 38 72 51 36 25 64 96 13 14 85 84 98 92 67 1 63 31 92 67 50 10 34 81 36 33 79 6 80 91 14 84 17 14 95 31 33 70 83 6 33 39 53 79 17 68 36 57 16 47 66 62 23 67 68 3 96 83 100 87 74 100 52 59 1 43 53 34 36 97 32 83 32 79 8 15 95 82 84 85 99 40 67 74 76 93 61 89 17 60 55 1 22 36 18 5 69 58 51 71 88 59 51 93 86 21 85 10 23 30 55 36 93 31 85 11 90 62 65 8 17 63 90
0.227 0.022 0.063 0.094 0.016 0.707 0.693 0.892 0.130 0.171 0.015 0.146 0.730 0.413 0.898 0.233 0.856 0.032 0.228 0.176 0.266 0.277 0.579 0.989 0.119 0.028 0.987 0.281 0.810 0.233 0.785 0.029 0.204 0.967 0.616 0.626 0.427 0.358 0.629 0.402 0.488 0.866 0.595 0.726 0.529 0.763 0.843 0.491 0.768 0.971 0.582 0.457 0.601 0.722 0.596 0.870 0.756 0.417 0.007 0.422 0.090 0.340 0.273 0.594 0.998 0.258 0.433 0.412 0.047 0.398 0.574 0.039 0.702 0.766 0.536 0.159 0.468 0.569 0.567 0.487 0.554 0.787 0.971 0.527 0.340 0.784 0.308 0.504 0.694 0.561 0.108 0.930 0.234 0.905 0.536 0.487 0.649 0.655 0.350 0.672 0.430 0.830 0.064 0.665 0.366 0.232 0.410 0.666 0.456 0.674 0.135 0.098 0.673 0.626 0.743 0.151 0.148 0.376 0.717 0.104 0.461 0.662 0.533 0.306 0.743 0.176 0.503 0.039 0.493 0.371 0.946 0.279 0.950 0.361 0.336 0.628 0.441 0.155 0.125 0.183 0.315 0.439 0.550 0.076 0.384 0.632 0.645 0.121 0.478 0.733 0.844 0.214 0.723 0.018 0.781 0.157 0.077 0.439 0.285 0.952 0.008 0.673 0.520 0.681 0.840 0.575 0.393 0.932 0.204 0.729 0.890 0.571 0.863 0.563 0.177 0.634 0.835 0.416 0.420 0.193 0.027 0.105 0.268 0.805 0.881 0.011 0.298 0.350 0.600 0.935 0.461 0.074 0.317 0.942 0.318 0.809 0.731 0.371 0.718 0.036 0.418 0.824 0.752 0.626 0.067 0.909 0.849 0.144 0.131 0.518 0.440 0.976 0.441 0.896 0.398 0.658 0.513 0.590 0.033 0.781 0.263 0.779 0.140 0.511 0.704 0.222 0.207 0.159 0.671 0.035 0.933 0.208 0.445 0.516 0.565 0.514 0.972 0.911 0.538 0.047 0.480 0.877 0.405 0.421 0.166 0.588 0.632 0.562 0.373 0.839 0.706 0.619 0.613 0.770 0.584 0.878 0.546 0.693 0.654 0.574 0.406 0.135 0.080 0.472 0.841 0.669 0.782 0.827 0.327 0.612 0.830 0.088 0.724 0.449 0.780 0.783 0.314 0.127 0.791 0.146 0.867 0.260 0.204 0.545 0.871 0.573 0.503 0.143 0.059 0.435 0.232 0.407 0.809 0.548 0.576 0.546 0.736 0.722 0.242 0.077
70 56 42
63 81 96
11 99 52
44 69 18
3 89 56
57 99 4
76 39 53
95 32 14
51 37 28
43 66 23
39 20 16
39 31 47
24 82 100
12 42 48
1 77 59
97 54 76
45 80 83
36 28 71
56 42 2
20 11 41
100 3 24
28 55 13
55 3 64
24 23 77
52 70 91
93 65 87
29 46 67
37 91 1
60 10 69
29 98 14
46 3 32
60 89 61
71 29 67
76 51 97
82 13 13
67 34 90
57 56 26
53 82 64
23 72 2
74 78 12
13 26 98
54 93 77
66 25 22
90 80 88
53 26 83
95 45 19
17 42 16
73 55 25
72 81 26
38 57 44
96 47 37
4 2 96
35 57 10
50 72 34
43 48 92
17 83 96
29 57 47
82 16 94
88 45 20
83 11 15
33 72 16
1 51 3
37 2 70
85 62 3
39 69 84
76 90 8
35 14 76
90 9 66
96 69 91
99 65 44
56 79 14
15 23 15
62 16 89
45 93 9
25 18 51
18 41 42
22 56 53
96 19 4
55 62 9
81 94 27
11 8 27
26 19 24
97 62 33
65 72 58
87 32 75
84 3 46
84 100 5
31 14 9
87 23 76
55 15 82
68 10 64
36 34 73
19 39 22
36 69 47
81 65 16
86 11 96
31 24 43
99 74 27
45 36 90
68 82 20
89 32 60
13 73 48
71 48 52
3 44 22
1 17 85
63 89 27
61 44 68
92 80 76
5 10 99
84 63 74
49 36 74
59 78 82
52 42 80
31 92 8
68 8 51
7 91 7
65 19 43
6 27 36
63 26 67
8 4 32
42 79 35
6 47 50
38 25 40
80 72 4
24 43 40
100 64 91
22 22 56
93 52 12
31 21 1
86 37 64
1 65 55
96 93 57
32 38 100
27 100 26
35 19 11
59 81 26
45 22 4
52 35 26
10 4 90
27 69 78
92 36 67
69 43 69
13 45 17
4 54 37
82 46 96
89 26 27
40 62 33
55 74 41
74 79 46
10 48 40
88 68 83
61 81 10
38 10 47
72 100 79
2 15 78
8 63 17
28 32 35
13 43 36
60 92 68
86 89 35
87 31 20
10 76 62
44 51 69
19 34 6
60 61 31
83 60 12
12 61 29
35 100 96
43 68 60
7 52 98
34 5 17
24 20 82
18 56 33
92 82 1
80 46 46
83 64 79
19 57 13
75 40 14
91 87 89
85 25 76
18 59 25
66 68 78
19 100 42
50 62 25
56 45 61
63 37 71
52 13 6
12 97 84
43 11 16
24 45 72
26 83 92
76 1 98
50 50 10
62 81 48
57 84 93
75 99 68
69 3 59
92 54 96
18 99 29
28 50 79
13 85 58
78 53 36
10 95 75
99 20 36
80 3 21
67 13 41
94 32 76
29 42 42
50 31 97
73 66 99
60 42 63
48 80 7
13 81 80
46 5 60
79 51 5
59 3 76
76 74 23
31 72 82
16 51 70
81 9 93
99 51 49
64 45 60
47 38 95
14 32 13
20 64 58
64 81 15
87 8 53
74 34 8
63 60 4
79 43 5
45 25 52
38 65 27
48 20 40
92 61 67
92 75 11
30 18 58
18 12 41
44 11 81
26 86 62
69 54 72
42 21 31
52 71 66
33 23 11
100 85 64
60 94 63
57 91 41
61 49 66
100 45 82
77 67 73
70 58 81
5 96 92
14 12 57
76 94 22
16 71 70
8 30 69
22 5 83
60 32 40
43 50 54
52 12 74
99 29 49
2 43 96
75 50 25
20 71 23
9 1 12
19 52 83
60 14 15
57 81 46
63 27 19
89 75 78
56 4 19
8 59 76
79 70 30
92 13 31
40 17 50
95 28 55
66 92 9
13 69 95
51 83 50
6 49 40
98 79 92
89 57 77
63 88 84
16 3 63
30 76 9
54 41 60
46 88 36
93 31 62
22 32 4
53 21 40
22 82 3
89 18 91
55 99 21
48 37 44
85 18 3
92 37 39
99 53 26
1 15 34
29 53 16
78 72 80
42 49 26
37 85 23
77 35 4
38 59 74
39 34 12
12 64 91
90 75 70
18 72 19
98 59 91
49 41 82
83 27 41
47 33 71
73 95 88
80 97 98
92 70 28
56 37 21
71 80 77
58 27 48
1 40 8
21 41 58
92 79 31
39 37 50
27 7 12
3 22 8
79 35 61
2 19 9
74 54 72
69 99 4
70 66 32
39 82 52
72 9 16
31 11 88
57 44 12
44 97 32
7 13 73
56 78 42
52 5 21
44 15 3
78 91 100
61 22 14
50 12 19
28 75 15
4 97 9
20 10 83
45 19 59
89 36 30
25 92 41
2 54 71
72 35 41
44 100 59
10 16 10
51 100 76
53 62 44
64 15 31
52 100 94
69 48 70
26 11 44
14 51 93
16 65 28
35 61 95
47 17 98
42 57 20
23 6 42
52 9 78
54 48 27
3 85 80
67 25 46
9 84 7
85 78 3
11 60 45
83 94 63
25 71 3
49 83 19
31 22 52
80 78 23
43 90 36
99 97 83
5 78 87
28 35 28
93 25 4
3 93 70
1 94 71
71 71 27
97 19 82
83 8 4
54 34 20
68 4 15
86 9 98
91 59 72
33 37 67
39 45 13
50 17 46
20 97 18
60 86 9
24 18 38
76 4 98
35 37 65
87 44 72
29 88 4
23 11 31
6 74 14
10 73 50
20 23 87
26 75 78
80 73 38
32 26 37
99 34 28
53 100 12
46 35 17
9 9 5
44 83 37
5 4 45
53 56 72
59 39 75
49 88 94
44 72 2
61 7 9
10 84 88
32 79 25
48 81 67
54 96 20
35 8 35
79 30 18
9 60 32
14 17 44
45 96 60
16 89 36
55 91 44
79 1 12
61 5 16
70 64 95
36 55 81
28 39 34
72 84 71
71 90 49
57 58 58
38 52 28
49 79 65
70 94 24
65 74 94
100 22 29
60 78 90
2 95 31
6 92 22
81 91 16
7 16 32
34 18 41
30 61 34
1 24 39
12 87 37
56 74 4
49 77 94
35 68 86
35 32 82
26 93 58
23 78 69
98 51 66
61 73 27
7 87 58
3 63 25
64 59 75
86 41 14
93 99 11
68 71 31
15 71 59
93 34 3
28 38 66
85 60 58
69 85 20
14 29 1
11 63 92
95 20 87
65 78 81
90 23 96
4 44 61
3 29 4
57 77 98
90 7 82
4 30 65
85 64 37
37 69 84
41 82 37
84 61 18
92 8 67
45 31 59
11 22 63
86 93 12
59 75 32
98 82 94
32 18 72
70 12 51
30 2 17
36 66 90
93 72 85
44 62 16
33 3 22
91 70 75
21 63 10
6 10 71
65 47 74
6 89 51
17 15 44
60 48 65
83 25 26
48 17 95
97 88 87
38 46 73
80 89 89
27 23 8
30 84 4
48 21 90
24 8 56
19 76 34
47 11 93
18 73 64
81 35 29
77 85 94
13 15 52
88 79 68
83 89 59
38 6 96
64 73 49
19 98 9
46 34 49
94 90 46
66 51 43
94 59 74
21 4 74
6 24 7
22 62 77
6 51 75
99 13 32
86 22 9
27 54 69
22 97 76
27 99 79
51 64 6
43 73 41
94 66 9
49 54 45
81 86 64
10 59 17
47 50 50
75 81 17
8 57 13
37 72 18
22 99 95
84 99 90
86 13 31
66 31 47
12 81 88
17 96 86
30 77 63
57 67 11
34 53 98
60 1 97
71 8 19
84 66 66
38 31 32
88 8 100
90 78 1
37 100 11
56 50 27
85 92 27
18 17 52
11 34 70
13 64 56
26 100 24
36 76 81
68 89 97
31 12 93
21 5 4
24 64 68
55 67 55
54 64 15
45 69 89
39 73 86
23 68 58
82 55 81
19 62 96
18 19 94
73 82 9
33 12 6
2 70 70
4 65 33
39 77 42
97 38 77
41 10 5
18 28 35
37 41 10
90 49 69
42 5 22
62 63 31
70 88 98
40 14 25
64 57 73
90 6 95
16 14 54
10 90 8
34 80 52
76 92 61
15 49 7
38 14 1
33 27 50
58 12 30
3 86 14
90 68 45
83 47 12
29 12 60
17 31 34
5 20 5
96 78 23
99 41 35
80 84 47
10 87 98
37 94 60
30 78 5
37 28 5
18 98 97
45 65 7
41 20 85
97 48 39
73 15 68
83 10 42
5 9 83
83 95 41
47 85 6
28 94 43
54 59 34
3 53 29
95 100 8
35 56 8
69 38 49
51 53 22
39 51 71
81 85 72
81 36 68
68 70 98
88 27 82
50 59 35
10 91 6
36 99 65
85 21 49
63 70 33
23 59 81
14 90 30
89 11 29
82 57 50
5 33 64
58 13 10
22 2 23
37 82 71
22 46 8
24 26 99
41 4 26
42 96 14
10 67 89
25 63 91
17 80 10
25 44 60
5 25 58
40 72 25
1 81 13
15 11 54
27 65 88
27 90 74
99 21 73
42 7 8
13 21 36
66 16 47
27 14 67
55 21 43
64 69 4
24 87 50
61 27 38
100 17 72
80 37 34
80 61 48
87 98 16
37 19 47
32 4 48
2 97 94
14 92 97
91 88 24
12 44 68
18 67 89
21 23 62
68 15 56
80 96 82
45 87 69
31 70 67
34 85 40
75 47 17
4 6 11
68 3 11
73 44 88
36 94 61
84 1 75
43 27 42
47 67 14
16 53 64
59 68 7
16 37 44
59 33 13
4 98 43
21 90 78
59 51 32
61 89 98
1 98 73
69 8 72
35 26 24
71 19 28
44 28 73
30 7 30
100 12 83
83 2 83
97 33 78
11 58 13
76 56 32
45 99 42
16 21 12
38 45 9
93 51 3
13 36 80
52 88 76
25 70 67
59 93 70
89 71 28
69 25 37
14 83 91
1 69 10
16 61 74
91 34 64
48 59 32
59 41 84
88 90 87
62 25 86
62 78 41
9 30 87
4 72 28
4 40 98
85 68 81
8 25 97
15 95 39
92 23 83
87 40 26
94 4 23
35 27 90
6 5 46
100 29 64
52 46 21
71 85 76
92 96 39
32 58 58
86 10 63
2 8 84
7 83 35
87 9 96
97 71 56
7 32 52
76 9 27
70 89 19
58 84 3
96 65 68
9 95 83
58 96 94
49 33 8
51 28 66
84 33 99
65 66 53
79 64 34
56 6 78
84 78 4
99 99 4
99 40 2
16 31 4
88 92 51
71 98 59
4 86 100
9 63 56
22 10 41
57 94 56
74 91 24
74 40 72
75 49 80
24 27 3
24 78 50
54 24 60
71 60 88
34 27 93
87 52 42
45 28 11
93 37 28
45 20 29
21 83 27
4 9 87
52 36 13
98 11 54
95 26 8
44 2 59
19 73 27
14 65 38
32 45 36
99 26 56
27 97 57
12 49 34
34 16 7
29 69 81
73 83 64
31 69 77
17 46 69
34 34 73
22 94 68
8 72 61
24 39 83
65 34 67
49 96 13
18 87 3
29 79 47
92 83 85
15 97 78
31 48 57
36 36 12
79 19 38
30 85 44
82 70 19
32 24 10
50 37 30
76 83 92
81 4 59
48 26 25
23 93 29
56 24 51
62 23 9
80 68 37
12 12 5
18 81 11
68 55 3
33 54 8
98 50 17
56 58 27
4 95 89
84 20 45
25 21 93
76 97 19
64 75 54
68 9 38
23 16 77
42 45 18
56 66 5
91 40 18
66 63 17
84 56 86
2 13 91
39 63 76
67 17 33
15 60 86
51 23 3
33 38 46
24 4 38
72 15 78
99 52 44
63 5 86
57 59 76
10 35 98
35 65 52
34 75 21
45 55 51
1 34 94
38 72 32
41 50 94
46 28 55
50 10 20
98 85 74
50 93 30
31 78 38
36 29 88
22 73 99
20 37 50
74 27 88
12 28 23
75 73 13
68 72 34
38 19 87
1 38 9
8 95 64
94 73 43
22 37 57
91 97 27
77 70 9
11 25 73
60 39 69
7 96 51
12 95 14
75 84 70
33 86 83
63 22 68
2 66 69
68 62 65
32 37 73
60 88 99
93 36 1
1 42 49
26 9 92
18 6 92
37 98 2
6 72 6
30 40 26
41 42 90
63 34 51
37 43 62
43 92 27
27 49 48
93 9 5
78 33 78
58 46 75
98 66 58
38 34 46
6 33 43
34 55 2
99 8 43
53 54 51
41 91 35
69 4 94
69 65 90
78 7 42
94 20 31
75 74 58
87 60 93
41 73 61
48 4 61
39 26 48
95 31 58
10 45 58
27 51 71
4 61 79
72 60 59
45 27 18
36 71 52
22 17 61
67 48 92
23 3 30
43 100 40
96 16 73
16 36 27
27 1 44
98 3 86
30 17 61
17 12 73
81 80 3
39 30 47
84 13 26
21 92 78
60 79 43
62 1 99
55 42 4
43 29 98
78 86 100
33 87 13
30 65 75
18 10 34
25 54 29
10 56 80
66 79 26
18 48 94
16 48 35
54 55 79
90 37 44
51 46 81
34 86 27
2 60 73
80 7 62
61 66 97
29 67 97
80 86 11
25 39 65
75 29 40
25 82 89
36 18 36
11 37 14
18 78 37
44 35 67
100 97 72
6 30 79
96 41 55
76 86 39
60 16 57
100 41 72
62 37 30
90 40 67
63 36 86
10 11 39
50 32 77
52 39 51
80 59 3
72 53 42
69 10 31
9 91 41
83 61 77
23 19 39
32 11 76
