2 2 300 2000
41 164
100 105
0.658 0.221
163 54 16
5 151 24
167 268 76
282 176 100
58 147 69
54 19 75
83 127 97
73 123 4
238 251 29
212 50 35
89 241 51
72 68 14
192 180 68
291 275 23
55 88 21
52 173 85
151 170 29
283 220 27
288 52 25
171 228 85
25 284 22
204 101 60
278 295 83
291 125 43
117 104 73
179 149 51
251 24 99
143 162 47
90 162 11
172 194 63
258 80 27
78 284 95
102 239 76
79 197 100
158 285 76
109 104 93
63 52 64
69 184 36
135 121 60
22 210 100
253 269 4
293 198 9
200 142 63
28 185 70
71 174 63
174 150 7
46 88 26
189 217 68
3 138 86
259 122 38
24 96 42
285 295 73
246 244 5
71 249 75
277 278 54
270 10 52
210 123 21
35 253 56
44 2 70
124 188 68
248 102 44
9 151 18
141 264 47
12 218 82
251 1 6
89 95 44
103 162 32
195 238 17
4 101 47
166 96 47
3 279 89
205 8 4
201 186 75
20 5 88
230 42 84
126 267 11
166 102 28
283 25 67
200 120 2
266 48 5
278 153 72
20 3 69
168 154 31
281 128 20
279 82 24
82 247 62
253 186 33
203 5 29
105 47 22
195 225 37
198 32 11
280 117 76
18 135 72
86 193 35
27 115 12
252 163 31
153 25 81
70 268 91
198 129 17
46 24 91
36 155 30
294 173 4
48 210 83
205 36 36
244 288 7
44 232 63
130 77 96
155 94 32
185 195 66
93 292 33
295 137 72
232 116 59
224 22 84
295 100 1
184 109 61
217 298 28
56 97 99
52 197 46
120 18 53
41 238 40
88 130 69
177 16 22
32 84 52
194 12 22
239 195 14
192 165 13
216 215 38
35 172 49
106 162 19
209 231 48
215 75 34
188 151 31
75 217 8
230 183 43
198 156 37
247 299 49
18 36 31
255 263 51
58 253 5
205 34 27
246 169 20
254 128 76
169 218 50
266 9 44
112 71 36
163 80 33
223 11 14
291 199 92
25 5 97
293 17 68
103 44 38
194 35 50
70 19 78
258 78 16
37 119 48
52 231 75
264 230 22
147 80 90
167 186 98
110 140 28
29 179 84
206 34 89
201 154 72
149 146 6
49 3 1
239 155 22
233 184 61
43 292 89
31 37 15
90 80 3
132 162 33
257 188 35
87 219 90
197 72 51
123 140 27
24 205 100
83 285 43
159 203 90
285 42 3
259 182 88
57 267 45
216 160 49
29 278 47
229 248 29
43 1 13
131 42 5
205 226 51
198 134 66
219 100 65
135 186 70
279 17 65
240 135 95
258 192 33
29 52 27
66 115 49
285 246 57
217 72 20
109 195 65
31 123 6
3 269 40
7 281 25
267 100 64
218 78 88
296 47 92
253 147 87
78 176 61
177 145 44
29 49 71
166 53 82
192 141 94
230 5 8
247 10 53
94 131 62
266 249 23
108 23 10
30 29 54
201 104 47
133 114 99
279 111 55
120 264 28
169 97 31
157 116 4
239 193 10
286 49 42
213 143 31
290 33 32
93 205 64
254 197 12
115 141 77
259 245 91
140 200 89
48 258 99
211 208 54
74 247 29
242 24 56
153 41 26
73 46 49
170 272 11
168 48 95
243 136 1
247 97 81
70 210 45
62 249 6
230 121 19
243 189 70
187 282 11
294 30 96
237 37 13
248 219 97
206 129 34
104 102 45
130 36 47
244 100 40
94 260 29
105 98 29
17 107 53
152 220 31
89 280 60
173 18 10
149 170 27
292 239 38
36 140 96
4 238 90
245 184 35
192 280 15
14 7 88
153 254 64
197 95 51
92 270 47
294 56 56
194 110 79
147 40 87
183 5 75
27 88 71
258 129 25
188 63 19
60 50 22
274 278 55
169 255 39
189 2 47
98 179 75
282 276 83
300 274 4
169 286 69
113 274 7
298 183 45
166 170 34
277 236 23
91 88 30
85 46 7
78 295 56
279 251 36
39 218 50
23 266 14
294 17 32
68 136 27
17 110 99
136 99 86
240 255 62
183 117 53
249 70 58
83 99 77
73 18 38
10 132 72
11 51 87
2 193 49
202 25 78
35 40 75
151 254 79
185 59 67
33 198 7
285 15 31
241 294 28
269 59 27
183 114 37
67 178 82
247 272 17
32 121 96
121 189 6
89 291 7
259 161 91
88 178 58
178 144 52
288 2 51
17 88 78
254 114 53
4 81 86
257 233 64
28 61 99
240 161 28
64 201 91
259 43 45
284 131 28
153 281 71
201 113 15
254 57 87
34 220 9
50 267 100
26 82 78
36 114 1
273 168 91
101 259 3
261 44 59
203 272 83
153 241 26
127 198 97
238 85 68
73 229 67
44 60 97
216 254 69
196 255 80
129 213 64
215 62 42
288 208 79
11 102 67
69 99 70
28 226 66
118 197 90
14 193 92
196 132 80
214 97 58
257 51 72
89 155 38
224 78 60
135 34 47
147 256 9
118 27 83
295 122 75
57 192 93
280 175 45
252 29 95
111 69 51
295 119 63
51 171 21
282 121 91
107 140 61
15 213 61
45 56 74
284 143 7
250 117 13
268 297 32
87 189 72
77 32 46
174 212 80
71 168 16
178 274 10
11 198 97
260 254 33
189 205 23
232 136 19
252 252 50
131 151 64
280 101 17
237 152 85
15 111 43
12 15 68
171 85 57
104 160 56
260 31 12
146 68 67
122 39 30
210 115 10
183 116 33
66 134 88
10 158 24
33 197 14
12 147 55
226 45 53
241 212 26
133 128 13
68 36 83
32 159 87
80 110 6
181 5 50
249 125 74
63 299 60
31 256 94
103 50 85
152 262 17
139 183 57
207 258 94
80 127 33
117 95 64
220 15 88
127 109 73
274 86 91
61 198 17
117 145 58
271 80 91
21 251 76
267 253 7
49 118 89
114 223 90
172 211 33
178 17 45
46 225 72
164 193 54
242 71 18
157 61 75
4 128 42
82 78 11
48 79 6
96 71 100
2 97 22
104 228 45
251 145 36
161 237 79
4 285 8
119 14 99
278 192 16
293 196 80
17 209 57
128 286 94
114 169 81
8 276 9
19 25 42
151 203 91
56 202 94
259 158 60
290 244 14
16 246 28
289 9 67
200 241 68
259 26 94
190 268 29
116 170 88
260 275 85
32 115 18
35 113 40
278 231 24
248 294 36
256 136 78
15 138 39
283 249 84
12 250 12
254 267 79
58 120 48
278 263 20
221 202 46
228 190 63
14 28 96
268 248 63
264 160 71
67 269 61
176 26 18
225 167 7
18 145 24
184 113 77
135 28 60
97 283 28
172 46 9
143 265 9
253 98 97
232 196 2
77 155 98
270 50 18
289 209 69
207 286 23
12 274 29
115 206 70
217 124 61
253 13 56
225 105 51
217 24 36
93 40 68
31 76 73
177 296 23
37 295 64
161 255 87
119 133 90
230 9 45
184 67 55
41 234 62
211 240 100
106 66 48
210 189 52
143 81 78
70 71 4
76 19 52
205 5 42
164 13 9
63 282 45
285 115 44
266 183 62
204 22 47
282 19 12
262 25 61
124 91 27
233 83 66
20 118 56
87 35 54
192 144 43
111 208 91
247 29 28
3 150 30
35 8 29
30 6 40
66 104 38
16 82 67
100 76 72
251 132 79
280 197 5
135 95 10
149 27 30
146 122 24
165 190 11
79 70 6
17 211 25
166 21 36
69 18 70
36 237 92
287 153 17
62 235 56
81 216 100
249 3 82
72 160 65
90 95 69
146 4 63
125 205 98
146 239 29
56 51 32
242 268 44
74 65 41
66 13 48
275 157 60
232 256 59
26 17 61
23 21 19
8 64 25
264 72 32
226 141 65
158 123 65
253 132 75
110 288 34
120 231 9
216 154 2
136 214 14
115 117 34
196 74 91
217 206 93
103 64 14
184 159 74
221 3 58
230 220 74
23 85 3
6 201 79
3 166 8
167 79 37
293 28 38
110 128 33
67 179 97
2 201 26
179 10 29
28 46 90
129 4 21
190 17 60
61 282 49
235 200 91
141 157 82
274 32 89
253 202 75
299 67 7
293 214 56
257 125 89
193 100 64
222 220 94
234 13 87
43 136 39
62 229 99
66 250 54
99 50 95
141 73 97
286 104 44
109 271 94
156 231 3
11 93 38
293 280 95
244 141 58
230 75 40
32 30 67
180 57 64
207 280 4
89 48 26
69 193 68
123 12 40
186 277 100
84 86 83
165 95 41
16 259 9
118 9 53
142 290 76
285 59 90
70 80 99
258 263 98
80 111 74
115 288 89
93 264 16
95 258 3
241 79 94
79 163 44
227 254 80
126 3 7
225 270 35
183 157 49
56 225 52
28 167 2
140 28 18
148 58 26
262 136 29
60 40 73
147 155 61
91 193 67
177 231 74
78 85 52
153 36 88
275 31 76
77 264 41
7 279 82
291 76 59
91 276 24
162 188 36
39 243 1
34 153 4
222 28 54
227 264 32
6 223 46
211 201 16
293 212 21
157 154 12
204 137 34
63 284 95
150 269 55
175 7 49
107 208 81
110 27 81
242 277 81
6 16 79
120 221 8
260 211 34
180 283 29
198 175 26
122 200 7
259 129 43
267 34 51
147 77 50
66 176 49
69 51 94
42 18 94
295 42 70
72 40 80
296 52 49
182 254 75
79 298 20
39 196 55
71 193 79
263 5 65
16 161 69
199 175 94
299 88 68
183 138 35
292 112 66
169 103 98
112 264 53
257 152 64
296 202 92
59 151 88
71 24 7
100 260 99
244 142 28
62 27 73
32 271 90
229 84 9
255 72 45
188 60 87
159 237 52
58 157 89
142 256 53
16 289 16
93 188 59
27 145 53
233 234 64
274 171 65
285 81 61
288 84 90
127 166 24
280 165 87
47 153 75
2 170 36
92 139 69
14 83 29
221 24 43
277 198 65
93 10 66
85 219 92
200 180 25
81 94 73
296 81 80
116 126 61
63 280 79
2 298 60
13 11 72
4 44 81
287 88 23
81 287 49
103 60 25
91 211 74
299 289 23
151 268 91
13 149 5
282 122 42
42 223 35
10 233 67
169 87 77
121 187 72
125 87 36
238 285 90
206 127 8
251 6 21
145 29 3
218 158 100
170 199 63
292 70 41
84 238 4
98 119 91
44 135 83
195 283 98
48 66 89
150 65 96
28 6 80
143 153 28
232 20 3
110 189 15
57 8 95
298 103 20
35 238 58
155 70 32
147 169 85
289 105 30
78 62 26
209 276 99
99 252 84
232 211 68
213 99 40
279 20 12
4 88 58
130 154 74
189 92 41
233 238 3
230 160 36
48 157 30
227 194 12
94 119 77
81 208 69
84 45 85
278 194 28
57 87 64
46 248 13
16 40 10
249 27 56
134 248 64
87 251 88
276 187 69
7 204 11
38 48 16
296 266 58
53 142 15
269 28 52
167 121 14
175 47 82
253 205 12
287 193 80
44 70 48
94 3 86
111 161 11
213 196 47
16 181 54
140 253 19
266 173 52
252 122 92
285 287 21
102 76 71
121 279 81
213 47 30
186 25 86
208 206 16
299 140 23
8 269 82
57 128 9
123 205 73
84 107 39
117 20 53
154 206 13
222 82 91
177 285 41
109 236 9
10 264 18
82 205 13
168 206 57
218 270 10
113 39 78
101 67 52
288 212 83
20 52 47
8 140 47
195 251 50
150 272 4
15 63 16
279 100 28
6 210 58
136 274 19
235 85 40
221 275 39
12 65 83
50 255 60
30 237 12
165 156 89
285 226 85
41 185 8
211 200 59
140 274 4
101 105 73
281 23 40
236 129 45
22 22 1
257 287 78
255 172 95
252 233 80
27 89 40
126 133 64
265 142 77
226 150 24
7 63 5
252 281 80
129 102 48
281 17 14
22 50 67
220 12 27
29 292 55
290 108 56
91 25 41
17 139 83
268 252 38
1 27 48
147 54 17
274 65 25
88 81 53
2 291 46
172 253 45
255 211 74
50 125 21
110 276 20
14 156 58
270 43 88
199 270 73
227 78 61
280 90 85
103 25 47
293 64 47
16 73 5
132 15 90
247 254 84
239 279 48
125 263 58
95 84 69
136 149 45
82 148 10
125 207 74
133 268 55
260 291 72
143 99 80
52 154 75
122 10 22
98 117 74
183 199 62
34 286 54
213 153 41
121 146 87
293 114 75
274 262 16
176 179 33
266 26 34
229 201 80
210 141 84
173 70 12
130 293 81
133 287 91
220 246 10
163 43 92
32 191 97
102 149 24
171 26 60
275 251 18
99 235 92
286 5 62
238 179 47
133 286 75
198 291 46
293 188 62
9 53 86
244 73 67
11 216 48
27 266 22
129 152 79
203 72 10
237 246 67
246 27 28
193 116 3
70 45 13
52 87 69
192 101 62
289 206 43
47 277 16
91 215 38
140 238 51
223 71 27
152 9 30
300 259 96
167 284 44
57 135 36
148 270 27
16 85 52
246 186 39
236 23 94
176 146 9
196 8 90
158 245 44
201 271 20
31 96 24
210 37 67
176 75 25
130 215 72
138 164 18
225 99 52
275 255 36
263 210 10
284 86 53
97 126 10
28 129 65
26 24 15
60 260 25
199 18 38
99 147 70
142 116 32
124 223 42
109 116 13
116 257 5
215 170 19
227 108 2
51 196 85
101 123 90
119 93 33
238 267 19
153 100 46
192 23 21
149 191 61
65 204 91
292 156 94
44 11 77
178 26 21
171 84 64
74 142 75
264 26 40
224 49 20
110 64 8
238 76 39
173 38 82
291 54 91
186 122 17
168 130 2
74 72 35
121 75 10
186 259 53
176 110 13
257 243 27
166 254 65
217 207 62
193 286 32
66 229 59
157 205 19
71 43 19
198 126 4
200 202 100
293 30 67
243 270 15
54 205 59
26 202 21
173 63 16
167 47 69
84 273 46
147 110 69
239 41 54
171 178 61
99 290 45
118 247 93
43 277 2
240 141 32
241 233 92
178 15 47
186 120 47
287 171 3
117 65 34
186 294 66
255 218 70
160 231 14
278 73 18
177 52 96
57 148 66
204 207 39
216 255 16
80 71 50
261 271 57
179 242 86
300 201 94
26 230 80
187 103 36
279 244 13
56 286 68
95 226 78
265 199 43
278 66 70
83 105 7
239 229 44
6 238 62
80 1 5
209 14 24
289 185 40
38 291 21
273 3 78
129 87 27
266 115 56
86 73 29
157 40 51
226 252 47
113 280 27
235 261 19
11 251 75
272 46 81
1 209 17
111 225 26
169 265 24
155 23 92
53 109 89
30 192 78
221 157 86
117 45 64
184 122 92
216 257 83
166 71 35
287 23 48
96 154 95
140 270 86
15 280 41
127 204 85
201 298 11
247 98 39
78 248 51
166 225 92
181 147 62
151 242 15
199 237 48
98 218 72
264 269 86
177 22 69
180 264 38
32 258 78
159 75 15
206 100 81
181 258 82
286 40 3
244 282 15
114 227 71
229 271 40
80 137 93
111 145 20
204 81 13
245 89 75
215 34 81
166 22 36
229 116 44
83 82 44
268 11 85
229 136 10
92 110 92
31 188 93
63 291 27
254 3 59
56 248 60
123 174 8
65 146 30
127 4 17
80 77 83
181 266 5
249 271 8
15 43 2
119 277 62
157 50 81
90 203 62
45 162 41
140 121 31
146 144 30
213 3 51
129 57 42
28 53 36
288 240 23
23 61 79
156 277 98
94 139 15
216 173 41
229 291 68
262 58 78
94 252 90
245 3 7
272 3 53
188 155 65
188 90 70
224 24 11
242 52 90
37 58 21
169 190 52
296 61 6
138 9 29
190 285 64
104 226 76
122 199 79
6 164 97
188 108 15
125 253 19
3 256 14
138 203 4
183 45 95
294 140 65
109 89 60
73 173 87
137 156 5
290 163 86
254 92 58
225 263 8
17 48 82
169 123 27
89 226 93
61 250 45
104 115 76
77 42 27
90 18 7
296 276 69
281 20 58
177 59 18
233 132 21
98 61 15
298 130 94
181 172 50
93 29 31
157 273 46
268 148 10
19 253 27
265 99 44
13 136 20
232 255 66
106 81 20
274 41 81
230 222 45
205 6 33
107 15 70
237 238 86
98 255 81
277 224 2
142 230 72
247 189 72
200 50 28
209 80 39
91 191 83
184 290 41
51 214 48
135 221 27
122 212 51
136 227 43
91 177 37
247 100 64
186 222 15
46 178 50
208 58 32
168 290 41
149 250 53
52 61 18
292 176 54
11 171 37
274 123 22
162 109 87
92 141 47
275 201 98
41 219 65
93 187 22
46 229 93
156 142 70
73 88 37
111 165 36
64 128 82
158 42 68
77 278 45
53 65 56
95 94 45
116 11 20
88 283 17
147 216 53
270 98 94
287 256 48
121 252 76
231 153 32
108 176 44
53 89 82
298 274 47
112 183 40
29 266 35
230 8 24
21 267 44
86 59 34
279 91 9
141 246 100
23 53 81
21 279 67
73 44 53
54 168 11
88 142 8
300 179 45
186 197 64
46 87 72
2 41 51
290 188 78
28 144 22
12 52 26
26 119 49
244 186 42
299 146 98
189 204 79
289 60 28
175 95 22
276 53 2
228 2 59
9 115 35
152 171 96
227 193 27
238 158 68
91 266 28
20 187 36
185 246 40
190 160 36
279 27 6
113 42 10
169 91 63
165 107 55
148 248 18
180 100 35
47 149 73
206 258 89
175 51 72
229 191 45
154 245 68
45 51 96
177 49 74
247 137 25
44 53 47
42 290 88
8 84 9
230 283 29
85 75 82
226 234 80
172 15 45
54 154 59
206 65 87
3 237 60
156 7 46
1 273 29
230 146 39
276 138 12
248 30 9
103 14 32
82 19 86
151 259 62
67 272 70
286 19 8
8 179 18
67 152 91
78 204 70
38 210 22
191 70 8
40 70 23
218 276 3
249 80 91
101 225 89
48 103 70
63 130 44
299 273 37
249 59 95
273 121 46
165 154 16
295 48 44
22 29 23
216 184 50
40 133 40
226 40 22
131 209 70
290 21 92
77 290 38
159 28 14
199 118 74
20 227 98
200 175 70
180 164 50
290 247 53
208 166 46
266 54 62
4 296 60
164 237 38
260 239 32
3 141 8
22 255 82
195 296 83
159 195 19
177 138 83
113 237 81
87 289 38
66 205 13
228 11 68
216 141 70
14 85 20
113 278 57
6 111 17
142 272 64
219 107 53
135 69 59
117 241 1
247 69 23
17 241 19
130 133 7
226 134 49
88 143 45
22 290 69
275 61 35
95 275 64
46 56 11
112 291 27
164 39 57
1 284 71
7 262 43
131 77 33
115 263 51
168 260 55
134 51 83
172 102 2
286 168 69
236 227 50
182 215 48
189 227 12
228 191 21
7 233 84
78 279 4
222 267 12
294 183 50
293 86 6
18 97 43
87 132 19
169 211 55
136 278 70
125 170 66
205 171 55
178 63 75
42 205 79
279 174 90
286 274 54
41 293 94
212 279 53
90 141 81
78 79 56
225 213 67
87 246 96
161 158 10
95 166 7
75 128 98
113 18 7
235 145 67
246 238 33
99 75 68
166 54 20
246 51 46
177 253 63
211 70 55
73 37 56
24 293 53
93 58 21
139 180 11
212 64 10
179 198 78
6 189 11
249 229 88
154 77 100
114 12 69
2 2 7
72 51 70
163 72 47
243 244 87
3 185 90
67 230 97
162 236 76
71 89 40
260 224 99
200 292 98
206 223 18
181 70 54
245 47 30
68 4 88
276 62 74
273 254 56
53 170 5
113 50 44
11 28 37
58 197 80
204 113 75
74 109 57
172 112 63
179 40 52
270 274 45
102 31 76
218 103 48
146 50 14
130 110 66
148 166 66
230 51 10
117 242 14
32 253 75
137 264 56
166 196 62
86 244 52
153 35 70
229 49 98
143 241 99
19 184 52
63 149 7
156 114 47
37 226 51
28 300 54
250 112 40
270 44 43
68 19 99
169 62 19
226 56 2
32 282 88
26 288 86
253 232 34
259 262 99
20 252 52
110 208 73
32 32 32
238 283 32
13 95 15
67 150 57
279 8 20
104 208 50
9 12 2
278 147 59
5 96 58
129 289 80
87 123 81
168 173 8
86 50 89
158 63 46
258 39 31
139 256 53
228 128 33
42 275 9
51 135 91
65 198 45
262 175 34
166 239 41
203 149 41
137 69 96
117 121 64
16 217 27
118 267 82
96 201 49
234 57 75
119 223 18
89 246 33
116 218 9
171 42 65
252 170 36
110 98 47
79 5 4
41 17 80
293 106 22
115 43 31
263 213 62
20 158 83
143 18 27
233 271 16
270 75 30
56 35 60
276 135 30
165 274 3
273 257 24
286 25 69
161 51 33
295 213 25
225 291 44
115 69 36
265 203 93
71 214 73
268 296 85
270 70 19
36 203 18
293 232 25
108 291 60
224 164 66
297 276 16
40 46 20
211 102 42
40 56 33
89 294 46
208 3 23
214 256 35
194 99 64
280 208 82
43 297 13
201 269 90
107 218 5
205 211 19
254 26 2
251 247 93
81 10 18
146 39 24
216 169 23
286 204 99
23 185 47
189 214 87
161 232 56
35 77 93
71 31 44
277 108 19
271 197 89
109 153 96
46 245 54
255 10 70
204 173 74
166 46 49
94 70 4
54 206 55
66 249 19
232 30 92
227 99 85
236 128 20
294 238 97
5 176 80
40 113 67
294 69 21
78 153 31
299 34 10
150 227 9
259 256 12
55 89 23
53 7 95
212 300 16
254 162 86
212 123 56
94 243 4
141 95 74
121 131 88
31 237 58
55 275 100
129 82 8
74 73 91
177 1 39
234 186 90
106 278 57
187 16 47
156 126 76
134 227 23
79 225 5
142 82 47
122 178 93
288 151 96
28 157 55
238 224 59
120 239 70
154 71 4
95 270 72
219 120 80
75 164 27
121 151 69
16 66 55
18 106 55
235 201 26
7 38 42
60 277 5
24 70 39
130 263 8
284 262 26
138 256 7
142 161 14
285 142 67
225 124 86
54 179 10
202 151 47
53 257 63
218 113 47
69 264 44
36 135 83
245 285 37
75 38 92
168 229 16
195 86 88
80 83 30
99 105 6
51 300 75
151 130 20
135 136 51
41 139 32
65 23 55
10 296 98
57 298 64
51 296 4
145 90 12
22 178 67
158 232 83
266 232 50
190 122 72
70 230 75
147 44 63
39 48 55
145 155 14
220 141 43
162 198 73
47 82 75
273 290 51
226 221 52
75 192 56
280 151 10
60 168 57
21 217 29
219 7 17
217 96 25
63 191 30
192 42 74
277 232 26
80 184 6
254 152 31
274 254 26
279 62 69
162 260 85
157 187 12
99 216 66
166 280 26
183 227 73
242 257 72
216 96 96
148 84 50
38 79 35
286 138 47
28 238 1
257 38 20
7 211 9
51 260 43
267 64 3
169 34 80
34 138 55
95 195 46
30 111 20
233 204 92
254 292 43
20 241 15
220 226 17
188 202 31
266 128 52
271 252 35
271 171 29
238 106 22
84 287 62
260 270 44
157 215 14
12 128 5
238 176 42
113 127 93
270 37 65
72 254 81
31 148 20
73 130 22
245 295 43
21 250 24
201 198 98
101 182 5
168 248 52
65 203 38
106 236 69
48 86 44
112 235 31
199 110 20
209 22 18
18 67 47
216 28 88
2 265 20
287 251 43
28 41 91
134 25 39
160 137 75
35 1 7
60 254 19
82 211 94
146 37 15
76 225 46
12 137 18
253 246 8
34 118 55
243 131 37
227 14 4
89 242 70
258 34 80
156 161 75
160 212 72
240 258 67
188 299 63
72 12 30
119 164 28
7 17 98
230 153 92
106 195 31
8 248 7
295 290 25
164 231 88
248 1 10
184 228 76
153 224 64
132 114 24
3 286 86
237 41 25
22 141 94
175 100 49
176 154 76
257 184 59
165 269 38
297 64 71
15 127 54
29 65 76
77 241 50
90 58 20
14 171 46
237 69 47
265 106 8
44 293 59
153 146 48
79 41 1
18 156 10
36 119 22
21 151 84
298 228 23
72 212 74
273 253 61
175 225 89
225 128 75
246 124 99
105 188 61
172 288 5
221 50 82
227 70 50
186 16 93
137 249 51
200 272 40
141 299 93
258 44 77
221 272 57
188 236 97
36 52 94
277 10 29
283 65 83
144 94 76
276 75 5
222 52 34
67 197 79
238 263 70
296 188 10
24 282 15
118 202 88
249 40 13
156 289 50
152 300 47
130 281 3
20 218 55
17 275 79
41 33 96
227 32 47
138 167 3
100 60 36
135 293 40
74 95 15
256 106 95
131 69 43
108 49 82
83 138 56
168 165 69
152 188 86
59 181 58
141 196 68
168 116 28
54 172 47
245 49 100
192 166 56
16 225 69
156 57 57
197 62 83
198 106 40
56 113 76
257 48 5
256 116 10
109 103 77
76 141 6
210 164 94
70 73 3
268 120 80
268 86 23
57 57 56
220 282 7
10 200 26
54 217 61
202 197 12
90 211 54
132 29 98
195 70 48
200 98 56
47 187 56
271 269 38
221 138 56
4 7 42
34 26 9
20 265 35
180 149 6
99 19 84
222 33 99
91 37 96
95 137 80
148 142 36
96 102 40
46 156 16
87 27 21
279 225 38
208 105 97
142 187 59
162 37 22
26 93 100
190 30 6
107 104 10
100 61 78
98 62 58
257 110 39
179 143 6
272 124 3
85 58 12
134 132 10
221 109 5
147 285 15
43 248 79
273 196 57
283 212 78
113 66 72
167 5 58
228 144 85
66 74 71
200 274 82
184 281 36
121 198 86
125 33 98
292 255 72
274 61 96
175 182 50
87 192 82
271 159 29
181 215 79
103 196 20
50 262 37
73 60 94
152 230 55
227 73 29
113 241 87
230 250 13
25 168 10
81 153 86
202 72 68
246 78 25
105 222 45
295 271 58
99 286 12
83 241 11
262 70 11
287 244 82
40 91 13
265 247 80
128 127 98
41 96 13
161 104 50
175 282 58
77 87 75
59 73 24
293 180 79
25 20 41
24 29 89
182 135 38
97 24 6
36 222 26
145 74 54
104 263 35
236 125 87
126 293 22
280 85 20
152 275 33
97 95 14
276 189 70
272 146 67
208 232 70
105 104 55
3 84 19
113 277 21
8 116 86
74 193 79
252 141 24
234 17 50
289 110 5
215 269 5
237 115 18
80 103 40
241 125 100
30 140 55
206 136 10
276 94 19
188 285 56
164 256 89
257 276 50
209 149 41
77 91 84
15 188 79
106 171 8
161 113 32
204 10 84
13 75 97
119 65 82
269 243 84
299 234 68
296 57 86
233 161 32
72 43 1
141 93 5
70 48 82
258 82 90
140 191 95
296 122 28
133 276 92
146 274 15
1 290 13
104 243 71
93 168 53
95 218 2
136 201 14
50 300 12
290 281 82
285 249 23
