3 1 100 4950
55 35 1
26 7 38
0.541 0.459 0.076
1 2 8
1 3 6
1 4 10
1 5 4
1 6 5
1 7 9
1 8 5
1 9 12
1 10 9
1 11 4
1 12 7
1 13 4
1 14 8
1 15 6
1 16 6
1 17 8
1 18 10
1 19 7
1 20 6
1 21 7
1 22 8
1 23 5
1 24 12
1 25 4
1 26 8
1 27 7
1 28 7
1 29 10
1 30 8
1 31 8
1 32 8
1 33 9
1 34 9
1 35 9
1 36 7
1 37 8
1 38 7
1 39 5
1 40 4
1 41 6
1 42 12
1 43 5
1 44 8
1 45 6
1 46 4
1 47 7
1 48 10
1 49 6
1 50 8
1 51 6
1 52 11
1 53 8
1 54 6
1 55 10
1 56 4
1 57 8
1 58 8
1 59 5
1 60 4
1 61 9
1 62 3
1 63 12
1 64 7
1 65 4
1 66 1
1 67 8
1 68 6
1 69 7
1 70 3
1 71 3
1 72 8
1 73 7
1 74 8
1 75 4
1 76 9
1 77 10
1 78 8
1 79 10
1 80 7
1 81 7
1 82 4
1 83 7
1 84 10
1 85 8
1 86 9
1 87 8
1 88 5
1 89 3
1 90 8
1 91 7
1 92 5
1 93 9
1 94 6
1 95 9
1 96 9
1 97 7
1 98 2
1 99 8
1 100 7
2 3 7
2 4 11
2 5 10
2 6 7
2 7 7
2 8 8
2 9 8
2 10 4
2 11 6
2 12 6
2 13 6
2 14 8
2 15 8
2 16 8
2 17 8
2 18 9
2 19 8
2 20 6
2 21 9
2 22 3
2 23 8
2 24 11
2 25 7
2 26 4
2 27 7
2 28 8
2 29 5
2 30 9
2 31 7
2 32 7
2 33 10
2 34 11
2 35 9
2 36 8
2 37 7
2 38 8
2 39 7
2 40 10
2 41 6
2 42 9
2 43 9
2 44 4
2 45 7
2 46 10
2 47 7
2 48 3
2 49 10
2 50 7
2 51 9
2 52 11
2 53 9
2 54 10
2 55 9
2 56 9
2 57 7
2 58 10
2 59 6
2 60 7
2 61 7
2 62 5
2 63 8
2 64 9
2 65 4
2 66 7
2 67 5
2 68 9
2 69 11
2 70 9
2 71 5
2 72 10
2 73 6
2 74 8
2 75 8
2 76 6
2 77 8
2 78 10
2 79 2
2 80 6
2 81 11
2 82 9
2 83 7
2 84 6
2 85 2
2 86 11
2 87 9
2 88 7
2 89 7
2 90 5
2 91 7
2 92 7
2 93 8
2 94 7
2 95 8
2 96 11
2 97 1
2 98 6
2 99 10
2 100 8
3 4 10
3 5 3
3 6 5
3 7 9
3 8 4
3 9 8
3 10 8
3 11 4
3 12 1
3 13 6
3 14 11
3 15 5
3 16 6
3 17 3
3 18 7
3 19 8
3 20 5
3 21 5
3 22 4
3 23 1
3 24 10
3 25 5
3 26 7
3 27 5
3 28 5
3 29 8
3 30 7
3 31 5
3 32 8
3 33 5
3 34 8
3 35 4
3 36 2
3 37 3
3 38 7
3 39 6
3 40 5
3 41 5
3 42 8
3 43 2
3 44 3
3 45 6
3 46 5
3 47 6
3 48 9
3 49 8
3 50 7
3 51 3
3 52 11
3 53 4
3 54 5
3 55 11
3 56 3
3 57 7
3 58 8
3 59 9
3 60 5
3 61 8
3 62 7
3 63 7
3 64 6
3 65 8
3 66 5
3 67 8
3 68 2
3 69 5
3 70 4
3 71 5
3 72 10
3 73 6
3 74 8
3 75 6
3 76 10
3 77 8
3 78 7
3 79 8
3 80 6
3 81 10
3 82 2
3 83 7
3 84 7
3 85 8
3 86 5
3 87 3
3 88 5
3 89 6
3 90 5
3 91 5
3 92 5
3 93 9
3 94 7
3 95 4
3 96 8
3 97 6
3 98 7
3 99 7
3 100 6
4 5 11
4 6 5
4 7 10
4 8 6
4 9 10
4 10 8
4 11 8
4 12 9
4 13 9
4 14 12
4 15 7
4 16 4
4 17 10
4 18 10
4 19 12
4 20 5
4 21 10
4 22 9
4 23 11
4 24 8
4 25 7
4 26 10
4 27 13
4 28 12
4 29 13
4 30 7
4 31 7
4 32 6
4 33 7
4 34 7
4 35 9
4 36 8
4 37 7
4 38 5
4 39 10
4 40 12
4 41 8
4 42 12
4 43 8
4 44 7
4 45 9
4 46 12
4 47 10
4 48 10
4 49 7
4 50 9
4 51 11
4 52 1
4 53 10
4 54 8
4 55 11
4 56 7
4 57 8
4 58 8
4 59 9
4 60 9
4 61 12
4 62 11
4 63 11
4 64 8
4 65 12
4 66 10
4 67 8
4 68 10
4 69 13
4 70 8
4 71 8
4 72 11
4 73 6
4 74 11
4 75 6
4 76 10
4 77 9
4 78 6
4 79 10
4 80 9
4 81 9
4 82 10
4 83 10
4 84 11
4 85 10
4 86 13
4 87 9
4 88 8
4 89 10
4 90 7
4 91 6
4 92 7
4 93 7
4 94 11
4 95 6
4 96 10
4 97 10
4 98 9
4 99 8
4 100 8
5 6 8
5 7 12
5 8 7
5 9 8
5 10 11
5 11 6
5 12 4
5 13 6
5 14 8
5 15 8
5 16 9
5 17 6
5 18 10
5 19 10
5 20 8
5 21 8
5 22 7
5 23 4
5 24 11
5 25 8
5 26 10
5 27 8
5 28 8
5 29 11
5 30 8
5 31 8
5 32 5
5 33 5
5 34 9
5 35 7
5 36 5
5 37 6
5 38 6
5 39 7
5 40 6
5 41 8
5 42 11
5 43 5
5 44 6
5 45 9
5 46 6
5 47 9
5 48 12
5 49 10
5 50 10
5 51 6
5 52 10
5 53 7
5 54 8
5 55 11
5 56 6
5 57 9
5 58 11
5 59 7
5 60 7
5 61 5
5 62 5
5 63 10
5 64 9
5 65 7
5 66 3
5 67 7
5 68 5
5 69 8
5 70 5
5 71 5
5 72 10
5 73 9
5 74 10
5 75 8
5 76 10
5 77 11
5 78 8
5 79 11
5 80 9
5 81 11
5 82 5
5 83 9
5 84 6
5 85 10
5 86 8
5 87 6
5 88 7
5 89 7
5 90 8
5 91 8
5 92 7
5 93 6
5 94 9
5 95 7
5 96 11
5 97 9
5 98 6
5 99 6
5 100 9
6 7 7
6 8 1
6 9 9
6 10 7
6 11 4
6 12 6
6 13 6
6 14 7
6 15 3
6 16 1
6 17 5
6 18 7
6 19 8
6 20 4
6 21 5
6 22 8
6 23 6
6 24 12
6 25 6
6 26 5
6 27 10
6 28 8
6 29 10
6 30 9
6 31 3
6 32 8
6 33 9
6 34 4
6 35 7
6 36 6
6 37 5
6 38 7
6 39 6
6 40 7
6 41 3
6 42 10
6 43 3
6 44 6
6 45 4
6 46 8
6 47 8
6 48 5
6 49 3
6 50 9
6 51 6
6 52 6
6 53 9
6 54 3
6 55 9
6 56 2
6 57 5
6 58 3
6 59 4
6 60 5
6 61 8
6 62 7
6 63 9
6 64 5
6 65 7
6 66 5
6 67 6
6 68 7
6 69 8
6 70 3
6 71 5
6 72 8
6 73 5
6 74 6
6 75 1
6 76 8
6 77 8
6 78 3
6 79 5
6 80 4
6 81 6
6 82 5
6 83 5
6 84 7
6 85 9
6 86 9
6 87 5
6 88 3
6 89 6
6 90 6
6 91 5
6 92 5
6 93 8
6 94 6
6 95 4
6 96 6
6 97 8
6 98 7
6 99 5
6 100 8
7 8 8
7 9 11
7 10 8
7 11 6
7 12 9
7 13 8
7 14 12
7 15 8
7 16 6
7 17 7
7 18 8
7 19 8
7 20 5
7 21 10
7 22 9
7 23 10
7 24 10
7 25 6
7 26 3
7 27 5
7 28 10
7 29 7
7 30 10
7 31 8
7 32 7
7 33 10
7 34 5
7 35 7
7 36 7
7 37 6
7 38 8
7 39 8
7 40 10
7 41 5
7 42 7
7 43 10
7 44 7
7 45 6
7 46 10
7 47 8
7 48 10
7 49 9
7 50 10
7 51 8
7 52 11
7 53 11
7 54 10
7 55 11
7 56 9
7 57 6
7 58 10
7 59 9
7 60 5
7 61 8
7 62 10
7 63 6
7 64 8
7 65 8
7 66 9
7 67 5
7 68 11
7 69 10
7 70 9
7 71 7
7 72 9
7 73 6
7 74 7
7 75 7
7 76 7
7 77 1
7 78 4
7 79 9
7 80 5
7 81 7
7 82 11
7 83 6
7 84 9
7 85 7
7 86 10
7 87 8
7 88 7
7 89 6
7 90 7
7 91 4
7 92 7
7 93 8
7 94 4
7 95 7
7 96 11
7 97 8
7 98 7
7 99 6
7 100 9
8 9 8
8 10 8
8 11 3
8 12 5
8 13 5
8 14 8
8 15 3
8 16 2
8 17 6
8 18 8
8 19 7
8 20 5
8 21 6
8 22 8
8 23 5
8 24 13
8 25 7
8 26 6
8 27 9
8 28 7
8 29 10
8 30 8
8 31 4
8 32 7
8 33 8
8 34 5
8 35 7
8 36 5
8 37 6
8 38 6
8 39 5
8 40 6
8 41 4
8 42 11
8 43 2
8 44 7
8 45 5
8 46 7
8 47 7
8 48 6
8 49 4
8 50 10
8 51 7
8 52 7
8 53 8
8 54 3
8 55 10
8 56 1
8 57 6
8 58 4
8 59 5
8 60 4
8 61 7
8 62 6
8 63 10
8 64 4
8 65 6
8 66 4
8 67 7
8 68 6
8 69 9
8 70 2
8 71 4
8 72 9
8 73 6
8 74 7
8 75 2
8 76 9
8 77 9
8 78 4
8 79 6
8 80 5
8 81 7
8 82 4
8 83 6
8 84 6
8 85 9
8 86 9
8 87 4
8 88 2
8 89 5
8 90 7
8 91 6
8 92 4
8 93 8
8 94 6
8 95 5
8 96 6
8 97 8
8 98 6
8 99 5
8 100 9
9 10 10
9 11 8
9 12 7
9 13 10
9 14 14
9 15 7
9 16 10
9 17 9
9 18 9
9 19 10
9 20 8
9 21 11
9 22 5
9 23 9
9 24 10
9 25 9
9 26 8
9 27 9
9 28 12
9 29 13
9 30 7
9 31 9
9 32 4
9 33 7
9 34 12
9 35 9
9 36 10
9 37 11
9 38 5
9 39 9
9 40 12
9 41 7
9 42 6
9 43 10
9 44 9
9 45 8
9 46 13
9 47 11
9 48 11
9 49 8
9 50 9
9 51 10
9 52 9
9 53 10
9 54 11
9 55 14
9 56 9
9 57 5
9 58 12
9 59 11
9 60 9
9 61 3
9 62 9
9 63 5
9 64 11
9 65 10
9 66 11
9 67 6
9 68 10
9 69 12
9 70 9
9 71 9
9 72 10
9 73 8
9 74 8
9 75 9
9 76 8
9 77 10
9 78 11
9 79 10
9 80 6
9 81 12
9 82 10
9 83 7
9 84 2
9 85 10
9 86 11
9 87 10
9 88 9
9 89 10
9 90 10
9 91 9
9 92 7
9 93 5
9 94 8
9 95 10
9 96 4
9 97 7
9 98 11
9 99 9
9 100 8
10 11 7
10 12 7
10 13 7
10 14 12
10 15 9
10 16 8
10 17 9
10 18 9
10 19 10
10 20 3
10 21 10
10 22 5
10 23 9
10 24 10
10 25 9
10 26 8
10 27 7
10 28 10
10 29 7
10 30 8
10 31 8
10 32 6
10 33 7
10 34 11
10 35 7
10 36 7
10 37 6
10 38 7
10 39 8
10 40 11
10 41 7
10 42 10
10 43 10
10 44 5
10 45 8
10 46 10
10 47 8
10 48 7
10 49 8
10 50 8
10 51 10
10 52 9
10 53 9
10 54 10
10 55 9
10 56 9
10 57 5
10 58 10
10 59 9
10 60 8
10 61 9
10 62 9
10 63 9
10 64 6
10 65 8
10 66 8
10 67 8
10 68 10
10 69 12
10 70 10
10 71 6
10 72 9
10 73 2
10 74 8
10 75 6
10 76 2
10 77 7
10 78 10
10 79 6
10 80 6
10 81 12
10 82 10
10 83 7
10 84 8
10 85 6
10 86 11
10 87 8
10 88 8
10 89 9
10 90 5
10 91 4
10 92 8
10 93 5
10 94 5
10 95 7
10 96 12
10 97 5
10 98 9
10 99 11
10 100 7
11 12 5
11 13 2
11 14 10
11 15 6
11 16 5
11 17 6
11 18 8
11 19 4
11 20 4
11 21 4
11 22 7
11 23 5
11 24 10
11 25 6
11 26 6
11 27 9
11 28 5
11 29 8
11 30 5
11 31 7
11 32 4
11 33 5
11 34 8
11 35 7
11 36 6
11 37 7
11 38 3
11 39 2
11 40 5
11 41 4
11 42 11
11 43 5
11 44 6
11 45 5
11 46 6
11 47 4
11 48 9
11 49 7
11 50 7
11 51 7
11 52 7
11 53 8
11 54 6
11 55 7
11 56 4
11 57 6
11 58 7
11 59 7
11 60 1
11 61 10
11 62 5
11 63 10
11 64 7
11 65 7
11 66 3
11 67 6
11 68 6
11 69 6
11 70 3
11 71 1
11 72 7
11 73 5
11 74 5
11 75 5
11 76 6
11 77 7
11 78 7
11 79 8
11 80 5
11 81 6
11 82 6
11 83 4
11 84 9
11 85 6
11 86 8
11 87 7
11 88 1
11 89 2
11 90 6
11 91 5
11 92 1
11 93 5
11 94 3
11 95 8
11 96 9
11 97 5
11 98 3
11 99 8
11 100 6
12 13 7
12 14 12
12 15 6
12 16 7
12 17 4
12 18 8
12 19 9
12 20 4
12 21 6
12 22 5
12 23 2
12 24 11
12 25 6
12 26 8
12 27 6
12 28 6
12 29 9
12 30 8
12 31 6
12 32 9
12 33 6
12 34 9
12 35 5
12 36 3
12 37 4
12 38 8
12 39 7
12 40 6
12 41 6
12 42 7
12 43 3
12 44 2
12 45 7
12 46 6
12 47 5
12 48 9
12 49 9
12 50 8
12 51 4
12 52 10
12 53 5
12 54 6
12 55 10
12 56 4
12 57 7
12 58 9
12 59 10
12 60 6
12 61 9
12 62 8
12 63 6
12 64 7
12 65 8
12 66 6
12 67 9
12 68 3
12 69 6
12 70 5
12 71 6
12 72 10
12 73 5
12 74 9
12 75 7
12 76 9
12 77 8
12 78 8
12 79 8
12 80 7
12 81 11
12 82 3
12 83 8
12 84 8
12 85 8
12 86 6
12 87 4
12 88 6
12 89 7
12 90 6
12 91 5
12 92 6
12 93 8
12 94 8
12 95 5
12 96 9
12 97 5
12 98 8
12 99 8
12 100 7
13 14 8
13 15 8
13 16 7
13 17 8
13 18 9
13 19 6
13 20 4
13 21 5
13 22 7
13 23 5
13 24 12
13 25 8
13 26 8
13 27 10
13 28 5
13 29 7
13 30 7
13 31 9
13 32 6
13 33 7
13 34 10
13 35 8
13 36 8
13 37 7
13 38 5
13 39 3
13 40 6
13 41 6
13 42 11
13 43 7
13 44 6
13 45 7
13 46 6
13 47 6
13 48 9
13 49 9
13 50 9
13 51 8
13 52 9
13 53 8
13 54 8
13 55 9
13 56 6
13 57 7
13 58 9
13 59 5
13 60 3
13 61 11
13 62 5
13 63 10
13 64 7
13 65 7
13 66 3
13 67 8
13 68 6
13 69 7
13 70 5
13 71 1
13 72 8
13 73 5
13 74 6
13 75 7
13 76 8
13 77 8
13 78 9
13 79 8
13 80 6
13 81 8
13 82 6
13 83 5
13 84 10
13 85 4
13 86 9
13 87 9
13 88 3
13 89 4
13 90 6
13 91 5
13 92 3
13 93 7
13 94 5
13 95 8
13 96 11
13 97 5
13 98 5
13 99 10
13 100 8
14 15 7
14 16 8
14 17 10
14 18 12
14 19 13
14 20 9
14 21 10
14 22 10
14 23 11
14 24 17
14 25 11
14 26 10
14 27 11
14 28 13
14 29 13
14 30 11
14 31 9
14 32 12
14 33 12
14 34 11
14 35 12
14 36 12
14 37 11
14 38 11
14 39 11
14 40 10
14 41 8
14 42 15
14 43 9
14 44 11
14 45 9
14 46 6
14 47 14
14 48 5
14 49 8
14 50 9
14 51 11
14 52 11
14 53 12
14 54 10
14 55 15
14 56 8
14 57 10
14 58 10
14 59 3
14 60 11
14 61 13
14 62 9
14 63 14
14 64 11
14 65 11
14 66 7
14 67 11
14 68 11
14 69 9
14 70 7
14 71 9
14 72 12
14 73 10
14 74 10
14 75 6
14 76 13
14 77 11
14 78 10
14 79 10
14 80 9
14 81 13
14 82 10
14 83 9
14 84 13
14 85 10
14 86 13
14 87 12
14 88 10
14 89 11
14 90 11
14 91 10
14 92 9
14 93 13
14 94 11
14 95 10
14 96 10
14 97 8
14 98 10
14 99 9
14 100 10
15 16 4
15 17 7
15 18 10
15 19 10
15 20 6
15 21 8
15 22 9
15 23 5
15 24 13
15 25 9
15 26 8
15 27 10
15 28 8
15 29 11
15 30 9
15 31 6
15 32 8
15 33 7
15 34 5
15 35 9
15 36 7
15 37 8
15 38 7
15 39 6
15 40 8
15 41 6
15 42 9
15 43 3
15 44 4
15 45 7
15 46 8
15 47 7
15 48 8
15 49 6
15 50 9
15 51 8
15 52 6
15 53 6
15 54 4
15 55 12
15 56 2
15 57 8
15 58 6
15 59 4
15 60 7
15 61 8
15 62 7
15 63 8
15 64 5
15 65 9
15 66 5
15 67 9
15 68 4
15 69 10
15 70 3
15 71 7
15 72 9
15 73 7
15 74 9
15 75 4
15 76 11
15 77 9
15 78 4
15 79 8
15 80 7
15 81 7
15 82 5
15 83 8
15 84 9
15 85 10
15 86 7
15 87 6
15 88 5
15 89 8
15 90 8
15 91 7
15 92 5
15 93 9
15 94 9
15 95 7
15 96 3
15 97 7
15 98 8
15 99 2
15 100 8
16 17 6
16 18 8
16 19 9
16 20 5
16 21 6
16 22 9
16 23 7
16 24 12
16 25 7
16 26 6
16 27 9
16 28 9
16 29 11
16 30 8
16 31 4
16 32 9
16 33 10
16 34 3
16 35 8
16 36 7
16 37 6
16 38 8
16 39 7
16 40 8
16 41 4
16 42 11
16 43 4
16 44 7
16 45 5
16 46 9
16 47 9
16 48 6
16 49 4
16 50 8
16 51 7
16 52 5
16 53 9
16 54 4
16 55 10
16 56 3
16 57 6
16 58 4
16 59 5
16 60 6
16 61 9
16 62 8
16 63 10
16 64 6
16 65 8
16 66 6
16 67 7
16 68 8
16 69 9
16 70 4
16 71 6
16 72 7
16 73 6
16 74 7
16 75 2
16 76 9
16 77 7
16 78 2
16 79 6
16 80 5
16 81 5
16 82 6
16 83 6
16 84 8
16 85 10
16 86 10
16 87 6
16 88 4
16 89 7
16 90 7
16 91 6
16 92 6
16 93 9
16 94 7
16 95 5
16 96 7
16 97 9
16 98 8
16 99 4
16 100 7
17 18 6
17 19 10
17 20 7
17 21 8
17 22 7
17 23 4
17 24 11
17 25 5
17 26 4
17 27 8
17 28 8
17 29 11
17 30 9
17 31 8
17 32 7
17 33 8
17 34 9
17 35 6
17 36 5
17 37 6
17 38 7
17 39 6
17 40 7
17 41 2
17 42 9
17 43 5
17 44 6
17 45 3
17 46 8
17 47 8
17 48 10
17 49 6
17 50 10
17 51 5
17 52 11
17 53 7
17 54 7
17 55 13
17 56 6
17 57 4
17 58 6
17 59 7
17 60 7
17 61 8
17 62 10
17 63 8
17 64 9
17 65 11
17 66 8
17 67 5
17 68 5
17 69 7
17 70 7
17 71 7
17 72 7
17 73 8
17 74 5
17 75 4
17 76 7
17 77 8
17 78 8
17 79 10
17 80 3
17 81 7
17 82 5
17 83 4
17 84 7
17 85 8
17 86 8
17 87 6
17 88 7
17 89 8
17 90 8
17 91 8
17 92 5
17 93 8
17 94 5
17 95 7
17 96 10
17 97 9
17 98 9
17 99 9
17 100 9
18 19 12
18 20 6
18 21 8
18 22 10
18 23 8
18 24 11
18 25 7
18 26 5
18 27 10
18 28 9
18 29 12
18 30 6
18 31 4
18 32 9
18 33 10
18 34 11
18 35 5
18 36 5
18 37 6
18 38 8
18 39 6
18 40 9
18 41 4
18 42 9
18 43 9
18 44 8
18 45 5
18 46 12
18 47 8
18 48 8
18 49 8
18 50 4
18 51 7
18 52 11
18 53 7
18 54 9
18 55 10
18 56 9
18 57 4
18 58 10
18 59 9
18 60 9
18 61 8
18 62 11
18 63 8
18 64 9
18 65 10
18 66 10
18 67 7
18 68 9
18 69 9
18 70 9
18 71 8
18 72 7
18 73 7
18 74 5
18 75 6
18 76 7
18 77 9
18 78 10
18 79 7
18 80 3
18 81 9
18 82 9
18 83 4
18 84 7
18 85 9
18 86 8
18 87 6
18 88 8
18 89 8
18 90 4
18 91 7
18 92 7
18 93 10
18 94 5
18 95 5
18 96 9
18 97 10
18 98 9
18 99 10
18 100 5
19 20 8
19 21 8
19 22 5
19 23 9
19 24 14
19 25 9
19 26 10
19 27 13
19 28 9
19 29 12
19 30 9
19 31 8
19 32 8
19 33 9
19 34 11
19 35 9
19 36 7
19 37 6
19 38 7
19 39 6
19 40 9
19 41 8
19 42 14
19 43 9
19 44 9
19 45 9
19 46 7
19 47 6
19 48 11
19 49 11
19 50 11
19 51 11
19 52 11
19 53 12
19 54 10
19 55 9
19 56 8
19 57 10
19 58 11
19 59 11
19 60 3
19 61 9
19 62 8
19 63 13
19 64 9
19 65 10
19 66 7
19 67 10
19 68 10
19 69 4
19 70 7
19 71 5
19 72 5
19 73 8
19 74 7
19 75 9
19 76 10
19 77 9
19 78 10
19 79 10
19 80 9
19 81 8
19 82 10
19 83 8
19 84 8
19 85 10
19 86 12
19 87 8
19 88 5
19 89 4
19 90 10
19 91 8
19 92 5
19 93 9
19 94 7
19 95 7
19 96 13
19 97 7
19 98 5
19 99 12
19 100 10
20 21 7
20 22 4
20 23 6
20 24 9
20 25 7
20 26 6
20 27 8
20 28 7
20 29 10
20 30 5
20 31 5
20 32 5
20 33 8
20 34 8
20 35 4
20 36 4
20 37 3
20 38 6
20 39 5
20 40 8
20 41 5
20 42 7
20 43 7
20 44 2
20 45 6
20 46 7
20 47 5
20 48 9
20 49 5
20 50 5
20 51 8
20 52 6
20 53 6
20 54 7
20 55 6
20 56 6
20 57 3
20 58 7
20 59 6
20 60 5
20 61 7
20 62 7
20 63 6
20 64 3
20 65 8
20 66 5
20 67 7
20 68 7
20 69 9
20 70 7
20 71 3
20 72 6
20 73 1
20 74 6
20 75 3
20 76 5
20 77 4
20 78 7
20 79 5
20 80 4
20 81 10
20 82 7
20 83 5
20 84 6
20 85 8
20 86 9
20 87 5
20 88 5
20 89 6
20 90 2
20 91 1
20 92 5
20 93 4
20 94 6
20 95 4
20 96 9
20 97 5
20 98 6
20 99 8
20 100 4
21 22 9
21 23 4
21 24 14
21 25 9
21 26 7
21 27 10
21 28 5
21 29 8
21 30 9
21 31 8
21 32 8
21 33 8
21 34 9
21 35 8
21 36 7
21 37 8
21 38 7
21 39 2
21 40 9
21 41 6
21 42 11
21 43 7
21 44 8
21 45 7
21 46 9
21 47 8
21 48 10
21 49 6
21 50 10
21 51 8
21 52 11
21 53 7
21 54 8
21 55 11
21 56 6
21 57 6
21 58 8
21 59 7
21 60 5
21 61 10
21 62 7
21 63 10
21 64 9
21 65 9
21 66 6
21 67 9
21 68 5
21 69 6
21 70 7
21 71 4
21 72 7
21 73 8
21 74 5
21 75 4
21 76 9
21 77 9
21 78 8
21 79 10
21 80 5
21 81 10
21 82 3
21 83 4
21 84 9
21 85 9
21 86 8
21 87 8
21 88 5
21 89 6
21 90 8
21 91 8
21 92 5
21 93 9
21 94 7
21 95 9
21 96 10
21 97 8
21 98 7
21 99 10
21 100 9
22 23 5
22 24 11
22 25 4
22 26 7
22 27 8
22 28 9
22 29 8
22 30 9
22 31 9
22 32 7
22 33 9
22 34 12
22 35 8
22 36 6
22 37 7
22 38 8
22 39 8
22 40 9
22 41 7
22 42 9
22 43 6
22 44 5
22 45 6
22 46 9
22 47 8
22 48 6
22 49 9
22 50 9
22 51 7
22 52 10
22 53 8
22 54 9
22 55 10
22 56 7
22 57 6
22 58 11
22 59 7
22 60 8
22 61 4
22 62 7
22 63 8
22 64 7
22 65 5
22 66 8
22 67 6
22 68 6
22 69 9
22 70 8
22 71 6
22 72 10
22 73 3
22 74 9
22 75 7
22 76 7
22 77 8
22 78 11
22 79 5
22 80 7
22 81 12
22 82 6
22 83 8
22 84 3
22 85 5
22 86 9
22 87 7
22 88 8
22 89 9
22 90 6
22 91 5
22 92 8
22 93 6
22 94 9
22 95 8
22 96 9
22 97 2
22 98 9
22 99 11
22 100 8
23 24 11
23 25 6
23 26 8
23 27 6
23 28 4
23 29 7
23 30 6
23 31 6
23 32 7
23 33 4
23 34 7
23 35 5
23 36 3
23 37 4
23 38 6
23 39 6
23 40 6
23 41 6
23 42 9
23 43 3
23 44 4
23 45 7
23 46 6
23 47 7
23 48 10
23 49 8
23 50 6
23 51 4
23 52 10
23 53 3
23 54 6
23 55 11
23 56 4
23 57 8
23 58 9
23 59 8
23 60 6
23 61 9
23 62 6
23 63 8
23 64 7
23 65 8
23 66 4
23 67 9
23 68 1
23 69 6
23 70 5
23 71 4
23 72 10
23 73 7
23 74 9
23 75 6
23 76 9
23 77 9
23 78 6
23 79 7
23 80 7
23 81 9
23 82 1
23 83 8
23 84 8
23 85 9
23 86 4
23 87 4
23 88 6
23 89 7
23 90 4
23 91 6
23 92 6
23 93 8
23 94 8
23 95 5
23 96 8
23 97 7
23 98 7
23 99 7
23 100 5
24 25 11
24 26 7
24 27 8
24 28 13
24 29 10
24 30 9
24 31 11
24 32 6
24 33 9
24 34 15
24 35 6
24 36 8
24 37 9
24 38 7
24 39 12
24 40 8
24 41 9
24 42 11
24 43 12
24 44 11
24 45 10
24 46 14
24 47 14
24 48 14
24 49 11
24 50 11
24 51 10
24 52 7
24 53 12
24 54 14
24 55 14
24 56 12
24 57 10
24 58 15
24 59 14
24 60 11
24 61 13
24 62 11
24 63 12
24 64 12
24 65 11
24 66 11
24 67 8
24 68 12
24 69 14
24 70 11
24 71 11
24 72 13
24 73 8
24 74 11
24 75 11
24 76 12
24 77 11
24 78 14
24 79 13
24 80 9
24 81 14
24 82 12
24 83 10
24 84 12
24 85 11
24 86 14
24 87 9
24 88 11
24 89 12
24 90 11
24 91 9
24 92 9
24 93 5
24 94 10
24 95 10
24 96 14
24 97 12
24 98 13
24 99 13
24 100 10
25 26 5
25 27 10
25 28 10
25 29 12
25 30 9
25 31 6
25 32 6
25 33 9
25 34 10
25 35 5
25 36 3
25 37 4
25 38 7
25 39 7
25 40 8
25 41 3
25 42 10
25 43 7
25 44 8
25 45 2
25 46 8
25 47 9
25 48 10
25 49 7
25 50 11
25 51 6
25 52 7
25 53 9
25 54 6
25 55 12
25 56 8
25 57 5
25 58 9
25 59 8
25 60 7
25 61 7
25 62 7
25 63 9
25 64 10
25 65 8
25 66 5
25 67 4
25 68 7
25 69 8
25 70 7
25 71 7
25 72 8
25 73 7
25 74 6
25 75 5
25 76 8
25 77 7
25 78 9
25 79 9
25 80 4
25 81 8
25 82 7
25 83 5
25 84 7
25 85 9
25 86 9
25 87 4
25 88 7
25 89 7
25 90 9
25 91 6
25 92 6
25 93 7
25 94 6
25 95 5
25 96 11
25 97 6
25 98 6
25 99 8
25 100 10
26 27 8
26 28 8
26 29 7
26 30 9
26 31 7
26 32 7
26 33 9
26 34 8
26 35 5
26 36 7
26 37 8
26 38 7
26 39 5
26 40 7
26 41 2
26 42 8
26 43 8
26 44 8
26 45 3
26 46 10
26 47 7
26 48 7
26 49 6
26 50 9
26 51 5
26 52 11
26 53 11
26 54 7
26 55 11
26 56 7
26 57 3
26 58 8
26 59 7
26 60 7
26 61 7
26 62 9
26 63 7
26 64 9
26 65 8
26 66 9
26 67 5
26 68 9
26 69 7
26 70 7
26 71 7
26 72 6
26 73 7
26 74 4
26 75 4
26 76 6
26 77 4
26 78 7
26 79 6
26 80 2
26 81 7
26 82 9
26 83 3
26 84 6
26 85 4
26 86 7
26 87 6
26 88 7
26 89 7
26 90 8
26 91 7
26 92 5
26 93 8
26 94 3
26 95 8
26 96 9
26 97 5
26 98 7
26 99 9
26 100 10
27 28 10
27 29 12
27 30 12
27 31 10
27 32 10
27 33 10
27 34 10
27 35 5
27 36 7
27 37 8
27 38 11
27 39 10
27 40 10
27 41 8
27 42 10
27 43 7
27 44 8
27 45 9
27 46 10
27 47 7
27 48 10
27 49 10
27 50 12
27 51 8
27 52 14
27 53 9
27 54 10
27 55 14
27 56 8
27 57 6
27 58 13
27 59 8
27 60 10
27 61 6
27 62 5
27 63 9
27 64 10
27 65 3
27 66 7
27 67 8
27 68 7
27 69 10
27 70 9
27 71 9
27 72 11
27 73 9
27 74 9
27 75 10
27 76 9
27 77 4
27 78 9
27 79 9
27 80 7
27 81 12
27 82 7
27 83 8
27 84 7
27 85 9
27 86 10
27 87 8
27 88 10
27 89 9
27 90 9
27 91 7
27 92 10
27 93 11
27 94 6
27 95 9
27 96 13
27 97 6
27 98 9
27 99 11
27 100 11
28 29 3
28 30 10
28 31 10
28 32 9
28 33 8
28 34 11
28 35 9
28 36 7
28 37 8
28 38 8
28 39 3
28 40 7
28 41 7
28 42 12
28 43 7
28 44 8
28 45 8
28 46 9
28 47 9
28 48 11
28 49 10
28 50 10
28 51 5
28 52 12
28 53 7
28 54 8
28 55 7
28 56 6
28 57 7
28 58 11
28 59 10
28 60 6
28 61 11
28 62 8
28 63 11
28 64 9
28 65 10
28 66 6
28 67 10
28 68 5
28 69 7
28 70 7
28 71 4
28 72 8
28 73 8
28 74 6
28 75 8
28 76 8
28 77 11
28 78 10
28 79 10
28 80 6
28 81 11
28 82 3
28 83 5
28 84 10
28 85 6
28 86 8
28 87 8
28 88 6
28 89 7
28 90 8
28 91 8
28 92 6
28 93 10
28 94 8
28 95 9
28 96 8
28 97 8
28 98 8
28 99 10
28 100 9
29 30 13
29 31 10
29 32 12
29 33 10
29 34 12
29 35 11
29 36 9
29 37 8
29 38 11
29 39 6
29 40 10
29 41 9
29 42 13
29 43 10
29 44 9
29 45 10
29 46 12
29 47 12
29 48 8
29 49 12
29 50 12
29 51 8
29 52 12
29 53 10
29 54 7
29 55 4
29 56 9
29 57 8
29 58 13
29 59 11
29 60 9
29 61 12
29 62 10
29 63 12
29 64 10
29 65 9
29 66 9
29 67 10
29 68 8
29 69 10
29 70 10
29 71 7
29 72 11
29 73 9
29 74 9
29 75 11
29 76 5
29 77 8
29 78 11
29 79 7
29 80 9
29 81 14
29 82 6
29 83 8
29 84 11
29 85 3
29 86 11
29 87 10
29 88 9
29 89 10
29 90 10
29 91 10
29 92 9
29 93 12
29 94 8
29 95 9
29 96 11
29 97 6
29 98 11
29 99 12
29 100 12
30 31 10
30 32 3
30 33 4
30 34 10
30 35 9
30 36 9
30 37 8
30 38 2
30 39 7
30 40 8
30 41 7
30 42 6
30 43 8
30 44 7
30 45 7
30 46 10
30 47 9
30 48 6
30 49 10
30 50 2
30 51 6
30 52 6
30 53 3
30 54 9
30 55 11
30 56 7
30 57 8
30 58 12
30 59 11
30 60 6
30 61 9
30 62 8
30 63 5
30 64 8
30 65 10
30 66 7
30 67 5
30 68 5
30 69 11
30 70 6
30 71 6
30 72 6
30 73 6
30 74 8
30 75 8
30 76 9
30 77 9
30 78 9
30 79 10
30 80 8
30 81 9
30 82 7
30 83 9
30 84 9
30 85 10
30 86 8
30 87 10
30 88 6
30 89 5
30 90 7
30 91 6
30 92 4
30 93 4
30 94 8
30 95 9
30 96 10
30 97 9
30 98 6
30 99 7
30 100 1
31 32 10
31 33 10
31 34 7
31 35 5
31 36 3
31 37 2
31 38 10
31 39 9
31 40 8
31 41 6
31 42 12
31 43 6
31 44 7
31 45 7
31 46 10
31 47 10
31 48 4
31 49 6
31 50 8
31 51 8
31 52 8
31 53 9
31 54 6
31 55 6
31 56 5
31 57 7
31 58 6
31 59 7
31 60 8
31 61 11
31 62 10
31 63 11
31 64 8
31 65 10
31 66 8
31 67 9
31 68 7
31 69 10
31 70 6
31 71 8
31 72 10
31 73 6
31 74 8
31 75 4
31 76 7
31 77 7
31 78 6
31 79 8
31 80 6
31 81 9
31 82 7
31 83 7
31 84 10
31 85 7
31 86 8
31 87 4
31 88 6
31 89 9
31 90 7
31 91 4
31 92 8
31 93 9
31 94 4
31 95 1
31 96 5
31 97 8
31 98 8
31 99 8
31 100 9
32 33 3
32 34 12
32 35 9
32 36 8
32 37 8
32 38 1
32 39 6
32 40 9
32 41 5
32 42 9
32 43 7
32 44 7
32 45 4
32 46 9
32 47 8
32 48 9
32 49 9
32 50 5
32 51 8
32 52 5
32 53 6
32 54 8
32 55 11
32 56 6
32 57 7
32 58 11
32 59 10
32 60 5
32 61 7
32 62 5
32 63 8
32 64 8
32 65 7
32 66 7
32 67 2
32 68 6
32 69 10
32 70 5
32 71 5
32 72 9
32 73 4
32 74 8
32 75 7
32 76 8
32 77 6
32 78 11
32 79 9
32 80 6
32 81 10
32 82 8
32 83 7
32 84 6
32 85 9
32 86 9
32 87 7
32 88 5
32 89 6
32 90 7
32 91 6
32 92 3
32 93 1
32 94 7
32 95 9
32 96 8
32 97 6
32 98 7
32 99 10
32 100 4
33 34 10
33 35 9
33 36 7
33 37 8
33 38 2
33 39 7
33 40 10
33 41 7
33 42 10
33 43 7
33 44 8
33 45 7
33 46 10
33 47 9
33 48 10
33 49 11
33 50 6
33 51 8
33 52 6
33 53 5
33 54 9
33 55 12
33 56 7
33 57 8
33 58 12
33 59 11
33 60 6
33 61 10
33 62 8
33 63 9
33 64 10
33 65 10
33 66 8
33 67 5
33 68 3
33 69 10
33 70 6
33 71 6
33 72 10
33 73 7
33 74 10
33 75 9
33 76 5
33 77 9
33 78 9
33 79 11
33 80 8
33 81 11
33 82 5
33 83 9
33 84 9
33 85 11
33 86 6
33 87 8
33 88 6
33 89 7
33 90 8
33 91 9
33 92 4
33 93 4
33 94 8
33 95 9
33 96 10
33 97 9
33 98 8
33 99 7
33 100 5
34 35 10
34 36 8
34 37 9
34 38 11
34 39 10
34 40 11
34 41 7
34 42 10
34 43 7
34 44 9
34 45 8
34 46 12
34 47 12
34 48 9
34 49 7
34 50 10
34 51 10
34 52 8
34 53 10
34 54 7
34 55 13
34 56 6
34 57 9
34 58 7
34 59 8
34 60 9
34 61 12
34 62 11
34 63 11
34 64 9
34 65 11
34 66 9
34 67 10
34 68 8
34 69 12
34 70 7
34 71 9
34 72 6
34 73 9
34 74 8
34 75 5
34 76 12
34 77 6
34 78 1
34 79 9
34 80 8
34 81 4
34 82 8
34 83 9
34 84 11
34 85 12
34 86 9
34 87 7
34 88 7
34 89 8
34 90 10
34 91 9
34 92 9
34 93 12
34 94 9
34 95 8
34 96 8
34 97 12
34 98 9
34 99 3
34 100 9
35 36 2
35 37 3
35 38 8
35 39 6
35 40 8
35 41 4
35 42 9
35 43 6
35 44 6
35 45 5
35 46 9
35 47 8
35 48 9
35 49 5
35 50 9
35 51 7
35 52 10
35 53 8
35 54 9
35 55 10
35 56 7
35 57 4
35 58 9
35 59 9
35 60 8
35 61 8
35 62 10
35 63 8
35 64 7
35 65 8
35 66 9
35 67 7
35 68 6
35 69 9
35 70 8
35 71 7
35 72 7
35 73 5
35 74 5
35 75 6
35 76 7
35 77 6
35 78 9
35 79 9
35 80 3
35 81 9
35 82 6
35 83 4
35 84 7
35 85 8
35 86 8
35 87 3
35 88 8
35 89 8
35 90 6
35 91 3
35 92 6
35 93 8
35 94 5
35 95 4
35 96 10
35 97 9
35 98 8
35 99 7
35 100 8
36 37 1
36 38 9
36 39 8
36 40 6
36 41 5
36 42 10
36 43 4
36 44 5
36 45 4
36 46 7
36 47 8
36 48 7
36 49 7
36 50 9
36 51 5
36 52 9
36 53 6
36 54 7
36 55 9
36 56 5
36 57 6
36 58 9
36 59 10
36 60 7
36 61 8
36 62 9
36 63 9
36 64 7
36 65 10
36 66 7
36 67 6
36 68 4
36 69 7
36 70 6
36 71 7
36 72 9
36 73 5
36 74 7
36 75 7
36 76 9
36 77 6
36 78 7
36 79 9
36 80 5
36 81 10
36 82 4
36 83 6
36 84 9
36 85 6
36 86 7
36 87 1
36 88 7
36 89 8
36 90 6
36 91 3
36 92 7
36 93 8
36 94 7
36 95 2
36 96 8
36 97 8
36 98 8
36 99 5
36 100 8
37 38 9
37 39 8
37 40 7
37 41 6
37 42 10
37 43 5
37 44 5
37 45 5
37 46 8
37 47 8
37 48 6
37 49 8
37 50 8
37 51 6
37 52 8
37 53 7
37 54 8
37 55 8
37 56 6
37 57 6
37 58 8
37 59 9
37 60 8
37 61 9
37 62 10
37 63 9
37 64 6
37 65 11
37 66 8
37 67 7
37 68 5
37 69 8
37 70 7
37 71 6
37 72 9
37 73 4
37 74 8
37 75 6
37 76 8
37 77 5
37 78 8
37 79 8
37 80 6
37 81 11
37 82 5
37 83 7
37 84 9
37 85 5
37 86 8
37 87 2
37 88 8
37 89 8
37 90 5
37 91 2
37 92 8
37 93 7
37 94 6
37 95 1
37 96 7
37 97 8
37 98 7
37 99 6
37 100 7
38 39 5
38 40 8
38 41 5
38 42 8
38 43 6
38 44 8
38 45 5
38 46 9
38 47 7
38 48 8
38 49 9
38 50 4
38 51 8
38 52 4
38 53 5
38 54 7
38 55 10
38 56 5
38 57 7
38 58 10
38 59 10
38 60 4
38 61 8
38 62 6
38 63 7
38 64 8
38 65 8
38 66 6
38 67 3
38 68 5
38 69 9
38 70 4
38 71 4
38 72 8
38 73 5
38 74 8
38 75 7
38 76 7
38 77 7
38 78 10
38 79 10
38 80 6
38 81 9
38 82 7
38 83 7
38 84 7
38 85 9
38 86 8
38 87 8
38 88 4
38 89 5
38 90 8
38 91 7
38 92 2
38 93 2
38 94 6
38 95 10
38 96 9
38 97 7
38 98 6
38 99 9
38 100 3
39 40 7
39 41 4
39 42 9
39 43 5
39 44 7
39 45 5
39 46 7
39 47 6
39 48 10
39 49 8
39 50 9
39 51 7
39 52 9
39 53 9
39 54 6
39 55 9
39 56 4
39 57 4
39 58 9
39 59 8
39 60 3
39 61 8
39 62 5
39 63 8
39 64 7
39 65 7
39 66 4
39 67 7
39 68 7
39 69 4
39 70 5
39 71 2
39 72 5
39 73 6
39 74 3
39 75 6
39 76 7
39 77 9
39 78 9
39 79 9
39 80 3
39 81 8
39 82 5
39 83 2
39 84 7
39 85 7
39 86 6
39 87 8
39 88 3
39 89 4
39 90 7
39 91 6
39 92 3
39 93 7
39 94 5
39 95 9
39 96 8
39 97 6
39 98 5
39 99 8
39 100 8
40 41 5
40 42 12
40 43 7
40 44 8
40 45 6
40 46 6
40 47 8
40 48 12
40 49 9
40 50 10
40 51 2
40 52 12
40 53 9
40 54 8
40 55 12
40 56 6
40 57 7
40 58 10
40 59 7
40 60 6
40 61 11
40 62 5
40 63 11
40 64 9
40 65 7
40 66 3
40 67 8
40 68 7
40 69 9
40 70 5
40 71 5
40 72 10
40 73 9
40 74 8
40 75 7
40 76 10
40 77 11
40 78 10
40 79 12
40 80 6
40 81 10
40 82 6
40 83 7
40 84 10
40 85 10
40 86 10
40 87 7
40 88 4
40 89 7
40 90 10
40 91 9
40 92 6
40 93 10
40 94 8
40 95 8
40 96 11
40 97 9
40 98 6
40 99 10
40 100 9
41 42 7
41 43 6
41 44 7
41 45 1
41 46 8
41 47 6
41 48 8
41 49 4
41 50 8
41 51 3
41 52 9
41 53 9
41 54 5
41 55 11
41 56 5
41 57 2
41 58 6
41 59 5
41 60 5
41 61 6
41 62 9
41 63 6
41 64 8
41 65 10
41 66 7
41 67 3
41 68 7
41 69 5
41 70 5
41 71 5
41 72 5
41 73 6
41 74 3
41 75 2
41 76 5
41 77 6
41 78 6
41 79 8
41 80 1
41 81 5
41 82 7
41 83 2
41 84 5
41 85 6
41 86 6
41 87 4
41 88 5
41 89 6
41 90 7
41 91 6
41 92 3
41 93 6
41 94 3
41 95 7
41 96 8
41 97 7
41 98 7
41 99 8
41 100 8
42 43 10
42 44 5
42 45 8
42 46 13
42 47 8
42 48 12
42 49 11
42 50 8
42 51 10
42 52 12
42 53 9
42 54 12
42 55 13
42 56 11
42 57 5
42 58 13
42 59 12
42 60 11
42 61 7
42 62 13
42 63 1
42 64 9
42 65 11
42 66 11
42 67 10
42 68 10
42 69 12
42 70 12
42 71 10
42 72 10
42 73 8
42 74 8
42 75 9
42 76 8
42 77 6
42 78 9
42 79 11
42 80 6
42 81 12
42 82 10
42 83 7
42 84 6
42 85 11
42 86 11
42 87 11
42 88 11
42 89 11
42 90 9
42 91 8
42 92 10
42 93 10
42 94 8
42 95 11
42 96 10
42 97 8
42 98 12
42 99 11
42 100 7
43 44 5
43 45 7
43 46 7
43 47 7
43 48 8
43 49 6
43 50 9
43 51 5
43 52 9
43 53 6
43 54 3
43 55 12
43 56 1
43 57 8
43 58 6
43 59 7
43 60 6
43 61 7
43 62 6
43 63 9
43 64 4
43 65 8
43 66 4
43 67 9
43 68 4
43 69 7
43 70 2
43 71 6
43 72 10
43 73 8
43 74 8
43 75 4
43 76 11
43 77 10
43 78 6
43 79 8
43 80 7
43 81 9
43 82 4
43 83 7
43 84 8
43 85 10
43 86 7
43 87 5
43 88 4
43 89 7
43 90 7
43 91 7
43 92 4
43 93 8
43 94 8
43 95 6
43 96 6
43 97 8
43 98 7
43 99 5
43 100 8
44 45 8
44 46 8
44 47 3
44 48 7
44 49 7
44 50 7
44 51 6
44 52 8
44 53 7
44 54 8
44 55 8
44 56 6
44 57 5
44 58 9
44 59 8
44 60 6
44 61 9
44 62 8
44 63 4
44 64 5
44 65 6
44 66 7
44 67 7
44 68 5
44 69 8
44 70 7
44 71 5
44 72 8
44 73 3
44 74 8
44 75 5
44 76 7
44 77 6
44 78 8
44 79 6
44 80 6
44 81 11
44 82 5
44 83 7
44 84 8
44 85 6
44 86 8
44 87 6
44 88 7
44 89 7
44 90 4
44 91 3
44 92 7
44 93 6
44 94 8
44 95 6
44 96 7
44 97 3
44 98 8
44 99 6
44 100 6
45 46 9
45 47 7
45 48 9
45 49 5
45 50 9
45 51 4
45 52 9
45 53 10
45 54 4
45 55 11
45 56 6
45 57 3
45 58 7
45 59 6
45 60 6
45 61 5
45 62 9
45 63 7
45 64 8
45 65 9
45 66 7
45 67 2
45 68 8
45 69 6
45 70 6
45 71 6
45 72 6
45 73 7
45 74 4
45 75 3
45 76 6
45 77 6
45 78 7
45 79 9
45 80 2
45 81 6
45 82 8
45 83 3
45 84 6
45 85 7
45 86 7
45 87 3
45 88 6
45 89 7
45 90 8
45 91 7
45 92 4
45 93 5
45 94 4
45 95 6
45 96 9
45 97 6
45 98 8
45 99 7
45 100 8
46 47 9
46 48 11
46 49 10
46 50 10
46 51 8
46 52 13
46 53 9
46 54 8
46 55 12
46 56 6
46 57 10
46 58 11
46 59 7
46 60 6
46 61 11
46 62 5
46 63 12
46 64 9
46 65 7
46 66 3
46 67 7
46 68 7
46 69 3
46 70 5
46 71 5
46 72 10
46 73 8
46 74 10
46 75 8
46 76 11
46 77 9
46 78 11
46 79 11
46 80 9
46 81 9
46 82 6
46 83 9
46 84 12
46 85 10
46 86 10
46 87 8
46 88 7
46 89 5
46 90 9
46 91 6
46 92 7
46 93 9
46 94 8
46 95 9
46 96 11
46 97 9
46 98 4
46 99 10
46 100 9
47 48 10
47 49 10
47 50 10
47 51 6
47 52 11
47 53 10
47 54 8
47 55 8
47 56 6
47 57 6
47 58 11
47 59 11
47 60 3
47 61 10
47 62 6
47 63 7
47 64 3
47 65 4
47 66 7
47 67 9
47 68 8
47 69 10
47 70 7
47 71 5
47 72 9
47 73 6
47 74 7
47 75 8
47 76 9
47 77 9
47 78 11
47 79 9
47 80 5
47 81 8
47 82 8
47 83 6
47 84 9
47 85 9
47 86 10
47 87 9
47 88 5
47 89 4
47 90 7
47 91 6
47 92 5
47 93 9
47 94 7
47 95 9
47 96 10
47 97 6
47 98 5
47 99 9
47 100 9
48 49 8
48 50 4
48 51 11
48 52 11
48 53 7
48 54 8
48 55 10
48 56 7
48 57 10
48 58 7
48 59 8
48 60 10
48 61 10
48 62 8
48 63 11
48 64 10
48 65 7
48 66 10
48 67 8
48 68 9
48 69 13
48 70 8
48 71 8
48 72 12
48 73 9
48 74 11
48 75 6
48 76 9
48 77 11
48 78 8
48 79 5
48 80 9
48 81 11
48 82 10
48 83 10
48 84 9
48 85 5
48 86 12
48 87 8
48 88 8
48 89 10
48 90 8
48 91 8
48 92 10
48 93 10
48 94 8
48 95 5
48 96 9
48 97 4
48 98 9
48 99 10
48 100 5
49 50 10
49 51 7
49 52 6
49 53 11
49 54 6
49 55 11
49 56 5
49 57 6
49 58 6
49 59 5
49 60 8
49 61 5
49 62 6
49 63 10
49 64 7
49 65 8
49 66 7
49 67 7
49 68 9
49 69 9
49 70 6
49 71 8
49 72 9
49 73 6
49 74 7
49 75 2
49 76 9
49 77 9
49 78 6
49 79 8
49 80 5
49 81 9
49 82 7
49 83 6
49 84 6
49 85 9
49 86 10
49 87 8
49 88 6
49 89 9
49 90 7
49 91 6
49 92 7
49 93 9
49 94 7
49 95 7
49 96 9
49 97 10
49 98 8
49 99 8
49 100 9
50 51 8
50 52 8
50 53 3
50 54 11
50 55 11
50 56 9
50 57 8
50 58 11
50 59 11
50 60 8
50 61 11
50 62 9
50 63 7
50 64 8
50 65 11
50 66 7
50 67 7
50 68 5
50 69 12
50 70 8
50 71 8
50 72 8
50 73 6
50 74 9
50 75 8
50 76 10
50 77 9
50 78 9
50 79 9
50 80 7
50 81 11
50 82 7
50 83 8
50 84 11
50 85 9
50 86 8
50 87 10
50 88 8
50 89 7
50 90 7
50 91 6
50 92 6
50 93 6
50 94 9
50 95 9
50 96 12
50 97 8
50 98 8
50 99 7
50 100 1
51 52 12
51 53 7
51 54 8
51 55 12
51 56 6
51 57 5
51 58 9
51 59 8
51 60 8
51 61 9
51 62 7
51 63 9
51 64 9
51 65 9
51 66 5
51 67 6
51 68 5
51 69 8
51 70 7
51 71 7
51 72 8
51 73 9
51 74 6
51 75 5
51 76 8
51 77 9
51 78 9
51 79 11
51 80 4
51 81 8
51 82 5
51 83 5
51 84 8
51 85 9
51 86 8
51 87 6
51 88 6
51 89 9
51 90 8
51 91 8
51 92 6
51 93 9
51 94 6
51 95 7
51 96 11
51 97 9
51 98 8
51 99 10
51 100 7
52 53 9
52 54 9
52 55 12
52 56 8
52 57 9
52 58 9
52 59 8
52 60 8
52 61 11
52 62 10
52 63 11
52 64 9
52 65 12
52 66 10
52 67 7
52 68 9
52 69 13
52 70 8
52 71 8
52 72 12
52 73 7
52 74 12
52 75 7
52 76 11
52 77 10
52 78 7
52 79 11
52 80 10
52 81 10
52 82 11
52 83 11
52 84 11
52 85 9
52 86 12
52 87 10
52 88 8
52 89 9
52 90 8
52 91 7
52 92 6
52 93 6
52 94 10
52 95 7
52 96 9
52 97 11
52 98 10
52 99 8
52 100 7
53 54 9
53 55 12
53 56 7
53 57 9
53 58 12
53 59 10
53 60 9
53 61 12
53 62 9
53 63 8
53 64 9
53 65 10
53 66 7
53 67 8
53 68 2
53 69 9
53 70 8
53 71 7
53 72 9
53 73 7
53 74 10
53 75 9
53 76 10
53 77 10
53 78 9
53 79 7
53 80 10
53 81 12
53 82 4
53 83 9
53 84 11
53 85 11
53 86 5
53 87 7
53 88 9
53 89 8
53 90 4
53 91 7
53 92 7
53 93 7
53 94 11
53 95 8
53 96 9
53 97 10
53 98 9
53 99 8
53 100 2
54 55 11
54 56 2
54 57 7
54 58 6
54 59 7
54 60 7
54 61 8
54 62 7
54 63 11
54 64 5
54 65 9
54 66 5
54 67 6
54 68 7
54 69 10
54 70 3
54 71 7
54 72 10
54 73 8
54 74 8
54 75 4
54 76 10
54 77 10
54 78 6
54 79 8
54 80 6
54 81 9
54 82 5
54 83 7
54 84 9
54 85 10
54 86 6
54 87 7
54 88 5
54 89 8
54 90 9
54 91 8
54 92 5
54 93 9
54 94 7
54 95 7
54 96 7
54 97 10
54 98 8
54 99 6
54 100 10
55 56 11
55 57 9
55 58 12
55 59 12
55 60 6
55 61 13
55 62 11
55 63 12
55 64 9
55 65 12
55 66 10
55 67 13
55 68 12
55 69 13
55 70 10
55 71 8
55 72 12
55 73 7
55 74 12
55 75 9
55 76 9
55 77 10
55 78 12
55 79 11
55 80 10
55 81 11
55 82 10
55 83 11
55 84 12
55 85 7
55 86 14
55 87 8
55 88 8
55 89 7
55 90 8
55 91 7
55 92 8
55 93 10
55 94 10
55 95 7
55 96 11
55 97 10
55 98 8
55 99 12
55 100 10
56 57 7
56 58 5
56 59 6
56 60 5
56 61 6
56 62 5
56 63 10
56 64 3
56 65 7
56 66 3
56 67 8
56 68 5
56 69 8
56 70 1
56 71 5
56 72 9
56 73 7
56 74 7
56 75 3
56 76 10
56 77 10
56 78 5
56 79 7
56 80 6
56 81 8
56 82 3
56 83 6
56 84 7
56 85 10
56 86 8
56 87 5
56 88 3
56 89 6
56 90 8
56 91 7
56 92 3
56 93 7
56 94 7
56 95 6
56 96 5
56 97 9
56 98 6
56 99 4
56 100 8
57 58 8
57 59 7
57 60 7
57 61 4
57 62 9
57 63 4
57 64 6
57 65 9
57 66 8
57 67 5
57 68 9
57 69 7
57 70 7
57 71 6
57 72 5
57 73 4
57 74 3
57 75 4
57 76 3
57 77 7
57 78 8
57 79 8
57 80 1
57 81 7
57 82 9
57 83 2
57 84 3
57 85 7
57 86 6
57 87 6
57 88 6
57 89 6
57 90 5
57 91 4
57 92 5
57 93 7
57 94 3
57 95 7
57 96 8
57 97 8
57 98 7
57 99 10
57 100 7
58 59 7
58 60 8
58 61 11
58 62 10
58 63 12
58 64 8
58 65 10
58 66 8
58 67 9
58 68 10
58 69 11
58 70 6
58 71 8
58 72 11
58 73 8
58 74 9
58 75 4
58 76 11
58 77 11
58 78 6
58 79 8
58 80 7
58 81 9
58 82 8
58 83 8
58 84 10
58 85 12
58 86 12
58 87 8
58 88 6
58 89 9
58 90 9
58 91 8
58 92 8
58 93 11
58 94 9
58 95 7
58 96 9
58 97 11
58 98 10
58 99 8
58 100 11
59 60 8
59 61 10
59 62 6
59 63 11
59 64 9
59 65 8
59 66 4
59 67 8
59 68 8
59 69 10
59 70 6
59 71 6
59 72 10
59 73 7
59 74 8
59 75 3
59 76 10
59 77 8
59 78 7
59 79 8
59 80 6
59 81 10
59 82 7
59 83 7
59 84 10
59 85 8
59 86 11
59 87 9
59 88 7
59 89 8
59 90 8
59 91 7
59 92 8
59 93 10
59 94 8
59 95 8
59 96 7
59 97 5
59 98 7
59 99 6
59 100 10
60 61 11
60 62 5
60 63 10
60 64 6
60 65 7
60 66 4
60 67 7
60 68 7
60 69 7
60 70 4
60 71 2
60 72 8
60 73 6
60 74 6
60 75 6
60 76 7
60 77 6
60 78 8
60 79 9
60 80 6
60 81 5
60 82 7
60 83 5
60 84 10
60 85 7
60 86 9
60 87 8
60 88 2
60 89 1
60 90 7
60 91 6
60 92 2
60 93 6
60 94 4
60 95 9
60 96 10
60 97 6
60 98 2
60 99 9
60 100 7
61 62 8
61 63 6
61 64 9
61 65 9
61 66 8
61 67 7
61 68 10
61 69 11
61 70 7
61 71 10
61 72 9
61 73 7
61 74 7
61 75 7
61 76 7
61 77 9
61 78 11
61 79 9
61 80 5
61 81 11
61 82 9
61 83 6
61 84 1
61 85 9
61 86 10
61 87 7
61 88 9
61 89 10
61 90 9
61 91 8
61 92 9
61 93 8
61 94 7
61 95 10
61 96 7
61 97 6
61 98 11
61 99 10
61 100 10
62 63 12
62 64 8
62 65 2
62 66 2
62 67 7
62 68 7
62 69 8
62 70 4
62 71 4
62 72 9
62 73 8
62 74 8
62 75 7
62 76 11
62 77 9
62 78 10
62 79 7
62 80 8
62 81 8
62 82 5
62 83 7
62 84 7
62 85 7
62 86 10
62 87 10
62 88 6
62 89 4
62 90 8
62 91 8
62 92 6
62 93 6
62 94 8
62 95 11
62 96 10
62 97 5
62 98 5
62 99 9
62 100 8
63 64 9
63 65 10
63 66 11
63 67 9
63 68 9
63 69 11
63 70 11
63 71 9
63 72 9
63 73 7
63 74 7
63 75 8
63 76 7
63 77 5
63 78 10
63 79 10
63 80 5
63 81 11
63 82 9
63 83 6
63 84 5
63 85 10
63 86 10
63 87 10
63 88 10
63 89 10
63 90 8
63 91 7
63 92 9
63 93 9
63 94 7
63 95 10
63 96 9
63 97 7
63 98 11
63 99 10
63 100 6
64 65 7
64 66 6
64 67 10
64 68 8
64 69 11
64 70 4
64 71 6
64 72 9
64 73 4
64 74 9
64 75 6
64 76 8
64 77 7
64 78 8
64 79 7
64 80 7
64 81 11
64 82 6
64 83 8
64 84 9
64 85 7
64 86 11
64 87 8
64 88 6
64 89 7
64 90 5
64 91 4
64 92 6
64 93 7
64 94 9
64 95 7
64 96 8
64 97 8
64 98 8
64 99 7
64 100 7
65 66 4
65 67 7
65 68 9
65 69 10
65 70 6
65 71 6
65 72 11
65 73 8
65 74 10
65 75 8
65 76 10
65 77 7
65 78 10
65 79 6
65 80 9
65 81 10
65 82 7
65 83 9
65 84 8
65 85 6
65 86 10
65 87 10
65 88 8
65 89 6
65 90 6
65 91 9
65 92 8
65 93 8
65 94 9
65 95 11
65 96 12
65 97 3
65 98 6
65 99 11
65 100 10
66 67 9
66 68 5
66 69 6
66 70 2
66 71 2
66 72 7
66 73 6
66 74 7
66 75 5
66 76 9
66 77 9
66 78 8
66 79 9
66 80 7
66 81 8
66 82 3
66 83 6
66 84 9
66 85 7
66 86 8
66 87 8
66 88 4
66 89 4
66 90 7
66 91 6
66 92 4
66 93 8
66 94 6
66 95 9
66 96 8
66 97 6
66 98 3
66 99 7
66 100 6
67 68 8
67 69 8
67 70 7
67 71 7
67 72 8
67 73 6
67 74 6
67 75 5
67 76 8
67 77 4
67 78 9
67 79 7
67 80 4
67 81 8
67 82 10
67 83 5
67 84 8
67 85 7
67 86 9
67 87 5
67 88 7
67 89 8
67 90 9
67 91 7
67 92 5
67 93 3
67 94 6
67 95 8
67 96 10
67 97 4
67 98 9
67 99 9
67 100 6
68 69 7
68 70 6
68 71 5
68 72 9
68 73 8
68 74 8
68 75 7
68 76 8
68 77 10
68 78 7
68 79 8
68 80 8
68 81 10
68 82 2
68 83 7
68 84 9
68 85 10
68 86 3
68 87 5
68 88 7
68 89 8
68 90 5
68 91 7
68 92 7
68 93 7
68 94 9
68 95 6
68 96 7
68 97 8
68 98 8
68 99 6
68 100 4
69 70 8
69 71 6
69 72 9
69 73 10
69 74 7
69 75 7
69 76 10
69 77 11
69 78 11
69 79 13
69 80 6
69 81 10
69 82 7
69 83 6
69 84 10
69 85 11
69 86 10
69 87 8
69 88 7
69 89 8
69 90 10
69 91 9
69 92 7
69 93 11
69 94 8
69 95 9
69 96 12
69 97 10
69 98 7
69 99 12
69 100 11
70 71 4
70 72 9
70 73 8
70 74 8
70 75 4
70 76 9
70 77 10
70 78 6
70 79 8
70 80 6
70 81 9
70 82 4
70 83 7
70 84 8
70 85 9
70 86 9
70 87 6
70 88 4
70 89 5
70 90 9
70 91 8
70 92 2
70 93 6
70 94 6
70 95 7
70 96 6
70 97 8
70 98 5
70 99 5
70 100 7
71 72 7
71 73 4
71 74 5
71 75 6
71 76 7
71 77 7
71 78 8
71 79 7
71 80 5
71 81 7
71 82 5
71 83 4
71 84 9
71 85 5
71 86 8
71 87 8
71 88 2
71 89 3
71 90 5
71 91 4
71 92 2
71 93 6
71 94 4
71 95 7
71 96 10
71 97 4
71 98 4
71 99 9
71 100 7
72 73 7
72 74 2
72 75 7
72 76 8
72 77 10
72 78 5
72 79 11
72 80 4
72 81 8
72 82 10
72 83 3
72 84 8
72 85 10
72 86 7
72 87 9
72 88 8
72 89 8
72 90 8
72 91 7
72 92 8
72 93 10
72 94 6
72 95 10
72 96 9
72 97 11
72 98 9
72 99 7
72 100 7
73 74 7
73 75 4
73 76 4
73 77 5
73 78 8
73 79 6
73 80 5
73 81 11
73 82 8
73 83 6
73 84 6
73 85 8
73 86 10
73 87 6
73 88 6
73 89 7
73 90 3
73 91 2
73 92 6
73 93 3
73 94 7
73 95 5
73 96 10
73 97 5
73 98 7
73 99 9
73 100 5
74 75 5
74 76 6
74 77 8
74 78 7
74 79 10
74 80 2
74 81 8
74 82 8
74 83 1
74 84 6
74 85 8
74 86 5
74 87 7
74 88 6
74 89 7
74 90 8
74 91 7
74 92 6
74 93 9
74 94 4
74 95 9
74 96 7
74 97 9
74 98 8
74 99 9
74 100 9
75 76 7
75 77 7
75 78 4
75 79 6
75 80 3
75 81 7
75 82 5
75 83 4
75 84 7
75 85 8
75 86 8
75 87 6
75 88 4
75 89 7
75 90 5
75 91 4
75 92 5
75 93 7
75 94 5
75 95 5
75 96 7
75 97 8
75 98 6
75 99 6
75 100 7
76 77 8
76 78 11
76 79 8
76 80 4
76 81 10
76 82 10
76 83 5
76 84 6
76 85 8
76 86 9
76 87 9
76 88 7
76 89 8
76 90 7
76 91 6
76 92 7
76 93 7
76 94 3
76 95 8
76 96 11
76 97 7
76 98 7
76 99 12
76 100 9
77 78 5
77 79 9
77 80 6
77 81 8
77 82 10
77 83 7
77 84 10
77 85 8
77 86 11
77 87 7
77 88 8
77 89 7
77 90 6
77 91 3
77 92 8
77 93 7
77 94 5
77 95 6
77 96 12
77 97 8
77 98 8
77 99 7
77 100 8
78 79 8
78 80 7
78 81 3
78 82 7
78 83 8
78 84 10
78 85 11
78 86 8
78 87 6
78 88 6
78 89 7
78 90 9
78 91 8
78 92 8
78 93 11
78 94 8
78 95 7
78 96 7
78 97 11
78 98 8
78 99 2
78 100 8
79 80 8
79 81 11
79 82 8
79 83 9
79 84 8
79 85 4
79 86 11
79 87 10
79 88 8
79 89 8
79 90 3
79 91 6
79 92 9
79 93 9
79 94 9
79 95 9
79 96 11
79 97 3
79 98 8
79 99 10
79 100 9
80 81 6
80 82 8
80 83 1
80 84 4
80 85 6
80 86 5
80 87 5
80 88 5
80 89 5
80 90 6
80 91 5
80 92 4
80 93 7
80 94 2
80 95 7
80 96 7
80 97 7
80 98 6
80 99 9
80 100 8
81 82 10
81 83 7
81 84 10
81 85 11
81 86 11
81 87 9
81 88 7
81 89 4
81 90 12
81 91 10
81 92 7
81 93 11
81 94 8
81 95 10
81 96 10
81 97 11
81 98 5
81 99 5
81 100 10
82 83 7
82 84 9
82 85 9
82 86 5
82 87 5
82 88 6
82 89 7
82 90 5
82 91 7
82 92 6
82 93 9
82 94 9
82 95 6
82 96 8
82 97 8
82 98 6
82 99 7
82 100 6
83 84 5
83 85 7
83 86 4
83 87 6
83 88 5
83 89 6
83 90 7
83 91 6
83 92 5
83 93 8
83 94 3
83 95 8
83 96 6
83 97 8
83 98 7
83 99 10
83 100 9
84 85 8
84 86 9
84 87 8
84 88 8
84 89 9
84 90 8
84 91 7
84 92 8
84 93 7
84 94 6
84 95 10
84 96 6
84 97 5
84 98 10
84 99 11
84 100 10
85 86 11
85 87 7
85 88 7
85 89 8
85 90 7
85 91 7
85 92 7
85 93 10
85 94 7
85 95 6
85 96 10
85 97 3
85 98 8
85 99 9
85 100 10
86 87 8
86 88 9
86 89 10
86 90 8
86 91 10
86 92 9
86 93 10
86 94 7
86 95 7
86 96 10
86 97 11
86 98 11
86 99 9
86 100 7
87 88 6
87 89 9
87 90 7
87 91 4
87 92 7
87 93 8
87 94 7
87 95 3
87 96 9
87 97 9
87 98 9
87 99 4
87 100 9
88 89 3
88 90 7
88 91 6
88 92 2
88 93 6
88 94 4
88 95 7
88 96 8
88 97 6
88 98 4
88 99 7
88 100 7
89 90 8
89 91 6
89 92 3
89 93 7
89 94 5
89 95 9
89 96 11
89 97 7
89 98 1
89 99 9
89 100 6
90 91 3
90 92 7
90 93 6
90 94 8
90 95 6
90 96 11
90 97 6
90 98 8
90 99 10
90 100 6
91 92 6
91 93 5
91 94 7
91 95 3
91 96 9
91 97 6
91 98 5
91 99 8
91 100 5
92 93 4
92 94 4
92 95 9
92 96 8
92 97 6
92 98 4
92 99 7
92 100 5
93 94 8
93 95 8
93 96 9
93 97 7
93 98 8
93 99 11
93 100 5
94 95 5
94 96 9
94 97 8
94 98 4
94 99 10
94 100 9
95 96 6
95 97 9
95 98 8
95 99 7
95 100 8
96 97 10
96 98 11
96 99 5
96 100 11
97 98 7
97 99 9
97 100 9
98 99 10
98 100 7
99 100 6
