2 0 20 100
12 4
12 14
0.111 0.621
3 14 16
5 11 24
7 8 76
2 16 100
18 7 69
14 19 75
3 7 97
13 3 4
18 11 29
12 10 35
9 1 51
12 8 14
12 20 68
11 15 23
15 8 21
12 13 85
11 10 29
3 20 27
11 8 25
5 5 84
2 4 1
20 18 95
3 11 25
3 17 4
13 19 49
11 11 24
19 3 62
7 10 62
11 12 94
3 18 80
15 2 84
19 16 79
17 20 58
5 16 9
4 13 63
12 4 69
4 16 35
1 20 22
10 20 53
9 4 93
18 9 100
2 3 28
5 10 71
6 8 74
6 9 17
8 3 38
6 19 22
18 4 96
2 5 95
13 6 44
15 17 49
18 14 70
3 1 10
15 13 56
4 8 70
8 8 2
18 1 51
4 7 12
18 2 51
1 6 89
15 4 3
2 12 95
18 17 4
1 7 66
16 7 3
19 9 5
6 15 1
20 5 88
10 2 84
6 7 11
6 2 28
3 5 67
20 20 2
18 13 5
9 8 3
14 11 81
8 20 79
7 2 82
9 5 33
5 17 95
18 12 11
18 15 76
12 6 93
15 7 15
12 12 63
11 13 25
1 10 68
17 6 29
4 11 36
15 10 94
10 3 48
12 3 36
10 17 96
15 14 32
5 15 66
1 17 33
18 8 56
17 19 52
10 9 20
17 16 22
