10 2 100 2000
55 1 62 24 18 72 29 54 38 24
1 6 94 51 66 79 44 5 90 27
0.837 0.520 0.879 0.576 0.667 0.745 0.402 0.065 0.786 0.065
63 54 16
5 51 24
67 68 76
82 76 100
58 47 69
54 19 75
83 27 97
73 23 4
38 51 29
12 50 35
89 41 51
72 68 14
92 80 68
91 75 23
55 88 21
52 73 85
51 70 29
83 20 27
88 52 25
71 28 85
25 84 22
4 1 60
78 95 83
91 25 43
17 4 73
79 49 51
51 24 99
43 62 47
90 62 11
72 94 63
58 80 27
78 84 95
2 39 76
79 97 100
58 85 76
9 4 93
63 52 64
69 84 36
35 21 60
22 10 100
53 69 4
93 98 9
100 42 63
28 85 70
71 74 63
74 50 7
46 88 26
89 17 68
3 38 86
59 22 38
24 96 42
85 95 73
46 44 5
71 49 75
77 78 54
70 10 52
10 23 21
35 53 56
44 2 70
24 88 68
48 2 44
9 51 18
41 64 47
12 18 82
51 1 6
89 95 44
3 62 32
95 38 17
66 96 47
47 3 79
89 5 8
75 20 86
5 88 30
42 84 26
67 11 66
2 28 83
25 67 100
20 2 66
48 5 78
53 72 20
3 69 68
54 31 81
28 20 79
82 24 82
47 62 53
86 33 3
5 29 5
47 22 95
25 37 98
32 11 80
17 76 18
35 72 86
93 35 27
15 12 52
63 31 53
25 81 70
68 91 98
29 17 46
24 91 36
55 30 94
73 4 48
10 83 5
36 36 44
88 7 44
32 63 30
77 96 55
94 32 85
95 66 93
92 33 95
37 72 32
16 59 24
22 84 95
100 1 84
9 61 17
98 28 56
97 99 52
97 46 20
18 53 41
38 40 88
30 69 77
16 22 32
84 52 94
12 22 39
95 14 92
65 13 16
15 38 35
72 49 6
62 19 9
31 48 15
75 34 88
51 31 75
17 8 30
83 43 98
56 37 47
99 49 18
36 31 55
63 51 58
53 5 5
34 27 46
69 20 54
28 76 69
18 50 66
9 44 12
71 36 63
80 33 23
11 14 91
99 92 25
5 97 93
17 68 3
44 38 94
35 50 70
19 78 58
78 16 37
19 48 52
31 75 64
30 22 47
80 90 67
86 98 10
40 28 29
79 84 6
34 89 1
54 72 49
46 6 49
3 1 39
55 22 33
84 61 43
92 89 31
37 15 90
80 3 32
62 33 57
88 35 87
19 90 97
72 51 23
40 27 24
5 100 83
85 43 59
3 90 85
42 3 59
82 88 57
67 45 16
60 49 29
78 47 29
48 29 43
1 13 31
42 5 5
26 51 98
34 66 19
100 65 35
86 70 79
17 65 40
35 95 58
52 27 29
66 15 49
85 46 57
17 72 20
9 95 65
31 23 6
7 81 40
64 18 100
78 88 96
47 92 53
47 87 78
76 61 77
45 44 29
53 82 66
92 41 94
30 5 8
47 10 53
94 31 62
66 49 23
8 23 10
30 29 54
33 14 47
99 79 11
55 20 64
28 69 97
31 57 16
4 39 93
10 86 49
42 13 43
31 90 33
32 93 5
64 54 97
77 59 41
45 91 40
100 89 48
58 99 11
8 54 74
47 29 42
24 56 53
41 26 73
46 49 70
72 11 68
48 95 43
36 1 47
97 81 70
10 45 62
49 6 30
21 19 43
89 70 87
82 11 94
30 96 37
37 13 48
19 97 6
29 34 4
2 45 30
36 47 44
100 40 94
60 29 5
98 29 17
7 53 52
20 31 89
80 60 73
18 10 49
70 27 92
39 38 36
40 96 4
38 90 45
84 35 92
80 15 14
97 95 53
51 92 70
47 94 56
56 94 10
79 47 40
87 83 5
75 27 88
71 58 29
25 88 63
19 60 50
22 74 78
55 69 55
39 89 2
47 98 79
75 11 23
83 82 76
100 74 4
69 86 69
13 74 7
98 83 45
66 70 34
77 36 23
91 88 30
56 79 7
51 36 39
66 14 23
94 17 32
68 36 27
17 10 99
36 99 86
40 55 62
83 17 53
49 70 58
83 99 77
73 18 38
10 32 72
11 51 87
2 93 49
2 25 78
35 40 75
51 54 79
85 59 67
33 98 7
85 15 31
41 94 28
69 59 27
83 14 37
67 78 82
47 72 17
32 21 96
21 89 6
89 91 7
59 61 91
78 44 58
51 17 2
14 53 54
4 81 86
57 33 64
28 61 99
40 61 28
64 1 91
59 43 45
84 31 28
53 81 71
54 57 15
87 34 20
9 50 67
100 26 82
78 36 14
1 73 68
91 1 59
3 61 44
59 3 72
83 53 41
26 27 98
97 38 85
68 73 29
67 44 60
97 16 54
69 96 55
80 29 13
64 15 62
42 88 8
79 11 2
67 69 99
70 28 26
66 18 97
90 14 93
92 96 32
80 14 97
58 57 51
72 89 55
38 24 78
60 35 34
47 47 56
9 18 27
83 95 22
75 57 92
93 80 75
45 52 29
95 11 69
51 95 19
21 82 71
21 91 7
13 61 15
45 56 74
84 43 7
50 17 13
68 97 32
87 89 72
77 32 46
74 12 80
71 68 16
78 74 10
11 98 97
60 54 33
32 36 23
19 52 52
50 31 51
64 80 1
17 37 52
43 12 11
15 68 71
85 57 4
60 56 60
31 12 46
39 30 22
10 15 10
83 16 33
10 58 88
24 33 97
14 12 47
55 26 45
53 41 12
26 33 28
13 68 36
83 32 59
87 80 10
6 81 5
50 49 25
74 63 99
60 31 56
94 3 50
85 36 68
17 52 62
39 83 57
7 58 94
80 27 33
17 95 64
20 15 88
27 9 73
74 86 91
61 98 17
17 45 58
71 80 91
21 51 76
67 53 7
49 18 89
14 23 90
78 17 33
45 46 25
72 64 93
54 10 22
18 42 71
57 61 75
4 28 42
82 78 11
48 79 6
96 71 100
2 97 22
51 45 45
36 61 37
79 4 85
8 19 14
99 78 92
16 93 96
80 17 9
57 28 86
94 14 69
81 8 76
9 19 25
42 51 3
91 56 2
94 59 58
60 90 44
14 16 46
28 89 9
67 100 41
68 59 26
94 90 68
29 16 70
88 60 75
85 32 15
18 35 13
40 78 31
24 48 94
36 56 36
78 15 38
84 12 49
67 79 54
58 20 48
78 63 20
21 2 46
28 90 63
14 28 96
68 48 63
64 60 71
76 26 61
18 25 67
7 18 45
24 84 13
77 35 28
60 97 83
28 72 46
9 43 65
9 53 98
97 32 96
2 77 55
98 70 50
18 89 9
69 7 86
23 12 74
29 15 6
70 17 24
61 53 13
56 25 5
36 93 24
40 68 31
76 73 77
96 23 37
95 64 61
55 87 19
33 90 30
9 45 84
67 55 41
34 62 11
66 48 6
10 89 52
43 81 78
70 71 4
76 19 52
5 5 42
64 13 9
63 82 45
66 83 44
62 4 22
47 82 19
12 62 25
61 24 91
27 33 83
66 20 18
56 87 35
54 92 44
43 11 8
91 47 29
28 3 50
30 35 8
40 66 6
4 38 16
82 67 100
76 72 51
32 79 80
95 10 35
49 27 30
46 22 24
65 90 11
79 70 6
17 11 25
66 21 36
69 18 70
36 37 92
87 53 17
62 35 56
81 16 100
49 3 82
72 60 65
90 95 69
46 4 63
25 5 98
46 39 29
56 51 32
42 68 44
74 65 41
66 13 48
32 56 60
59 26 17
61 23 21
25 64 64
72 32 26
41 65 58
23 65 53
32 75 10
88 34 20
31 9 16
54 2 36
14 14 15
17 34 96
74 91 17
6 93 3
64 14 84
59 74 21
3 58 30
20 74 23
85 3 6
1 79 3
66 8 67
79 37 93
28 38 10
28 33 67
1 26 2
79 10 29
28 46 90
29 4 21
90 17 60
61 82 49
35 100 91
41 57 82
74 32 89
53 2 75
99 67 7
93 14 56
57 25 89
93 100 64
22 20 94
34 13 87
43 36 39
62 29 99
66 50 54
99 50 95
41 73 97
86 4 44
9 71 94
56 31 3
11 93 38
44 41 95
58 30 75
40 32 30
67 80 57
64 7 80
4 89 48
26 69 93
68 23 12
40 86 77
100 84 86
83 65 95
41 16 59
53 42 9
90 76 85
59 90 70
80 99 58
63 98 80
11 74 15
88 89 93
64 16 95
79 94 41
79 63 44
27 54 80
26 3 7
25 70 35
83 57 49
28 67 52
2 40 28
18 48 58
26 62 36
73 47 40
55 61 91
93 67 77
31 74 78
85 52 53
36 88 75
31 76 77
79 82 7
91 76 59
62 88 24
36 39 43
1 34 53
4 22 28
32 6 64
23 46 11
1 16 93
12 21 57
54 12 4
37 34 63
84 95 50
7 49 75
7 8 81
10 27 81
42 77 81
6 16 79
20 21 8
60 11 34
80 83 29
98 75 26
22 100 7
59 29 43
67 34 51
47 77 50
66 76 49
69 51 94
95 42 94
70 72 40
80 96 52
49 82 54
75 79 98
20 39 96
55 71 93
65 16 5
61 69 99
75 94 99
88 68 83
38 35 92
12 66 69
3 98 12
64 53 57
52 64 96
2 92 59
51 88 71
24 7 100
60 99 44
42 28 62
27 73 32
71 90 29
84 9 55
72 45 88
60 87 59
37 52 58
57 89 42
56 53 16
89 16 93
88 59 27
45 53 33
34 64 74
71 65 85
81 61 88
84 90 25
49 24 27
66 80 65
75 2 53
70 36 92
39 69 14
83 29 21
24 43 77
98 65 93
10 66 85
19 92 100
80 25 81
94 73 96
81 80 16
26 61 63
80 79 21
51 60 2
98 13 11
72 4 44
81 87 88
23 81 87
99 89 60
23 51 68
91 13 49
5 82 22
42 42 23
35 10 33
77 21 87
87 72 25
87 36 38
85 90 6
27 8 51
6 21 45
29 3 18
58 100 70
99 63 92
70 41 84
19 91 98
44 35 83
89 50 98
65 96 28
6 80 43
53 28 32
20 3 27
18 15 10
95 98 8
38 58 35
55 70 32
47 69 85
78 62 30
26 9 76
99 99 52
84 32 11
40 79 99
20 12 4
88 58 30
54 74 89
30 60 33
36 48 57
30 27 94
12 94 19
77 81 8
85 78 45
94 28 57
87 64 46
48 13 16
40 10 49
27 56 34
48 64 87
87 69 76
7 4 11
38 48 16
15 69 58
28 52 67
21 14 75
5 12 53
87 93 80
44 70 48
11 61 86
11 13 96
47 16 81
54 40 53
19 66 73
52 52 22
92 85 87
71 21 76
79 81 13
47 30 86
25 86 8
40 23 99
8 69 82
23 5 9
73 84 7
39 17 20
53 54 6
13 22 82
91 62 35
41 77 85
9 36 9
10 64 18
68 6 13
57 18 70
10 13 39
78 1 67
52 47 12
8 40 47
50 72 50
4 15 63
16 79 100
28 6 10
58 36 74
19 35 85
40 21 75
39 42 85
83 12 65
50 55 60
30 37 12
65 56 89
85 26 85
41 85 8
11 100 59
40 74 4
1 5 73
36 29 40
45 22 22
1 57 87
78 55 72
95 52 33
40 26 89
33 64 65
50 24 26
7 63 5
52 81 80
29 2 48
81 17 14
22 50 67
29 92 27
55 90 8
41 17 25
52 38 68
1 27 48
47 54 17
88 81 25
46 72 91
50 25 55
21 10 76
20 14 56
58 70 43
88 99 70
61 80 78
25 47 3
93 64 47
16 73 5
32 15 90
39 79 84
48 25 63
58 95 84
69 36 49
45 82 48
10 25 7
74 33 68
55 60 91
72 43 99
80 52 54
75 22 10
22 98 17
74 83 99
54 13 86
46 87 21
74 62 75
16 76 79
33 66 26
80 10 1
41 84 73
70 12 30
93 81 33
87 91 20
46 10 63
43 92 32
91 97 2
26 60 71
75 51 18
99 35 92
86 5 62
38 79 47
17 9 75
46 98 91
93 88 62
44 73 86
48 27 16
66 22 29
52 79 3
72 10 37
46 67 46
27 28 93
16 3 6
51 13 70
69 92 87
1 62 89
6 43 47
77 16 91
23 71 40
30 100 9
59 96 67
84 44 57
35 36 48
46 86 16
94 76 23
46 9 96
8 90 58
71 20 1
31 96 24
10 37 67
76 75 25
30 15 72
38 64 18
25 99 52
75 55 36
63 10 10
84 86 53
97 26 10
28 29 65
26 24 15
60 60 25
99 18 38
70 99 70
99 47 42
16 32 24
23 42 9
16 13 16
57 5 15
70 19 27
8 2 51
96 85 1
23 90 19
93 33 38
67 19 53
100 46 92
23 21 49
91 61 65
4 91 92
11 77 44
78 26 21
71 84 64
74 42 75
64 26 40
8 38 20
76 39 73
38 82 91
54 91 86
22 17 68
30 2 74
75 10 21
86 59 53
76 10 13
57 43 27
66 54 65
17 7 62
93 86 32
66 29 59
71 43 19
19 98 26
4 100 2
67 43 30
70 15 54
5 59 26
63 16 73
67 47 69
41 54 46
71 78 61
99 90 45
18 47 93
43 77 2
40 41 32
41 33 92
86 20 47
3 17 71
65 34 86
94 66 55
18 70 60
31 14 78
52 96 77
57 48 66
16 55 39
16 80 71
50 61 71
57 79 42
86 100 1
94 26 30
36 79 3
44 13 56
86 68 95
99 43 65
78 66 70
83 5 7
39 29 44
91 2 62
6 38 80
14 24 9
89 85 40
38 91 21
73 3 78
29 87 27
86 73 56
29 57 40
47 13 52
61 19 35
81 1 75
25 26 11
69 65 24
62 49 92
55 23 53
9 89 30
92 78 21
57 86 17
45 64 84
22 92 16
71 35 66
87 23 48
96 54 95
40 70 86
27 4 41
85 1 98
11 47 98
39 78 48
51 66 25
92 81 47
62 51 42
15 99 37
48 98 18
86 77 69
22 69 80
58 78 32
59 75 15
6 100 81
81 58 82
44 82 3
15 14 27
71 29 71
40 80 37
20 4 45
81 13 45
89 75 15
34 81 66
22 36 29
16 44 83
11 85 68
92 10 10
92 31 88
93 63 91
59 56 3
48 60 23
74 8 65
46 30 27
77 83 80
81 66 5
15 43 8
2 19 77
62 57 50
81 90 3
62 45 62
31 46 21
44 30 13
3 51 29
57 42 28
53 36 88
61 79 23
56 77 98
94 39 15
29 91 41
68 62 58
78 94 52
90 45 3
7 72 3
53 88 55
65 88 90
70 24 24
11 42 52
90 37 58
21 69 90
9 29 61
4 26 64
76 22 99
79 6 64
97 88 8
15 25 53
19 3 56
14 38 3
4 83 45
95 94 40
65 9 89
60 73 73
87 37 56
5 90 63
86 54 92
58 25 63
82 69 48
23 27 89
26 93 61
50 45 4
15 76 77
42 27 90
76 69 96
81 20 58
33 32 18
21 86 67
15 98 61
98 30 94
81 72 50
93 29 31
57 73 46
19 53 10
27 65 99
20 32 36
55 66 6
41 81 74
5 6 45
33 7 15
70 37 38
24 2 55
42 30 72
47 89 72
100 50 28
9 80 39
91 91 83
51 14 41
48 35 21
27 22 12
43 91 27
77 37 47
100 64 86
22 15 46
78 50 8
58 32 68
90 41 49
50 53 52
61 18 92
76 54 11
71 37 74
23 22 62
9 87 85
81 47 79
75 1 41
98 41 19
65 93 87
93 56 29
42 70 73
88 37 11
65 36 64
28 82 58
78 45 77
53 65 56
16 11 45
20 88 83
17 47 16
53 70 98
94 87 56
48 21 52
32 8 53
76 44 53
89 82 98
74 47 12
83 40 29
66 35 30
8 24 21
59 34 86
79 91 9
41 46 100
23 53 81
21 79 67
54 68 53
8 88 74
45 86 79
97 64 46
41 51 2
90 88 78
28 44 22
12 52 26
26 19 49
44 86 42
99 46 98
89 60 79
28 75 95
2 59 53
9 15 35
52 71 96
27 93 27
28 91 68
46 40 87
79 27 36
6 13 42
10 69 91
63 65 7
55 48 48
18 80 100
35 47 49
73 6 58
72 29 51
45 68 54
77 49 96
25 44 37
53 47 42
30 83 8
29 85 75
82 26 34
80 72 15
45 54 54
59 6 65
87 3 37
46 1 7
73 29 30
38 12 76
48 30 9
3 14 32
82 19 86
51 59 62
11 15 70
67 72 86
79 18 8
67 52 91
78 4 70
38 10 22
91 70 8
18 76 23
25 89 80
48 3 70
63 30 44
99 73 37
49 59 95
73 21 46
65 54 16
22 29 44
23 16 84
50 40 33
22 31 40
9 70 90
21 92 77
27 98 59
100 75 70
90 47 50
53 8 66
46 66 54
37 38 96
60 39 32
3 41 8
95 96 82
83 59 95
19 77 38
83 13 37
38 66 89
5 13 27
18 68 28
70 14 41
85 20 78
15 57 13
78 6 11
17 42 72
64 19 7
59 17 69
41 1 47
69 23 17
41 19 30
34 49 26
88 43 45
22 90 69
75 61 35
95 75 64
46 56 11
12 91 27
64 39 57
1 84 71
7 62 43
31 77 33
15 63 51
68 60 55
34 51 83
72 2 2
36 27 69
50 82 15
48 89 27
12 85 15
21 28 91
78 79 84
83 50 67
18 97 6
43 87 32
19 69 11
55 36 78
66 5 70
63 75 78
79 74 79
90 86 74
79 53 93
13 67 81
61 58 96
7 75 66
35 45 13
33 99 38
75 68 66
54 20 46
51 46 77
53 63 11
24 93 73
53 93 58
21 39 80
11 12 64
89 11 98
49 29 88
72 3 100
54 77 14
12 69 2
2 7 72
43 44 63
90 67 85
30 97 62
36 76 71
89 40 60
24 99 100
92 98 6
23 18 81
70 54 45
4 88 68
76 62 74
73 54 56
13 50 5
44 11 28
37 58 97
80 4 13
75 19 7
57 74 9
72 12 63
70 74 52
46 50 31
14 30 10
66 30 66
51 10 17
42 14 32
53 75 37
64 56 66
96 62 86
44 52 53
35 70 29
49 98 43
41 99 19
56 14 63
47 37 26
51 28 100
54 50 12
43 68 44
19 99 69
56 2 26
32 82 88
26 88 86
53 32 34
59 62 99
20 52 52
10 8 73
32 32 32
38 83 32
13 95 15
67 50 57
79 8 20
4 8 50
9 12 2
5 96 59
58 29 89
81 68 23
73 8 86
63 46 58
58 39 31
39 56 53
28 28 33
42 75 9
51 35 91
62 75 45
49 41 39
37 69 96
17 21 64
16 17 27
18 67 82
96 1 49
34 57 75
19 23 18
89 46 33
16 18 9
71 42 65
52 70 36
10 98 47
79 5 4
22 67 80
25 31 15
43 63 13
62 20 58
71 16 18
70 75 30
56 35 60
76 35 30
24 86 3
25 69 61
51 33 95
13 25 25
91 44 15
3 93 65
71 14 73
68 96 85
70 70 19
36 3 18
8 91 25
60 24 64
66 97 76
16 40 46
20 11 2
42 40 56
33 89 94
46 14 51
35 94 3
99 64 80
8 82 43
97 13 1
69 90 7
18 5 5
11 19 54
26 2 51
47 93 81
39 24 46
16 69 23
23 85 99
87 61 14
77 93 35
71 31 44
77 8 19
71 97 89
54 55 96
73 74 4
94 70 49
4 54 6
19 32 49
30 92 27
99 85 36
5 76 94
67 94 13
53 31 78
99 34 10
50 27 9
59 37 12
95 60 89
88 16 89
54 62 100
86 12 23
56 11 80
4 94 43
41 95 74
21 31 88
31 37 58
29 82 100
91 77 73
1 39 34
78 57 6
87 16 47
56 26 76
79 25 23
78 93 82
55 38 96
24 59 20
39 70 54
71 4 95
20 80 19
75 64 27
16 66 69
55 18 6
55 35 1
26 7 38
42 60 77
5 24 70
8 84 63
56 7 38
42 61 14
85 42 67
25 24 86
54 79 10
2 51 47
53 57 63
18 13 47
69 64 44
45 85 83
37 75 38
92 68 29
16 95 86
88 80 83
30 99 5
6 51 100
20 35 30
39 32 41
10 96 55
98 57 98
64 51 96
4 45 90
67 58 78
32 50 66
70 30 72
75 47 44
63 39 48
55 45 55
98 73 41
64 37 75
90 51 73
26 21 52
75 92 56
80 51 10
29 19 57
96 25 17
73 66 30
63 91 92
32 26 77
80 84 6
54 52 31
79 62 26
69 62 60
12 99 87
80 26 66
72 16 73
96 96 48
84 50 38
79 35 86
38 47 28
38 1 57
38 20 7
11 9 51
60 43 67
64 3 69
34 80 34
95 46 95
30 11 20
33 4 92
20 41 43
17 20 23
31 66 2
52 35 71
71 71 29
84 87 22
62 60 70
44 57 15
5 72 28
76 13 38
49 65 62
20 73 27
95 43 45
21 50 24
1 98 98
1 82 5
65 3 52
69 48 36
35 31 12
99 10 20
71 11 18
9 22 18
28 88 16
2 65 20
87 51 43
28 41 91
34 25 39
60 37 75
35 1 7
94 46 19
25 46 76
12 37 18
53 46 8
34 18 55
43 31 37
27 14 4
89 42 70
58 34 80
56 61 75
60 12 72
40 58 67
30 19 63
64 28 7
17 98 30
53 92 58
78 31 6
95 8 48
7 95 90
88 48 31
1 10 84
24 64 53
32 14 24
3 86 86
37 41 25
46 20 94
22 41 75
100 49 76
84 59 57
71 15 38
65 76 29
90 58 50
46 73 71
21 47 37
8 63 6
91 59 44
18 56 46
10 36 19
22 21 51
84 98 28
23 72 12
25 28 53
75 46 24
99 5 88
61 85 59
82 27 88
70 50 86
49 51 37
100 72 40
58 44 93
57 88 72
36 97 36
52 94 77
10 29 83
5 22 44
52 34 67
63 70 38
96 88 10
18 2 15
88 49 40
13 56 89
50 52 100
3 30 88
55 17 18
33 96 41
27 32 47
38 67 3
100 60 36
74 95 40
15 56 6
95 31 69
43 8 49
56 68 38
88 86 52
59 81 58
41 96 68
68 16 28
45 49 47
100 92 66
56 16 25
69 56 57
57 97 62
40 56 6
10 9 56
3 77 76
41 6 10
64 94 70
23 57 68
57 56 20
82 7 10
17 61 54
90 11 12
54 32 29
48 100 70
98 56 47
69 38 71
21 38 56
34 26 42
9 20 65
35 80 49
6 99 19
99 91 33
37 96 95
37 80 87
42 96 48
87 27 46
42 87 25
22 26 37
30 6 90
100 61 10
78 98 62
72 24 10
5 21 45
9 47 85
79 73 48
96 57 83
12 78 13
66 72 67
5 58 28
44 85 66
74 82 100
84 81 36
21 98 86
25 33 98
92 55 72
74 61 96
75 82 50
87 92 82
71 59 29
81 15 79
3 96 20
50 62 37
52 30 94
55 27 73
29 13 41
87 30 50
10 81 68
53 86 2
78 25 46
95 71 45
41 11 86
62 70 11
87 44 82
40 91 13
65 47 80
4 50 98
77 87 58
25 20 73
41 24 29
24 6 35
45 74 26
25 87 63
80 85 22
33 97 75
67 8 76
32 70 5
4 55 3
84 19 13
16 86 8
74 93 79
52 41 24
69 5 50
25 100 18
30 40 55
6 36 10
88 85 19
76 50 56
9 49 41
15 88 84
8 61 71
13 32 4
10 84 13
75 97 19
65 82 69
34 68 99
33 61 86
93 5 43
70 48 82
58 82 90
96 22 95
92 46 76
74 15 1
90 13 4
68 53 93
95 18 2
12 90 14
81 82 85
49 23 41
33 59 5
79 64 49
10 85 25
62 40 63
11 40 21
11 52 24
46 58 10
79 100 85
7 36 20
7 14 89
85 98 74
23 80 47
66 43 76
57 50 99
74 56 34
25 66 60
43 97 73
72 71 16
59 48 85
91 66 12
96 16 44
52 57 16
96 6 85
36 19 37
72 88 38
17 53 89
21 56 85
29 77 41
24 34 67
49 32 1
75 84 63
49 17 62
53 13 98
81 74 63
64 68 42
32 92 15
94 58 33
43 37 3
86 94 70
12 35 71
85 19 57
58 26 46
19 27 12
39 88 90
19 13 60
16 2 32
20 44 61
64 59 13
56 86 60
9 52 47
50 29 87
51 85 99
40 31 13
11 18 71
41 47 76
66 100 75
10 82 15
29 84 40
3 43 60
85 40 15
47 48 100
90 78 71
32 12 13
6 65 85
62 82 78
8 85 100
43 82 41
97 6 71
33 43 1
66 79 39
45 5 17
20 16 93
80 48 49
87 97 49
47 14 13
1 58 92
46 35 13
82 68 71
43 93 49
38 11 36
82 4 72
37 29 34
90 96 79
5 85 53
43 20 20
87 50 58
72 1 77
76 87 57
97 24 12
71 57 83
4 57 17
37 94 23
84 58 63
2 85 65
13 24 4
42 1 13
84 26 21
98 23 72
83 94 95
15 62 39
75 23 41
44 19 71
40 5 27
4 44 68
25 82 12
65 32 13
54 82 54
94 57 31
17 31 93
1 59 74
70 16 34
68 100 7
100 85 32
53 11 84
55 84 82
45 21 41
18 31 6
56 100 27
59 30 72
30 57 100
32 2 46
100 37 4
53 16 2
51 47 6
34 34 48
43 61 19
94 53 19
38 100 55
51 79 19
40 39 16
56 84 70
81 71 57
76 89 40
98 59 92
67 7 4
44 98 76
67 67 47
60 59 82
4 59 7
84 93 81
22 56 77
9 73 52
44 92 45
16 34 4
83 45 59
96 94 33
89 93 55
42 86 14
51 91 47
97 31 77
72 75 41
43 17 33
43 98 2
25 63 18
4 41 97
57 17 16
86 49 82
87 14 78
63 81 77
38 93 24
49 56 88
73 36 63
61 31 76
89 24 6
24 18 64
16 50 43
5 78 15
80 41 10
48 96 36
98 69 51
85 94 52
64 44 64
63 80 64
48 51 64
72 93 90
62 77 15
41 41 25
57 37 66
30 82 29
74 75 91
35 97 34
83 47 82
25 51 14
63 56 99
73 81 71
27 85 18
51 53 49
66 41 80
96 26 68
79 22 56
12 82 93
14 61 82
18 92 18
45 15 13
59 82 81
71 33 12
79 33 56
83 79 8
66 88 58
15 6 47
74 23 14
76 76 66
50 94 74
33 22 63
61 95 10
94 11 5
66 32 90
28 30 67
29 53 74
69 46 40
36 16 68
67 48 100
54 29 13
69 71 55
81 19 85
83 49 28
14 68 5
100 7 34
38 43 77
94 44 63
75 77 61
90 53 18
13 30 100
45 13 65
57 27 45
95 99 50
9 16 97
81 51 91
14 17 45
43 49 96
86 58 18
91 16 53
64 55 35
100 81 4
65 85 75
76 93 36
63 26 30
95 36 63
100 10 79
3 81 98
70 26 81
92 13 39
25 75 50
94 8 71
71 26 11
60 23 26
8 39 7
8 46 28
34 82 1
18 65 50
11 54 49
93 57 62
59 63 80
6 45 59
19 45 38
