2 1 100 1955
73 22
82 58
0.027 0.679
81 46 71
46 35 35
42 66 2
13 87 92
49 16 57
99 28 76
26 66 70
99 8 27
27 97 77
19 88 19
17 1 59
72 89 20
39 91 12
83 60 81
82 1 70
92 13 51
62 99 74
33 73 67
44 53 89
60 45 29
10 79 80
22 46 22
55 7 77
12 97 46
24 95 7
80 20 59
3 7 96
30 32 38
25 82 24
10 92 8
53 47 67
55 89 38
16 85 57
13 2 82
62 47 16
56 53 34
27 3 51
54 84 84
2 94 76
82 81 94
58 76 34
31 35 69
1 90 61
24 19 69
11 14 16
48 39 60
75 1 49
2 68 82
46 64 90
74 11 21
97 89 54
95 15 98
61 84 38
54 87 79
83 68 35
40 71 83
11 11 34
44 49 78
29 52 56
72 49 4
39 6 42
75 59 76
13 55 98
58 14 19
25 35 34
91 81 82
31 86 25
45 23 71
70 34 24
86 46 34
83 79 86
81 4 34
59 58 66
13 11 62
69 58 30
99 4 62
85 78 85
76 9 54
27 28 93
74 2 23
94 18 87
79 25 35
1 64 79
23 76 96
93 16 72
61 81 20
98 4 40
18 61 58
87 72 3
53 39 81
28 3 94
28 16 62
19 13 61
46 63 68
30 11 30
24 99 68
94 45 72
39 96 55
17 27 29
80 19 71
26 70 46
29 34 24
88 54 69
60 32 47
84 67 27
46 40 76
9 100 13
36 87 41
72 8 80
41 50 88
71 98 86
95 86 12
96 68 27
4 81 74
98 81 88
39 83 19
27 24 92
24 86 26
33 46 79
67 28 11
33 75 16
41 48 43
41 57 39
23 20 26
19 21 54
69 71 65
89 16 28
4 9 69
73 16 94
72 78 65
19 42 91
49 54 97
78 71 74
49 6 90
64 99 20
61 50 26
62 66 51
35 81 81
1 2 43
81 96 53
90 63 19
65 12 37
40 38 52
38 45 72
56 63 78
79 48 30
89 44 27
65 39 52
92 40 97
33 57 68
95 50 96
23 98 70
11 67 63
11 62 11
6 41 58
69 45 15
96 16 13
36 87 5
69 39 64
76 85 23
49 81 94
48 69 16
8 34 56
91 55 20
78 28 35
66 78 90
88 31 15
98 35 77
9 30 93
34 76 71
76 74 34
32 86 26
7 75 50
93 5 72
16 27 4
1 13 10
89 76 83
8 97 13
100 15 43
83 55 2
94 74 18
63 49 64
47 79 4
26 95 5
79 36 12
44 49 14
87 74 62
31 72 49
37 75 69
15 45 85
67 25 11
96 2 93
3 50 66
45 63 57
90 95 69
22 62 27
43 78 49
98 23 82
19 84 57
99 52 75
8 71 24
48 66 42
45 99 82
51 91 72
5 39 97
77 93 85
71 24 61
75 22 96
83 88 72
48 74 30
25 32 85
23 2 94
64 47 1
96 4 81
63 11 19
77 32 65
76 94 67
70 7 55
9 2 45
9 58 76
66 84 61
19 83 91
76 34 31
28 40 54
51 76 5
90 89 34
46 52 41
12 35 27
8 20 1
18 1 92
67 3 80
88 55 22
85 25 67
48 16 99
92 31 68
63 17 79
67 79 30
20 86 82
80 27 43
13 26 39
22 36 24
1 29 64
100 44 8
68 85 18
72 9 81
47 65 48
49 27 3
57 40 32
39 74 87
88 43 61
27 75 54
53 97 2
99 27 83
75 16 34
60 75 38
1 6 78
1 43 46
28 57 92
37 1 70
59 54 52
57 27 46
28 34 46
3 25 67
88 92 45
26 92 45
20 39 52
46 70 4
72 13 99
13 57 39
66 25 26
75 48 27
98 14 93
40 58 84
45 2 31
63 47 28
42 51 3
42 3 46
87 93 19
4 30 44
81 99 38
98 14 25
11 8 25
48 25 13
95 97 28
85 6 83
76 75 86
81 39 56
94 35 81
76 27 34
4 55 83
40 49 84
25 78 54
16 65 33
74 73 64
78 29 38
37 14 48
45 21 80
54 34 16
52 16 33
47 36 39
78 29 9
88 34 41
84 83 25
52 59 86
81 85 94
22 27 76
11 29 42
47 59 86
11 87 85
47 81 40
39 24 67
64 79 31
74 54 53
34 100 34
11 25 96
93 26 27
32 96 18
41 92 24
11 4 10
5 28 74
4 73 4
71 31 96
60 3 47
19 80 63
30 18 22
18 16 59
72 89 84
41 32 83
47 51 40
73 91 85
28 35 97
48 97 31
84 51 29
40 27 20
13 48 91
92 69 5
24 62 92
64 72 73
36 34 37
90 29 7
2 6 17
15 56 7
16 17 51
34 77 40
40 16 92
19 28 72
62 37 33
62 91 46
61 38 79
8 80 7
42 50 51
93 26 64
81 13 81
21 48 92
82 69 89
43 1 11
50 74 43
71 12 23
58 23 20
38 82 68
44 16 1
37 20 95
58 8 30
32 74 71
34 2 59
8 18 15
90 48 22
52 30 2
49 91 61
15 87 88
55 32 20
4 33 51
79 29 42
70 37 1
45 61 34
91 79 37
40 80 92
16 94 63
58 54 2
26 4 86
80 67 74
75 24 85
32 50 65
63 15 26
34 93 30
18 85 31
87 83 51
66 86 49
33 38 93
36 22 90
13 88 17
76 88 4
4 7 86
30 72 15
52 73 80
26 69 74
26 92 70
49 20 62
90 96 49
78 82 47
88 38 73
9 24 62
10 17 43
79 87 17
35 92 29
88 32 50
31 19 27
23 61 16
72 35 19
3 33 74
39 22 42
3 21 73
63 6 16
14 91 60
95 99 90
18 87 4
29 59 3
59 54 44
80 25 94
87 63 38
85 90 14
94 52 84
30 99 34
97 89 80
85 18 63
50 52 51
92 56 35
43 80 34
56 64 35
27 53 46
65 9 97
98 65 72
5 49 74
79 82 79
85 60 36
44 61 89
83 66 58
80 36 77
84 28 78
19 35 12
91 2 77
13 9 48
67 50 21
67 89 94
80 65 22
12 61 19
22 16 78
51 37 12
92 13 56
43 1 15
72 2 65
14 80 49
60 34 84
73 18 31
23 81 15
4 69 50
83 47 89
84 32 30
34 83 53
92 49 11
70 2 73
93 70 66
92 6 85
58 81 50
4 50 52
11 83 26
25 78 42
26 45 75
37 28 11
46 69 71
44 19 36
81 64 57
82 50 90
30 34 6
5 52 83
53 62 79
24 52 15
30 31 62
85 29 58
4 45 53
65 63 49
98 43 96
61 2 30
64 57 52
89 49 87
60 53 24
5 47 67
92 69 85
18 46 24
56 12 41
46 93 97
41 62 57
11 79 78
55 71 27
71 34 56
58 73 46
84 35 47
68 47 5
21 12 4
52 39 79
72 83 8
8 69 10
46 16 50
43 5 48
51 57 72
67 68 31
88 41 71
43 98 57
53 63 36
91 85 45
21 31 31
41 75 25
76 30 47
94 26 71
81 80 44
21 41 27
36 66 2
28 46 94
13 27 73
22 70 67
98 57 16
46 86 44
21 62 97
33 84 32
26 34 60
36 5 63
46 3 90
76 15 16
100 73 36
62 83 81
43 93 50
1 46 60
55 82 87
19 2 7
54 26 75
50 22 80
5 50 88
45 46 78
56 70 65
50 29 7
75 46 81
96 25 59
91 94 68
27 1 22
86 86 10
70 89 78
62 41 10
98 51 91
13 19 4
100 91 71
79 54 17
57 46 42
15 70 84
94 42 98
90 70 38
53 45 51
32 33 85
67 13 12
1 88 3
57 34 94
50 1 57
19 2 20
79 14 38
26 22 16
27 92 31
65 80 85
33 52 52
12 52 71
62 22 57
7 95 55
13 50 94
32 64 63
3 77 63
65 24 77
35 18 15
48 78 25
83 82 43
9 3 95
58 65 90
42 3 3
63 40 63
100 5 96
79 12 29
76 94 80
63 47 44
99 64 93
44 7 33
61 5 21
51 53 70
22 49 31
63 30 87
4 22 37
9 13 25
74 100 41
2 46 19
58 60 70
42 77 92
35 41 48
95 14 94
86 86 30
62 69 96
64 92 35
74 94 24
16 37 70
49 84 15
88 82 10
84 32 49
99 13 30
69 1 63
13 64 50
72 99 2
43 9 7
83 27 90
95 80 18
62 48 30
17 31 61
78 59 46
4 24 74
18 33 86
67 39 60
73 73 19
82 3 68
70 29 96
12 92 40
63 75 66
5 85 14
24 54 97
34 27 50
97 11 8
52 66 87
77 50 62
33 66 32
26 54 2
21 62 39
29 91 27
10 39 94
35 43 84
5 58 83
95 9 26
6 6 91
79 87 9
88 53 1
52 58 30
91 33 86
91 60 11
62 53 28
81 44 5
50 87 72
12 33 29
13 7 48
13 63 19
98 17 36
22 19 27
18 89 81
81 66 85
69 10 53
16 53 81
50 26 34
83 1 42
16 69 31
28 35 85
85 32 59
51 10 13
66 12 49
6 12 32
31 33 6
94 15 29
9 40 20
43 73 9
67 58 70
22 62 78
72 7 20
40 83 57
37 34 77
7 5 99
86 26 7
1 30 15
90 18 8
94 48 11
3 25 9
51 87 97
78 57 11
96 54 99
33 31 29
68 85 24
51 69 23
47 23 13
74 4 56
92 74 75
41 78 16
25 48 37
77 67 31
20 11 89
4 50 43
7 25 68
19 28 31
94 59 34
94 9 45
73 56 4
13 10 99
49 67 51
42 59 22
92 61 70
29 89 26
71 14 43
71 38 36
28 79 36
6 56 37
77 91 36
1 97 74
93 50 67
77 60 20
32 58 94
45 1 55
68 83 15
5 73 89
64 20 6
39 59 3
36 65 79
61 7 73
95 15 14
69 16 94
50 91 8
60 28 48
84 56 60
75 93 6
98 32 83
10 45 44
75 1 35
15 16 80
89 33 76
2 45 32
77 2 7
88 7 80
5 75 20
15 88 87
5 99 91
46 85 41
11 21 11
33 22 91
21 76 28
47 23 52
18 12 64
82 11 61
89 45 8
40 12 36
51 44 71
10 52 36
35 74 60
21 16 58
93 64 56
55 76 81
35 78 25
56 29 23
65 4 49
47 9 35
40 12 75
40 23 40
23 57 55
45 71 53
72 20 49
95 71 27
2 35 37
84 91 32
6 67 65
20 14 94
56 66 9
57 86 7
66 38 27
24 77 13
74 22 41
58 82 75
36 22 43
43 38 65
76 72 28
45 52 60
31 100 58
7 31 53
92 75 92
75 55 25
37 41 47
61 34 62
39 76 62
14 20 6
85 46 77
8 29 52
81 3 63
60 35 22
38 99 54
77 70 96
15 25 24
74 51 42
36 77 70
8 23 68
96 56 87
19 7 8
69 69 84
93 89 3
37 39 28
75 44 67
13 23 76
51 67 36
2 81 6
36 49 86
71 4 45
33 100 50
11 46 98
62 9 17
71 59 19
80 63 92
62 39 56
12 99 6
19 94 17
94 8 87
65 91 67
19 75 56
47 4 52
89 11 54
86 79 49
90 36 73
10 24 14
88 45 37
13 21 69
68 66 9
38 38 36
31 61 67
3 78 92
83 87 44
27 82 66
56 28 33
83 8 27
48 20 61
95 26 43
7 23 6
4 24 87
93 4 12
12 20 94
44 90 62
56 72 6
94 25 46
83 61 64
2 3 21
23 38 31
76 60 31
40 37 90
31 62 21
79 21 36
66 45 3
16 72 21
42 95 30
56 44 49
19 92 73
53 35 45
19 64 39
98 43 79
21 15 29
42 55 27
26 52 21
55 7 72
71 32 86
93 62 33
61 78 61
82 74 16
9 1 14
55 29 95
66 44 71
83 64 75
12 5 83
44 40 9
66 91 93
80 93 50
50 20 12
100 8 41
51 71 34
100 30 88
95 85 27
26 57 44
53 42 20
57 80 87
6 53 93
98 78 25
32 93 10
43 2 90
89 76 7
83 61 71
61 26 46
40 49 96
45 11 26
19 40 83
42 54 45
87 19 13
93 22 81
52 49 85
95 75 20
93 55 1
60 37 94
45 41 97
92 61 12
58 52 63
84 72 63
86 91 91
60 77 27
45 9 67
57 77 9
20 46 99
67 96 4
17 56 18
56 29 21
35 27 76
74 71 73
16 33 7
29 27 40
76 24 21
5 69 65
91 64 56
66 10 55
4 5 53
42 79 61
41 92 80
77 62 29
35 37 78
51 8 59
14 88 21
78 91 51
98 59 33
27 76 1
54 83 62
34 84 78
52 60 74
63 80 39
56 9 71
81 73 78
19 39 76
90 92 90
28 47 66
92 57 87
34 80 68
67 93 31
23 32 30
22 25 11
4 11 66
65 13 54
13 79 79
65 74 9
27 41 34
38 93 68
61 92 78
18 41 24
14 75 69
91 56 26
2 85 50
92 25 97
28 38 60
68 50 90
31 77 57
48 68 34
13 31 48
58 51 42
86 31 90
34 29 13
74 58 92
18 25 99
7 22 89
87 88 69
31 70 17
58 59 18
44 74 85
97 56 22
16 5 1
56 37 2
72 80 57
19 5 9
13 10 82
9 22 57
100 60 61
91 96 88
81 61 59
42 61 89
29 35 38
92 97 11
78 32 66
92 21 72
69 58 44
11 57 20
23 96 23
6 63 50
44 47 94
91 85 22
23 42 67
97 85 43
97 56 28
63 54 44
47 65 3
82 78 56
3 32 62
5 11 44
17 86 43
76 51 52
32 93 52
76 94 92
12 2 83
83 47 88
39 61 33
96 52 17
68 36 13
40 95 19
30 69 66
83 76 11
84 14 88
82 68 60
36 47 56
89 92 55
66 73 28
41 50 16
22 62 89
86 100 42
90 90 51
96 24 13
50 30 53
73 19 17
88 10 67
18 59 62
91 60 73
90 35 24
70 66 78
67 40 5
89 6 91
97 17 69
20 12 9
77 83 40
42 3 89
39 62 33
69 86 3
76 97 4
82 54 41
68 65 22
98 26 77
79 19 75
68 46 61
27 53 4
90 64 19
63 15 53
27 16 47
5 50 44
24 91 48
75 66 46
58 86 55
97 88 67
36 41 38
6 81 50
60 47 1
23 32 91
15 53 72
76 48 83
90 80 28
21 33 83
22 55 7
81 88 86
39 90 19
79 58 47
35 57 65
100 10 79
89 49 28
5 53 45
86 74 93
55 94 84
99 19 17
63 25 40
29 27 61
27 72 30
64 15 20
89 71 1
30 96 57
89 11 15
34 1 39
27 87 22
65 81 71
86 70 59
52 2 23
43 67 61
68 57 81
44 19 81
46 47 49
15 63 33
50 10 69
1 99 15
33 44 45
50 27 53
67 14 29
77 31 12
65 2 95
79 82 54
58 82 12
53 89 37
5 41 65
41 63 77
82 35 87
56 21 46
55 41 70
59 84 77
23 57 26
73 47 57
96 30 6
33 60 39
99 46 18
95 71 63
15 73 64
40 6 35
31 41 78
77 17 89
57 61 84
23 75 93
79 58 53
41 68 10
1 12 60
82 10 43
29 43 96
19 21 11
61 34 50
35 43 28
2 50 95
100 48 21
14 16 23
8 56 19
99 6 27
62 60 85
24 48 98
31 5 42
69 71 38
3 70 72
43 13 84
78 76 33
48 4 71
64 19 55
9 65 3
49 54 39
67 51 1
49 64 86
92 45 68
44 93 37
48 59 49
40 45 33
45 73 40
45 81 46
73 24 20
5 67 90
19 99 45
67 98 25
28 93 64
4 92 99
17 37 75
27 92 13
100 70 74
30 26 73
17 27 95
3 27 57
95 15 64
69 17 19
25 94 60
8 45 44
49 76 90
67 34 95
11 26 98
76 87 9
43 15 22
53 56 71
53 81 45
76 90 39
18 34 70
17 4 78
53 35 99
52 88 47
99 33 85
22 96 40
61 83 12
82 44 62
10 48 18
100 40 53
60 20 75
22 85 46
10 32 39
75 57 6
68 21 79
32 25 27
3 64 99
30 66 9
11 30 63
12 33 63
67 75 26
91 18 84
4 29 74
84 90 5
48 82 82
66 68 54
7 48 50
81 96 7
15 74 80
40 51 69
72 35 25
93 27 31
21 25 83
56 27 7
1 67 7
86 30 77
9 76 29
11 43 32
79 36 3
81 83 97
78 4 32
21 8 42
35 82 92
53 31 90
50 19 3
17 29 45
54 49 16
47 60 1
43 92 97
76 100 91
42 89 1
76 3 72
38 25 58
7 20 81
61 74 2
26 74 51
56 34 18
99 91 95
31 89 93
33 42 69
70 14 35
3 49 66
43 2 53
49 79 38
96 64 3
29 2 34
82 62 67
8 37 56
70 30 67
73 97 27
75 97 18
12 60 8
54 49 7
85 63 74
12 47 55
44 39 4
69 66 24
12 55 62
80 12 58
51 60 78
16 93 62
99 9 17
95 58 75
81 51 64
48 95 85
53 72 26
7 62 38
63 49 95
59 100 44
59 65 82
93 59 20
14 62 37
62 99 72
48 56 23
20 2 17
6 78 83
2 44 15
78 33 58
40 49 38
78 50 5
86 24 29
51 100 63
13 28 10
11 16 33
31 84 96
20 86 86
48 72 77
86 64 11
46 51 56
94 98 9
92 15 94
14 58 93
77 74 88
1 50 87
56 3 4
5 90 23
50 63 35
63 38 86
15 71 2
4 34 64
96 61 11
6 63 1
94 30 66
17 79 3
60 24 46
61 20 62
43 14 98
34 80 39
92 58 2
70 5 98
20 69 85
27 89 91
93 96 1
6 71 24
1 29 83
38 13 28
74 75 31
15 6 20
4 64 31
74 2 13
5 10 65
95 45 84
2 86 7
76 29 74
86 23 77
10 9 53
35 12 76
75 1 46
45 87 26
30 98 10
86 14 9
49 24 33
32 56 62
69 73 75
17 98 76
32 13 91
72 16 2
83 12 90
62 30 63
7 78 21
90 56 4
91 97 92
17 43 39
32 71 53
10 13 29
14 43 8
100 67 74
55 48 32
76 25 39
22 80 82
7 7 75
14 34 26
90 71 68
22 22 55
17 44 39
67 27 96
39 51 65
30 57 8
73 53 99
1 39 99
8 58 64
17 51 48
44 97 76
47 49 10
74 79 87
19 9 69
92 43 19
64 92 23
58 83 40
56 87 16
95 37 79
62 41 58
61 99 99
43 45 60
54 60 85
50 34 35
73 3 67
11 13 18
75 93 6
75 35 79
82 31 8
97 75 77
48 2 17
4 53 51
84 80 32
35 68 32
4 82 80
16 75 56
14 72 17
70 16 42
49 57 58
49 96 38
9 88 71
42 83 2
24 43 72
8 9 88
18 70 43
43 37 10
36 63 11
47 100 90
82 75 47
86 16 68
27 60 38
56 77 48
35 50 59
12 45 54
65 23 67
10 44 54
48 66 47
53 16 71
85 24 68
19 11 65
75 9 80
17 6 70
81 33 29
65 84 6
70 74 8
69 32 98
21 5 67
8 87 97
49 49 35
28 87 83
71 28 23
57 98 80
79 37 22
79 34 62
5 88 29
38 35 87
32 37 21
43 90 99
43 23 27
6 49 90
47 3 88
54 96 97
16 48 63
84 77 13
94 4 32
28 43 38
69 32 3
50 43 18
54 35 49
32 80 83
98 46 24
86 15 48
79 6 84
44 85 56
87 30 32
38 8 98
9 35 73
8 31 2
67 5 45
43 10 27
83 69 81
93 4 92
36 36 59
82 99 54
7 37 66
73 70 44
38 46 57
72 73 10
90 91 70
75 63 13
42 97 1
52 76 90
70 86 45
67 15 83
35 51 36
3 70 83
53 24 34
84 11 90
24 72 64
96 19 52
16 83 39
76 93 36
87 29 63
7 39 62
30 98 76
4 76 41
22 22 59
7 61 4
52 58 98
45 17 89
57 53 57
10 1 3
83 86 38
21 55 59
38 13 98
37 17 18
48 73 88
66 75 47
58 62 8
12 47 84
33 98 54
13 20 11
77 56 20
4 15 9
71 71 8
28 16 63
26 66 72
14 50 68
99 4 48
46 6 30
31 85 27
2 77 26
72 52 6
45 67 96
40 68 41
94 77 57
45 63 63
100 22 41
66 25 65
31 58 81
82 17 29
85 91 3
5 75 80
20 56 93
73 45 14
32 66 34
56 42 43
14 8 33
15 26 82
6 70 57
58 74 61
68 50 11
56 77 35
28 83 87
82 32 99
63 33 48
32 6 60
8 81 2
41 26 92
47 55 86
83 30 57
16 9 15
45 74 69
94 65 82
45 51 13
62 29 49
94 32 7
96 58 24
85 25 93
30 54 59
18 100 9
4 84 74
69 87 34
19 56 92
9 1 54
12 26 77
79 91 16
64 1 7
3 54 89
89 65 39
82 91 19
54 79 35
56 21 2
41 18 5
32 89 52
47 10 59
67 21 54
64 50 73
37 9 33
84 99 46
73 76 86
12 16 36
27 16 50
63 25 95
80 98 46
76 59 82
45 60 64
77 86 10
69 64 27
70 30 6
56 70 92
36 98 63
46 22 68
23 53 67
4 11 65
44 92 22
82 44 4
20 32 65
54 52 48
22 92 18
7 30 1
15 28 52
36 3 96
66 48 49
33 18 42
44 20 56
64 60 74
37 48 88
9 98 93
46 86 45
70 30 76
23 40 60
66 64 63
97 14 12
52 71 42
82 44 67
68 97 11
14 72 19
22 32 86
91 18 39
4 5 14
52 99 39
3 9 11
76 8 37
15 74 10
94 16 95
35 52 71
52 98 75
70 1 73
77 32 22
58 44 79
73 43 55
34 78 53
63 44 17
44 26 44
15 21 87
69 30 19
50 47 92
89 44 22
62 91 9
77 37 6
86 92 68
62 57 80
81 23 65
90 53 33
95 34 72
19 58 45
65 26 96
100 55 24
74 28 62
12 65 92
18 44 3
54 87 91
62 13 80
80 91 77
49 81 57
82 56 36
14 25 25
60 28 81
5 37 74
42 40 93
40 58 84
1 59 46
18 92 70
67 21 54
93 11 17
77 79 64
34 98 68
57 21 4
60 59 68
45 39 85
10 95 54
36 46 5
25 67 94
23 65 15
33 1 42
49 73 43
84 11 67
30 81 26
61 43 26
48 33 72
80 84 86
1 35 68
83 54 95
5 95 51
34 86 8
79 27 50
69 73 79
46 21 25
63 6 78
89 43 25
24 78 74
32 53 42
25 64 51
57 89 81
8 25 22
5 94 28
14 95 72
78 88 84
27 93 37
73 97 81
96 43 88
17 92 87
45 56 54
91 81 77
23 45 42
86 97 91
4 99 41
55 25 19
1 10 68
64 86 71
62 17 53
98 72 11
46 56 95
56 30 38
56 10 88
63 30 50
16 71 65
18 69 56
1 8 65
39 65 8
45 82 61
73 58 38
23 55 75
1 58 43
17 53 74
3 23 83
99 69 56
30 94 17
25 1 28
86 49 47
44 17 14
7 83 20
41 51 97
5 61 35
69 69 68
36 8 90
79 61 85
48 62 41
76 95 7
95 50 89
50 38 29
92 43 52
22 50 40
58 54 66
12 3 55
31 46 52
66 21 10
39 93 97
45 96 39
73 32 75
24 69 7
56 48 38
49 47 96
22 13 62
12 28 13
2 82 30
3 86 21
68 15 74
42 24 54
52 5 5
96 31 45
83 28 31
69 65 70
26 5 45
26 85 89
52 94 7
10 66 49
33 15 9
67 30 45
64 22 35
44 71 5
97 78 16
44 67 96
89 27 69
15 35 82
75 11 85
74 28 94
60 2 83
21 71 46
82 39 92
70 17 57
21 13 69
79 33 75
80 32 20
94 55 10
50 65 53
70 38 17
1 89 76
62 62 71
24 32 46
72 78 24
7 86 2
93 8 33
76 47 53
21 62 71
70 19 2
20 31 66
51 25 51
17 35 6
25 90 95
97 10 56
66 78 61
11 36 36
14 86 80
32 95 34
13 15 48
86 65 97
94 25 28
23 54 94
2 36 52
27 41 66
54 35 3
3 23 44
90 53 91
100 88 59
26 5 20
20 62 34
42 40 77
32 41 84
95 72 74
24 9 20
83 14 21
91 58 48
71 2 11
74 77 63
8 71 32
33 57 80
31 38 86
53 26 7
30 35 65
49 74 49
19 56 45
58 66 62
31 13 97
35 58 78
6 98 2
10 65 22
45 51 27
52 32 1
25 77 78
19 62 46
15 5 72
86 74 57
19 32 10
71 83 73
27 8 64
8 2 13
33 22 68
46 25 79
72 94 59
77 58 87
82 62 6
71 56 74
40 88 63
99 69 77
4 18 89
24 12 50
39 72 62
14 18 76
75 86 2
82 16 78
63 71 78
40 9 96
89 98 84
73 59 59
69 89 79
3 1 43
36 15 31
47 54 84
57 21 92
25 45 47
57 76 4
69 45 53
43 15 28
16 95 86
20 70 2
91 86 5
65 40 38
14 78 65
69 64 85
36 62 77
52 40 85
2 4 1
100 100 79
72 70 25
57 8 19
27 21 64
82 49 46
58 25 55
86 62 85
82 41 5
81 39 9
40 60 19
45 51 35
68 21 16
91 68 86
11 16 38
59 1 18
98 42 40
82 83 19
8 34 27
44 72 25
39 48 21
21 59 5
14 15 10
3 54 46
14 12 85
79 24 29
86 21 46
85 100 63
28 64 80
35 73 19
50 85 19
68 65 71
70 53 69
55 41 36
76 59 8
86 24 54
63 17 26
92 50 38
93 54 67
54 51 51
92 1 75
57 70 63
60 86 64
29 77 27
46 28 7
3 1 41
50 24 81
59 25 86
86 42 40
64 1 59
77 71 27
98 28 44
40 40 69
92 85 28
7 56 53
100 5 58
37 45 10
84 14 22
88 46 38
19 27 40
4 54 66
68 42 98
12 22 48
26 38 70
68 84 72
85 27 12
6 49 99
75 30 25
27 11 8
30 52 78
78 67 61
10 20 79
4 72 37
70 42 45
62 54 40
11 63 63
92 85 58
47 95 43
47 9 9
93 61 57
49 14 55
6 39 1
58 61 70
100 44 68
13 90 35
67 76 70
7 32 5
57 54 85
18 56 10
75 3 78
75 1 43
12 32 23
28 81 62
98 29 60
66 86 28
48 55 59
81 5 31
41 97 41
36 13 34
84 40 75
74 67 8
44 6 53
