10 2 100 3362
49 47 85 96 10 38 78 96 65 20
72 45 45 37 27 32 54 30 90 36
0.420 0.419 0.091 0.417 0.136 0.486 0.308 0.195 0.797 0.033
17 86 3
81 42 14
7 86 44
96 27 89
5 2 93
17 8 72
60 56 97
75 81 17
8 47 83
33 74 83
76 97 10
82 85 11
32 95 77
24 94 89
98 7 34
79 31 18
54 57 55
5 26 55
91 24 18
33 29 54
15 81 26
44 41 54
48 49 58
66 92 28
12 23 52
1 50 82
67 32 92
57 3 4
23 70 93
26 49 60
88 61 61
93 34 23
34 56 45
77 1 50
36 47 94
14 5 92
54 52 99
52 7 81
35 96 8
43 14 4
42 76 57
87 53 54
16 3 93
89 29 53
72 18 3
80 56 6
3 64 7
27 26 5
21 64 71
90 34 19
39 31 20
44 53 33
20 76 71
52 78 68
98 26 93
52 56 3
90 3 31
60 71 10
13 79 22
49 54 57
28 51 92
61 64 63
43 50 42
7 29 46
28 37 6
24 3 56
78 43 75
12 91 89
7 90 39
96 91 21
92 87 28
6 39 93
28 23 70
46 41 97
33 74 68
66 35 29
93 81 4
9 65 60
55 75 81
25 58 19
2 41 7
28 15 61
89 55 28
93 96 76
68 88 33
14 64 25
97 27 55
52 67 66
57 39 6
90 52 24
28 73 41
98 88 69
21 79 42
28 10 40
18 50 4
8 77 47
40 29 14
15 76 43
40 42 25
7 89 88
43 81 32
8 26 87
66 74 48
26 29 30
32 15 26
49 65 80
56 49 27
31 49 82
6 46 60
78 81 57
90 9 28
22 54 73
97 11 34
15 98 23
17 82 96
13 75 22
69 87 78
47 100 92
14 76 69
34 60 55
25 30 45
17 38 49
80 43 23
71 45 39
42 66 28
8 91 34
45 45 72
28 69 67
65 44 72
15 25 75
64 32 16
59 39 56
75 28 73
41 88 1
86 18 48
49 33 72
94 90 36
54 7 18
34 73 71
83 93 27
4 27 66
25 17 53
97 11 63
6 61 36
85 75 64
57 76 99
69 59 58
22 89 72
25 98 77
62 67 88
96 97 87
4 19 53
73 27 68
77 13 89
99 40 59
28 5 69
100 78 86
6 89 35
21 32 46
56 88 50
56 8 76
30 7 79
28 51 89
68 18 71
7 8 39
51 9 39
4 68 13
82 12 1
41 19 61
88 30 26
96 33 59
15 18 85
45 48 50
38 11 21
86 78 95
68 83 98
24 63 47
99 26 56
95 70 7
84 20 24
51 91 28
24 81 46
79 9 89
94 44 61
12 82 87
63 1 53
64 50 26
18 18 4
22 35 97
17 36 60
55 30 12
13 3 4
90 88 67
55 11 58
42 39 98
17 70 45
3 10 32
45 19 93
65 72 60
43 4 67
44 10 3
24 13 47
48 7 6
15 92 93
91 32 25
49 91 30
81 97 11
19 38 6
90 15 69
33 35 79
74 94 19
27 55 74
29 21 53
49 5 35
41 94 41
81 88 50
31 24 51
29 35 70
10 93 23
48 64 94
97 31 74
77 89 20
70 59 64
83 38 17
92 5 21
48 22 44
90 20 62
1 83 17
70 100 68
95 9 74
8 36 65
90 71 21
73 8 66
48 33 74
78 91 73
57 17 28
70 16 98
40 79 74
18 42 6
40 11 25
40 2 71
67 67 22
27 61 40
9 60 50
35 88 12
29 10 45
74 14 6
36 25 5
8 65 67
25 68 63
38 56 77
14 44 45
82 46 5
38 24 77
44 42 86
76 60 39
46 47 19
35 7 85
28 36 52
2 91 78
96 48 45
54 67 17
68 96 57
2 50 86
98 78 67
78 29 72
23 93 26
18 5 47
1 7 67
6 85 2
86 44 71
84 18 42
77 49 31
96 81 5
8 87 35
24 60 86
67 92 37
38 49 34
61 14 26
77 70 6
38 39 97
5 30 63
39 64 16
10 55 45
61 14 5
84 39 66
68 40 6
86 75 38
27 7 71
70 60 26
78 72 20
28 88 73
53 46 16
65 59 18
66 7 70
50 52 91
62 88 66
54 43 74
48 92 88
73 88 83
11 3 37
94 53 19
9 15 54
65 10 52
62 38 44
27 29 9
48 2 44
64 62 75
41 44 7
61 77 66
36 6 51
22 46 97
90 89 17
48 67 87
100 27 57
41 21 40
14 35 74
93 13 96
13 64 95
29 42 31
39 92 38
27 76 70
31 89 58
100 38 52
1 49 99
95 21 75
19 84 1
25 89 29
25 94 29
27 89 53
18 35 10
86 51 8
96 86 15
70 92 12
4 46 38
22 9 97
37 58 10
97 10 26
34 79 55
15 58 56
52 74 17
54 80 57
58 60 26
53 69 76
10 47 11
42 44 99
64 99 68
16 25 68
35 61 55
25 86 76
43 85 97
85 57 97
8 83 53
29 20 33
90 94 39
11 49 82
73 68 97
27 72 67
4 9 70
66 71 59
81 79 75
45 39 64
11 65 17
31 44 15
89 79 6
21 99 78
72 35 88
5 7 30
55 81 11
25 56 53
88 3 40
95 92 84
1 57 50
90 27 72
2 77 42
23 19 55
55 38 88
91 75 73
89 25 32
63 22 70
83 3 62
81 69 63
74 43 58
22 100 38
88 39 62
52 41 31
96 99 33
87 15 74
15 25 55
31 42 23
27 89 32
31 43 38
20 76 82
84 27 96
15 19 36
72 6 21
5 59 99
89 69 22
88 43 1
52 61 36
68 41 70
41 19 92
33 49 32
41 17 60
64 58 31
66 19 37
88 19 22
11 45 44
12 41 35
38 70 40
14 63 43
95 84 5
8 35 91
84 46 85
29 44 97
53 62 6
23 37 71
1 2 46
34 95 52
22 94 46
17 94 52
50 98 74
97 77 84
78 88 14
72 23 50
34 91 45
25 35 88
45 58 58
16 90 44
24 73 18
48 7 95
19 98 2
39 22 67
39 76 88
25 9 68
35 46 64
87 1 62
95 44 12
21 27 65
6 23 91
15 4 76
23 36 57
85 14 88
30 99 85
17 9 76
65 37 76
26 58 98
55 61 41
98 45 55
36 42 93
63 68 58
11 91 54
75 59 21
65 24 21
44 75 77
97 51 25
86 83 4
96 14 65
3 4 99
37 84 27
5 59 85
8 19 96
16 83 5
44 6 82
98 53 79
5 28 13
62 41 55
65 32 1
59 70 28
6 97 83
70 53 52
97 73 23
57 81 85
93 8 8
41 4 27
49 92 88
63 13 92
97 83 27
98 81 39
36 10 68
37 35 67
32 27 95
49 64 10
12 58 59
47 30 37
21 25 49
22 67 92
24 70 10
55 97 23
73 31 71
42 44 80
81 38 56
34 60 79
29 67 89
80 10 24
28 90 66
67 36 32
1 27 41
28 18 30
59 68 34
89 79 5
43 9 8
61 32 11
86 78 94
8 62 10
16 87 11
12 93 23
24 42 90
91 42 8
71 97 54
23 58 37
78 12 68
10 48 73
51 29 61
45 27 51
36 71 83
59 34 9
95 25 94
63 94 99
98 45 80
6 62 44
36 27 25
73 76 65
50 56 76
89 93 19
88 52 4
58 65 58
18 93 25
29 86 89
18 73 83
92 94 12
25 10 41
57 85 83
42 53 86
29 13 58
74 9 93
40 59 31
95 75 14
36 32 6
60 67 35
5 30 7
11 38 57
97 78 95
24 25 95
10 82 76
92 72 20
54 95 77
20 25 15
79 3 68
18 88 44
12 69 39
38 42 82
31 99 79
33 73 41
98 85 52
7 47 66
75 57 74
31 14 53
61 2 18
91 74 78
65 50 7
60 79 29
78 1 9
40 63 52
62 68 60
28 64 54
79 81 8
35 36 60
56 97 11
40 25 1
37 64 2
19 80 95
98 21 8
14 20 78
45 44 42
11 88 75
15 31 16
91 85 65
71 45 59
36 56 85
1 45 44
40 1 60
49 34 95
91 88 31
29 17 20
79 6 83
76 60 81
29 37 5
76 69 15
58 75 84
98 94 8
20 38 65
35 70 77
83 19 56
32 46 69
70 86 18
43 36 3
92 9 66
24 32 94
43 42 46
68 25 76
45 29 91
99 58 31
15 51 20
66 1 27
53 100 80
28 75 65
45 62 37
75 95 92
4 60 66
94 60 52
18 7 20
53 25 42
84 84 82
50 38 14
28 100 31
94 70 5
13 31 46
78 9 38
8 8 69
42 2 24
25 88 59
28 21 9
95 19 6
58 79 74
25 98 80
67 85 70
39 27 76
37 74 67
87 83 9
86 65 81
92 22 33
11 64 31
46 79 45
78 75 64
46 100 14
93 4 24
59 28 60
46 100 16
69 44 81
79 78 6
46 92 1
90 84 99
80 2 28
47 61 32
62 19 8
17 32 81
53 43 44
12 93 3
5 50 24
41 41 15
42 46 77
13 59 93
14 22 85
89 19 32
90 95 60
96 68 77
36 81 37
61 25 18
4 3 35
80 36 34
13 49 98
53 14 7
19 51 57
70 27 70
14 35 78
69 99 55
56 24 74
72 69 99
6 69 79
99 81 12
69 58 44
66 36 50
64 21 3
72 61 22
38 30 94
5 43 17
38 80 36
86 94 12
81 28 3
2 30 30
33 32 20
20 18 92
19 7 11
14 95 62
40 58 9
79 33 1
47 43 57
33 48 98
42 56 56
27 95 58
33 97 52
32 43 60
22 17 69
18 51 47
79 43 16
18 16 28
76 58 46
48 2 9
9 92 20
26 30 26
20 23 59
53 58 31
8 5 91
90 52 45
51 34 56
88 56 80
88 14 63
14 40 32
68 52 92
61 18 72
24 40 97
10 60 12
42 86 59
71 76 28
28 91 95
75 12 68
95 97 61
45 16 47
46 48 69
95 90 91
14 73 26
23 85 86
20 98 73
55 68 98
80 16 9
4 19 82
97 83 73
9 51 22
54 78 92
39 51 53
99 43 91
50 46 57
60 5 79
27 46 70
99 85 96
27 95 27
93 93 37
76 16 13
8 38 49
21 77 28
31 37 9
58 70 84
94 60 57
67 33 84
22 52 82
52 29 14
37 93 68
49 20 65
74 47 24
90 92 38
34 56 35
1 10 34
93 92 44
74 62 54
78 33 17
92 64 69
56 56 45
18 91 3
39 40 20
43 36 5
54 44 82
10 17 38
47 15 40
84 91 83
46 10 61
17 47 91
89 89 69
58 95 56
40 31 70
54 63 23
94 82 66
62 66 36
38 87 80
95 51 74
39 2 66
38 22 49
19 34 33
4 65 15
90 79 38
52 54 63
63 77 28
60 67 23
79 43 78
13 74 24
37 41 58
85 41 96
44 26 54
53 8 94
99 4 48
58 86 14
100 31 55
30 20 80
94 50 6
59 22 54
7 39 71
9 81 58
49 72 40
4 50 37
42 26 53
64 15 87
89 80 61
44 43 68
11 19 58
78 98 62
16 78 49
88 34 75
35 86 76
62 14 29
16 74 61
75 80 2
27 31 28
2 99 44
48 80 87
26 37 66
48 10 22
94 39 44
34 28 55
14 63 34
78 62 10
4 69 61
69 50 26
44 35 19
78 23 41
82 100 96
54 65 45
32 22 8
58 83 31
65 63 40
4 39 28
84 42 13
40 44 59
96 90 7
31 8 76
91 100 40
51 79 9
85 88 73
21 15 29
67 37 41
54 36 94
8 86 22
73 97 75
18 81 47
41 73 42
42 69 56
9 41 33
87 42 76
29 83 96
71 31 13
47 45 62
39 41 29
89 95 17
19 20 94
76 83 1
59 97 2
46 53 55
44 16 35
41 98 42
87 73 78
22 60 69
91 53 69
85 26 41
99 4 73
2 79 17
16 23 51
27 22 74
64 74 66
43 65 1
72 81 17
81 50 23
77 36 66
63 36 41
79 11 30
59 88 66
10 91 5
59 40 72
26 8 45
56 56 51
72 71 23
74 25 42
32 82 34
34 29 2
90 11 18
22 6 11
81 48 41
91 52 12
93 23 68
73 94 33
90 81 12
51 43 57
17 58 45
65 51 28
50 51 79
49 51 69
61 17 13
58 64 7
14 100 20
68 40 37
93 97 76
88 36 87
34 55 81
60 49 22
24 41 9
60 67 69
85 63 27
94 32 90
53 24 58
44 53 6
77 91 13
14 60 54
6 80 1
98 35 35
25 92 6
46 81 21
24 20 33
82 62 98
63 33 37
38 76 97
81 26 37
32 84 76
88 22 68
45 39 80
65 4 20
94 37 81
48 74 46
9 43 78
13 37 68
72 25 9
16 85 72
29 16 60
93 44 5
46 66 70
49 75 90
83 100 40
36 75 71
63 81 55
28 41 33
5 94 46
100 29 12
92 62 40
82 12 14
25 35 30
3 45 3
38 4 35
83 75 74
99 28 99
34 77 6
58 78 65
58 32 3
1 16 96
54 27 25
79 50 64
4 94 85
88 54 78
45 56 94
3 40 29
77 3 55
49 66 69
9 79 34
74 35 47
91 69 55
50 81 13
79 31 24
68 91 69
76 56 6
29 6 11
44 11 57
20 76 27
44 20 60
89 91 74
16 10 74
82 35 20
33 89 6
97 58 30
7 60 40
14 22 34
31 8 37
13 70 53
95 88 97
35 64 73
3 72 23
64 26 20
65 2 52
75 72 26
98 42 9
53 39 87
5 79 6
17 36 70
43 54 64
68 89 88
19 93 97
64 79 62
7 73 59
12 23 67
93 97 76
29 87 6
71 49 3
100 13 60
28 96 3
3 8 92
66 77 25
28 1 96
64 41 41
24 81 28
96 97 90
1 39 75
2 26 51
10 22 69
34 67 3
80 25 13
17 74 39
97 55 82
60 71 11
97 21 79
80 38 78
1 48 38
35 48 46
83 76 56
80 94 19
11 55 42
29 22 63
93 50 79
69 7 77
85 16 54
20 56 50
59 76 68
5 49 66
49 82 52
80 35 92
32 41 63
24 13 93
48 32 43
78 45 33
10 72 63
11 80 12
40 63 39
44 64 39
78 60 31
44 99 67
23 29 62
83 83 93
34 69 25
62 30 86
46 48 67
76 33 15
39 46 70
17 26 69
97 95 50
10 53 5
89 82 41
39 67 95
68 35 17
58 74 70
35 44 11
68 36 39
13 16 77
93 66 75
42 49 50
27 11 55
28 39 96
45 99 21
84 9 84
91 68 12
46 18 41
80 64 35
54 81 99
87 52 22
28 14 29
48 17 30
53 44 7
81 90 95
73 81 29
19 2 58
58 87 37
72 97 63
92 44 15
72 68 6
35 64 82
39 51 37
32 55 44
21 27 83
43 19 75
1 52 83
85 76 88
36 69 36
52 95 93
25 34 37
32 42 48
68 17 23
9 55 54
6 24 76
25 56 17
58 94 21
37 75 99
12 60 70
70 18 12
58 34 11
65 58 75
56 19 71
9 39 15
13 2 70
26 93 53
89 66 30
4 81 70
30 10 1
51 98 77
44 93 28
28 1 56
15 75 27
87 62 2
49 74 63
34 60 79
65 41 81
91 25 2
60 26 3
73 12 86
5 33 28
21 54 34
49 62 56
26 55 77
16 13 60
18 85 27
45 87 58
27 80 32
33 4 90
51 14 63
59 65 37
10 16 98
36 95 94
87 57 93
23 68 55
79 77 91
49 71 24
71 45 24
86 90 58
16 52 92
96 80 9
40 77 8
84 68 50
98 97 74
56 100 29
3 40 56
96 48 82
12 57 40
59 91 48
14 64 10
79 49 75
20 82 9
70 46 67
67 54 99
71 35 59
70 22 40
41 55 89
24 56 80
52 92 18
34 53 27
6 46 98
46 77 45
83 86 83
82 79 50
82 26 90
32 4 52
50 24 89
27 72 19
77 80 1
14 59 30
88 6 60
65 88 64
9 72 48
93 11 40
26 79 16
29 96 61
80 39 74
19 60 72
4 93 60
31 37 73
76 77 72
21 17 23
24 2 16
72 11 67
23 77 1
76 98 37
57 85 56
93 68 12
96 43 41
4 79 67
66 71 25
42 47 73
92 53 9
37 28 84
26 65 43
27 29 71
38 8 25
17 100 41
10 39 9
30 16 48
21 51 15
90 10 58
7 30 51
12 28 78
12 7 58
47 61 16
54 18 45
40 64 16
97 10 10
75 7 44
44 17 96
80 31 17
58 74 48
97 2 61
44 94 35
16 17 76
57 60 66
2 73 49
67 83 88
79 40 9
33 18 28
21 45 21
23 58 40
67 83 31
87 13 54
45 43 87
34 4 26
74 14 94
10 80 92
18 51 92
100 69 33
30 47 79
36 45 7
8 23 24
91 77 37
16 79 42
19 100 45
92 72 39
43 13 75
46 7 83
69 11 56
26 64 64
22 21 77
98 36 87
3 49 67
26 10 42
47 37 87
60 61 63
38 10 27
76 87 46
34 43 40
29 91 36
63 22 54
97 16 35
87 18 38
67 8 54
100 70 12
31 79 44
26 71 18
96 76 44
89 56 55
36 81 69
84 31 63
40 36 36
82 81 41
12 81 29
26 53 65
35 53 32
72 40 95
76 88 39
71 68 19
4 95 3
88 15 95
42 100 41
91 98 93
25 58 44
18 8 95
78 82 54
31 96 33
35 20 67
57 82 65
64 65 18
33 55 82
72 98 66
15 18 73
64 13 62
67 5 28
43 62 19
75 92 83
49 46 76
29 94 13
86 18 7
35 99 63
13 33 49
9 54 42
83 77 80
78 89 71
15 42 76
15 84 46
84 58 3
52 81 6
49 35 44
54 11 64
78 27 96
73 3 96
27 68 83
51 3 5
10 37 38
72 45 22
3 40 32
69 57 69
98 65 14
56 15 3
83 19 62
87 71 93
43 60 45
57 68 87
77 49 67
22 85 87
44 34 68
40 15 32
25 10 94
29 27 24
46 55 77
1 19 49
82 25 89
84 24 25
49 81 80
54 64 25
51 82 3
28 86 59
89 56 44
2 12 33
49 66 26
89 13 87
17 21 13
91 63 68
79 44 89
45 23 74
36 87 45
51 92 41
97 86 9
4 54 31
81 64 51
80 63 70
18 5 55
88 63 14
91 19 14
20 47 66
19 99 87
10 3 41
15 36 23
51 55 63
42 61 63
26 85 54
74 97 56
42 32 64
15 69 90
3 33 44
100 54 85
46 75 25
68 45 35
6 38 88
74 30 18
76 32 50
9 65 31
89 92 36
27 25 98
63 50 81
27 35 14
25 93 35
84 88 28
12 72 98
25 31 26
26 64 89
21 37 71
24 70 61
97 78 87
16 97 48
34 32 11
5 20 10
92 74 27
78 64 35
20 35 51
90 60 80
59 82 44
20 1 99
55 82 16
14 56 16
11 55 54
23 36 95
86 35 84
3 92 11
50 39 72
88 9 34
96 40 78
15 43 99
11 3 18
97 82 20
97 68 57
60 52 74
2 84 65
55 84 63
15 91 26
13 5 21
4 95 15
95 47 10
46 89 73
33 51 91
35 33 77
92 3 25
15 27 42
100 16 9
87 76 19
93 38 45
66 93 96
71 40 36
80 65 52
9 13 80
13 15 30
96 32 94
79 4 36
38 87 59
4 28 41
36 25 38
17 25 47
61 75 32
81 69 68
88 73 61
49 31 55
46 94 56
86 34 32
98 75 17
3 5 49
6 11 64
23 96 35
80 86 66
93 27 85
72 15 28
69 89 56
57 72 43
47 8 45
83 82 61
86 34 89
38 35 72
51 95 61
15 24 29
63 76 24
55 18 59
4 21 35
55 86 96
64 6 85
11 100 73
48 3 71
2 10 75
10 10 25
97 28 45
68 99 54
25 16 71
60 54 66
96 2 32
18 27 62
18 31 66
16 96 99
74 31 75
1 97 54
88 94 32
81 39 64
83 34 79
21 24 88
34 84 34
93 70 3
8 50 50
7 79 44
65 50 49
21 11 29
70 95 95
80 88 72
33 9 49
69 23 77
10 47 60
63 63 78
93 65 73
58 11 9
36 95 38
13 5 16
18 47 13
67 12 38
98 37 76
86 93 97
63 16 81
54 31 72
70 99 4
13 87 73
4 83 81
4 42 2
32 32 18
16 7 96
42 97 90
66 84 46
50 48 54
58 79 3
14 76 81
73 4 48
20 5 35
63 23 59
88 83 91
33 16 12
83 8 43
1 26 72
48 46 59
79 62 13
49 51 7
30 15 58
59 34 49
18 95 76
59 90 47
95 23 67
80 98 73
54 8 93
42 34 54
46 17 52
23 67 55
82 29 49
84 65 34
72 34 63
36 100 98
90 92 41
24 40 62
42 100 13
59 98 47
76 58 27
72 54 9
98 96 96
12 36 77
9 2 97
16 25 30
42 59 10
15 6 13
26 91 24
37 43 77
69 67 98
69 25 65
20 2 13
20 20 62
60 57 38
75 70 68
93 13 35
55 51 81
45 14 72
82 31 98
37 54 84
67 7 61
39 92 65
69 34 24
55 97 5
84 43 85
1 90 32
37 51 63
35 11 51
74 61 74
46 74 81
65 78 94
9 24 82
89 20 48
8 34 18
3 71 37
100 30 75
8 15 46
32 10 31
51 57 8
17 15 94
43 41 19
38 50 59
8 68 41
2 3 63
28 95 47
76 11 31
75 100 96
73 13 66
86 77 50
47 49 80
53 39 35
48 89 5
93 77 40
73 54 69
80 52 79
30 25 61
88 31 61
91 9 79
4 58 90
80 10 15
21 72 94
36 53 70
10 40 4
49 45 73
25 10 38
34 89 99
100 57 18
64 55 98
88 98 23
29 49 90
35 68 75
95 79 32
55 41 89
53 57 36
26 55 87
9 73 78
92 59 46
74 48 6
88 77 10
65 17 69
16 40 65
77 61 24
6 88 68
96 30 49
61 74 51
87 64 98
39 38 91
87 96 60
47 67 35
88 67 7
57 84 18
77 99 17
36 56 51
89 67 61
90 6 47
90 29 69
12 49 5
99 22 47
50 21 76
88 83 75
53 16 72
71 64 42
78 61 46
39 24 73
62 73 85
60 62 62
39 90 14
95 85 51
22 36 74
87 72 56
13 66 59
78 95 19
91 40 70
93 48 77
20 79 99
96 96 98
39 60 95
33 13 86
3 6 22
13 65 55
56 1 44
39 71 27
85 47 87
42 89 27
54 43 93
14 48 69
1 28 55
61 94 79
27 30 29
80 59 91
22 8 69
22 55 36
1 24 26
30 93 72
93 31 92
87 32 75
91 12 31
7 43 39
4 81 90
29 77 35
29 38 33
13 51 79
13 89 36
24 71 37
37 43 24
85 84 23
30 57 4
99 23 17
83 5 92
5 72 74
40 82 28
69 48 54
40 27 97
62 1 18
73 98 54
7 16 44
66 44 34
59 73 19
78 96 85
1 6 66
7 31 54
73 89 25
72 81 4
47 11 44
79 15 87
89 71 32
58 65 20
68 96 70
87 53 93
76 78 84
1 77 55
16 89 59
51 13 74
98 77 64
12 17 40
8 11 50
82 4 59
18 38 94
30 64 14
15 35 11
49 95 10
25 20 16
5 63 58
9 66 54
75 43 39
66 95 12
15 2 9
79 26 59
16 7 27
74 27 23
67 36 19
41 57 90
2 40 65
7 62 57
99 90 72
48 66 59
42 31 77
53 47 58
31 44 24
27 26 91
45 53 51
53 74 22
1 31 30
85 55 63
22 70 58
80 23 25
5 22 77
10 7 50
95 46 6
3 53 94
74 69 88
64 14 21
12 16 42
85 100 69
36 64 1
31 32 13
76 92 55
1 4 81
30 40 10
66 39 75
71 74 59
2 76 26
27 85 95
62 64 64
84 62 50
38 46 29
20 25 77
36 60 15
46 74 40
48 53 67
9 54 99
78 2 34
29 35 38
68 58 23
93 61 54
85 22 50
84 91 40
29 69 37
51 35 73
78 65 49
9 49 43
52 6 33
84 24 59
24 63 11
27 81 50
31 62 83
6 72 17
6 34 49
27 73 54
93 43 21
6 9 61
6 23 11
53 92 95
96 52 41
22 51 61
38 66 70
79 56 13
93 37 31
79 61 25
81 98 20
84 3 68
13 5 85
9 49 54
15 57 39
96 71 9
42 2 31
74 90 77
66 53 11
87 50 15
68 49 26
51 31 49
14 74 7
43 18 32
37 67 39
92 45 51
11 74 76
18 77 50
83 29 39
41 56 38
46 97 27
35 49 86
31 14 73
14 4 98
43 47 59
10 66 68
19 23 58
54 28 38
2 1 25
11 69 59
44 5 38
84 21 99
69 80 34
44 84 14
4 53 71
75 73 30
91 44 98
51 89 77
37 56 2
55 53 56
89 38 1
84 77 93
5 87 68
62 13 64
21 73 92
61 82 52
33 74 52
47 64 83
9 15 25
20 74 67
95 8 65
85 80 96
63 32 60
100 33 79
4 88 7
79 88 49
62 92 16
67 67 39
37 89 84
96 38 90
49 34 37
11 24 62
18 68 12
67 54 67
69 13 54
2 77 70
1 67 60
53 91 58
8 88 23
3 82 90
46 10 46
47 27 14
78 26 7
92 51 46
95 70 40
26 8 17
36 35 18
18 100 23
53 62 84
38 49 45
41 69 39
50 25 86
7 45 28
64 70 95
41 47 25
93 69 73
95 59 70
47 71 65
44 96 51
97 93 33
60 6 41
95 40 5
40 84 6
23 31 24
70 94 62
67 14 68
69 49 8
96 9 56
66 50 70
9 47 24
88 38 9
20 41 47
65 36 89
16 27 51
72 76 98
19 38 55
57 28 31
16 70 39
46 30 14
65 20 63
26 87 39
57 82 64
27 20 49
13 24 81
98 12 99
2 1 82
26 76 41
43 53 87
84 62 16
74 51 81
28 25 66
5 7 78
51 6 50
85 97 23
44 94 85
75 59 60
96 80 38
43 54 92
71 65 21
43 58 9
54 79 82
10 35 28
17 67 26
36 63 45
79 3 64
94 89 24
85 20 29
10 43 95
55 57 12
74 58 8
35 10 26
85 26 3
58 2 30
79 75 87
25 58 75
36 50 60
29 90 71
28 46 42
11 68 62
62 27 46
23 83 81
38 12 28
4 3 84
26 60 97
34 70 57
40 47 18
61 19 56
44 62 33
10 50 49
99 53 85
34 88 35
79 1 96
92 88 40
34 88 53
32 34 9
10 18 19
67 4 3
64 42 87
48 95 25
41 61 42
48 31 31
14 23 32
27 11 75
28 48 22
3 49 84
86 2 76
57 38 88
2 23 32
60 2 2
40 27 27
21 51 94
75 81 93
62 42 95
49 3 92
90 40 55
28 87 9
23 100 81
69 16 42
49 16 3
63 48 40
57 70 54
72 85 13
60 21 22
95 69 74
30 62 34
85 49 1
17 88 60
25 96 9
65 92 66
86 94 86
47 67 78
59 56 86
11 81 76
63 20 78
31 70 84
34 9 11
28 49 68
40 25 75
92 39 88
71 88 34
100 72 68
29 6 26
1 94 19
33 91 74
11 49 65
10 26 1
97 58 61
59 55 46
66 94 31
89 5 60
96 69 24
13 84 74
33 74 88
78 59 98
81 66 56
66 93 49
52 40 69
87 88 40
56 43 2
31 13 37
86 1 82
66 37 65
51 8 47
81 17 59
2 17 67
98 21 79
51 10 44
67 76 36
2 9 97
85 87 1
25 68 45
88 40 67
1 20 25
74 87 29
10 89 10
51 81 47
59 24 98
99 30 47
57 95 63
64 71 99
41 24 41
67 75 82
47 51 87
25 61 36
72 17 28
19 59 91
46 9 91
16 19 59
85 4 97
5 45 66
5 45 78
71 7 18
96 81 33
99 94 1
51 68 28
36 36 67
36 100 46
25 80 74
24 70 30
61 43 58
53 70 64
30 69 18
68 47 6
53 97 94
4 32 15
12 77 10
27 78 65
56 87 15
94 41 3
71 23 50
31 45 33
95 1 87
42 31 29
39 60 45
36 26 47
16 39 48
62 59 64
79 67 34
86 38 7
62 13 16
42 29 28
54 6 2
56 12 58
57 73 58
34 88 28
61 4 87
82 51 31
82 61 30
31 32 66
50 52 50
28 18 21
57 11 3
80 29 95
54 53 46
17 46 80
44 36 36
68 84 34
1 56 54
27 71 52
47 46 93
10 98 8
24 49 68
8 75 22
88 65 77
36 99 24
100 18 8
35 83 67
35 82 58
3 6 7
22 93 11
23 1 78
93 44 48
61 46 28
10 74 61
68 22 98
22 6 47
60 2 49
5 90 57
2 77 15
20 63 66
53 55 25
8 46 26
61 40 66
88 3 88
94 98 33
89 71 38
12 10 84
22 1 83
38 54 28
67 40 12
60 82 50
38 31 2
65 9 22
72 43 6
73 39 24
82 40 77
5 31 60
100 22 11
71 16 92
48 100 43
51 68 94
16 50 18
56 38 84
4 6 15
16 7 64
68 82 62
46 3 42
79 29 26
51 54 98
23 1 33
46 96 74
65 39 77
82 87 21
60 90 6
90 84 63
52 55 22
67 7 80
13 59 35
44 85 7
27 59 96
8 38 29
92 4 22
18 12 42
43 100 65
32 56 87
41 95 34
41 70 74
75 78 78
95 31 91
31 14 40
19 44 5
7 8 59
4 75 93
21 79 35
98 1 69
83 29 53
42 5 28
42 61 36
37 86 90
13 69 3
38 24 62
61 91 8
23 54 5
91 93 83
59 8 56
29 73 93
16 77 97
99 44 99
57 19 19
40 64 4
78 90 81
37 24 5
12 98 12
12 67 67
18 40 95
63 55 26
52 40 38
80 63 42
21 78 62
73 47 8
77 30 17
65 7 47
59 10 69
8 100 8
100 95 1
88 74 87
4 29 59
34 92 40
7 84 51
81 64 38
84 94 74
11 10 38
5 71 86
48 18 79
5 35 98
14 42 62
57 62 92
62 45 41
16 100 89
73 55 95
48 1 63
18 26 11
33 49 22
28 76 16
26 33 65
11 76 99
40 67 16
57 100 31
70 34 44
62 39 78
65 65 57
75 64 81
59 66 23
13 86 6
24 52 32
50 13 80
79 100 21
17 61 96
96 77 52
23 83 42
93 34 41
59 4 93
97 64 92
25 46 84
43 26 48
16 76 13
84 48 61
40 35 52
29 8 98
96 84 90
20 92 90
59 93 18
73 2 47
22 3 70
39 55 96
11 89 53
50 98 34
78 12 85
23 71 48
58 65 97
30 53 66
23 66 21
98 75 17
12 65 93
99 80 91
40 26 15
44 46 94
100 48 60
81 7 36
40 31 40
75 57 76
83 23 1
29 36 11
92 95 53
100 35 12
43 79 54
59 87 3
14 98 89
97 27 4
52 14 68
94 33 90
20 22 58
72 28 38
42 30 96
68 72 9
25 48 74
40 53 14
18 52 87
56 44 97
91 59 50
99 72 53
37 81 84
44 64 24
28 77 17
20 77 7
9 14 9
32 91 5
96 23 30
33 71 10
81 13 58
53 71 44
13 89 81
5 74 33
42 36 98
51 78 24
61 83 97
11 72 24
26 58 42
29 23 5
62 63 94
36 9 86
35 80 82
76 22 68
43 85 8
21 4 5
54 85 72
1 58 42
20 53 54
27 84 83
67 58 23
13 44 78
38 83 23
37 23 98
70 94 34
97 22 71
97 94 29
39 84 60
58 16 1
69 92 19
24 24 27
96 39 14
70 93 22
10 83 88
61 22 45
97 34 90
66 25 1
7 84 55
100 74 66
88 77 66
35 46 76
2 82 70
47 81 20
64 86 39
29 84 61
65 51 60
30 21 75
15 44 37
65 66 6
34 27 60
24 57 45
38 77 75
29 23 21
33 34 35
35 24 80
3 35 34
4 43 25
72 98 25
84 21 40
57 30 39
27 43 99
26 45 22
100 74 19
50 58 17
88 91 18
31 65 41
66 19 92
88 15 54
99 48 96
67 12 90
47 56 58
13 53 61
35 1 13
61 11 70
71 91 82
98 63 21
18 90 47
48 14 82
61 52 12
63 17 96
43 27 90
15 93 26
90 21 19
25 67 60
31 18 69
69 59 46
67 55 84
74 25 22
72 86 69
22 20 25
40 98 43
67 34 68
99 91 76
58 94 50
12 98 98
2 18 8
14 93 21
13 93 56
47 99 33
76 7 92
58 20 52
67 31 23
99 64 28
2 82 90
10 94 82
100 68 84
16 5 32
51 86 80
67 26 54
59 27 88
63 91 83
92 52 77
20 71 55
88 42 3
47 45 41
35 54 30
57 94 58
29 92 87
37 99 64
67 35 42
96 100 59
84 82 39
2 62 31
9 75 3
69 85 48
20 35 1
36 58 76
89 66 99
56 85 41
64 28 94
96 57 55
4 57 15
55 5 73
91 22 48
90 98 19
50 76 96
22 37 93
92 82 31
14 29 38
99 72 32
86 75 13
76 30 66
37 31 62
2 3 10
84 61 37
40 49 40
91 88 1
85 46 7
6 73 83
41 45 38
32 41 7
65 74 22
55 8 98
26 84 92
50 19 54
11 70 7
2 30 32
1 13 42
85 84 18
15 88 9
14 8 43
26 70 16
51 12 60
34 40 44
26 83 21
86 92 51
79 23 41
57 19 55
5 77 34
29 85 99
62 80 49
36 10 51
32 30 48
67 10 57
50 54 64
26 33 52
91 34 5
38 3 11
71 6 42
60 23 46
93 32 2
57 53 12
34 75 79
94 97 86
91 6 98
26 71 34
81 2 15
12 14 14
8 9 46
94 55 20
51 30 56
12 91 45
13 3 77
34 55 72
30 98 4
73 45 49
1 57 26
59 13 89
2 89 61
98 12 98
14 55 5
55 13 23
98 59 67
7 22 38
12 90 74
38 9 35
49 26 93
19 99 23
8 32 76
32 93 76
5 59 21
99 11 14
10 63 4
66 82 53
68 11 10
3 29 30
16 31 18
74 67 15
28 79 53
12 12 63
93 43 9
69 93 60
26 87 25
92 27 29
11 14 37
83 59 39
34 26 65
69 98 84
92 17 18
55 5 1
41 24 42
91 53 91
50 39 20
45 45 81
83 6 80
12 17 17
82 48 67
61 84 93
40 31 54
96 78 58
93 57 35
66 67 87
34 66 1
40 3 56
100 71 75
89 59 92
90 73 60
3 19 70
77 93 60
64 49 44
5 13 11
56 71 42
34 13 23
87 5 18
39 90 30
90 2 31
93 6 82
26 40 44
20 8 28
34 51 19
38 51 31
97 74 83
7 97 44
53 77 88
83 69 84
98 44 59
4 59 24
29 75 55
53 82 86
69 18 96
10 98 63
77 24 18
7 14 80
18 38 26
4 28 44
31 45 92
36 96 66
59 34 82
18 54 13
78 31 68
46 30 60
57 91 18
79 1 77
20 78 19
46 67 77
14 89 10
48 100 20
7 72 97
39 87 42
13 55 21
50 80 90
29 36 28
38 19 32
10 99 15
41 100 49
73 96 25
26 78 32
93 26 50
70 57 92
60 18 3
64 75 12
40 44 67
47 92 97
23 91 53
77 22 61
59 75 10
44 16 34
24 14 75
39 57 49
46 16 73
56 91 69
2 62 39
62 72 52
61 57 89
20 34 29
64 37 41
98 1 43
3 7 89
51 37 44
3 29 94
42 73 44
59 17 76
67 96 68
31 30 84
44 29 80
57 75 19
25 80 37
13 16 77
24 80 8
20 16 7
26 87 61
12 36 20
94 41 2
25 15 75
81 28 22
63 30 26
27 67 56
73 19 13
22 10 47
40 75 63
45 40 87
41 37 81
49 74 22
96 97 87
49 5 4
15 99 80
20 21 10
55 32 36
1 10 54
9 95 32
18 89 8
84 32 15
13 75 31
6 87 85
8 39 88
29 91 65
80 79 37
69 54 97
38 92 73
2 11 85
86 60 40
60 97 20
4 55 87
15 36 31
83 46 58
86 50 8
4 57 36
56 60 80
22 95 70
16 36 29
67 71 26
97 18 10
14 87 11
5 88 56
72 42 88
4 29 99
49 84 72
67 6 53
25 36 67
34 93 73
95 83 26
13 70 69
2 69 54
39 83 5
69 65 53
27 45 17
58 16 4
83 2 87
13 44 50
59 57 19
42 38 70
32 85 94
19 63 25
19 57 70
3 35 23
57 53 95
39 10 44
92 76 23
62 56 58
84 72 92
47 72 83
68 53 31
79 86 44
4 38 79
10 77 68
95 15 70
95 50 47
33 11 41
33 39 93
23 21 75
51 60 90
40 72 65
17 34 6
12 1 75
18 47 5
76 90 37
12 9 85
32 23 72
26 69 34
29 25 97
62 23 90
52 56 73
38 26 33
80 51 1
1 43 99
50 2 29
3 24 28
20 1 23
82 3 5
14 6 18
45 18 91
74 4 24
24 66 25
15 79 44
93 39 98
64 82 38
7 5 28
22 30 40
22 99 41
59 52 34
17 20 97
2 36 57
27 45 26
61 6 92
23 26 82
74 4 90
87 18 82
86 19 77
54 27 86
77 7 90
13 40 33
54 59 79
58 26 49
55 32 43
27 16 44
74 54 77
95 64 42
21 65 69
73 94 89
99 44 51
74 58 14
94 46 30
8 79 98
50 62 10
89 33 75
84 95 24
55 93 21
59 44 32
72 99 66
15 7 32
11 65 68
48 53 33
21 60 62
78 13 66
62 71 78
61 9 98
65 25 79
84 44 32
74 57 61
11 68 76
61 61 24
62 65 39
15 29 48
27 64 65
57 12 88
16 64 21
25 100 49
60 41 40
15 67 12
4 38 22
91 88 95
80 48 48
3 100 73
20 75 57
58 26 89
52 10 61
77 50 26
21 52 75
62 71 37
38 52 95
46 13 61
62 10 42
73 73 6
78 81 19
55 40 39
90 44 22
85 48 69
38 22 32
4 3 63
37 15 62
3 75 58
47 47 47
59 45 15
38 57 59
69 18 23
63 31 64
39 35 62
83 24 71
77 64 12
58 85 80
20 45 82
60 31 69
19 49 99
42 13 80
89 53 41
39 36 26
24 48 14
52 22 2
63 2 57
37 36 71
68 13 70
82 59 13
22 37 51
94 75 55
68 37 63
87 79 98
90 38 3
75 9 52
48 36 86
63 57 31
54 32 4
66 71 44
54 57 15
91 13 58
88 33 28
64 3 34
49 83 3
21 18 81
14 24 41
99 56 53
13 84 97
86 18 76
45 60 72
58 79 19
100 98 43
94 20 18
42 99 30
48 4 51
17 4 33
37 96 79
92 15 13
54 78 20
12 24 4
7 42 38
73 56 33
34 32 55
38 35 49
53 45 73
17 50 39
59 42 15
96 51 44
69 68 27
72 62 72
54 86 71
52 61 98
26 41 89
72 92 57
73 50 65
37 93 8
25 69 53
92 65 7
6 91 47
91 80 20
57 99 65
74 39 80
60 59 48
36 75 51
100 32 87
14 47 99
25 2 38
65 60 22
52 68 64
42 77 76
96 60 80
28 79 48
28 88 42
12 7 71
49 87 56
35 64 38
71 63 32
42 87 37
70 95 63
39 80 38
17 50 66
73 98 8
95 74 25
43 71 7
96 16 84
3 11 89
26 2 80
62 92 69
80 68 10
5 28 11
17 18 61
13 55 64
83 98 90
30 54 26
34 92 14
94 47 18
41 2 6
4 86 39
19 24 99
17 31 7
94 20 27
26 87 31
20 89 32
47 43 41
21 88 92
47 6 80
80 33 36
26 18 14
98 34 65
7 48 50
87 54 88
11 95 51
9 23 11
64 78 47
33 20 5
77 57 83
69 32 7
34 7 68
66 18 30
46 8 70
32 28 59
63 8 48
42 28 84
51 2 33
75 26 71
36 57 52
99 47 56
94 32 65
91 11 43
2 100 74
72 78 75
23 27 30
64 15 48
85 62 36
40 42 3
36 23 13
57 4 61
48 27 19
68 59 85
97 85 48
7 5 80
7 59 96
1 95 61
42 88 79
88 22 82
20 94 89
97 2 13
75 89 49
37 59 22
98 56 93
47 25 98
24 55 78
61 33 68
91 71 12
79 1 62
53 33 77
1 35 88
38 60 51
52 79 55
1 84 45
54 2 30
94 81 13
51 25 39
13 34 93
28 94 85
86 25 99
73 3 21
3 4 77
47 80 33
81 50 63
59 45 78
5 53 47
64 29 88
25 29 56
68 37 78
63 56 77
7 89 98
34 13 46
10 99 74
15 69 13
37 5 66
99 28 86
23 18 64
42 96 57
67 36 3
88 17 94
58 66 94
23 12 4
66 79 13
4 36 4
9 63 91
61 29 31
27 54 48
94 92 58
59 33 41
56 95 80
45 75 4
4 40 41
52 88 41
15 14 94
91 23 98
15 64 87
38 89 60
55 71 1
94 8 91
52 87 78
90 49 29
58 56 62
57 22 93
5 44 93
92 78 64
43 60 64
75 55 70
4 41 68
50 53 75
11 60 61
83 28 64
48 1 50
2 30 65
38 17 43
46 48 75
73 37 47
63 12 48
44 71 19
69 90 42
58 48 27
56 12 60
57 28 60
76 77 29
57 48 93
35 4 89
45 58 14
15 82 91
76 54 41
13 16 26
65 8 9
75 29 97
2 31 41
99 25 68
49 49 82
95 51 19
7 55 5
88 37 38
70 60 86
59 100 2
62 98 81
31 15 71
19 39 33
81 55 40
6 21 67
35 39 41
88 88 53
43 27 72
83 67 80
54 28 42
29 72 41
43 18 77
96 71 89
1 26 75
39 14 91
88 32 74
49 36 36
84 81 17
38 12 3
30 23 28
12 57 14
69 55 36
8 46 54
18 61 66
63 81 93
18 79 85
100 72 14
64 43 23
37 33 58
87 44 24
14 93 72
44 56 37
70 83 13
99 40 64
14 34 44
100 22 67
60 74 39
47 98 58
64 21 8
60 17 21
20 40 78
59 98 17
79 21 66
75 6 91
59 50 21
87 77 82
83 75 14
87 59 23
20 76 14
7 72 24
93 76 52
55 50 34
96 29 5
49 41 61
66 58 76
68 24 23
80 94 51
70 98 61
6 86 65
89 37 22
68 93 75
38 41 87
77 13 8
4 78 72
51 19 25
82 96 62
37 17 42
82 79 4
73 17 91
52 82 15
56 79 79
25 99 41
10 95 62
4 94 3
13 76 31
75 13 36
84 80 19
69 10 75
77 87 27
21 37 72
56 78 83
19 82 82
42 64 37
56 3 38
89 19 60
5 33 98
63 90 54
100 58 24
55 52 19
33 19 31
21 6 90
37 83 94
10 57 89
65 29 66
72 55 85
24 19 64
63 60 18
36 38 78
43 62 47
44 48 86
27 78 44
98 82 69
93 93 68
56 45 88
20 59 56
1 13 31
27 79 73
37 33 91
48 84 56
51 28 28
32 39 36
25 85 47
15 58 51
2 94 13
91 12 11
24 3 29
78 3 71
53 24 69
67 62 73
39 95 50
8 31 67
45 53 87
66 9 38
1 39 44
79 54 24
66 70 40
11 35 46
21 75 57
95 62 91
53 36 38
52 39 95
41 59 92
16 21 61
70 14 44
3 40 9
99 76 95
73 64 17
60 41 55
49 88 51
47 18 3
45 60 77
9 81 34
85 98 3
16 67 83
40 88 8
64 50 45
31 64 10
77 54 57
67 82 15
27 43 28
29 17 47
5 20 31
70 73 6
7 20 10
34 11 70
2 50 5
9 39 88
78 2 63
100 8 49
78 28 25
42 69 26
41 67 1
50 20 79
71 74 58
35 26 74
79 66 98
22 80 26
44 98 11
24 90 36
68 93 19
37 93 36
73 6 66
27 12 63
51 14 52
98 13 10
67 21 7
43 35 22
28 56 47
62 2 18
73 30 88
33 81 51
10 89 42
71 51 5
12 19 52
35 6 66
54 69 5
17 2 19
44 53 37
19 77 74
92 44 33
45 79 29
92 96 66
23 63 2
21 76 47
53 27 74
49 65 71
88 22 50
50 23 51
28 86 27
2 42 88
42 1 18
75 69 10
60 87 39
75 30 59
88 10 67
31 48 28
39 80 69
57 64 23
72 23 26
32 23 42
63 18 40
46 70 32
24 54 8
7 73 89
40 79 13
55 23 37
31 45 60
47 54 45
28 60 10
9 54 15
43 86 7
82 43 54
21 28 14
6 79 96
14 10 3
35 39 65
45 51 23
85 19 92
46 3 52
58 18 31
76 91 78
54 52 78
96 50 59
42 4 22
48 15 13
6 16 42
18 70 81
18 5 11
70 70 62
73 86 17
16 46 38
36 90 26
54 28 68
68 40 87
67 61 19
51 95 73
43 89 40
34 95 24
24 53 91
48 13 32
35 26 32
90 26 74
29 62 11
76 56 31
10 19 24
35 9 56
7 47 27
62 86 43
33 68 14
4 73 36
9 41 14
74 11 82
57 89 38
46 59 53
87 70 75
57 11 23
13 54 76
25 81 17
68 6 69
71 23 66
46 14 91
83 15 5
92 70 5
40 17 70
29 45 80
90 68 77
3 29 60
76 85 41
39 46 55
3 26 16
70 23 96
82 11 94
95 49 11
42 90 18
54 76 10
52 52 86
24 40 92
11 29 74
21 38 1
48 36 51
48 58 30
13 16 51
85 78 42
5 3 56
56 25 1
78 5 43
21 20 37
35 27 27
