20 20 300 7000
90 252 86 217 276 222 300 178 6 198 30 190 128 65 145 229 12 79 235 279
174 244 294 129 192 173 38 275 245 230 183 49 241 107 108 292 187 270 186 83
1 1 1 1 1 1 1 1 1 1 1 1 1 1 1 1 1 1 1 1
170 156 42
163 281 96
11 299 52
144 169 18
3 89 56
257 199 4
176 239 53
295 132 14
151 37 28
43 166 23
239 20 16
139 231 47
24 282 100
12 42 48
1 177 59
297 54 76
145 80 83
36 128 71
256 42 2
220 11 41
100 203 24
128 255 13
155 103 64
124 123 77
52 170 91
93 165 87
129 46 67
237 291 1
160 10 69
29 298 14
246 103 32
160 289 61
171 229 67
276 151 97
282 113 13
267 134 90
57 256 26
253 182 64
23 272 2
274 278 12
13 126 98
254 193 77
66 25 22
190 80 88
153 226 83
195 45 19
217 242 16
173 255 25
72 181 26
38 157 44
296 147 37
204 102 96
235 257 10
250 72 34
143 148 92
117 183 96
129 157 47
82 116 94
288 245 20
283 111 15
33 72 16
101 251 3
37 102 70
285 262 3
239 69 84
276 290 8
135 114 76
190 209 66
196 169 91
99 65 44
156 279 14
15 123 15
62 216 89
245 293 9
25 18 51
18 241 42
22 156 53
296 219 4
55 62 9
281 294 27
111 208 27
26 119 24
97 62 33
265 272 58
87 32 75
84 3 46
184 100 5
131 214 9
87 23 76
55 215 82
68 10 64
36 34 73
119 39 22
236 269 47
181 165 16
286 11 96
131 24 43
299 174 27
245 36 90
168 182 20
89 32 60
13 173 48
271 248 52
3 44 22
201 217 85
163 189 27
161 244 68
92 80 76
105 210 99
184 163 74
49 236 74
59 78 82
252 142 80
31 192 8
268 8 51
207 291 7
165 119 43
6 227 36
263 26 67
108 104 32
239 220 35
242 179 6
247 250 38
225 40 80
72 204 24
143 140 100
64 191 22
222 256 93
252 12 31
21 1 86
137 64 1
65 155 96
93 257 32
38 100 27
300 26 35
119 11 59
181 226 45
222 4 52
135 26 10
4 90 27
269 178 92
36 267 69
243 169 13
45 117 4
254 237 82
246 296 89
126 227 40
62 233 55
174 241 74
279 246 10
248 240 88
68 83 61
281 110 38
110 147 72
200 79 2
15 278 8
163 17 28
132 235 13
243 36 60
292 268 86
89 135 87
131 120 10
176 162 44
151 169 19
234 106 60
261 31 38
125 212 83
60 112 61
129 135 100
96 43 68
60 207 52
198 234 5
17 24 20
182 18 56
233 192 82
201 180 46
46 183 64
179 119 57
13 275 40
214 291 87
289 85 25
176 118 59
25 166 68
178 219 100
142 50 62
225 142 17
61 56 45
163 37 71
252 213 6
212 197 84
143 11 16
24 245 72
26 183 92
76 201 98
250 150 10
262 181 48
157 184 93
275 99 68
269 203 59
192 154 96
118 99 29
28 50 79
113 85 58
78 253 36
210 295 75
199 20 36
280 203 21
167 213 41
94 32 76
29 142 42
150 231 97
273 166 99
60 242 63
248 280 7
113 81 80
146 5 60
79 151 5
159 203 76
76 274 23
131 272 82
16 151 70
181 209 93
199 251 49
264 45 60
247 238 95
114 132 13
120 264 58
164 281 15
87 8 53
74 134 8
263 60 4
279 243 5
45 225 52
38 65 27
48 220 40
92 161 67
292 175 11
230 218 58
218 212 41
44 11 81
226 186 62
69 54 72
142 121 31
52 271 66
233 23 11
300 285 64
160 294 63
257 91 41
61 249 66
300 245 82
77 167 73
70 158 81
205 96 92
114 112 57
76 194 22
16 171 70
8 130 69
280 172 83
122 205 60
132 40 53
182 54 43
150 152 12
274 99 29
249 2 43
96 172 33
25 175 50
220 271 23
122 145 12
209 201 19
52 83 60
14 215 57
181 246 63
27 19 57
238 278 89
75 56 4
19 9 90
176 8 59
179 170 30
92 113 31
40 17 50
195 28 55
266 292 9
13 69 95
251 283 50
6 249 40
198 279 92
189 57 77
63 188 84
168 88 63
216 203 30
76 109 54
41 160 46
88 36 93
31 262 22
232 104 60
189 40 53
21 22 82
203 89 18
291 155 99
21 148 37
44 185 18
3 92 37
39 99 53
226 101 15
234 29 53
16 3 89
180 78 72
242 249 26
237 285 23
277 35 4
38 159 74
139 34 12
12 64 91
69 136 70
190 75 18
272 219 98
159 91 49
141 282 83
227 241 47
33 171 73
295 188 80
197 198 92
170 28 56
137 221 71
80 177 58
27 148 1
140 108 21
41 258 92
79 231 39
237 150 27
107 112 3
222 208 79
35 261 2
119 209 74
154 272 69
299 104 70
166 32 39
282 52 72
9 16 31
211 288 57
44 112 44
197 32 7
178 42 56
152 5 21
244 115 3
78 191 100
261 22 14
50 212 19
28 275 15
4 297 9
220 210 83
145 19 59
111 83 30
289 136 25
92 41 2
154 171 72
135 241 44
300 159 10
116 210 51
200 276 11
283 244 53
262 164 15
231 252 100
94 254 2
270 269 48
26 211 44
14 151 93
16 165 28
135 161 95
247 117 98
42 57 20
223 6 42
52 109 78
154 148 27
203 85 80
167 125 46
209 84 7
185 78 3
298 279 45
111 260 83
294 263 25
171 103 49
283 219 31
122 152 80
278 223 43
190 236 99
197 83 5
178 287 33
23 28 28
35 235 77
104 193 25
103 293 70
201 294 71
171 271 27
297 219 82
283 8 4
154 134 20
268 4 15
86 109 98
291 59 72
133 37 67
39 45 13
250 117 46
120 197 18
60 186 9
24 218 38
176 104 98
135 237 65
87 244 72
29 88 4
223 11 31
106 74 14
10 273 50
120 123 87
103 180 78
226 275 80
173 38 32
26 137 99
34 28 53
200 12 36
28 217 46
35 209 9
5 144 83
37 205 4
245 153 56
272 159 39
175 149 88
294 244 72
202 161 7
9 210 84
288 32 79
25 48 81
167 154 96
220 135 8
35 279 30
118 109 60
232 114 17
144 145 96
160 116 89
136 155 91
44 279 1
112 194 76
216 161 5
170 264 95
236 55 81
128 239 34
265 1 71
72 84 71
190 149 57
58 258 38
52 128 49
79 165 70
294 24 65
174 94 100
22 129 60
178 190 2
195 131 6
92 122 81
291 16 7
16 32 34
261 234 30
272 35 39
201 224 12
187 137 56
174 204 49
77 94 35
168 86 35
132 182 67
234 158 26
193 223 78
269 133 72
66 98 51
61 73 27
7 187 58
203 263 25
264 159 75
86 241 14
293 199 11
168 171 31
15 171 59
293 134 3
228 138 66
285 160 58
269 85 20
114 129 1
11 163 92
95 20 87
65 178 81
90 123 96
204 44 61
203 29 4
257 77 98
290 107 82
4 230 65
285 64 37
237 269 84
241 82 37
284 161 18
92 108 67
45 31 59
111 22 63
286 193 12
59 275 32
298 82 94
185 300 72
32 218 70
12 51 48
280 117 30
2 236 66
90 93 72
285 144 62
16 33 3
122 191 70
175 121 63
110 70 64
171 106 10
165 147 74
206 189 51
117 115 44
60 248 65
183 225 26
248 17 95
97 188 87
238 146 73
172 200 89
80 189 27
223 108 60
286 104 30
284 248 21
190 124 8
256 19 76
234 47 11
193 118 73
264 281 35
229 177 85
94 213 15
52 288 79
268 183 89
259 38 6
196 56 57
249 19 96
164 273 19
98 9 46
234 249 94
90 146 66
51 143 94
159 174 21
124 107 6
222 62 77
206 51 75
299 113 32
229 57 9
86 22 27
154 169 53
62 176 22
97 127 99
279 51 64
206 283 44
41 43 73
194 166 9
149 54 45
281 86 64
110 259 17
247 150 50
75 281 17
208 257 13
37 272 18
22 199 95
84 199 90
186 113 31
266 231 47
12 281 88
217 196 86
230 77 63
270 294 11
57 167 34
153 198 60
1 97 71
8 219 84
66 166 33
147 32 38
231 288 8
300 190 78
101 237 100
111 256 50
127 85 92
27 18 17
252 111 34
270 213 64
156 126 100
124 36 76
281 68 89
297 31 12
193 121 5
104 224 64
168 267 13
255 155 67
254 64 15
299 220 89
145 169 39
173 186 23
68 158 80
89 181 82
255 19 62
96 52 42
194 118 19
173 182 9
133 12 6
102 270 70
104 265 33
139 177 42
297 138 77
141 210 5
18 228 35
237 241 10
290 149 69
42 5 22
162 163 31
70 88 98
246 235 25
140 114 64
157 73 92
180 195 90
206 16 14
154 257 64
208 10 90
34 80 52
276 192 61
115 249 7
38 214 1
133 27 50
58 12 30
103 286 14
290 168 45
83 47 12
229 112 60
217 31 34
105 120 5
296 178 23
99 41 35
180 84 47
210 187 98
237 294 60
230 278 5
237 28 5
89 157 97
118 198 45
65 107 41
120 185 97
48 139 73
15 268 83
10 42 5
209 83 83
95 41 47
285 6 28
294 243 54
59 234 3
253 229 95
200 208 35
56 108 69
38 49 51
153 22 39
251 171 81
285 72 81
36 168 68
170 98 88
227 82 50
59 135 10
91 106 36
299 65 85
121 249 63
270 133 23
159 181 14
190 230 89
11 229 82
257 50 5
33 264 58
113 10 22
202 123 37
182 271 22
146 208 24
226 199 41
4 26 42
296 114 10
67 289 25
163 291 92
180 210 17
180 269 44
260 225 44
5 25 58
40 172 25
201 281 13
215 11 54
227 65 88
27 90 74
299 221 73
242 7 8
213 121 36
166 116 47
127 214 67
55 21 43
264 169 4
124 187 50
161 27 38
200 217 72
180 137 34
80 261 48
187 298 16
137 219 47
132 204 48
102 297 94
214 292 97
191 88 24
12 244 68
203 246 89
18 167 39
34 162 21
23 268 15
256 280 96
182 145 87
169 138 32
67 131 70
34 185 40
174 279 17
175 147 4
206 11 68
103 211 2
254 188 73
244 36 94
61 192 85
175 184 1
43 227 42
47 67 14
216 253 64
190 294 7
159 68 16
137 44 59
233 13 3
285 243 4
198 263 21
278 121 90
259 51 32
261 289 98
101 198 73
169 208 72
135 226 24
71 219 28
44 28 73
64 157 30
200 22 30
207 100 12
183 183 2
183 97 33
78 11 58
113 176 56
32 145 99
242 16 21
12 138 45
209 99 75
3 293 51
213 136 80
252 88 76
25 270 67
159 93 70
89 271 28
269 225 37
200 153 91
147 217 72
193 14 83
267 125 10
101 169 16
61 74 91
134 164 48
59 232 59
41 284 88
90 287 62
25 286 37
151 241 62
78 209 30
87 104 72
228 204 40
298 185 68
81 8 25
197 215 95
139 92 23
83 87 40
226 94 4
223 135 27
90 183 27
146 106 5
4 6 64
200 129 52
246 121 89
180 76 71
185 92 96
239 232 58
158 186 10
263 102 8
284 7 83
235 87 9
296 97 71
156 7 32
252 76 9
27 170 89
119 225 66
103 158 84
196 165 68
9 195 83
258 196 94
49 233 8
37 86 66
151 228 84
133 99 65
166 253 79
64 134 27
63 278 4
106 56 6
184 178 4
99 99 4
199 140 2
16 131 4
88 192 51
271 298 59
204 286 100
209 163 56
5 109 41
122 110 57
194 256 17
300 24 36
228 74 91
274 240 72
75 149 80
212 42 3
168 71 47
267 224 27
224 78 50
254 124 60
271 260 88
34 227 93
187 52 42
245 228 11
293 37 28
45 220 29
121 183 27
4 9 87
52 136 13
298 211 54
86 260 8
195 126 44
102 159 19
273 127 14
265 138 32
45 236 99
26 56 27
197 157 12
149 234 34
16 107 29
69 81 29
242 264 73
183 231 69
177 117 46
169 134 34
73 222 94
268 208 72
161 103 33
283 24 39
182 216 67
265 234 60
271 213 49
196 118 87
3 29 79
147 139 73
85 292 83
115 297 78
112 281 57
231 148 36
36 12 79
19 238 30
85 44 82
270 219 32
224 110 50
37 130 17
215 92 76
83 181 4
159 101 69
225 48 26
223 93 29
64 212 51
81 35 35
8 56 24
62 223 9
80 68 37
197 238 5
251 14 12
112 80 84
111 218 81
168 55 3
33 254 8
98 50 17
156 58 27
104 195 89
238 28 45
184 20 25
221 193 31
87 19 37
33 276 97
164 275 54
268 9 38
123 16 77
42 145 18
256 266 5
191 40 18
166 163 17
84 156 86
2 113 91
239 263 76
167 17 33
15 160 86
151 123 3
133 38 46
272 215 38
244 299 3
152 163 5
86 157 59
176 110 35
198 35 65
252 134 75
121 45 55
151 1 34
94 238 72
132 129 46
294 241 50
46 28 55
50 210 20
98 85 74
150 193 30
131 78 38
112 131 88
36 129 22
273 199 50
243 250 20
37 74 27
88 212 28
123 175 73
213 168 72
134 138 19
287 1 38
109 8 95
164 294 73
243 22 37
57 91 97
27 77 70
109 90 68
273 111 25
60 139 69
207 296 51
144 103 14
212 295 75
84 70 22
99 183 33
186 263 22
168 2 66
169 168 62
65 132 37
73 60 88
299 193 36
1 201 42
249 226 9
292 218 6
292 237 98
102 206 72
106 243 50
126 130 40
241 42 90
63 34 51
37 143 62
43 292 27
227 49 48
93 9 5
178 133 78
113 82 75
58 246 98
266 258 38
234 146 6
133 143 34
155 2 99
208 143 53
254 251 100
117 35 41
291 269 4
94 69 65
90 78 7
242 94 20
131 175 74
58 287 60
93 41 73
161 248 4
61 39 26
148 95 31
158 168 62
258 210 45
127 51 71
75 50 79
204 61 72
160 259 45
127 218 36
71 252 22
217 261 67
48 292 23
203 30 43
300 240 22
17 273 12
70 295 12
196 116 16
36 27 94
237 244 27
201 298 3
186 230 17
173 281 12
280 3 39
230 47 84
192 178 21
224 287 43
160 79 62
101 199 55
42 104 43
229 298 78
186 300 33
87 213 100
3 175 30
265 245 56
34 218 10
225 54 29
110 256 80
166 79 26
118 148 94
195 204 35
216 148 54
155 179 90
37 144 51
246 281 34
86 227 2
260 273 79
135 262 80
107 161 66
97 229 67
197 80 86
11 25 39
265 175 29
40 12 18
189 125 82
131 14 36
236 118 11
37 214 18
78 137 27
24 67 44
235 76 92
72 300 97
106 30 79
296 241 55
76 186 39
60 116 57
100 241 72
162 37 30
90 240 67
63 236 86
110 211 39
50 132 77
252 39 51
180 259 3
72 153 42
169 10 31
209 191 41
39 220 77
283 161 23
219 139 32
11 176 10
275 217 69
181 128 77
210 158 14
146 143 84
225 168 28
261 157 42
30 103 16
14 253 14
79 47 51
108 176 53
265 16 27
264 56 5
172 143 88
238 213 6
280 247 46
273 293 83
138 62 16
226 29 100
185 234 65
198 55 76
294 70 87
37 266 58
217 271 21
13 162 57
233 171 50
36 271 31
72 15 1
80 266 71
108 119 22
152 65 100
211 195 52
216 278 42
223 265 57
14 49 98
9 155 6
16 250 2
98 195 52
190 286 8
163 26 63
48 299 45
175 102 64
70 43 91
232 286 87
236 178 30
252 290 3
95 286 47
114 241 14
142 255 56
165 198 21
266 119 50
286 250 28
299 295 40
218 291 1
284 40 67
85 278 83
203 119 28
288 248 3
249 96 41
164 193 1
59 83 62
53 284 48
165 273 64
190 126 62
268 158 82
231 281 49
152 195 8
89 69 10
223 91 70
51 261 87
101 186 83
71 256 37
87 115 23
266 185 61
179 223 39
79 68 61
215 3 61
26 25 6
124 112 55
264 59 66
275 76 84
234 283 74
218 252 59
60 183 76
264 276 66
82 190 89
78 96 13
2 70 16
223 197 98
178 52 75
47 162 98
78 87 36
53 47 35
130 203 65
269 146 47
213 221 12
123 300 1
48 263 46
72 262 18
161 64 41
122 109 23
283 266 42
110 103 53
119 248 21
230 289 92
116 76 88
199 221 47
211 236 36
73 254 100
41 3 55
15 243 73
267 102 48
271 78 49
144 101 79
285 77 60
74 269 73
203 123 56
10 18 85
96 8 1
159 89 81
26 148 62
109 192 29
248 216 29
185 200 50
11 185 49
105 73 23
187 214 27
201 238 33
8 192 18
43 169 24
251 53 65
297 140 87
104 269 64
237 106 65
68 278 60
40 100 54
121 277 96
87 276 29
247 193 20
280 12 61
226 209 81
218 137 89
286 175 52
133 96 98
267 139 81
239 171 93
200 40 64
234 101 47
168 128 37
277 149 13
13 231 31
78 173 5
171 172 72
226 123 58
24 239 27
80 94 28
50 126 32
61 238 72
51 136 25
264 296 13
114 285 84
298 92 67
101 263 31
292 267 50
210 34 81
136 233 79
106 180 91
14 284 17
14 195 31
133 170 83
206 33 39
53 179 17
268 36 57
216 247 66
62 23 67
268 203 96
183 200 87
74 100 52
259 101 43
253 234 36
297 32 83
32 279 8
215 295 82
84 85 99
240 67 74
176 93 61
189 17 60
55 1 22
236 18 5
69 58 51
71 188 59
51 93 86
21 185 10
23 230 55
236 93 31
185 111 90
262 165 8
217 63 90
128 23 64
95 17 8
94 93 31
272 16 47
234 157 99
133 129 77
67 178 80
90 220 29
188 182 11
134 286 30
205 268 17
27 128 59
230 3 89
267 196 27
30 264 44
192 69 72
83 158 2
123 197 71
257 118 8
174 195 41
99 159 34
13 248 99
75 40 3
67 237 60
69 70 68
288 55 88
172 28 41
185 109 5
95 262 9
131 135 6
237 288 50
156 51 73
131 31 65
166 167 33
11 67 57
175 136 99
174 127 44
252 249 77
218 5 62
263 34 7
44 77 4
40 94 72
247 80 51
262 137 29
142 56 26
84 16 40
51 177 85
233 46 22
79 134 45
115 24 19
282 58 78
40 86 53
9 74 21
194 233 76
205 230 91
72 264 64
278 235 36
217 21 94
228 6 69
206 82 12
99 251 1
236 62 75
118 243 19
110 32 72
219 237 19
25 253 27
45 132 50
219 141 77
42 297 99
59 14 91
234 82 64
280 241 12
105 223 8
260 72 36
234 9 46
17 66 15
273 212 39
48 181 78
106 22 67
89 233 63
220 14 7
271 185 79
47 194 55
275 207 36
70 283 42
228 28 13
31 289 25
250 181 84
15 228 92
147 68 61
5 46 72
74 104 44
160 236 33
177 147 49
37 123 43
278 200 16
138 245 88
75 140 9
222 42 11
220 28 15
212 89 6
243 121 82
129 57 44
153 52 5
242 85 94
240 261 38
92 177 18
236 104 17
52 105 12
257 140 50
130 263 35
107 253 32
61 47 78
78 42 57
292 54 54
251 224 84
87 64 50
298 142 18
109 88 22
46 105 37
71 202 11
118 79 51
289 215 32
273 26 19
236 157 14
177 166 52
231 180 22
273 129 55
248 112 45
169 19 85
141 255 64
273 283 3
3 156 75
212 34 51
81 13 36
236 266 8
131 243 31
226 116 64
199 3 63
144 76 57
288 33 35
100 112 45
5 289 95
56 130 95
192 153 51
16 126 97
275 210 7
230 62 48
230 20 79
125 247 17
55 247 63
197 116 86
85 72 30
161 169 6
70 138 43
216 91 93
189 169 22
238 54 90
264 255 89
60 226 35
125 250 46
152 52 53
229 116 88
78 119 96
277 3 1
8 229 52
242 64 55
177 48 98
209 271 63
196 82 99
146 277 59
260 144 91
296 292 4
169 46 83
106 265 98
217 236 20
31 3 9
129 159 78
287 116 62
241 43 64
259 79 24
257 194 100
24 5 48
18 76 62
283 26 59
165 133 40
96 252 99
273 102 90
111 189 67
190 83 99
151 268 34
203 2 98
188 103 64
70 35 71
232 57 54
127 54 45
49 294 41
160 93 73
146 180 27
270 139 22
119 211 77
69 164 82
88 180 11
236 264 98
157 5 26
184 240 13
120 43 8
188 152 6
85 177 72
51 118 10
297 134 48
6 242 71
40 182 95
208 86 34
249 249 46
20 179 40
149 286 26
123 100 7
111 217 31
151 43 87
118 245 49
174 177 65
56 155 82
251 257 10
104 184 67
177 214 61
13 19 57
160 68 31
285 35 76
287 102 16
38 11 69
37 52 37
291 28 91
261 200 15
256 156 15
218 293 13
268 220 41
273 167 33
26 235 88
69 131 41
106 204 32
2 109 91
34 191 52
101 6 19
216 192 4
247 261 99
288 250 64
142 172 99
245 59 83
181 300 94
20 123 83
55 116 93
12 233 46
260 187 72
266 194 57
253 175 84
159 187 68
168 7 25
300 140 49
81 273 26
61 231 93
185 38 60
213 84 14
8 70 94
28 194 70
253 58 95
158 78 30
158 216 64
188 186 2
11 224 23
256 79 66
250 200 40
254 135 92
198 285 42
78 174 44
104 185 91
272 233 38
249 185 28
276 104 3
229 234 23
39 204 94
56 227 66
265 252 64
58 18 38
95 70 61
17 247 17
225 286 42
66 183 37
124 169 21
24 194 18
30 31 54
287 109 89
79 222 82
18 130 13
109 112 27
226 200 71
188 1 44
276 136 43
169 256 59
133 48 58
26 65 18
26 34 87
295 82 77
299 199 87
92 198 54
45 49 76
195 215 31
247 227 53
261 134 43
258 167 16
39 296 34
8 165 77
183 187 82
288 56 65
60 25 83
237 70 71
203 286 3
98 285 19
202 191 42
38 204 56
16 24 44
262 85 96
238 283 9
273 63 4
139 130 58
275 49 54
24 33 35
272 41 42
254 287 27
151 13 3
190 171 65
113 241 9
165 111 83
82 34 40
247 221 31
70 37 37
185 125 26
122 245 53
14 165 36
177 77 35
38 236 69
20 228 39
85 70 35
145 18 87
179 112 57
79 187 30
105 273 75
78 292 4
106 219 3
62 74 58
120 127 40
209 36 43
283 250 56
299 128 40
246 24 74
46 213 41
217 252 75
189 94 12
130 66 33
115 139 4
114 265 20
42 269 12
238 87 99
191 124 100
1 246 48
69 292 63
269 28 25
199 250 54
290 25 43
103 129 11
146 51 41
92 183 24
110 142 2
182 63 5
54 153 77
246 162 86
154 288 9
235 135 15
154 85 94
100 186 84
48 151 27
118 92 52
199 282 35
270 11 82
214 225 15
197 232 10
204 50 51
43 102 100
127 168 36
51 228 38
187 157 5
294 288 90
219 208 57
288 185 58
236 285 50
237 25 82
174 173 75
154 242 65
100 120 100
142 90 88
83 18 18
238 100 19
35 163 100
214 82 50
180 267 1
288 108 75
52 59 87
40 237 97
93 262 42
191 74 62
169 178 48
298 134 47
300 52 12
194 111 35
207 77 51
46 103 95
161 213 32
235 239 85
54 43 42
164 106 12
144 192 5
261 196 77
168 19 60
46 25 60
127 223 75
25 78 56
277 214 63
81 72 59
202 176 78
152 33 40
89 188 98
45 114 73
12 248 92
1 28 41
64 34 47
299 88 1
144 137 19
265 103 99
296 233 68
204 192 49
139 23 68
267 56 73
137 244 13
182 14 8
11 218 6
122 174 64
248 277 72
120 233 84
173 34 80
204 274 23
279 230 71
223 76 7
278 152 36
219 37 84
232 267 20
170 253 30
175 225 81
132 192 16
258 268 30
292 299 53
256 295 28
105 225 93
2 98 30
11 91 54
12 165 4
17 125 62
59 9 11
178 113 13
86 79 49
107 142 22
115 193 63
279 210 82
160 46 69
267 147 53
20 74 56
201 109 52
100 31 54
201 128 40
28 215 98
190 161 49
162 297 27
204 256 28
6 159 59
123 183 64
5 74 40
127 280 12
46 84 70
27 102 23
82 191 91
223 89 13
267 166 98
20 80 72
102 4 32
141 32 91
45 41 63
143 92 2
263 253 60
222 63 34
249 298 4
280 33 32
293 66 12
139 110 97
4 7 99
75 110 21
186 40 43
155 81 5
96 250 65
287 227 53
199 103 41
34 159 9
30 18 75
239 216 46
216 113 98
109 21 62
177 187 64
279 23 48
15 193 95
201 194 99
71 261 25
218 108 36
274 181 86
235 109 34
92 93 96
30 166 13
197 22 95
94 50 25
153 114 33
169 45 54
276 105 73
49 37 64
256 99 29
131 145 30
155 106 43
15 102 20
279 215 29
166 219 86
134 27 63
16 97 59
272 88 7
46 15 87
237 266 43
229 1 19
157 215 5
32 153 30
228 54 18
81 194 61
297 224 12
230 113 62
248 38 82
35 40 96
247 5 37
109 24 94
222 166 52
118 21 63
72 200 35
262 214 75
156 226 31
85 193 91
194 243 12
145 110 29
12 299 64
253 102 79
195 105 30
147 166 28
105 218 21
7 135 8
78 193 82
95 296 39
96 287 76
246 123 63
220 124 16
185 106 83
137 85 5
48 259 12
134 280 96
9 267 98
21 113 74
182 127 32
169 126 11
211 150 98
15 80 20
175 20 44
105 206 49
67 97 57
223 297 5
94 54 49
16 247 42
57 245 6
212 261 26
151 104 40
87 211 54
26 141 87
210 44 38
117 150 20
186 66 85
240 141 83
62 300 41
99 27 13
280 217 15
226 224 50
201 112 34
225 51 1
184 277 8
228 197 27
21 125 91
277 224 66
246 154 95
271 63 18
252 138 86
88 230 84
284 178 16
84 99 96
49 149 95
4 143 11
271 10 6
183 144 40
82 258 55
94 64 68
70 12 85
250 81 70
93 162 38
43 160 13
124 182 17
197 113 52
19 20 36
272 242 47
248 206 99
119 33 51
82 43 31
226 50 32
160 176 81
53 207 52
142 138 67
45 58 86
184 211 60
145 31 35
50 152 57
279 206 100
46 106 72
247 149 80
106 69 32
211 86 57
69 174 74
86 106 46
224 119 13
256 47 31
205 294 98
107 143 34
274 298 76
46 226 74
182 126 99
179 267 22
235 49 91
243 247 3
289 188 51
47 129 84
250 254 98
28 27 17
31 202 65
281 95 42
33 243 6
186 98 15
49 114 56
153 164 46
112 195 8
262 191 73
155 43 98
15 207 87
279 132 10
269 159 9
65 139 97
216 150 51
109 120 29
206 50 4
219 101 37
261 186 38
57 59 62
40 36 66
75 199 18
178 278 4
58 251 54
60 41 15
89 298 28
14 203 45
265 123 80
155 21 47
55 82 20
197 17 86
124 252 10
179 273 44
205 113 8
79 269 55
121 154 35
127 236 51
145 298 65
135 194 14
88 133 36
248 72 69
280 61 12
274 237 9
191 286 19
168 37 3
170 275 85
41 169 43
112 251 64
218 160 61
226 219 74
17 41 86
110 170 79
171 3 96
135 232 96
167 174 98
95 228 91
288 158 65
203 256 20
55 4 93
199 229 73
15 180 54
277 15 59
79 128 29
140 295 54
244 116 29
59 111 59
141 86 96
22 132 14
220 300 26
51 270 26
148 144 38
91 24 81
75 165 76
207 58 61
260 48 38
260 254 68
297 84 86
147 21 25
215 35 88
142 150 43
235 104 44
200 6 39
281 293 34
265 153 59
226 120 27
125 204 66
192 21 61
300 167 79
54 151 86
33 261 53
180 19 47
169 142 27
52 280 67
139 257 18
214 23 47
130 75 27
198 143 77
206 136 63
88 102 40
28 159 85
164 249 33
175 191 17
192 242 91
124 74 51
147 151 97
267 207 89
120 223 66
202 11 74
215 237 41
110 297 19
233 33 42
124 224 43
88 96 8
264 60 68
105 211 97
290 102 54
158 276 37
160 217 42
55 15 85
19 57 45
297 91 25
14 53 92
11 20 34
36 140 22
271 9 6
47 285 4
245 150 55
77 96 6
174 239 53
50 95 100
296 217 66
107 175 39
56 129 47
22 176 54
229 58 24
251 255 36
67 196 50
205 62 56
252 1 59
92 26 96
135 170 83
116 97 81
142 112 39
258 265 62
145 170 34
145 210 37
50 123 14
11 32 79
74 10 27
135 36 85
223 133 12
80 147 21
170 225 75
171 284 19
99 229 70
6 167 51
161 160 83
255 17 30
183 6 49
106 249 76
224 207 87
103 226 90
165 145 2
137 214 87
73 106 29
279 141 17
142 211 34
192 95 55
18 103 70
262 250 21
1 256 61
180 204 23
224 9 7
270 127 66
174 55 67
189 236 45
257 99 8
157 58 25
258 165 41
196 299 15
102 92 31
262 55 85
26 226 63
230 43 64
270 41 27
84 104 1
112 207 63
67 56 89
212 115 69
267 215 45
126 287 82
96 68 68
245 271 62
262 227 82
7 257 33
94 185 79
195 241 88
265 284 73
239 185 59
52 163 82
155 246 72
35 16 66
299 85 22
118 77 49
135 53 87
25 25 9
120 288 74
286 197 39
230 169 66
87 24 44
88 114 80
221 185 91
94 171 37
223 33 51
145 227 48
41 254 90
10 97 16
292 137 100
89 24 97
122 252 32
181 61 49
146 75 64
77 101 75
12 67 25
290 18 3
165 293 55
42 54 84
181 252 93
216 151 93
188 248 98
103 135 78
183 280 17
260 147 99
18 202 12
54 47 41
156 164 70
178 273 90
177 83 21
38 111 81
248 132 3
231 34 87
224 154 8
177 256 16
2 292 24
40 106 36
213 55 62
296 161 60
169 104 19
59 243 7
99 64 44
41 118 34
50 163 2
8 158 42
225 293 99
151 243 52
52 216 75
138 2 55
132 34 87
34 101 68
131 273 18
111 205 39
196 188 59
65 154 14
186 259 28
133 177 11
97 124 16
40 212 27
81 268 98
200 10 18
154 187 34
114 27 96
279 34 17
118 271 20
172 287 80
236 74 90
161 95 10
72 180 61
80 172 44
186 118 84
71 292 41
36 216 93
28 287 65
261 205 51
233 180 3
239 297 66
273 240 4
109 132 52
137 243 25
57 284 97
175 94 75
185 114 18
215 243 34
224 221 46
87 55 23
21 178 70
132 163 78
297 29 41
236 110 11
187 257 19
300 214 8
79 144 62
161 105 4
48 51 1
215 69 88
94 14 59
106 12 77
189 213 61
287 71 77
221 20 21
177 222 32
225 115 92
175 72 53
182 106 1
202 120 63
160 83 38
133 182 55
123 96 36
139 226 45
37 23 67
298 24 92
126 299 52
40 257 3
161 260 9
102 173 78
254 249 19
40 9 71
203 103 88
128 1 72
80 113 64
287 25 39
287 46 47
23 126 82
274 211 87
281 242 45
77 158 81
219 228 42
233 286 78
270 13 6
263 29 4
160 86 64
28 156 22
92 150 58
42 28 24
232 274 3
47 77 77
217 23 1
84 153 15
127 37 93
128 77 50
174 188 87
238 18 31
68 162 3
274 47 54
103 240 8
71 272 36
266 246 37
276 243 3
146 207 30
238 136 99
121 192 42
18 75 23
249 282 96
157 207 89
40 101 35
292 274 15
85 283 92
156 177 45
220 19 46
117 255 32
258 53 51
182 185 65
242 181 26
128 198 9
35 130 72
284 58 57
68 141 10
24 157 81
4 61 47
123 255 50
28 181 44
137 40 27
196 109 15
19 45 1
257 238 99
165 115 55
121 58 42
15 106 92
220 269 24
220 112 32
280 221 5
223 224 93
34 10 81
45 291 12
285 219 37
100 106 21
299 238 72
264 175 68
25 106 44
276 227 26
7 186 73
198 182 33
6 207 81
102 266 28
180 292 99
202 152 31
171 259 30
194 298 20
244 282 89
214 79 95
121 198 96
15 209 64
3 167 43
60 285 21
245 48 77
248 153 75
18 143 26
212 56 15
129 127 74
113 73 50
21 166 72
264 92 60
84 2 14
133 3 76
138 81 34
282 154 69
67 33 6
139 30 50
92 112 32
233 196 55
91 252 31
187 100 18
81 14 79
210 282 9
24 264 78
277 281 29
27 184 45
274 22 41
291 111 69
135 78 21
191 192 5
58 167 75
118 54 94
102 69 95
286 135 70
243 98 95
155 25 65
199 115 90
71 128 8
63 250 15
204 235 60
87 188 81
262 116 66
96 176 54
274 260 70
190 218 24
137 215 47
193 44 89
137 38 82
4 8 6
56 241 6
186 82 75
227 19 55
229 22 3
110 1 36
244 204 74
289 275 90
212 167 97
128 42 32
245 120 53
142 186 36
107 152 45
92 6 93
293 96 100
48 283 95
266 106 67
299 82 88
46 113 86
76 202 83
293 141 80
98 134 56
281 295 3
273 274 17
299 75 81
270 94 50
77 17 33
108 291 88
199 26 51
158 248 28
124 184 29
77 28 5
80 143 39
279 48 65
135 174 46
2 253 71
42 295 17
11 13 11
178 223 58
291 229 79
65 71 67
269 51 70
111 157 70
5 239 84
37 53 85
193 86 90
104 49 90
177 33 88
55 273 81
239 257 75
192 279 42
204 210 8
69 77 53
186 97 60
236 13 23
171 132 88
60 34 14
43 68 26
13 73 70
31 144 45
17 287 23
72 276 1
24 28 44
158 72 92
10 232 18
115 29 52
73 17 7
183 156 4
24 126 22
300 243 55
75 191 98
30 78 30
80 2 55
268 43 81
4 286 12
66 152 32
215 262 36
266 232 59
75 196 94
17 20 63
158 299 16
266 12 99
195 228 80
52 281 53
272 7 75
248 127 65
75 105 84
178 72 9
122 2 30
39 152 77
182 179 90
160 20 69
232 121 20
69 117 62
184 261 80
36 281 81
43 149 72
253 294 50
94 113 56
37 252 68
177 22 84
296 211 69
159 167 86
242 109 35
103 284 19
12 144 74
196 13 14
132 54 69
300 137 74
228 296 2
16 158 17
93 31 22
103 168 1
109 234 10
255 231 90
55 238 16
39 186 20
203 144 55
170 300 48
285 48 81
186 289 79
154 225 31
285 138 23
209 206 1
244 66 9
212 229 44
144 87 18
279 37 66
293 88 42
151 139 9
290 58 91
68 191 72
40 276 34
4 51 37
82 131 88
257 45 2
218 64 43
295 127 30
161 167 44
123 27 21
240 159 25
150 141 68
229 16 46
108 293 69
152 31 90
7 82 5
210 117 63
20 129 60
148 163 38
244 175 37
224 148 23
23 260 66
175 134 6
237 210 87
247 14 73
95 156 73
215 213 29
249 157 31
195 78 31
98 94 26
241 49 90
168 204 37
291 139 17
44 6 10
149 198 30
100 37 9
174 15 51
282 176 46
273 134 13
106 184 50
151 259 92
81 21 85
128 215 11
150 261 39
39 95 48
64 121 6
129 18 57
51 148 65
192 146 49
51 76 77
9 82 69
2 15 14
99 284 65
76 37 90
168 141 75
238 253 15
62 258 86
163 252 80
225 238 29
270 80 48
154 174 25
80 135 75
207 194 79
109 253 69
162 50 30
48 33 5
160 228 4
31 246 88
170 49 97
25 120 9
32 272 59
154 93 66
241 95 28
223 103 98
298 137 18
75 203 31
132 213 34
139 104 67
14 77 83
178 19 86
55 19 1
141 13 42
283 240 14
260 195 8
176 174 100
126 150 63
176 15 24
166 74 62
154 202 79
96 216 14
137 140 90
226 236 32
97 50 95
135 213 77
91 83 67
68 260 24
111 178 2
50 292 53
155 111 78
220 264 6
107 136 63
120 275 51
146 4 21
269 174 54
135 283 3
29 105 82
35 245 9
71 40 26
296 232 76
13 273 66
220 227 66
32 138 39
54 138 12
285 97 70
7 170 3
139 171 54
198 27 8
81 106 89
153 193 91
261 213 70
183 5 75
150 262 26
283 45 50
253 249 62
90 3 83
168 278 39
120 129 67
80 102 79
4 282 70
268 39 41
106 21 40
207 238 29
231 39 94
88 106 54
268 191 12
58 146 33
133 239 63
201 170 43
96 158 13
4 177 86
226 83 69
236 156 22
87 255 26
189 229 12
287 39 34
221 115 17
258 80 12
39 40 42
26 18 46
176 243 30
150 60 71
162 221 26
236 73 59
183 159 16
22 56 86
23 262 43
134 277 32
43 225 13
281 269 9
88 141 69
95 247 48
126 164 5
272 236 92
101 75 35
197 4 65
236 261 75
133 101 88
133 259 27
225 117 57
164 241 44
182 76 19
206 135 78
59 186 74
217 75 59
225 133 82
117 233 4
194 182 45
121 1 59
214 43 33
153 11 40
89 132 86
136 277 5
63 68 16
135 200 4
253 275 88
290 191 2
285 26 12
174 209 36
253 239 10
219 176 33
297 93 86
164 12 38
131 254 9
177 78 65
9 199 28
281 243 74
285 95 42
166 165 99
44 177 88
223 299 56
250 146 23
191 138 97
291 148 44
217 79 42
253 69 78
65 92 78
80 194 51
164 53 53
92 28 15
12 256 54
220 106 86
141 141 47
99 30 61
68 103 23
186 30 52
216 42 72
156 44 68
240 289 96
23 76 2
177 13 45
252 28 7
254 239 87
194 189 10
240 222 61
72 16 66
175 260 83
143 266 83
126 70 17
89 169 95
160 7 3
147 122 73
35 299 55
248 263 30
85 107 92
59 300 81
237 196 85
203 265 83
179 241 91
24 206 4
276 231 33
21 244 14
189 184 75
277 68 57
265 68 15
279 52 73
270 121 27
119 103 75
127 201 90
238 180 43
172 117 35
274 119 8
93 142 94
84 132 73
110 88 60
118 150 43
87 289 28
54 206 5
272 52 73
38 23 69
266 157 99
176 146 18
102 223 84
17 26 34
43 189 82
47 278 15
285 45 20
181 208 64
195 173 22
176 212 10
50 246 92
45 139 76
41 246 88
277 106 100
167 264 18
139 288 4
122 18 100
216 108 52
287 120 7
27 135 23
194 85 36
142 18 16
141 95 41
30 101 43
42 98 59
74 132 84
205 258 66
31 127 88
68 226 24
46 127 45
260 202 84
162 102 80
46 139 88
39 205 19
147 262 44
234 246 15
131 221 100
121 295 65
264 275 81
69 250 96
90 11 54
68 228 93
251 290 55
11 227 15
213 145 92
182 298 68
137 266 40
144 123 60
270 34 2
299 10 64
296 92 81
62 4 91
153 190 73
121 191 74
57 293 30
283 167 44
122 150 90
289 1 85
268 100 47
77 149 25
44 114 22
94 141 4
33 39 22
246 48 49
164 101 15
127 274 88
123 157 16
154 22 62
162 245 40
240 49 48
248 191 88
293 17 11
35 108 19
253 108 32
202 119 73
268 11 16
294 211 63
299 31 69
109 4 99
264 113 63
236 200 7
159 66 87
117 34 76
74 212 50
137 101 34
97 76 22
215 236 18
120 298 31
221 134 44
212 106 29
284 187 40
64 82 72
281 194 28
272 293 90
6 34 78
99 260 86
150 10 52
259 184 23
251 204 3
24 153 85
31 27 90
282 95 54
55 107 80
125 81 99
208 51 22
281 179 74
28 294 62
293 178 72
209 128 68
156 119 93
187 37 20
103 176 13
49 1 30
32 116 23
85 207 47
243 199 4
239 290 72
286 226 25
76 268 25
237 111 75
53 113 10
183 217 15
22 195 35
279 180 44
155 273 22
180 58 58
4 163 21
122 130 9
269 134 11
72 60 65
247 239 30
237 149 77
260 37 56
134 125 88
199 294 93
120 231 14
82 117 21
129 40 38
145 238 100
205 91 48
196 224 70
233 97 43
71 138 68
72 37 40
28 127 71
129 79 12
297 61 15
51 37 93
212 90 35
22 16 99
120 162 70
113 155 73
225 87 78
137 29 74
277 252 40
250 175 46
7 292 3
177 43 14
56 17 89
130 5 57
217 174 87
136 12 36
300 22 18
81 283 8
236 282 82
89 79 85
144 17 5
202 288 12
143 113 57
146 98 36
122 164 27
67 244 53
282 43 73
10 81 84
129 113 84
256 113 14
274 35 23
60 224 28
147 157 15
145 64 79
61 235 35
244 145 25
128 260 4
88 1 98
6 236 87
175 111 30
143 167 19
62 190 87
239 194 42
12 56 32
131 47 24
109 100 70
270 231 88
34 266 63
275 238 21
204 133 79
245 255 15
87 292 2
227 178 5
288 118 85
220 263 95
50 107 5
242 293 29
256 241 54
124 86 100
88 257 65
250 179 19
182 259 1
109 230 19
101 53 62
81 229 88
253 79 47
221 263 54
42 118 15
94 8 98
108 244 14
207 114 58
85 59 59
125 206 60
264 43 59
229 6 8
38 210 66
63 173 5
149 7 13
94 169 95
60 18 64
10 6 84
89 61 46
48 224 94
196 274 13
185 251 94
166 35 11
71 34 32
196 285 29
249 55 32
61 166 92
109 169 93
274 224 99
177 185 69
232 155 52
234 104 86
8 62 8
259 250 89
241 77 49
103 146 3
5 292 77
136 45 43
269 61 89
42 66 27
93 72 69
1 104 94
161 224 22
275 242 76
231 147 80
161 55 53
105 118 64
146 42 87
263 119 73
217 56 95
110 300 11
195 237 67
92 283 97
228 165 60
46 245 12
47 88 95
110 29 87
88 196 91
12 107 11
184 73 91
111 246 84
25 224 81
57 52 98
194 206 26
60 274 16
182 134 11
269 119 2
246 215 28
17 203 81
299 100 84
69 240 6
245 294 2
30 46 14
287 168 70
151 36 43
158 163 63
41 190 15
291 160 98
69 159 89
171 111 16
98 138 48
198 293 13
176 210 43
99 150 3
138 193 67
159 55 43
213 291 18
110 227 71
184 143 73
185 73 21
192 93 71
61 161 35
101 35 41
35 89 71
262 205 95
148 141 42
161 300 4
5 291 100
189 247 6
47 87 63
127 188 23
202 33 31
115 278 6
143 8 86
129 61 78
96 288 98
109 300 41
249 251 48
5 126 52
148 35 96
58 111 37
65 185 43
25 143 88
272 182 70
113 28 52
281 223 58
283 187 35
79 70 62
281 6 27
73 107 52
235 131 65
23 163 90
158 250 18
277 164 74
153 189 62
282 156 60
188 200 51
216 71 25
199 63 35
176 155 29
17 170 54
55 169 64
108 81 69
82 170 17
255 269 54
173 161 64
232 251 3
37 55 22
45 153 15
202 174 11
252 280 71
239 283 100
160 102 29
179 204 46
117 180 44
31 179 81
6 166 95
199 99 3
213 28 32
244 146 31
108 16 62
229 87 19
82 100 66
38 40 53
13 156 41
278 3 97
195 201 10
284 184 33
271 151 73
54 192 81
21 80 10
297 199 16
45 274 20
46 164 25
60 22 92
50 54 28
48 198 85
228 234 85
118 192 100
164 123 76
247 298 61
86 216 34
64 78 87
161 233 71
278 92 76
41 42 14
194 168 3
237 51 55
285 220 74
95 29 20
67 168 85
236 106 82
77 218 11
267 258 54
242 172 72
285 134 63
122 52 17
203 65 84
173 103 6
29 112 9
208 62 58
11 250 94
239 169 81
31 221 70
142 25 32
89 101 14
29 107 82
296 101 47
94 56 21
11 84 9
299 80 34
260 140 95
180 163 27
82 201 74
190 261 58
117 28 75
67 167 67
184 183 32
249 154 51
292 249 79
297 295 76
58 296 81
261 100 75
265 173 54
261 62 98
163 137 2
271 51 16
107 228 55
208 243 22
154 203 76
178 199 62
261 27 36
81 228 46
259 61 70
235 163 70
63 200 2
283 83 41
51 122 24
216 32 37
1 34 6
31 69 70
19 25 84
188 171 68
104 166 31
19 175 84
184 245 28
203 56 26
53 4 3
278 91 16
151 11 82
283 95 1
190 287 78
141 242 9
93 55 88
148 82 64
12 205 12
21 26 79
67 20 61
234 233 68
197 9 63
119 261 69
249 155 93
113 161 94
57 233 79
21 285 19
111 226 84
226 160 72
254 202 82
50 244 4
64 16 53
265 54 71
266 300 4
160 3 71
131 271 40
296 166 29
5 118 94
33 120 13
230 1 82
38 19 3
191 266 52
278 8 20
234 200 40
288 217 33
83 10 95
165 206 56
177 199 62
106 281 36
33 271 27
202 217 25
213 158 8
68 119 74
95 103 16
61 255 79
5 220 94
250 133 91
82 26 47
276 67 94
211 229 94
170 91 83
166 31 97
22 36 89
102 8 54
73 93 97
251 113 92
98 274 17
132 251 30
36 253 78
87 93 53
21 127 13
114 114 47
228 159 55
295 202 23
41 168 26
261 262 42
42 151 43
84 157 37
279 262 66
262 210 70
70 213 58
84 86 82
39 288 96
77 264 94
270 18 72
134 237 31
117 106 89
52 200 12
129 286 72
45 292 61
62 103 15
211 107 84
192 277 20
39 42 48
98 12 65
260 60 27
222 115 33
96 35 23
209 14 31
79 127 17
83 264 47
249 18 20
252 35 75
293 246 81
248 47 5
56 265 33
171 181 72
257 284 39
23 72 22
78 13 64
77 68 3
48 87 52
6 184 33
85 182 9
222 86 47
287 233 25
89 243 9
164 160 45
22 55 85
29 43 31
105 263 32
63 53 1
213 23 66
253 11 77
85 156 93
192 172 81
128 32 29
119 10 48
232 260 43
294 168 88
134 109 60
192 218 38
213 19 56
91 77 78
220 296 29
214 185 19
211 225 55
223 45 59
17 188 79
238 175 35
55 281 84
132 270 22
230 45 15
238 4 89
78 156 75
100 232 48
7 252 95
17 295 50
86 174 10
258 245 97
76 26 36
63 62 62
285 184 31
212 71 20
40 116 11
214 66 21
188 102 9
63 149 78
110 271 63
193 278 43
244 3 40
20 117 66
9 276 86
242 82 32
7 233 72
156 300 23
284 158 38
280 153 25
196 266 11
12 293 30
142 59 40
82 123 92
159 98 22
255 255 44
170 161 47
294 285 87
77 262 21
207 119 75
217 103 75
7 214 88
128 253 59
262 274 25
90 234 28
7 269 29
251 46 33
145 230 54
274 193 31
110 61 91
94 62 62
176 68 23
162 9 82
32 156 94
177 3 5
263 40 80
49 9 35
180 25 70
128 53 69
21 273 94
73 228 100
226 276 46
66 133 74
16 137 6
18 106 9
191 241 54
145 79 18
40 22 88
205 244 38
39 71 60
66 32 63
93 77 43
243 27 34
236 54 41
248 96 31
292 65 29
149 121 84
84 261 10
161 159 50
73 146 26
51 104 30
62 171 62
194 42 70
274 185 31
24 106 81
169 108 71
288 160 12
117 124 38
177 138 3
243 295 50
266 154 76
231 248 67
86 107 74
73 90 68
104 77 100
289 152 91
81 77 64
100 15 26
65 251 92
228 200 74
261 108 4
2 153 37
239 61 70
236 50 37
202 83 28
268 50 49
86 102 2
279 185 7
129 270 30
180 254 83
93 25 76
55 92 1
224 230 98
13 142 10
232 208 45
137 299 15
262 48 80
176 37 22
31 196 85
121 89 52
51 242 78
209 266 11
114 62 13
135 104 72
272 188 76
45 197 80
210 198 47
98 27 72
138 233 6
32 10 50
96 51 16
18 14 90
250 281 34
246 167 66
215 41 21
44 290 51
162 256 42
220 254 40
63 112 60
115 119 52
125 107 53
260 224 57
62 215 93
156 43 89
236 248 34
10 220 69
204 150 31
80 214 79
170 12 53
256 199 65
270 253 66
158 289 27
259 201 11
10 189 15
169 221 100
216 299 83
108 57 85
1 152 94
291 228 74
129 225 32
239 147 29
251 2 30
138 272 15
56 190 85
59 69 19
177 282 72
140 146 4
10 45 98
110 166 51
126 175 26
259 220 54
271 59 75
223 288 54
155 7 12
180 168 55
212 137 95
128 95 21
15 110 87
129 248 1
49 20 54
190 115 34
238 110 87
252 278 81
203 261 6
241 168 35
191 246 100
288 265 10
277 161 43
259 78 57
236 130 93
258 153 17
73 296 35
125 75 68
136 104 48
254 204 50
295 173 74
25 138 61
242 254 87
2 259 29
140 13 56
105 45 61
206 40 83
73 16 49
277 194 20
194 178 79
114 73 83
98 62 6
155 83 54
7 27 26
184 105 72
99 21 7
77 152 44
252 177 60
299 49 2
201 14 57
7 290 69
36 13 45
60 57 13
244 222 50
143 299 7
12 105 10
240 282 15
292 250 12
163 116 50
116 158 55
280 187 36
231 227 12
99 285 98
256 127 95
201 273 27
67 182 43
134 185 52
277 97 33
160 119 90
76 91 41
38 161 29
280 27 20
91 93 48
104 206 29
286 251 89
218 43 30
259 248 92
227 28 37
205 269 46
74 2 17
162 270 47
295 162 87
267 96 48
257 79 82
116 133 86
19 262 93
208 50 36
66 274 13
241 284 83
55 89 77
56 218 39
20 137 83
277 258 12
46 264 46
83 232 62
228 263 34
56 72 79
286 116 42
216 74 46
215 104 34
73 198 6
5 13 59
68 105 3
293 99 65
190 103 29
290 187 69
53 33 67
19 288 89
78 198 77
244 31 88
290 154 88
201 243 18
272 237 77
269 196 28
105 26 26
54 218 62
58 254 92
229 7 11
170 137 38
274 143 41
195 99 66
62 203 65
52 283 8
111 64 33
287 98 73
34 115 75
245 176 31
29 149 65
289 10 26
216 38 11
83 82 57
297 278 91
277 122 90
211 218 53
171 29 89
217 106 94
270 263 15
157 175 15
205 155 63
27 95 59
120 118 12
95 120 52
32 295 88
79 73 95
122 3 100
217 204 98
278 46 32
206 55 29
207 160 38
100 155 27
225 290 66
283 94 25
86 90 19
241 261 32
155 23 68
107 114 32
296 42 87
235 113 35
177 163 25
42 208 65
199 142 62
99 55 38
47 206 98
51 69 13
266 184 36
241 36 15
248 130 98
218 104 72
247 236 82
112 77 24
246 209 90
86 34 48
70 209 6
110 7 78
84 139 13
6 130 85
222 180 24
39 136 46
57 61 36
254 75 16
113 71 81
233 101 26
131 250 24
153 143 96
96 50 54
244 251 81
11 249 9
273 147 16
192 299 17
106 232 42
87 272 52
218 193 28
206 230 46
243 60 85
39 224 74
296 29 80
62 25 45
203 105 93
172 201 29
10 17 37
150 290 58
54 4 96
255 300 2
4 289 26
91 160 8
195 272 64
202 27 46
9 251 47
155 8 25
228 42 84
247 133 76
268 111 78
221 106 1
23 60 21
12 26 28
187 162 7
120 252 85
267 294 24
297 241 49
28 52 71
205 138 65
26 272 51
159 51 72
9 108 62
23 19 71
225 95 91
25 227 80
114 254 31
141 138 91
170 294 55
131 156 63
94 266 88
146 72 20
9 105 62
139 214 51
270 104 72
265 22 11
126 296 54
119 55 98
144 133 10
14 268 46
295 164 71
179 218 19
178 22 63
268 26 51
166 173 2
112 239 53
102 18 13
17 159 1
136 16 20
27 47 83
85 158 37
108 99 23
203 54 67
42 161 2
261 291 62
3 185 15
152 14 93
53 61 46
228 103 83
127 169 75
37 189 79
273 51 91
142 79 86
72 209 49
2 149 25
192 252 91
154 196 73
237 265 52
41 15 26
99 145 93
180 287 87
123 48 1
96 69 93
189 116 62
45 176 54
202 25 4
90 299 3
27 75 8
33 23 65
131 284 13
271 283 20
29 69 77
219 218 85
275 223 20
225 245 45
115 252 92
23 57 13
177 167 64
296 237 56
136 7 79
278 60 62
10 262 98
228 8 50
205 251 43
221 122 80
46 247 85
105 226 5
201 107 79
131 45 38
103 77 90
257 193 94
61 225 5
130 147 47
300 225 86
123 283 96
143 300 84
64 151 73
159 8 37
157 262 69
146 296 31
35 128 97
241 16 86
1 50 33
49 181 75
131 153 82
52 87 77
34 158 68
181 160 60
206 214 28
117 162 100
211 209 71
78 294 52
2 56 34
74 92 66
63 296 93
6 261 19
172 62 44
75 76 32
52 190 80
14 204 18
175 128 44
26 209 68
93 93 4
145 71 76
250 64 3
110 79 46
269 116 95
51 216 25
139 47 39
108 24 16
270 64 74
51 189 58
45 26 41
157 21 34
189 147 79
218 116 71
198 120 53
171 105 79
294 187 20
36 106 5
26 207 55
211 120 89
287 270 11
157 286 3
256 91 61
24 190 94
17 294 74
172 293 63
291 38 82
97 141 72
226 91 7
143 120 39
134 145 36
46 298 8
135 287 14
179 45 59
300 30 60
49 257 93
23 144 50
170 100 82
297 113 4
24 65 4
154 95 30
72 76 72
175 297 99
151 239 97
268 62 52
287 285 3
197 196 9
10 144 36
279 201 36
111 30 14
157 224 20
236 94 12
259 163 83
85 214 77
26 71 7
80 70 89
39 67 91
298 158 9
290 217 58
78 7 28
204 282 99
226 66 74
80 202 44
166 237 32
26 208 59
263 37 84
1 242 86
178 286 2
13 95 82
175 289 33
84 149 21
278 164 81
122 264 26
165 6 62
5 131 14
3 137 41
37 35 26
274 202 21
174 168 22
190 89 54
157 53 81
41 137 27
84 185 19
231 125 67
298 104 76
171 17 76
31 189 56
32 203 40
151 197 29
194 83 81
55 191 76
238 80 71
143 117 9
241 201 26
15 204 30
20 247 3
196 32 18
183 4 87
1 40 81
214 130 92
151 235 15
261 278 3
64 152 23
241 254 67
97 104 91
88 182 62
237 121 52
234 91 58
219 160 50
246 204 90
125 77 95
82 260 95
91 36 71
40 219 2
94 259 84
70 239 71
208 21 24
250 248 62
149 216 97
217 171 41
150 218 61
259 190 54
151 156 75
175 61 30
147 161 84
170 299 66
62 212 85
173 79 7
123 279 28
117 284 16
44 201 96
86 98 10
275 291 28
262 212 30
219 86 41
154 157 38
281 97 48
247 210 46
17 180 66
210 288 96
225 268 28
173 2 46
258 178 32
103 213 46
146 40 80
102 226 2
117 216 39
85 199 78
261 111 78
19 155 68
77 300 98
181 154 54
136 21 76
272 133 46
33 199 14
165 83 2
78 73 23
130 157 14
146 35 94
184 116 82
242 187 65
199 127 6
22 140 35
142 111 52
249 223 41
109 42 68
268 46 17
107 8 80
94 131 66
194 261 42
221 29 10
245 75 32
246 134 89
119 295 74
75 197 47
131 102 100
117 263 34
126 276 93
47 214 70
231 201 82
221 152 51
235 218 52
32 71 72
128 300 19
34 43 56
216 120 37
202 131 53
278 138 31
174 232 82
197 217 47
254 277 15
217 293 8
240 72 22
104 111 100
160 208 53
202 49 13
152 294 80
48 122 100
224 112 88
259 116 41
262 286 13
34 275 33
264 290 62
15 66 11
159 243 46
270 189 52
73 217 81
255 83 42
206 273 86
267 218 22
198 88 73
120 296 32
79 5 58
218 262 79
106 103 66
44 293 25
245 267 32
79 234 24
24 182 51
36 81 34
281 297 35
207 59 84
242 244 51
138 132 44
114 220 89
150 244 49
269 106 94
233 174 59
149 281 11
213 159 22
261 288 48
99 291 44
163 176 9
121 265 21
41 128 21
193 119 56
155 289 13
49 206 65
244 163 38
238 196 46
59 200 52
13 285 49
155 167 64
55 242 28
263 4 87
78 154 39
176 44 82
188 191 100
3 51 45
97 167 2
237 18 76
173 55 86
144 125 76
179 30 53
101 224 28
299 154 14
273 173 5
182 79 34
268 189 13
124 60 34
120 165 82
56 233 6
110 44 73
43 191 91
281 116 52
290 275 34
171 129 75
222 277 46
56 95 80
126 247 80
159 246 43
13 194 64
244 281 16
159 197 88
174 178 94
117 275 10
253 126 94
27 282 66
199 186 14
126 83 8
197 46 49
108 188 51
204 146 43
261 295 52
234 230 66
292 116 72
27 10 90
74 277 41
133 32 23
100 259 5
119 2 9
220 44 49
110 289 68
176 64 79
160 113 54
300 265 28
178 23 61
294 87 18
195 292 83
94 41 30
176 125 16
222 160 21
108 246 96
218 204 2
299 101 65
202 243 57
87 21 51
193 283 63
175 266 32
253 285 37
77 272 28
33 123 34
94 247 9
177 50 17
232 153 90
147 50 84
91 20 37
298 18 85
57 44 98
165 159 49
242 222 85
214 209 13
28 253 82
120 196 21
51 265 29
105 11 28
205 103 10
184 201 23
120 132 45
33 245 44
150 83 38
88 250 58
180 274 21
176 175 38
206 87 26
8 29 48
183 116 74
220 7 75
135 98 25
111 48 81
36 242 67
50 58 39
156 18 19
27 162 55
299 180 63
148 56 41
49 158 54
59 149 93
248 175 18
17 187 79
286 236 2
66 154 84
217 10 82
119 166 86
286 167 72
267 271 30
76 135 15
175 23 24
214 107 55
15 135 38
19 295 91
180 155 43
209 112 6
38 96 44
261 178 65
264 179 86
162 171 88
220 274 57
171 2 21
170 11 66
14 224 36
40 68 20
148 135 51
89 230 41
8 95 37
283 284 34
94 22 73
257 128 79
203 122 96
262 129 38
27 281 57
269 78 98
164 19 73
148 43 13
232 287 6
173 42 63
128 252 22
76 103 36
85 221 35
215 7 98
144 201 48
222 157 28
168 98 24
35 298 63
209 169 54
3 151 33
112 241 39
63 225 64
11 36 19
60 95 46
281 45 85
252 261 80
247 104 39
66 265 42
44 235 54
129 299 100
222 221 51
80 168 28
4 80 77
138 188 26
25 36 50
159 290 23
222 176 64
110 217 72
148 236 18
244 236 39
51 67 10
61 271 60
266 48 30
209 195 31
2 167 95
19 22 67
246 5 57
70 125 13
114 245 28
102 102 21
216 252 65
54 146 73
158 203 48
146 120 16
248 152 48
223 131 3
109 265 75
205 123 16
12 243 59
171 136 81
285 29 1
209 208 39
4 246 35
190 290 37
130 170 9
38 180 5
75 176 40
188 39 22
266 190 41
183 244 16
218 281 26
68 89 27
152 217 49
164 144 99
141 106 46
279 168 98
36 250 19
31 280 51
195 192 36
100 249 9
134 191 5
257 159 70
122 231 81
113 271 18
113 232 16
121 79 61
271 116 26
98 166 40
126 231 68
246 66 40
84 215 27
62 239 17
8 150 73
185 280 29
222 95 86
62 161 94
156 221 72
213 170 83
56 293 46
127 264 50
63 293 47
192 283 38
158 187 13
145 263 28
80 16 13
124 292 97
74 99 6
22 54 56
7 25 14
185 26 29
47 134 32
184 253 94
57 112 62
299 87 90
19 237 62
190 265 3
92 10 68
106 4 17
146 85 16
164 91 16
104 33 39
158 1 53
232 30 95
189 71 80
120 257 55
92 217 83
152 157 74
65 193 5
84 90 74
77 26 71
140 299 24
202 187 32
223 88 28
135 244 68
41 290 12
134 152 68
183 277 74
228 104 35
28 56 63
128 237 12
159 209 50
252 129 75
275 220 65
217 192 13
172 121 64
68 287 14
195 295 82
276 39 38
107 163 16
101 197 100
137 193 66
161 33 33
81 42 87
299 51 55
103 138 8
102 196 64
173 282 64
14 104 19
213 226 52
40 59 96
125 154 49
292 132 49
126 229 82
54 209 61
259 123 27
262 75 74
146 134 15
130 232 94
101 201 83
250 163 21
252 260 86
4 65 66
117 32 31
7 213 81
274 79 51
166 113 90
151 116 80
202 48 80
151 201 69
48 211 84
47 26 24
79 10 44
221 196 48
132 145 38
200 61 59
80 31 72
26 152 39
36 141 43
87 195 51
259 62 40
299 273 10
135 118 23
266 4 80
227 76 33
102 17 33
208 58 25
56 103 66
49 77 1
25 47 30
205 21 28
278 27 67
24 63 34
64 10 14
3 191 82
235 152 75
108 275 58
12 276 7
265 113 83
130 64 52
19 282 99
58 224 90
61 19 30
170 258 3
116 260 94
30 28 76
169 177 85
269 33 5
8 300 88
209 121 47
281 182 82
41 51 61
18 276 92
24 284 20
52 239 22
13 179 64
48 158 64
163 34 73
128 2 43
14 150 68
195 162 46
67 290 15
196 230 96
190 53 35
251 276 85
231 33 13
106 89 43
139 248 23
120 29 43
269 233 10
125 7 31
227 219 19
159 24 97
213 16 98
80 151 99
20 248 25
33 227 20
9 120 88
125 35 21
129 254 34
75 61 10
119 119 31
123 225 80
278 184 21
48 127 43
275 189 80
213 109 98
14 125 33
261 21 11
171 256 40
241 262 48
251 127 73
37 132 26
41 282 26
182 227 90
86 3 74
181 285 40
293 158 91
133 206 71
30 153 15
266 254 14
85 202 18
77 279 14
269 221 4
221 267 37
216 258 64
162 266 42
144 24 27
49 32 76
16 88 1
95 36 50
262 162 55
7 17 44
226 237 60
150 268 50
59 210 28
290 169 13
126 185 81
89 5 51
253 160 71
144 249 43
231 173 23
192 226 14
297 111 18
173 21 23
300 236 34
267 213 49
111 123 21
50 161 57
289 163 48
241 51 85
298 38 50
281 35 95
79 34 14
266 41 95
259 81 43
242 5 90
129 139 9
254 142 65
36 297 76
37 226 72
6 240 57
58 200 69
157 10 21
217 155 68
105 164 91
129 268 5
17 190 21
194 285 2
25 249 59
84 5 84
94 10 18
217 123 100
116 250 92
275 188 30
242 276 15
99 71 62
196 235 2
256 129 80
231 294 71
195 299 97
121 124 38
153 81 59
133 246 5
199 276 18
200 281 44
215 172 24
204 294 67
221 123 91
44 21 69
193 204 45
118 95 27
146 165 40
11 278 63
134 240 88
245 80 48
28 59 79
71 223 61
108 46 21
15 24 40
133 233 65
154 222 17
252 203 12
149 51 52
212 77 95
95 268 83
281 8 82
55 57 55
97 210 38
153 48 43
132 262 89
171 264 42
250 180 96
197 76 24
268 269 73
236 143 53
244 126 46
224 109 78
146 259 72
249 140 33
48 212 67
290 262 12
262 76 30
262 119 25
52 42 14
45 237 86
270 210 81
27 20 64
180 252 96
136 197 81
7 235 100
10 108 8
33 173 69
59 74 73
8 225 78
57 286 99
277 133 88
266 83 55
109 260 55
278 86 47
153 180 17
223 218 2
187 168 49
80 224 54
4 214 36
136 1 38
69 169 57
185 150 40
59 21 64
211 265 30
292 223 10
75 66 98
104 198 45
286 265 58
87 38 98
167 48 98
40 69 16
212 227 67
69 146 60
174 125 62
34 107 76
169 30 39
242 155 1
247 111 19
16 23 68
34 69 92
124 68 11
271 169 68
59 84 91
178 36 75
228 143 46
89 235 44
217 268 33
289 283 80
278 110 70
256 292 47
253 204 89
174 20 90
254 8 25
64 299 29
277 52 29
57 57 67
140 141 51
129 226 16
110 78 17
167 218 4
270 164 29
284 230 11
101 66 69
81 288 58
188 251 63
149 89 53
251 162 90
220 111 18
103 186 68
38 219 92
90 45 93
6 226 9
78 126 45
223 141 3
281 248 35
169 79 15
40 278 93
113 207 45
112 42 24
156 229 24
265 129 81
17 300 57
292 96 62
265 195 77
281 78 9
82 176 92
195 269 29
29 59 95
229 188 88
192 155 73
130 109 42
222 150 28
78 300 99
113 249 92
82 62 18
155 70 82
53 293 22
298 299 94
159 25 18
197 13 68
243 195 31
9 116 19
182 74 20
183 96 81
58 70 68
235 229 91
295 136 16
257 160 44
170 5 66
111 197 95
152 243 65
278 106 86
273 66 28
70 219 33
46 210 63
46 143 46
48 253 96
10 103 12
106 179 55
107 222 27
47 268 36
174 187 9
46 111 96
6 89 71
35 149 35
198 144 38
158 190 71
245 173 14
123 148 69
96 291 97
130 84 41
239 238 100
273 145 53
284 118 60
96 23 92
210 290 2
3 9 86
263 21 3
250 127 100
27 85 57
103 275 71
272 36 48
47 30 69
167 79 31
136 236 80
283 152 19
292 115 99
95 96 33
62 169 83
63 180 56
224 227 89
164 217 50
228 271 15
159 299 92
287 76 38
283 30 47
119 93 59
120 48 85
227 290 55
288 5 25
11 147 78
14 3 45
26 205 98
283 257 60
107 57 56
33 218 77
188 207 63
235 253 84
234 225 36
49 133 89
242 228 90
21 88 74
237 4 88
231 197 51
68 69 73
100 220 22
188 192 12
162 271 38
139 142 66
167 230 99
172 77 52
42 140 50
229 123 15
9 99 87
299 15 25
182 291 74
73 274 47
35 284 67
116 203 17
103 126 97
214 28 39
150 208 63
115 10 84
195 139 74
53 214 68
288 121 71
123 36 82
80 185 77
126 202 61
173 210 15
129 244 68
276 221 19
140 126 20
170 196 49
213 74 58
254 147 89
157 164 69
105 269 4
102 62 65
224 255 83
300 279 55
67 253 10
135 32 90
195 188 84
169 287 88
79 99 80
282 183 63
246 179 97
91 276 55
170 214 84
216 259 48
33 170 31
243 86 42
296 105 35
181 126 81
51 107 78
263 246 99
2 6 26
83 23 36
70 221 49
293 74 32
220 256 97
107 288 50
271 124 21
78 16 47
39 108 11
39 297 60
90 69 90
225 261 23
215 65 20
93 293 64
108 136 8
18 295 47
269 222 52
195 276 24
271 154 55
127 284 65
77 115 25
138 94 27
31 181 18
74 256 3
116 52 62
178 202 91
230 200 83
102 245 91
112 21 94
160 252 85
248 91 23
276 120 10
28 251 99
158 208 2
247 36 10
138 89 28
122 271 29
93 10 73
213 179 46
148 108 15
217 165 68
286 166 77
281 87 54
100 49 43
151 205 60
148 206 46
116 288 49
260 122 35
65 79 94
160 149 7
117 59 85
122 227 16
38 10 8
276 113 38
276 25 61
166 102 75
94 225 93
255 220 54
152 287 4
54 20 80
157 288 46
118 19 55
263 148 54
140 197 17
172 199 87
53 67 4
93 222 24
124 289 69
112 181 89
263 300 34
205 203 1
134 24 23
224 187 66
91 202 11
47 3 17
38 191 65
120 125 95
215 144 47
259 193 2
15 249 19
170 38 18
240 277 23
65 68 92
286 145 98
218 297 56
106 121 27
100 69 9
180 175 56
282 53 23
170 92 24
221 16 76
153 132 4
273 189 66
297 46 24
11 274 23
290 138 19
296 182 9
76 58 96
79 51 83
285 299 56
216 216 71
34 131 47
242 113 17
216 160 38
113 124 68
266 166 64
156 83 19
219 189 29
43 90 71
233 200 34
8 245 58
91 211 82
265 31 44
171 286 41
89 214 35
152 121 14
188 3 59
154 145 85
260 71 73
160 88 93
32 95 98
64 238 26
206 245 7
237 154 44
63 295 50
190 7 85
131 277 35
127 224 62
259 145 19
228 31 14
188 291 28
185 55 56
227 298 98
187 128 6
119 176 26
56 27 21
120 130 13
32 140 52
65 244 97
91 61 1
98 89 74
77 8 77
76 112 77
243 43 49
97 248 83
208 189 94
199 5 51
121 102 49
94 81 46
53 32 98
172 210 1
261 124 18
215 293 38
275 65 73
26 112 47
152 291 57
75 128 65
238 73 98
171 4 20
228 163 10
107 95 85
286 154 66
137 173 8
170 288 28
39 176 13
262 158 34
6 85 94
299 67 63
226 271 51
124 247 42
158 185 53
189 138 2
113 24 60
118 255 78
211 59 76
251 212 77
244 102 18
156 35 87
212 36 97
195 296 38
94 252 33
288 221 23
152 57 44
185 127 17
34 123 28
66 267 96
265 200 77
238 111 27
186 168 13
55 65 12
156 209 70
168 64 48
149 292 58
276 260 79
234 14 37
13 160 6
84 292 32
155 112 86
93 124 20
164 44 57
267 68 85
43 163 27
266 153 20
298 196 40
63 43 15
268 195 67
173 217 45
290 189 62
287 94 1
184 43 60
134 51 53
166 190 24
174 260 42
170 202 83
293 277 98
208 265 96
149 242 96
32 198 31
80 139 74
226 279 8
181 258 39
292 63 60
256 273 41
209 17 49
145 111 70
69 189 31
248 204 42
181 45 70
58 151 6
255 60 93
119 152 68
34 35 55
37 178 97
268 249 11
19 26 72
100 236 17
102 295 72
158 179 100
3 70 76
242 229 63
51 160 30
102 106 29
228 91 70
257 203 16
99 137 74
30 73 23
247 166 36
253 133 50
120 183 19
150 227 20
223 262 100
171 113 22
176 207 89
260 299 11
48 131 96
66 122 14
109 146 8
8 22 12
201 4 11
82 275 11
22 288 19
204 243 27
221 176 38
176 97 72
144 117 29
19 39 63
91 255 55
130 79 86
9 238 90
41 194 25
29 32 58
260 139 57
240 91 99
15 185 97
81 163 68
203 117 41
1 165 25
211 6 12
7 159 74
292 297 71
24 18 70
134 97 34
185 85 46
173 235 85
211 66 40
269 229 51
244 182 73
44 147 21
182 213 64
10 120 78
298 243 5
125 286 23
54 211 2
255 55 72
245 62 63
55 123 37
180 281 76
281 77 28
52 257 33
67 43 45
80 223 84
252 36 34
283 76 13
9 123 53
195 7 92
299 79 48
19 240 40
5 186 92
296 225 91
254 123 56
68 118 94
49 219 86
237 189 54
174 296 16
237 185 50
68 209 90
7 188 29
125 27 45
109 145 61
9 240 53
23 45 88
9 144 84
146 79 88
245 172 70
213 293 100
214 224 4
14 124 9
56 220 41
288 65 82
61 168 3
291 154 34
64 274 97
37 4 73
269 224 51
21 21 85
193 276 95
191 166 93
18 286 42
109 65 80
176 220 57
209 141 87
286 238 4
161 127 73
263 158 88
216 163 74
233 28 3
37 253 85
218 196 34
174 169 87
29 45 79
256 178 83
294 153 44
45 218 23
37 170 100
222 227 84
12 221 53
87 233 44
161 152 93
122 262 65
55 196 21
273 221 1
22 71 93
37 284 68
228 210 67
51 100 48
8 141 77
167 127 29
142 270 22
289 154 61
272 89 7
74 111 67
21 58 38
30 205 39
232 178 10
149 201 19
8 226 71
8 252 89
195 154 1
246 257 84
169 265 86
206 100 72
161 211 2
76 193 34
264 269 16
23 290 22
60 196 30
246 89 97
108 236 86
239 54 76
215 45 43
120 259 28
86 83 48
63 269 47
154 278 87
10 201 44
23 93 60
151 181 71
236 298 16
209 280 13
121 86 15
179 14 29
164 206 24
161 282 8
93 74 63
110 59 72
275 215 91
300 199 53
21 279 9
15 131 44
56 44 88
39 219 59
69 9 57
104 233 11
91 291 61
51 71 23
294 14 84
111 294 62
59 251 13
105 112 72
63 99 98
4 273 65
186 41 67
126 283 8
293 296 21
1 80 9
93 234 12
253 96 8
173 153 52
141 276 51
121 206 19
199 28 18
133 83 43
72 244 19
231 146 57
30 108 53
54 10 5
61 221 3
35 265 30
267 192 56
257 61 49
207 169 17
297 270 49
25 58 7
47 220 17
136 63 39
103 244 2
77 178 77
132 259 38
163 200 23
106 159 35
258 93 60
157 41 72
7 99 2
136 162 98
291 248 33
11 162 10
132 240 1
35 242 17
134 212 64
284 173 71
134 81 49
64 251 61
226 3 84
36 38 62
101 96 26
290 127 85
104 170 82
44 273 19
284 221 55
12 3 5
56 286 94
234 53 35
272 171 91
249 239 32
101 240 63
242 176 89
64 223 35
212 166 61
269 62 29
170 13 37
153 17 18
185 242 96
126 30 42
51 34 70
210 260 58
114 278 78
162 180 39
56 185 43
43 293 84
296 257 23
74 286 49
165 200 85
135 191 81
47 147 2
51 215 47
172 108 76
1 194 53
266 282 56
148 190 94
285 86 39
220 27 98
112 35 100
67 180 52
55 71 43
150 163 21
38 295 92
84 299 26
30 69 5
220 267 97
156 284 37
192 39 91
66 271 33
169 222 12
285 164 77
70 32 53
129 91 8
81 142 46
135 20 53
260 231 72
247 70 49
180 102 34
34 161 89
225 83 30
231 174 100
67 125 2
144 152 78
120 232 92
232 264 20
56 219 6
26 294 43
12 192 66
26 192 61
244 293 38
276 277 84
292 104 100
70 232 20
298 56 27
228 118 41
231 188 54
176 197 19
210 26 8
195 227 49
167 178 24
184 77 84
222 282 91
83 227 97
77 268 69
244 221 27
198 24 88
22 234 54
115 204 28
177 36 76
38 98 17
297 38 51
165 44 38
281 104 80
198 115 48
20 106 51
154 217 23
255 176 78
137 94 23
208 224 8
10 171 39
154 91 23
223 5 22
121 21 99
282 117 87
214 128 42
107 210 96
40 285 63
299 83 88
19 181 46
254 51 15
143 267 56
111 65 57
73 264 94
136 261 55
131 18 44
105 236 53
261 99 79
207 57 11
24 81 21
243 68 91
38 192 91
241 173 21
207 115 18
68 288 7
58 232 17
232 245 22
114 272 86
139 73 79
277 59 36
70 240 20
192 177 64
248 215 14
146 289 1
51 9 1
79 213 26
271 56 25
84 25 98
181 181 93
218 134 21
134 213 7
143 179 10
223 298 36
45 244 72
213 149 84
105 123 96
152 75 29
136 231 2
269 188 90
224 57 3
95 295 8
102 72 37
26 190 51
184 58 52
9 204 99
14 222 2
201 83 14
136 154 6
46 225 72
19 150 54
2 46 90
113 159 18
166 60 84
292 219 88
46 191 20
20 211 100
57 90 55
89 179 21
273 238 67
269 95 21
80 255 8
258 105 35
166 275 52
282 164 61
233 157 59
33 55 85
3 216 94
247 237 81
280 225 30
84 221 25
287 279 61
58 125 32
290 266 50
24 27 4
117 181 4
71 258 87
79 191 2
246 205 55
89 49 92
276 70 67
260 267 30
140 11 75
77 242 66
101 287 74
280 136 29
251 146 95
78 118 63
172 252 33
253 93 40
245 273 36
11 294 6
87 167 70
260 234 96
52 17 43
40 73 73
117 261 84
268 262 81
76 25 32
269 273 84
157 20 69
247 41 92
31 168 72
36 102 8
182 37 71
18 54 17
153 107 66
27 207 37
153 125 68
92 94 37
223 156 54
283 90 6
208 263 77
30 176 55
128 16 2
38 240 39
220 4 23
96 109 36
170 97 74
21 86 39
161 19 37
283 101 2
181 60 28
149 26 16
194 192 68
115 43 3
105 232 76
97 93 4
181 5 95
7 74 78
74 19 37
190 145 38
46 182 65
111 270 93
15 213 10
152 247 85
32 188 30
180 160 13
161 44 6
186 275 46
222 146 56
165 152 51
290 297 42
267 76 37
191 23 14
134 111 67
101 146 14
106 208 25
247 122 12
208 190 35
5 254 35
173 177 58
57 183 25
179 4 74
76 143 19
50 101 76
6 189 93
233 27 41
247 59 69
270 65 76
106 51 43
127 205 13
39 148 81
220 250 79
188 25 67
270 245 23
134 120 54
7 192 89
255 110 6
61 72 15
192 255 86
95 158 65
11 137 77
81 133 30
133 158 5
264 176 21
247 191 84
166 121 48
298 200 2
55 261 74
50 160 61
13 123 61
214 199 47
74 218 72
247 296 91
210 239 9
172 224 87
123 109 21
18 82 75
286 133 86
3 146 72
123 206 26
109 220 100
227 139 82
138 256 4
271 160 70
251 123 77
142 30 68
105 22 62
271 32 12
167 235 89
23 198 1
87 135 10
62 232 76
40 246 46
217 37 29
101 65 94
282 37 14
219 5 34
210 144 37
257 169 70
240 213 85
49 215 45
220 82 23
82 93 44
107 149 90
159 284 18
248 61 97
39 126 50
147 201 95
162 260 34
168 222 92
219 34 33
13 227 54
4 134 32
182 211 99
199 262 75
279 159 4
250 126 18
100 229 25
94 90 58
64 228 57
118 180 60
282 6 29
108 156 99
104 220 55
288 57 75
13 64 2
8 151 43
41 138 71
65 89 72
135 202 30
153 270 39
299 259 30
10 26 12
131 186 20
172 137 92
292 129 22
290 5 84
133 226 90
221 205 61
142 12 17
271 277 76
112 18 1
226 175 42
77 140 59
278 218 91
81 102 94
277 203 92
225 274 36
108 272 83
241 80 57
196 180 81
71 13 5
86 59 85
130 230 92
177 239 40
191 59 17
202 198 37
52 41 56
245 63 32
234 282 80
106 136 37
262 7 80
266 114 88
266 101 22
134 18 33
170 6 85
35 46 83
138 281 71
44 167 82
272 98 50
172 198 86
201 9 77
238 50 21
98 44 54
138 156 83
84 79 67
258 236 31
117 68 51
203 91 48
165 65 63
82 96 79
276 150 58
254 270 36
146 219 91
208 294 98
116 86 70
221 58 57
137 79 54
58 66 4
154 67 74
69 256 51
12 140 16
45 104 99
95 71 57
289 93 37
38 129 74
89 175 92
251 219 36
204 48 74
257 12 83
53 262 44
111 168 77
209 196 72
85 114 56
219 265 78
152 76 23
217 53 48
208 204 9
299 91 11
174 258 49
153 147 2
180 245 23
222 125 88
261 125 13
110 52 56
119 64 66
71 241 68
74 234 61
240 41 97
121 108 23
73 23 45
267 105 56
169 299 93
195 280 77
43 7 25
127 147 67
8 76 84
191 156 56
123 41 55
295 181 64
84 54 23
46 67 32
152 265 28
152 246 7
164 186 91
163 104 21
285 94 3
121 299 72
86 81 7
26 184 74
227 47 93
43 113 32
66 4 67
161 299 34
201 291 60
64 115 60
255 184 44
135 208 52
211 291 74
170 42 89
229 150 29
222 196 52
136 180 64
243 198 76
57 299 54
141 113 96
161 29 15
220 223 92
11 240 50
258 88 85
63 29 58
90 16 90
235 212 27
240 54 41
260 81 100
32 270 83
156 268 81
15 161 47
41 193 67
152 41 68
284 166 19
275 247 13
228 109 47
281 207 38
254 214 7
141 98 89
192 251 84
168 104 97
268 279 6
137 106 36
235 19 48
221 105 87
280 274 68
217 105 53
5 43 79
273 246 8
2 133 81
242 251 100
78 244 83
273 284 55
250 246 22
138 13 89
183 145 37
138 240 7
135 155 68
219 91 12
272 251 4
107 160 87
202 219 38
97 240 86
168 164 30
227 264 51
254 203 90
60 194 60
265 29 96
224 150 52
158 221 17
107 226 49
218 9 97
109 289 8
266 131 12
287 105 95
125 265 28
208 33 5
239 41 42
193 13 49
219 260 6
11 64 13
238 25 44
161 48 89
155 15 26
237 71 76
160 16 24
13 40 85
77 127 30
90 2 6
206 63 37
296 162 64
59 93 61
285 130 26
157 166 31
3 125 7
147 133 83
192 293 70
148 107 27
93 65 79
89 279 14
70 217 98
288 122 44
113 33 35
193 266 94
181 155 14
125 15 2
160 118 15
60 106 43
294 121 76
198 249 77
16 116 61
85 47 89
119 134 19
225 232 14
27 136 34
37 59 3
35 99 95
89 96 10
31 124 49
112 66 15
50 7 46
216 172 89
178 182 49
253 13 94
181 281 90
40 45 80
113 138 18
105 160 61
134 271 61
300 273 80
270 48 55
278 119 19
50 279 22
69 280 37
138 291 1
3 142 91
126 105 25
186 268 17
17 51 97
119 290 35
195 226 43
289 279 18
289 6 47
201 43 68
27 68 86
212 116 43
36 155 28
15 132 51
238 104 15
294 41 70
5 86 76
35 127 21
10 82 20
231 11 94
84 142 43
225 27 74
223 225 1
260 220 90
298 286 84
32 109 22
9 266 3
156 192 55
28 289 91
70 26 5
136 79 90
262 32 59
268 145 28
83 198 85
295 145 31
272 241 92
164 228 53
192 168 41
281 199 72
7 16 59
37 10 59
15 181 65
290 111 55
280 186 12
250 236 54
109 212 24
104 173 2
255 68 61
224 76 26
265 132 45
277 119 86
293 137 62
93 211 26
234 166 51
242 219 25
21 209 78
49 121 21
69 281 3
216 167 95
203 22 91
99 29 44
154 41 55
210 170 11
127 9 22
147 143 35
218 28 42
30 54 18
122 297 7
42 259 25
259 258 64
126 11 79
145 57 95
131 210 85
6 38 70
240 57 78
273 89 69
43 240 52
151 161 15
146 78 33
237 143 8
199 254 16
285 169 100
294 269 99
141 103 74
129 247 32
264 148 49
284 39 57
130 49 22
205 5 6
191 91 99
64 236 41
225 91 84
202 208 81
179 231 17
230 36 61
170 267 49
219 6 79
251 297 76
53 57 78
167 202 25
183 270 1
212 215 96
135 74 6
188 180 6
79 290 14
253 70 3
183 84 92
300 229 77
169 213 80
98 224 96
192 89 13
36 63 81
254 82 81
274 83 75
231 202 81
247 256 44
216 61 34
260 55 37
190 45 10
273 58 82
184 210 81
85 149 15
37 147 54
236 236 46
2 140 30
118 215 47
204 2 88
187 73 43
117 232 31
247 44 36
177 126 74
11 260 39
249 1 27
202 214 48
17 72 55
216 233 77
44 241 55
141 251 66
6 180 81
128 241 65
46 261 83
218 174 93
162 96 10
125 197 16
128 48 21
240 125 47
67 26 42
224 41 20
288 194 56
298 268 35
148 149 86
29 64 43
250 73 2
189 139 52
101 143 67
108 109 81
210 101 8
247 151 29
119 222 98
139 114 58
27 97 3
136 230 24
299 42 3
254 247 47
78 265 20
206 61 36
238 188 60
79 135 52
12 206 45
128 267 50
284 300 23
166 153 62
230 256 20
279 8 33
151 85 53
29 245 98
179 21 99
221 182 66
252 182 62
24 122 18
34 68 23
92 37 89
172 230 33
70 299 9
155 11 100
132 144 23
217 93 65
64 77 14
184 65 20
54 78 31
114 234 84
299 133 38
147 156 50
53 130 95
54 197 56
107 275 10
19 17 28
218 38 85
289 34 98
44 41 61
11 55 34
160 241 19
227 226 77
100 23 38
211 72 95
187 180 98
255 177 40
235 90 88
282 196 3
64 195 35
49 22 38
299 103 50
281 153 66
100 267 69
57 266 79
218 244 51
229 131 21
13 125 78
53 11 62
31 258 50
276 293 75
159 30 61
115 201 12
201 230 23
211 23 67
286 85 49
46 134 22
126 280 51
37 150 12
106 214 60
6 29 73
66 259 34
115 100 38
95 99 49
206 166 46
122 36 65
180 177 72
54 100 62
221 250 28
60 94 31
21 14 52
267 155 82
67 258 61
73 267 69
155 141 24
177 244 64
67 235 25
240 137 44
49 126 86
251 253 10
103 37 42
208 16 32
234 134 88
59 252 9
98 47 91
18 68 1
141 184 58
109 264 50
248 126 40
116 84 22
82 207 81
39 217 75
142 108 12
134 106 65
186 4 39
279 197 97
236 166 23
137 83 45
239 203 15
114 175 1
161 24 94
89 87 35
157 213 62
246 85 37
273 70 15
62 200 67
250 141 28
82 67 70
8 15 36
123 91 88
118 69 14
207 209 29
199 30 8
218 298 49
231 265 62
140 193 70
266 20 38
182 273 5
189 297 97
11 31 49
172 8 50
221 254 45
67 281 57
117 111 3
5 238 50
38 276 81
297 27 4
117 145 56
157 45 48
240 145 13
296 269 66
193 4 4
25 85 35
174 201 40
166 230 17
279 205 16
83 285 5
191 201 62
9 166 4
39 35 6
284 34 39
59 20 81
250 89 15
297 34 29
69 297 14
182 262 66
127 259 15
157 80 54
80 234 50
62 19 37
144 186 89
298 167 21
11 239 41
169 275 89
1 293 88
101 73 1
123 162 53
140 256 82
92 245 100
185 1 69
104 35 54
160 225 41
288 161 87
296 72 76
93 225 67
69 125 59
230 202 24
18 152 59
176 180 60
31 17 82
86 134 96
165 76 76
224 188 42
70 254 35
149 173 25
199 144 48
62 228 69
224 7 58
6 204 38
113 289 54
266 29 72
134 95 90
175 93 1
184 179 48
88 78 89
81 240 43
227 266 28
117 243 85
185 35 83
85 169 60
17 274 71
117 251 54
45 66 79
199 106 18
185 9 29
148 76 72
232 161 38
7 40 35
222 236 99
245 274 45
241 7 70
100 127 1
94 120 74
203 127 65
156 204 16
274 247 65
182 143 68
137 22 39
220 61 15
132 286 54
93 280 36
28 226 69
227 171 78
276 2 10
176 28 93
10 52 30
263 244 7
131 292 20
135 247 30
198 160 48
182 157 23
211 51 3
137 4 90
267 26 13
133 91 68
153 70 87
258 293 80
258 212 5
247 148 5
87 256 12
35 100 99
296 15 46
130 3 33
122 83 5
177 203 95
47 238 44
187 135 51
179 125 92
51 222 63
220 62 54
203 59 92
98 270 31
181 122 47
1 174 25
176 278 49
122 22 80
6 126 67
38 74 83
123 208 47
92 241 49
8 131 27
188 23 84
223 226 96
74 207 81
220 240 83
56 43 42
47 132 65
45 112 79
64 189 29
136 173 37
194 196 56
15 250 41
19 284 35
73 286 19
57 275 74
265 287 4
63 33 14
30 41 74
122 207 59
238 217 2
183 107 1
89 237 7
293 250 90
208 35 14
270 131 74
184 198 22
230 149 85
158 254 59
250 159 63
267 123 59
214 46 93
23 151 27
217 223 90
64 202 70
202 165 1
18 21 40
60 19 34
74 263 87
158 11 3
53 229 35
270 244 75
233 105 69
191 132 16
123 227 44
153 159 4
297 114 66
135 251 36
247 240 12
172 136 27
231 185 46
28 175 16
105 119 86
63 210 58
217 212 54
106 167 25
206 10 69
211 228 75
263 97 6
35 250 16
296 74 5
122 31 55
297 52 43
204 91 64
62 157 68
289 11 41
197 106 77
297 141 56
286 48 60
145 54 52
172 20 21
66 102 40
289 115 19
264 215 92
10 46 27
147 253 18
141 50 77
230 195 76
266 218 24
33 241 79
168 44 33
53 235 72
259 25 15
161 56 98
56 98 32
68 38 64
299 77 91
131 281 92
263 149 63
191 11 3
259 152 61
9 282 41
61 84 12
85 56 28
19 283 20
45 143 99
94 106 79
90 215 64
237 160 27
210 4 38
292 56 67
217 27 83
190 143 79
106 125 49
36 194 81
242 205 55
107 219 86
292 106 37
72 128 49
239 26 41
121 179 28
152 179 8
70 66 16
204 203 35
46 257 98
228 45 84
281 177 57
282 137 20
36 77 32
98 6 62
160 182 7
211 247 85
13 240 99
231 123 38
68 2 3
222 55 4
104 217 74
94 4 65
298 216 39
97 138 76
248 70 8
182 9 95
62 196 41
258 124 6
298 264 57
44 107 82
169 205 18
271 278 93
137 195 74
187 247 15
26 139 93
72 46 10
300 104 4
162 174 21
245 169 62
224 79 58
294 280 80
12 241 46
237 228 80
66 66 89
118 72 75
38 175 90
63 145 63
79 273 21
250 135 12
225 74 17
57 14 53
246 247 96
247 18 54
222 90 82
142 249 2
132 263 69
67 266 51
35 248 13
16 55 96
166 208 20
171 285 95
221 125 21
85 227 94
130 281 61
17 210 88
220 53 62
189 91 53
276 179 47
9 140 61
73 3 52
130 99 18
62 14 83
57 122 44
186 3 48
153 38 50
142 61 89
235 51 7
162 3 18
113 65 65
67 90 76
166 204 77
238 250 48
105 95 61
178 7 92
224 93 89
129 249 23
200 5 25
181 78 33
103 289 65
274 129 81
86 23 61
230 56 18
121 151 30
96 65 12
50 12 61
296 205 74
103 131 99
38 215 1
64 110 39
233 168 15
1 219 47
121 38 62
96 100 37
133 281 13
75 145 28
60 26 63
273 5 97
36 54 45
129 26 70
167 39 28
176 100 14
157 120 8
21 182 18
25 95 97
198 215 16
179 24 72
82 225 24
19 281 10
249 114 80
39 239 93
43 180 90
232 71 10
202 292 66
46 132 62
99 230 63
268 116 74
83 241 83
107 5 16
44 205 64
236 254 6
298 193 66
227 74 85
215 17 10
151 290 63
216 111 9
63 221 26
13 181 57
174 27 8
243 155 7
86 261 27
84 220 3
234 33 71
82 194 91
228 119 20
22 6 68
107 278 57
179 147 52
168 75 16
80 128 62
24 62 48
105 177 79
51 97 100
217 214 15
123 172 91
155 138 70
20 177 14
116 236 11
48 169 96
263 84 6
179 71 87
67 134 1
80 251 74
95 226 36
298 126 41
51 224 41
35 52 51
151 65 29
212 11 16
177 32 34
174 4 19
109 43 82
4 22 58
294 20 61
10 263 73
163 204 34
180 50 54
157 110 31
48 210 33
152 63 64
205 233 32
252 86 36
274 236 96
194 259 99
83 80 42
111 131 99
70 287 36
118 57 9
28 144 48
224 263 36
199 138 40
171 35 54
88 274 34
279 65 21
119 104 69
161 249 17
102 249 11
259 67 33
230 271 78
170 284 92
270 109 61
82 102 68
100 65 72
189 242 95
297 268 21
104 296 62
236 52 68
242 83 40
46 219 26
80 252 86
117 137 70
238 91 91
87 143 12
244 230 75
281 275 33
73 8 30
114 291 13
15 91 5
230 261 1
283 207 71
275 96 2
226 81 40
190 200 5
15 128 98
168 77 17
194 156 80
213 50 50
150 182 48
35 170 40
188 287 26
66 268 43
141 48 81
216 68 71
56 46 43
292 276 53
59 233 74
207 233 44
86 6 71
80 84 25
115 89 64
295 201 19
223 146 4
251 220 51
94 103 39
42 14 28
140 45 69
36 87 71
181 253 42
136 254 52
157 122 13
289 233 77
162 167 53
44 206 7
164 67 66
82 285 53
88 243 15
35 203 68
260 136 9
115 4 81
202 118 68
199 179 88
155 240 23
230 272 60
19 149 2
41 206 49
190 184 38
43 206 19
131 86 7
174 254 45
137 67 13
180 296 96
241 206 69
105 138 70
174 223 21
177 5 75
261 208 18
161 255 22
164 4 19
243 95 37
32 159 83
246 224 73
46 172 91
252 10 3
99 26 68
295 160 69
44 162 59
11 37 89
191 232 11
274 297 61
191 277 53
163 225 83
60 177 47
273 110 62
122 99 46
210 273 47
74 298 42
47 247 57
266 55 88
263 23 84
128 65 79
233 184 8
85 209 13
242 197 99
262 82 31
224 118 1
279 207 48
100 221 13
246 107 82
265 216 71
272 145 77
164 141 9
30 24 32
194 278 51
184 230 21
143 205 37
157 223 66
181 118 42
194 72 84
299 251 81
175 76 9
57 164 13
195 240 45
293 211 22
47 281 62
225 52 55
172 290 43
249 74 92
35 135 79
100 83 76
254 165 2
11 49 15
91 153 95
96 139 23
230 220 88
153 239 72
71 131 70
129 67 33
169 223 67
181 121 16
218 284 1
146 108 88
204 134 27
75 175 79
193 233 9
222 127 82
99 204 91
26 123 42
4 105 52
97 207 16
117 89 18
239 155 75
47 135 85
24 66 68
92 130 85
110 253 59
257 257 23
295 91 62
138 283 96
150 279 26
15 194 99
33 45 66
165 35 75
197 202 7
233 26 17
270 211 16
169 162 98
225 30 84
235 191 38
5 34 69
60 40 32
297 287 92
52 256 44
273 132 3
103 239 76
222 159 56
57 104 82
142 232 1
195 61 20
269 190 13
151 95 13
265 30 28
92 30 40
117 191 73
222 98 55
73 175 93
88 52 38
234 232 52
184 41 11
201 113 32
31 188 21
262 230 69
254 163 95
288 238 80
283 277 10
297 60 96
177 101 68
260 235 32
194 177 83
270 135 78
119 254 1
125 33 1
128 39 11
294 238 14
160 72 40
232 180 83
277 63 8
162 15 91
264 202 62
33 77 67
15 237 99
77 162 39
125 263 29
170 247 2
117 90 29
258 63 97
161 108 90
287 69 24
12 190 89
208 133 1
74 278 14
131 51 60
293 193 32
158 214 55
43 129 85
17 198 45
116 140 93
173 212 45
76 184 10
255 212 19
151 35 16
152 275 99
18 201 39
94 89 40
247 192 53
214 251 7
9 139 10
219 13 28
41 233 83
287 203 32
162 137 98
209 225 85
144 32 60
74 262 14
130 86 2
238 6 93
89 119 73
141 107 73
116 92 81
14 67 67
193 125 6
105 129 42
197 91 54
7 285 32
264 110 15
191 206 78
117 66 44
136 47 14
212 250 91
68 93 14
114 22 76
159 39 69
133 234 17
93 172 63
233 92 71
177 62 72
164 87 95
159 146 17
13 32 27
211 55 40
195 169 75
161 153 80
260 171 9
81 245 33
55 59 43
265 285 24
147 212 73
53 40 57
114 102 70
139 25 87
50 10 46
94 157 53
271 149 57
286 1 12
172 177 80
254 201 30
103 114 75
23 46 40
46 252 29
195 5 77
216 13 11
125 16 99
40 229 91
37 193 6
278 215 39
225 231 2
74 235 95
142 23 23
212 79 49
183 88 29
227 173 31
29 66 25
102 25 36
241 139 88
151 52 73
279 195 75
233 6 56
271 21 5
46 96 55
141 230 14
58 77 5
189 74 77
10 203 78
139 103 12
288 13 20
292 93 5
262 203 62
212 245 29
289 48 59
61 156 37
45 99 66
219 15 35
109 283 31
266 99 40
61 227 90
284 43 49
105 159 15
60 110 93
195 157 29
43 262 20
128 104 97
55 209 7
133 264 54
248 254 99
215 260 98
163 60 82
234 170 61
292 22 40
121 2 92
15 69 99
192 124 63
217 54 60
32 238 27
113 63 27
288 178 92
53 252 45
165 19 81
296 66 28
30 243 99
262 174 90
145 105 18
200 191 16
101 136 20
73 134 80
131 169 18
106 228 67
255 298 95
3 134 71
50 284 20
130 39 12
71 296 46
284 108 80
48 250 83
139 50 52
247 105 68
52 284 24
48 103 84
14 11 60
39 240 7
77 130 46
155 29 37
85 284 8
289 244 59
48 190 16
213 31 19
271 15 95
179 18 30
131 201 91
233 210 36
17 111 92
188 9 91
227 248 16
67 294 43
50 6 12
257 2 71
50 252 10
250 95 20
51 234 20
128 249 7
132 68 74
77 89 18
239 18 12
253 122 48
63 64 53
