1
1000 10000
869 459 3
633 598 2
482 667 2
792 706 3
158 96 1
14 596 3
26 110 2
125 32 1
337 861 3
181 6 2
751 43 1
39 409 1
216 19 3
848 595 3
759 723 2
124 438 3
202 155 1
723 529 2
297 597 3
230 433 3
121 220 3
326 320 1
59 825 3
158 834 3
962 115 1
312 949 1
822 409 1
927 386 3
42 618 2
249 637 3
802 586 3
330 970 1
433 388 3
691 739 1
565 559 2
795 479 1
538 122 1
789 53 3
619 929 3
801 819 3
24 735 3
982 762 3
924 681 3
858 715 3
99 266 1
962 668 2
303 687 1
815 595 1
935 938 3
151 707 3
759 492 1
342 843 2
608 548 1
770 438 1
51 726 3
357 351 3
959 618 1
578 459 3
52 145 2
760 572 1
582 287 2
120 207 1
45 847 3
739 717 1
370 313 1
527 497 1
845 437 2
524 328 1
43 801 1
524 64 3
43 636 3
734 469 1
870 893 2
268 945 2
475 462 2
811 426 1
4 396 3
428 742 1
597 13 2
78 719 1
927 675 3
460 905 2
588 902 2
769 595 3
307 410 1
905 294 3
741 494 3
853 608 3
185 970 3
48 530 3
720 197 2
555 853 3
850 854 1
296 637 2
28 33 3
632 62 2
911 687 3
5 14 2
729 349 3
622 920 2
870 200 1
537 959 1
80 203 2
511 513 3
955 989 3
96 635 1
377 740 3
723 947 2
627 660 2
55 727 2
9 368 2
344 383 2
999 692 3
548 635 1
47 404 1
378 23 3
751 719 1
178 2 3
253 184 1
326 751 2
125 547 1
749 667 3
509 586 2
654 809 3
789 1000 1
197 119 1
214 840 1
938 535 1
98 762 1
991 505 2
942 791 2
625 619 2
93 107 3
195 22 1
700 318 2
225 648 2
686 79 2
178 422 1
27 926 3
703 668 3
764 156 2
979 366 3
949 844 1
404 424 1
565 646 3
363 179 2
214 151 3
890 822 2
487 190 2
209 23 3
759 598 2
648 863 3
358 431 2
970 554 1
557 124 1
257 269 1
986 579 2
668 775 1
942 543 3
517 364 3
961 564 2
315 708 3
694 184 3
134 488 1
225 311 3
64 917 3
480 4 1
331 675 1
77 86 2
681 995 1
851 697 2
386 17 1
112 463 1
286 276 2
601 35 2
632 100 1
102 94 3
679 956 3
589 694 1
92 987 1
686 941 2
566 980 2
973 864 2
280 252 2
573 34 1
138 364 1
591 682 3
369 686 3
131 521 2
512 680 1
913 67 3
44 402 3
130 428 1
802 287 3
569 644 2
54 434 1
254 439 2
226 712 2
55 850 3
580 98 1
288 360 1
466 994 3
843 105 2
530 149 2
111 641 3
884 83 2
53 499 1
523 597 3
337 604 2
580 911 2
530 156 2
588 941 3
712 7 3
821 502 2
179 658 3
921 81 3
857 701 1
333 878 1
59 102 1
491 680 3
850 158 3
68 408 3
30 167 3
169 441 3
730 907 2
385 499 3
995 812 1
249 560 3
650 397 1
359 531 3
296 426 1
972 819 3
490 309 1
671 17 3
841 498 2
252 172 3
290 204 3
423 987 2
568 672 2
436 361 3
302 905 3
385 439 3
265 392 1
863 57 1
504 617 1
974 628 2
44 75 3
994 916 3
159 545 3
911 734 3
128 60 2
961 672 2
605 118 3
941 746 1
699 823 2
106 743 1
140 755 2
679 621 1
637 469 1
655 932 3
480 436 3
223 716 2
921 640 1
670 44 3
471 944 3
561 798 2
903 50 2
746 714 2
145 644 2
518 606 1
104 916 3
344 531 2
462 440 2
313 199 3
466 948 1
918 105 1
307 633 1
488 37 2
67 933 2
688 540 2
815 376 3
185 543 2
561 128 3
168 255 1
737 499 2
538 754 1
108 922 3
703 555 3
647 580 2
733 44 3
274 443 1
963 324 1
221 273 3
331 178 1
767 117 2
388 885 3
524 379 2
523 362 1
951 842 2
521 341 3
214 516 2
107 166 2
449 470 3
571 814 2
213 309 1
208 994 2
435 592 2
971 237 3
976 978 1
85 702 2
85 319 2
641 121 1
329 324 2
715 529 2
181 163 3
570 902 1
834 473 2
856 922 3
663 373 3
684 889 1
524 450 2
636 491 1
315 710 2
526 377 1
126 968 2
60 977 3
718 183 2
159 944 1
384 782 2
102 477 2
264 975 3
812 832 2
308 142 2
764 582 2
645 989 2
450 10 3
817 456 3
41 503 1
934 979 1
216 316 1
277 198 2
540 746 1
769 133 3
948 858 2
166 63 2
160 194 1
108 229 3
529 263 2
993 82 2
170 358 2
182 560 1
42 494 2
924 274 1
710 489 3
185 477 3
191 78 2
844 582 3
53 83 1
253 208 2
283 549 3
717 360 3
735 144 3
131 730 3
800 157 1
619 773 3
583 596 3
693 905 3
907 449 1
724 770 3
934 352 3
798 526 3
242 864 3
910 552 1
627 740 1
718 398 1
240 255 2
225 270 2
843 109 3
729 604 1
811 876 1
317 768 1
224 58 1
744 88 1
540 541 1
822 66 2
524 981 2
49 281 1
989 669 1
850 270 1
953 212 3
265 359 1
488 245 2
358 218 1
490 897 2
721 939 3
791 882 1
967 538 1
579 738 1
911 192 3
714 929 1
275 924 3
455 796 1
173 217 1
972 576 1
20 284 1
397 156 1
331 631 2
846 991 1
545 731 3
322 509 3
229 821 3
70 499 1
100 863 2
846 227 2
214 69 2
304 142 3
231 599 1
879 162 3
438 699 2
665 567 2
43 595 3
488 813 1
248 307 2
504 94 1
725 721 1
641 772 1
141 598 3
804 690 1
480 654 1
331 19 2
189 52 2
165 305 3
326 542 1
938 223 2
306 582 2
799 596 1
309 351 2
934 987 3
225 684 3
110 272 3
1000 867 3
686 255 1
112 578 3
447 700 1
551 382 3
397 50 2
406 96 3
762 464 1
303 189 2
741 667 1
254 433 2
296 356 1
975 469 3
13 42 3
488 211 1
350 634 2
781 839 2
134 113 2
82 826 3
93 152 2
642 675 1
764 209 3
997 516 3
160 758 1
795 42 1
501 438 1
957 39 1
748 457 2
665 760 2
304 454 1
540 571 1
248 514 1
322 273 1
266 352 2
969 718 3
198 794 3
32 478 3
799 484 2
474 885 2
112 220 2
528 620 2
961 862 1
967 751 1
910 9 1
422 853 3
390 337 1
616 699 1
87 781 2
180 193 3
794 306 3
851 947 2
398 727 3
218 200 3
480 353 1
476 200 3
562 851 1
893 380 2
395 623 3
567 20 2
363 707 3
963 116 2
764 908 2
983 127 1
445 849 1
340 298 3
480 889 2
829 33 1
450 695 3
480 727 2
9 118 2
288 352 2
984 37 2
681 778 1
429 525 2
41 788 3
681 52 3
829 650 2
604 641 2
271 999 3
281 834 1
856 613 2
166 551 2
54 547 2
192 531 1
686 602 2
615 446 3
472 704 3
252 316 1
135 220 3
237 758 3
359 148 1
22 413 3
803 633 2
624 286 3
76 489 2
233 829 2
72 929 3
343 484 3
191 410 3
891 716 1
120 338 1
558 740 1
322 503 1
246 559 3
191 292 2
327 115 3
33 550 3
153 828 3
980 301 3
607 882 1
386 666 3
109 721 2
22 888 3
837 131 3
232 360 2
209 930 3
827 752 2
712 889 1
236 886 1
423 548 2
958 901 1
28 988 1
530 514 1
134 481 3
530 625 2
174 251 3
619 964 3
484 312 2
11 89 3
200 758 3
636 525 3
340 794 2
98 982 1
258 367 3
768 118 2
901 794 2
894 176 2
874 196 1
444 299 2
176 384 3
835 236 1
671 952 2
755 108 3
964 325 3
858 615 2
174 190 1
383 307 1
837 591 1
45 214 3
612 63 1
511 694 2
78 680 2
14 40 2
742 294 1
213 724 2
911 834 3
32 510 1
109 499 1
336 493 3
638 454 2
96 334 1
1 37 2
569 785 1
639 687 1
548 21 2
863 465 2
252 439 1
561 410 3
752 164 3
317 392 2
352 684 3
123 971 3
776 29 3
986 967 2
954 914 3
897 515 3
137 809 2
35 997 2
212 327 1
967 675 2
116 301 3
973 54 1
176 16 2
856 145 3
694 181 3
175 67 1
800 536 2
108 330 2
394 807 1
772 669 1
955 492 2
151 199 3
365 698 1
897 700 1
113 227 1
719 856 3
664 919 1
307 723 1
722 214 3
386 140 3
679 302 3
731 391 3
371 204 2
361 482 1
254 535 1
126 547 3
593 355 2
56 504 1
62 413 1
1 3 3
370 421 1
548 21 3
129 76 1
583 501 1
114 506 1
71 663 1
277 725 3
885 682 1
786 35 3
733 366 1
715 271 2
40 91 1
168 378 3
79 792 3
586 524 1
728 536 1
825 465 3
386 327 2
865 11 3
392 860 1
371 397 1
104 592 3
66 715 1
793 95 1
196 559 1
68 900 1
894 163 2
845 491 3
330 12 2
380 913 1
447 20 3
997 625 1
136 541 3
434 678 2
850 21 2
421 522 1
583 846 1
719 840 3
390 128 2
379 529 2
269 418 1
994 37 2
900 573 1
555 678 1
203 783 1
719 94 3
430 316 2
425 554 1
293 268 1
572 166 3
29 241 1
89 47 1
685 946 3
22 519 1
204 310 2
998 227 2
202 307 1
509 127 1
245 917 1
914 973 1
205 981 2
217 688 1
113 263 2
617 945 2
576 839 3
47 678 2
247 22 2
443 546 3
85 494 2
625 90 1
431 482 2
265 33 1
301 587 1
393 213 2
553 277 1
415 949 2
649 462 1
506 805 1
394 912 2
869 140 1
495 464 1
861 166 3
820 659 1
944 22 1
249 844 2
930 554 2
59 965 3
609 80 3
676 821 3
872 165 2
328 181 2
168 278 1
107 554 1
126 213 3
36 222 1
415 931 1
841 748 2
820 464 3
338 354 2
384 366 3
736 84 2
884 590 3
6 163 3
11 127 2
232 847 1
640 476 1
401 809 3
899 234 3
988 33 1
941 784 2
652 774 3
915 833 1
179 474 1
427 774 1
5 146 2
301 945 2
174 795 2
450 908 2
45 159 1
982 705 1
336 419 1
974 555 3
922 69 2
907 207 2
679 780 1
914 394 1
401 657 2
678 937 1
462 344 2
289 207 3
641 710 2
706 285 1
287 822 1
740 662 3
913 157 2
112 499 1
346 127 1
934 778 2
652 244 3
802 743 3
227 595 1
807 279 1
374 39 3
177 265 3
249 512 3
27 1000 3
959 560 3
157 378 2
344 827 3
27 331 3
318 361 1
848 831 2
782 577 1
812 810 1
597 179 1
874 99 1
116 539 3
478 848 1
678 29 1
871 389 1
390 162 1
148 871 2
324 946 3
793 577 2
7 599 1
374 134 3
251 7 1
758 687 1
941 147 3
74 784 2
314 485 1
908 538 3
250 224 1
870 325 2
17 420 2
207 721 3
212 104 1
190 699 3
796 382 3
347 19 2
335 795 1
931 424 1
113 935 3
902 192 1
250 839 3
935 912 1
755 961 3
773 658 1
528 975 3
14 233 3
20 29 3
82 298 2
616 990 3
234 971 3
133 858 2
620 84 1
692 677 2
327 457 1
816 71 3
848 370 3
80 421 1
895 663 2
192 193 2
514 884 3
292 526 3
476 940 2
178 827 1
978 931 3
824 282 2
473 492 1
8 99 3
897 671 1
805 949 3
466 933 3
68 506 3
371 61 1
86 254 3
98 823 3
28 385 1
149 167 2
815 174 1
61 881 1
811 804 1
780 961 2
370 509 3
381 510 2
173 276 3
967 855 3
890 598 2
297 683 3
874 6 3
255 223 2
158 431 3
546 370 3
762 924 2
443 224 2
365 496 2
6 18 1
742 579 1
420 753 3
528 732 1
871 835 3
411 755 2
127 902 2
433 17 3
726 828 3
693 86 2
94 785 1
704 329 2
905 296 1
814 381 3
80 656 3
960 484 3
853 525 1
348 438 2
877 581 1
713 987 2
55 230 1
21 67 3
373 388 2
531 27 1
228 54 2
120 846 3
436 194 2
182 980 2
417 263 3
287 927 3
912 465 1
292 845 3
370 429 2
288 390 3
91 151 2
805 614 3
13 228 2
243 68 1
372 805 2
901 768 2
658 928 2
682 235 2
508 648 2
112 280 1
718 980 1
743 158 3
412 697 2
688 814 3
450 463 2
361 249 3
641 735 2
105 514 3
383 915 2
770 728 1
698 564 3
485 605 1
332 371 1
524 119 3
578 695 3
495 458 3
67 159 1
224 17 2
988 870 3
623 889 1
942 230 2
132 852 2
624 281 3
598 280 2
71 366 1
194 348 1
207 739 2
469 967 3
959 151 2
789 233 3
795 324 2
288 410 2
46 176 1
211 959 2
441 681 1
335 264 3
211 585 1
157 620 1
996 52 3
646 596 2
453 126 1
514 79 3
519 274 2
117 325 3
673 658 3
282 681 1
733 805 1
861 898 2
926 803 1
37 582 2
270 66 2
628 59 2
274 910 3
205 254 3
787 552 1
923 645 3
215 865 3
826 905 1
713 73 3
823 4 3
257 729 2
922 812 2
734 942 2
336 278 3
943 131 2
971 725 3
482 644 2
778 607 1
465 667 1
225 244 3
313 710 3
250 55 2
544 938 2
163 832 1
973 606 2
314 55 2
143 381 2
130 460 3
138 396 1
781 567 1
725 758 2
979 987 1
164 438 2
950 594 3
388 922 3
63 798 3
233 978 3
125 874 3
462 970 1
238 990 3
407 838 1
150 157 2
220 882 2
187 429 3
661 312 2
592 61 3
674 758 3
26 516 3
777 55 1
537 270 2
247 124 2
977 300 1
842 763 2
296 439 1
479 708 3
6 924 1
781 610 1
135 873 3
828 882 1
669 922 3
376 523 1
837 669 3
588 989 1
924 794 2
888 27 3
486 35 1
884 784 3
600 914 1
218 760 2
859 164 2
597 221 2
397 77 1
299 824 3
266 752 2
854 719 2
181 210 3
322 78 2
828 982 2
325 705 1
239 35 3
479 457 1
341 155 3
144 697 3
34 769 2
949 103 1
466 566 2
58 84 1
491 883 3
127 390 2
497 365 1
765 20 1
989 959 2
27 371 3
739 637 1
594 30 2
94 795 3
765 467 3
502 87 2
676 409 2
836 727 2
329 790 1
586 715 3
663 260 2
138 348 1
261 876 2
91 370 3
53 202 3
762 168 2
996 120 1
202 538 2
903 106 1
134 720 3
540 664 2
891 600 1
804 82 2
924 825 2
308 375 2
30 67 3
400 897 3
546 639 2
571 591 2
801 783 2
438 917 2
485 590 2
732 804 3
52 706 1
761 851 1
615 977 1
677 523 3
672 362 2
543 139 1
17 627 3
167 502 2
827 570 1
705 226 3
574 749 2
308 809 3
403 844 2
68 724 3
31 884 3
871 379 3
870 429 3
217 458 2
586 558 1
356 870 2
390 27 2
403 286 3
615 305 3
747 665 1
104 367 3
780 115 1
286 163 3
766 615 3
325 910 3
827 721 2
848 890 2
434 348 1
6 443 3
158 55 2
271 923 3
862 128 3
500 583 1
673 945 3
705 633 3
26 383 1
29 108 1
350 126 3
990 539 2
297 480 1
278 950 2
380 187 3
264 684 2
517 363 2
813 42 2
960 351 2
801 494 2
282 29 3
977 501 1
451 893 3
976 294 2
554 990 2
485 128 3
826 876 3
982 356 3
130 518 1
114 401 2
515 453 1
149 612 3
735 133 1
4 153 1
283 695 1
309 510 1
710 694 2
860 384 3
286 39 3
237 878 2
480 385 2
597 813 2
448 851 2
623 121 2
78 166 1
665 547 3
823 354 1
155 186 2
510 517 3
269 580 2
146 598 3
263 354 2
698 288 1
844 800 3
55 999 3
77 143 2
138 231 1
595 805 3
175 877 1
996 9 3
598 477 3
638 553 3
674 1 3
744 197 2
626 646 2
865 945 3
330 505 2
599 343 1
820 735 2
700 503 2
957 91 2
461 122 1
957 479 2
80 97 3
185 950 1
80 294 2
116 135 3
84 966 3
21 44 1
628 685 3
594 124 2
508 960 3
188 429 3
563 548 2
177 221 3
834 188 2
76 189 1
567 391 3
876 5 3
511 216 3
238 287 1
229 354 2
25 257 2
820 823 1
353 502 2
228 722 2
347 640 3
215 459 3
53 707 1
278 777 2
6 398 3
385 283 1
669 652 2
592 290 1
259 860 2
607 714 2
590 962 1
582 321 3
136 359 2
783 626 1
102 776 1
347 751 2
23 957 3
748 940 2
272 326 2
646 27 2
703 336 2
787 937 1
815 768 1
873 403 1
728 124 2
389 952 1
677 636 1
639 513 1
550 236 3
121 840 3
340 748 2
137 829 1
799 967 2
309 622 1
972 295 1
761 301 2
264 856 2
669 864 1
322 357 3
555 784 1
169 273 1
294 934 3
751 938 1
651 682 2
64 87 2
77 476 3
268 58 2
535 735 2
28 91 3
77 640 3
977 425 1
535 747 2
997 95 3
541 332 3
392 715 2
430 521 2
760 447 3
314 180 3
134 329 3
117 103 1
8 22 1
81 320 1
309 541 1
632 266 3
576 485 1
590 828 1
375 450 3
821 168 1
130 684 3
986 483 1
788 332 2
797 274 2
466 79 1
546 213 1
140 440 3
86 359 3
486 774 2
75 128 2
149 65 2
163 176 1
490 433 1
70 537 1
55 213 1
457 992 1
166 464 1
160 971 2
172 347 1
134 915 1
503 45 2
44 234 2
482 926 2
38 567 2
540 543 2
697 770 1
4 753 3
905 920 1
699 591 2
387 561 2
138 886 3
746 10 3
517 662 2
837 797 3
728 285 1
646 827 1
897 370 3
729 788 3
478 822 3
929 628 1
544 870 2
287 810 3
375 653 3
430 198 3
572 907 3
883 686 2
182 613 1
367 747 1
823 414 3
661 739 3
895 709 3
869 645 3
448 977 1
700 747 1
784 39 1
535 736 2
511 791 1
177 247 1
587 913 2
827 358 3
40 403 1
6 57 2
612 762 3
881 581 3
482 420 3
56 967 3
231 806 1
661 883 3
368 661 1
336 367 1
270 795 1
735 207 1
621 877 3
138 65 2
874 321 2
661 107 3
105 575 1
947 554 2
908 674 1
456 411 1
172 912 3
841 905 3
394 464 3
14 451 2
986 116 3
558 885 3
135 739 2
756 123 3
237 645 2
452 466 2
745 732 3
446 930 1
743 946 3
314 985 2
687 487 1
394 633 3
591 162 1
369 149 1
811 714 3
495 194 3
366 85 3
5 17 3
369 1000 3
936 739 2
256 672 3
379 259 1
88 646 3
22 39 1
708 829 1
524 90 2
481 804 3
580 754 3
377 434 1
959 909 3
37 621 3
166 660 3
531 422 3
157 231 2
290 11 3
598 446 3
149 705 3
318 541 3
749 949 1
216 41 3
538 988 1
252 986 3
57 127 3
684 963 2
559 800 3
912 207 3
122 767 3
835 415 2
394 462 1
795 244 1
471 322 1
727 195 1
555 910 2
519 584 3
347 495 3
954 840 1
819 244 1
266 787 1
579 954 3
219 346 2
535 351 1
906 430 2
66 902 3
590 654 3
651 649 1
459 696 3
207 793 3
156 975 1
264 6 2
427 569 2
707 243 3
236 265 3
915 635 1
512 737 3
419 948 3
618 886 2
269 115 1
354 584 2
927 370 3
260 504 2
639 87 1
180 397 2
163 137 1
11 20 3
685 516 1
175 28 1
136 865 3
742 326 2
194 760 2
645 877 3
407 373 1
523 941 3
699 956 3
702 159 1
979 434 2
127 299 3
702 986 2
888 400 2
259 30 1
977 499 1
770 278 1
122 908 2
517 386 1
112 167 3
189 173 1
765 815 1
642 18 1
438 398 2
425 530 1
361 436 2
281 786 2
116 524 1
585 276 3
433 555 1
174 336 1
246 912 1
775 95 3
112 565 1
372 185 3
429 396 2
535 162 3
886 414 3
267 60 1
576 131 1
20 29 3
529 770 1
309 177 2
415 70 2
825 155 2
335 816 1
197 561 1
154 431 3
654 251 3
926 990 1
949 71 1
185 638 2
126 832 2
830 998 2
682 764 3
849 533 3
896 983 3
847 632 1
510 973 3
262 527 2
914 22 1
3 159 3
385 418 2
180 468 3
930 429 2
669 408 2
952 331 2
405 252 1
616 213 2
81 169 3
669 221 1
675 93 2
843 151 2
602 135 2
274 132 1
407 556 3
444 716 1
349 618 1
26 260 1
763 301 3
868 311 2
39 274 2
519 651 3
492 414 1
541 116 1
595 481 3
867 125 3
656 498 1
505 380 3
894 250 3
222 431 1
283 967 3
745 291 1
272 567 2
605 635 2
329 189 2
267 807 3
300 541 1
935 551 1
769 910 2
862 11 2
855 565 3
86 989 2
144 218 1
478 654 1
600 160 1
435 675 1
771 982 1
792 410 3
212 805 1
924 656 1
762 601 2
13 441 3
808 268 2
541 692 3
48 632 1
956 488 3
446 456 1
129 843 3
453 396 3
743 348 3
996 50 1
327 875 2
320 84 3
650 532 3
849 63 2
139 719 2
229 735 2
985 54 2
352 752 2
95 267 2
890 467 1
813 76 1
438 573 1
311 811 1
91 285 3
74 738 1
652 830 2
834 673 3
681 281 3
581 688 1
433 889 1
228 706 2
416 870 1
647 600 3
662 596 3
514 679 3
595 678 2
669 133 2
561 833 2
307 426 3
998 744 3
230 506 2
101 530 3
628 211 3
88 932 3
571 754 2
966 755 1
221 639 2
269 669 3
951 962 2
98 429 3
42 523 2
852 403 3
985 323 1
24 209 1
599 323 3
863 488 1
502 582 3
210 506 1
646 50 2
138 243 2
339 636 1
921 263 1
700 134 3
568 525 3
208 456 3
442 230 2
828 471 3
7 85 3
512 165 1
353 89 3
267 695 1
597 874 2
769 618 2
51 425 3
514 795 2
77 777 3
951 273 1
348 12 1
416 666 3
198 62 3
383 760 1
987 986 1
716 521 2
487 43 2
976 275 3
377 818 2
932 585 2
598 714 1
19 939 3
309 555 2
726 749 3
247 307 3
494 579 2
14 496 3
601 852 3
580 909 1
875 845 1
172 175 1
72 188 3
829 312 3
782 146 2
310 524 1
131 182 3
747 132 1
473 127 3
642 832 3
35 225 2
883 200 2
18 233 2
206 789 1
656 820 3
375 775 3
724 450 2
730 873 3
715 71 3
23 709 2
410 819 3
300 542 1
715 414 1
670 115 3
528 739 3
965 667 1
909 276 2
772 875 2
269 362 2
822 140 1
886 637 1
189 212 2
153 393 3
514 380 1
444 578 2
633 800 3
30 411 1
737 171 1
311 587 1
596 956 3
204 394 2
257 41 2
937 518 3
541 746 2
738 813 3
720 509 2
976 17 1
234 177 1
786 92 1
259 568 1
687 765 3
352 642 2
584 441 1
608 852 2
971 547 3
927 273 2
527 387 3
214 569 3
797 847 3
706 656 2
672 580 3
451 917 1
650 114 1
269 530 3
44 388 2
146 35 2
75 386 3
142 888 2
512 378 3
599 995 3
260 527 2
744 993 2
467 795 3
649 290 1
103 864 3
785 673 3
141 909 3
165 356 1
284 898 2
588 70 3
532 633 3
609 238 1
152 796 2
491 173 3
269 721 3
161 459 2
974 707 2
408 834 3
877 364 3
478 257 2
20 88 3
796 175 3
398 822 2
128 574 2
940 152 1
247 744 2
827 22 2
599 241 1
127 172 1
390 72 1
359 279 2
69 825 3
252 789 2
170 1 1
604 697 1
324 382 2
778 559 1
107 610 1
698 293 2
678 945 2
610 931 2
908 294 1
100 644 2
104 775 3
8 898 1
784 8 2
182 187 3
757 268 2
48 151 3
971 14 1
640 840 2
476 191 3
863 241 3
384 627 3
764 884 3
170 252 2
164 675 2
574 296 3
90 942 2
298 102 3
381 115 1
329 180 3
633 998 2
709 441 2
763 943 2
360 760 1
202 135 1
228 194 2
938 82 2
360 750 2
757 42 2
621 752 2
685 813 3
150 687 3
8 30 2
163 59 1
334 818 3
980 842 1
294 497 3
537 307 1
339 719 1
991 609 1
805 936 1
986 893 3
935 115 3
757 723 1
545 844 3
313 48 1
332 453 2
883 25 1
768 943 3
677 965 3
7 143 1
522 184 1
315 413 3
39 47 3
562 966 1
485 246 3
918 695 2
613 886 2
585 549 1
19 894 2
69 836 3
677 384 1
513 937 1
895 678 3
50 168 3
111 994 2
73 803 3
887 592 1
393 787 2
86 327 2
887 10 3
558 198 1
258 336 3
318 649 1
550 249 1
108 99 3
556 378 2
193 318 1
563 396 1
622 469 3
906 859 2
363 703 1
729 398 2
448 137 2
786 769 2
590 648 2
471 185 1
95 627 1
338 435 1
227 112 3
221 385 1
515 933 2
42 421 2
668 986 1
960 626 3
699 167 3
627 506 2
504 669 2
627 170 1
36 26 2
947 350 2
682 486 3
480 625 3
103 474 3
174 156 3
645 545 1
645 296 1
634 906 3
497 17 3
508 125 3
51 683 1
37 231 3
640 25 2
269 244 1
367 595 3
194 879 2
140 208 3
871 107 3
441 354 1
669 351 1
500 667 2
305 999 3
649 885 2
822 11 2
628 594 3
307 888 1
309 645 1
1 208 2
299 971 2
476 798 1
624 302 1
157 971 1
645 850 2
322 375 3
578 360 3
331 557 3
830 566 1
696 440 1
87 451 3
424 817 1
252 410 2
566 830 1
96 106 3
148 293 3
960 758 3
748 640 1
542 140 3
432 223 3
724 851 1
364 169 1
899 172 2
576 778 1
987 95 3
478 137 3
700 592 3
526 249 3
406 862 2
6 314 3
660 902 3
89 554 3
592 255 1
162 179 2
168 15 2
821 472 1
637 973 1
778 531 1
175 230 2
453 481 3
380 747 3
956 942 2
943 977 1
347 974 2
917 930 2
535 40 2
959 355 2
188 559 3
533 892 2
3 16 3
915 12 1
88 258 3
868 518 2
738 903 1
538 865 1
597 886 2
369 985 2
971 272 2
384 433 2
930 403 1
317 617 3
746 100 1
449 690 2
812 458 1
150 670 2
952 145 2
615 629 3
749 662 2
287 941 1
625 814 2
996 589 1
114 428 1
35 37 2
17 268 2
990 139 3
318 273 3
448 910 2
237 799 2
624 67 2
607 401 3
186 696 2
354 303 2
32 52 3
756 213 1
943 231 3
8 78 2
244 614 1
33 361 3
6 23 1
397 903 3
149 914 3
158 410 2
229 406 2
981 238 1
287 544 1
671 513 2
294 135 2
661 237 3
617 286 1
949 531 1
827 60 3
108 937 3
381 458 1
29 17 1
306 762 2
629 876 1
759 902 1
739 953 2
952 889 3
134 380 3
704 85 1
656 287 1
696 142 1
378 944 1
386 560 2
205 407 3
569 698 2
505 643 3
154 733 1
548 197 1
667 121 2
706 178 2
254 842 1
812 215 1
327 513 3
30 357 1
352 833 2
399 349 1
796 968 2
709 567 3
49 296 1
763 168 2
598 535 2
833 16 1
320 835 3
810 865 1
946 727 1
343 692 2
289 531 1
580 313 2
417 926 2
310 885 3
131 628 3
28 200 1
784 541 2
353 476 1
236 342 1
502 582 3
950 385 3
903 214 3
762 849 3
780 783 2
400 260 3
290 471 2
116 155 2
636 186 3
68 891 1
35 351 2
526 392 1
733 890 3
493 318 2
62 476 3
563 526 2
749 944 3
209 493 2
429 173 3
264 762 3
317 957 3
58 201 1
245 572 3
890 873 1
423 242 3
403 871 2
224 594 1
366 106 3
58 107 2
497 230 1
659 153 3
929 812 1
668 921 1
547 583 2
693 17 3
113 163 2
742 86 1
188 274 2
714 325 2
381 226 1
997 456 1
143 488 2
6 216 2
55 574 3
146 93 3
63 708 1
352 176 3
718 924 1
26 34 1
403 965 1
58 506 2
767 347 2
419 583 3
544 502 3
944 9 2
201 343 2
379 362 2
412 582 3
459 886 1
68 220 3
477 881 2
686 760 2
387 36 1
788 460 1
585 491 3
401 190 2
69 611 1
907 8 2
911 740 1
165 461 2
478 542 3
589 217 3
36 456 3
802 58 2
251 420 3
726 917 3
880 852 3
722 550 2
268 895 2
537 192 2
750 135 3
446 372 1
978 996 3
297 677 3
532 25 3
81 621 2
315 42 3
328 873 3
991 215 1
48 148 2
355 904 3
263 62 3
122 352 2
683 488 1
120 447 2
837 830 1
927 883 2
14 173 2
645 197 3
834 611 1
774 663 3
600 294 1
86 628 3
43 360 3
430 142 3
721 275 3
126 736 1
4 172 2
342 222 3
362 542 3
710 335 1
94 502 3
916 19 2
919 460 3
284 274 2
348 926 2
944 309 2
65 791 2
756 315 3
922 576 3
48 799 2
625 761 3
217 396 3
561 241 3
224 158 2
370 870 1
909 632 1
609 841 1
727 552 1
543 155 2
538 384 3
724 990 2
440 111 3
86 509 3
898 662 3
293 797 3
43 796 1
472 173 3
230 273 1
752 245 3
770 889 1
483 372 1
722 345 1
116 701 1
433 987 2
114 152 2
293 778 2
2 6 2
693 893 1
196 521 1
240 818 2
66 497 3
213 947 1
18 922 3
203 90 3
379 420 1
752 435 3
499 803 2
775 728 2
633 946 2
776 872 1
8 946 3
491 7 3
345 492 1
171 240 1
150 824 1
988 534 3
374 747 3
579 744 1
970 903 1
460 339 2
957 853 3
803 834 2
506 765 2
356 385 2
800 515 3
433 134 2
351 418 3
407 297 3
337 956 1
552 740 2
831 9 2
249 448 3
711 844 1
625 751 3
824 869 3
103 328 3
76 147 3
222 356 2
354 327 3
740 826 1
990 714 2
536 166 1
652 221 2
423 357 3
703 693 1
895 193 1
227 48 1
535 208 2
494 11 1
624 718 3
739 308 2
764 793 1
38 601 1
901 664 2
675 747 3
569 670 3
280 21 3
868 444 3
893 366 2
932 887 1
220 195 2
924 691 2
761 842 2
542 607 3
462 346 1
700 208 3
697 476 3
650 594 3
248 173 1
378 523 1
578 437 1
688 72 1
67 608 3
402 92 3
76 730 1
903 425 3
405 275 1
650 230 3
655 906 2
516 815 2
945 441 1
37 281 2
977 53 2
709 688 2
267 891 1
101 381 2
900 995 1
706 604 2
802 580 1
838 40 2
704 874 3
826 196 2
352 719 3
97 237 2
358 684 1
837 943 2
112 641 3
505 880 2
124 121 1
619 735 3
14 262 1
27 906 2
459 721 1
816 629 2
968 148 3
377 941 1
702 949 1
793 612 2
727 965 3
346 361 3
768 975 1
751 555 1
304 483 2
171 17 1
343 353 2
652 243 1
469 377 2
703 189 3
229 545 1
568 923 1
44 327 1
115 498 3
701 589 1
221 959 3
852 973 1
758 772 2
826 180 3
379 329 1
209 132 2
224 792 3
889 147 2
239 507 2
604 250 3
624 689 1
400 372 2
696 249 1
119 364 2
230 593 3
585 869 1
545 471 2
44 952 3
162 299 1
15 389 1
472 958 2
655 742 2
188 544 1
914 485 1
277 541 1
795 365 3
771 710 1
34 49 1
678 660 3
507 621 1
101 821 3
693 880 2
925 937 1
639 470 1
888 952 2
882 628 1
78 101 1
525 117 1
708 663 3
776 918 2
673 216 1
434 445 2
788 967 2
467 205 3
152 715 3
116 180 2
362 73 3
50 69 2
173 984 3
337 440 1
466 750 3
751 901 1
196 236 1
71 779 2
331 421 2
999 205 2
158 522 1
592 695 1
443 96 1
660 884 2
473 142 1
951 72 3
385 836 1
383 491 2
34 864 1
420 689 3
402 284 1
306 508 2
946 657 3
461 773 2
745 117 3
397 689 1
62 885 2
909 259 1
337 559 2
538 572 1
599 462 1
662 825 2
526 103 1
774 982 3
617 264 1
554 733 3
41 626 1
131 60 2
984 776 3
135 713 2
203 241 2
670 919 3
513 347 3
937 315 1
314 771 2
547 11 1
164 372 1
612 857 1
468 75 3
456 676 2
156 347 1
339 490 1
541 303 2
729 401 2
259 541 1
777 693 2
214 742 3
169 959 1
943 941 3
766 521 2
52 725 3
35 194 3
678 196 2
929 187 2
692 777 1
192 398 1
392 329 2
63 952 2
927 592 2
598 299 3
380 637 1
803 98 2
743 439 2
511 24 1
337 938 2
800 853 3
974 596 2
730 321 1
288 299 3
351 383 2
14 667 3
522 244 2
276 366 2
103 453 2
67 625 3
195 851 3
482 980 2
816 203 3
141 23 3
435 907 1
805 319 2
918 903 2
456 597 3
441 994 2
805 707 3
332 748 3
701 732 2
652 330 3
829 693 1
104 399 3
552 567 2
20 754 1
349 839 1
831 804 1
194 452 2
953 588 3
246 768 1
557 539 2
603 568 3
414 113 1
50 480 1
514 925 3
904 21 3
365 617 2
971 18 1
238 939 3
182 230 2
32 514 1
581 691 3
132 79 2
915 164 2
447 607 1
316 526 2
544 947 2
402 995 1
293 167 1
54 444 1
704 930 3
534 742 3
209 918 3
831 614 2
751 224 3
688 316 3
799 119 2
883 842 3
867 654 3
835 512 1
451 288 2
780 309 1
186 8 3
127 169 1
75 541 2
483 588 3
763 872 2
324 753 1
791 72 1
431 266 2
393 444 2
149 697 1
835 57 1
865 871 2
949 990 2
410 513 3
780 571 1
128 38 3
106 925 3
210 814 3
159 692 3
149 704 2
106 245 1
205 565 2
126 48 3
338 702 3
674 351 1
763 783 2
625 572 3
560 787 3
442 131 2
359 492 1
37 755 3
925 632 3
339 365 3
614 616 3
242 137 3
324 91 1
732 283 3
435 986 2
666 604 3
87 987 3
152 775 2
897 873 3
82 807 1
691 538 3
465 77 3
113 75 3
43 123 3
796 991 3
267 587 3
496 604 2
396 964 3
740 970 2
887 895 2
19 265 1
696 975 1
628 781 1
743 949 2
799 755 1
30 675 1
615 245 3
509 294 2
545 984 2
819 858 3
545 2 2
831 231 1
43 947 1
471 203 1
264 392 3
478 587 3
327 371 1
192 785 1
38 321 1
843 725 3
429 933 1
522 611 3
683 640 3
217 889 1
74 588 1
143 124 1
283 159 2
8 329 3
91 355 3
825 696 3
112 553 3
208 118 2
886 871 1
960 208 3
407 959 2
750 381 3
181 816 2
811 904 3
167 593 3
62 157 1
405 359 2
256 81 1
377 31 1
669 198 3
715 240 3
290 305 3
218 376 1
381 412 2
613 369 3
181 400 2
910 721 3
455 328 2
43 376 1
185 137 3
759 693 3
983 76 3
650 207 1
187 473 3
339 67 2
269 951 1
796 398 1
53 358 1
707 425 2
555 16 3
318 561 1
17 900 3
545 502 3
225 790 3
802 193 3
660 833 1
898 586 3
749 407 3
265 287 3
187 778 3
76 899 2
545 536 3
959 897 1
366 99 3
892 961 2
34 36 2
50 571 1
784 232 2
143 240 1
383 235 1
686 775 3
821 360 1
643 787 2
660 853 2
690 594 1
710 177 1
973 453 1
593 561 2
918 173 2
123 341 1
591 63 3
996 71 3
641 380 1
896 641 2
418 451 1
571 951 3
77 1 3
988 145 1
760 559 1
26 261 3
36 51 3
351 498 3
591 227 2
390 282 2
462 718 3
863 4 1
606 17 1
904 587 1
737 868 1
116 295 1
172 703 3
417 898 3
411 113 3
569 47 1
680 755 1
479 117 2
205 540 2
127 901 1
564 896 2
889 158 1
207 405 3
847 204 2
297 109 3
984 28 2
988 505 3
915 157 2
791 469 2
690 832 3
677 572 3
200 184 2
344 588 1
865 638 3
702 435 2
406 30 3
232 330 2
477 315 2
751 910 1
389 68 2
586 201 1
257 135 3
596 451 3
524 554 1
739 838 1
270 354 3
464 580 1
267 500 2
695 441 3
122 278 3
743 855 2
150 698 2
712 209 2
208 862 3
700 175 1
971 426 2
447 580 1
314 65 2
963 69 3
308 402 1
611 207 2
261 574 3
832 785 3
359 811 1
946 440 2
982 821 3
195 572 1
15 612 3
995 368 3
457 586 1
516 831 3
643 317 3
602 876 2
138 956 2
284 326 3
756 776 1
455 896 1
109 405 3
201 386 1
480 673 3
53 840 1
418 857 1
374 174 3
226 611 2
271 961 1
660 117 3
423 390 3
601 474 3
43 383 2
51 744 1
61 202 2
504 821 3
592 794 2
38 711 2
110 481 3
972 258 2
568 870 3
59 722 3
802 520 1
446 606 3
236 861 3
211 612 1
360 564 1
275 602 3
306 627 1
776 1 1
549 52 1
893 590 1
333 158 1
360 655 2
53 263 3
381 454 1
362 22 1
585 61 1
422 850 2
336 243 1
173 997 1
492 972 1
931 141 3
804 976 1
268 312 3
989 518 1
257 613 1
340 821 1
719 42 3
611 781 1
236 551 3
79 896 1
13 455 3
50 791 3
504 390 3
900 356 3
479 493 1
740 716 2
919 166 2
116 272 2
49 63 1
473 894 2
486 263 2
164 165 1
224 363 3
699 395 1
966 654 2
116 588 3
241 507 2
914 712 3
115 315 3
71 5 3
816 526 3
467 995 3
451 419 2
138 492 3
950 69 3
148 659 2
518 974 2
798 848 1
133 297 2
37 347 3
301 803 3
82 251 3
934 18 3
68 950 3
971 268 2
858 323 1
265 315 1
415 14 1
90 235 1
71 654 3
216 103 1
914 483 1
726 863 2
815 94 3
410 278 2
323 497 3
52 445 2
30 530 2
594 625 3
531 588 2
731 156 3
42 173 3
577 421 2
531 817 3
664 923 2
243 348 2
115 732 1
408 912 1
610 970 3
565 601 3
309 653 1
753 770 3
575 855 1
295 701 3
427 781 1
738 283 1
36 848 3
541 318 3
443 903 2
563 1 2
287 259 2
334 440 2
998 694 3
451 425 2
536 786 3
61 313 3
275 842 1
761 600 1
309 320 1
866 443 2
129 599 2
995 186 1
617 849 3
57 676 3
759 399 3
332 676 2
602 381 3
324 21 3
882 77 2
158 418 2
469 835 3
686 724 2
196 966 1
311 493 3
336 323 2
208 73 3
76 356 3
153 644 1
728 764 2
53 192 2
760 803 3
557 533 1
582 723 1
250 429 2
914 77 3
726 730 2
528 831 1
37 774 1
573 15 1
138 45 1
510 341 2
881 404 3
111 237 2
690 747 2
768 372 2
635 62 3
551 322 3
417 12 1
327 506 2
57 364 1
994 682 3
750 13 2
273 124 3
109 512 3
326 746 1
82 204 3
950 55 2
684 750 1
541 957 3
102 371 2
623 963 2
883 338 2
40 213 3
871 978 2
41 167 3
75 158 2
38 103 1
478 899 2
319 810 3
32 68 2
136 947 1
593 180 1
185 879 3
753 384 3
862 773 1
577 961 1
133 730 3
375 35 3
18 164 3
666 729 3
311 33 2
620 124 2
820 184 2
631 685 1
979 42 2
512 719 1
285 158 2
345 399 3
393 831 3
137 185 3
336 45 3
493 678 1
556 146 1
314 531 3
617 902 3
241 3 1
951 798 3
3 707 1
401 585 1
997 334 1
72 139 1
334 763 1
687 808 2
895 799 3
123 756 2
4 360 3
633 517 3
548 973 3
235 325 3
567 737 3
659 761 2
764 839 1
961 145 1
12 15 3
413 494 1
340 231 2
91 223 3
690 766 1
198 899 2
739 282 1
3 534 3
8 675 1
218 17 1
184 139 1
59 628 3
945 947 2
77 294 3
636 211 3
618 640 3
280 504 3
557 206 3
186 538 3
285 615 1
697 844 2
469 386 3
120 353 1
115 546 3
348 257 3
504 688 3
81 625 1
43 359 2
912 979 3
376 734 1
285 678 1
759 711 1
925 103 3
715 504 3
973 111 3
997 218 1
781 605 3
970 884 2
40 305 2
691 540 3
920 155 2
670 844 2
529 64 3
663 227 2
186 79 3
437 729 1
398 585 1
700 538 3
602 364 3
719 770 3
841 606 1
871 692 2
521 431 3
502 746 3
181 868 1
490 624 3
298 275 1
512 918 2
458 185 3
384 790 3
493 135 2
683 776 1
60 473 1
424 963 2
648 657 3
65 451 3
888 674 1
424 667 1
906 583 2
491 626 3
301 801 2
867 57 1
267 877 2
104 863 1
352 47 1
391 595 1
463 549 3
462 127 1
716 579 2
17 855 2
218 923 3
244 366 2
691 692 3
356 675 1
939 901 1
852 178 2
663 434 2
926 725 1
134 197 2
104 946 1
300 213 1
151 178 3
651 804 1
437 204 1
376 778 1
73 16 2
990 917 1
566 764 1
980 180 1
379 666 2
159 788 1
126 143 1
848 403 3
684 765 1
150 439 1
303 528 3
857 295 1
971 662 2
345 671 3
595 63 1
278 324 2
672 865 1
977 372 2
555 861 2
444 222 3
215 318 2
210 308 1
19 61 1
505 116 1
380 910 2
187 811 2
296 293 1
923 61 3
421 129 1
853 47 3
806 111 3
972 338 1
655 885 2
117 847 3
809 717 1
823 874 3
268 342 3
848 500 3
470 347 1
320 399 1
744 849 2
567 459 3
862 296 3
907 10 1
609 225 3
907 758 3
930 850 2
778 291 3
798 821 1
984 521 2
279 316 1
322 819 1
477 78 1
407 328 3
820 291 2
797 223 2
377 876 3
123 756 1
476 256 2
480 449 3
587 692 2
9 987 1
660 87 2
754 466 3
28 156 1
199 747 3
125 170 3
12 135 2
560 913 3
144 802 1
34 260 1
957 554 1
533 170 3
167 771 1
946 69 2
286 148 2
621 938 1
561 586 1
740 14 3
57 241 1
156 853 3
16 589 3
781 310 2
740 475 1
689 29 2
285 450 3
703 787 3
360 929 1
842 826 3
970 636 1
718 11 1
31 629 3
692 915 2
636 990 2
643 963 3
841 445 2
462 164 1
619 927 3
550 695 2
306 800 3
606 124 1
590 823 3
745 96 1
785 398 2
928 310 1
76 555 3
828 4 3
958 202 2
636 419 2
552 352 1
684 594 1
45 285 3
548 397 2
223 755 2
135 378 3
682 843 2
449 494 2
884 307 1
183 422 1
253 956 2
238 240 2
172 161 2
986 39 1
479 937 1
747 998 1
540 604 3
98 919 1
537 405 2
153 709 3
436 534 3
820 814 3
13 696 2
743 488 3
214 255 3
373 562 2
372 982 3
685 817 2
956 859 3
25 302 2
63 550 1
607 208 2
117 502 2
4 506 2
657 532 2
53 347 3
820 759 1
964 874 2
736 967 1
523 320 1
600 254 2
165 274 1
216 691 3
643 691 3
351 837 2
433 314 2
757 791 3
872 477 1
934 337 3
832 101 3
125 722 2
469 588 1
312 414 2
649 988 3
385 165 3
68 786 1
178 277 3
805 218 2
520 390 2
514 476 3
909 219 3
188 468 1
38 699 3
870 252 3
778 117 3
644 430 3
834 268 2
928 557 3
277 947 3
387 141 3
389 238 2
501 114 2
855 452 3
463 433 3
207 210 3
696 361 3
626 143 1
357 996 3
896 626 1
377 279 1
722 123 1
937 401 2
663 552 2
50 44 1
451 756 1
189 267 2
323 972 1
412 246 1
794 522 3
497 338 1
73 728 2
703 734 1
295 982 1
993 768 2
677 297 1
83 615 1
858 668 1
711 701 2
289 286 3
94 121 3
394 764 1
999 50 1
195 932 2
3 459 2
937 776 3
249 148 3
550 321 3
247 791 2
533 50 1
539 433 2
382 720 3
799 992 1
961 668 3
299 137 3
657 255 1
264 483 1
268 160 1
450 19 3
709 756 1
698 512 2
544 576 2
367 992 1
519 929 1
545 581 2
151 414 2
21 300 2
422 421 3
727 802 2
238 450 2
514 840 1
567 737 1
455 643 2
752 188 1
218 639 2
52 61 1
361 207 2
395 881 3
239 497 3
711 325 1
974 983 2
473 709 1
938 934 2
876 608 1
133 697 2
670 47 3
446 137 3
275 708 1
810 711 3
441 130 1
808 117 2
455 480 3
413 666 1
805 429 3
878 427 3
431 206 3
806 731 1
749 919 3
185 2 2
723 900 1
282 327 2
261 443 2
885 962 2
164 722 3
770 564 2
38 821 2
930 354 1
74 696 2
120 246 1
177 936 2
882 220 2
611 908 3
272 74 2
598 332 3
408 428 1
265 52 1
640 229 1
269 779 1
451 801 3
294 772 1
683 703 1
35 930 3
530 820 1
403 736 2
778 112 2
772 137 3
167 991 2
62 924 3
780 77 2
176 166 2
938 885 1
216 601 2
157 99 3
102 301 1
776 418 2
632 745 3
953 735 1
782 156 1
816 72 3
742 87 2
32 872 3
414 37 3
886 340 3
718 868 2
204 702 1
370 570 3
79 707 3
727 100 2
628 558 1
220 434 2
232 610 3
103 415 1
28 781 2
718 673 2
51 958 2
254 76 3
9 597 1
515 77 2
165 766 1
265 206 2
175 227 2
896 434 1
9 808 2
139 447 3
848 226 1
470 713 3
346 56 1
975 616 2
626 235 2
527 12 1
308 129 1
811 600 3
375 116 3
713 393 3
625 745 1
69 934 3
940 143 2
284 563 3
50 235 2
141 10 1
61 666 1
909 917 2
797 833 1
368 426 2
701 465 1
597 153 2
541 30 1
708 74 1
931 853 3
309 862 3
733 134 1
956 436 3
284 532 1
199 332 1
300 103 3
992 749 1
452 867 1
117 32 2
403 717 3
695 147 1
286 58 3
441 949 1
703 220 3
423 367 1
221 589 3
196 544 1
793 956 2
846 940 1
967 202 2
393 791 3
666 365 3
403 277 1
956 269 3
474 352 2
278 968 3
116 914 1
362 276 1
137 88 2
563 318 3
288 467 3
411 531 1
669 200 2
101 19 1
636 581 1
564 792 3
197 329 1
83 420 3
763 743 2
457 867 2
995 361 1
948 548 3
301 244 3
752 742 1
124 157 1
625 897 1
501 832 1
607 271 1
775 960 2
345 654 3
613 281 1
646 911 1
177 146 3
883 174 3
254 709 1
732 925 2
736 901 1
918 479 1
366 378 3
881 690 1
14 251 2
468 843 3
638 854 1
697 203 2
336 466 3
453 866 2
714 566 1
807 722 2
688 342 1
771 538 2
24 137 2
81 789 2
461 51 1
61 126 2
27 819 3
258 978 1
420 279 2
817 645 3
458 119 3
406 104 3
213 312 3
995 980 1
135 465 2
484 336 2
20 46 3
626 822 1
169 62 2
874 647 1
452 780 2
391 762 1
872 946 2
509 149 1
586 557 2
249 930 2
808 316 1
877 747 3
329 589 2
106 670 2
102 143 1
528 280 1
959 949 3
273 759 1
601 630 1
696 70 2
13 897 2
382 507 1
545 386 1
679 455 2
867 280 3
88 206 1
217 731 1
607 329 2
22 843 2
450 422 1
182 541 1
279 510 3
6 269 1
945 809 3
511 341 1
289 378 1
22 39 1
342 46 2
226 240 3
226 85 2
759 595 3
102 161 1
975 873 3
381 325 2
776 215 3
460 109 3
219 749 1
104 302 3
604 784 2
374 938 3
690 689 3
285 143 2
291 880 3
940 888 3
500 384 1
270 741 3
517 880 1
614 581 1
891 128 3
949 720 2
236 608 2
685 323 1
536 665 3
975 64 3
324 638 1
792 516 1
696 570 1
46 426 3
134 171 2
727 802 2
612 426 2
99 991 3
792 780 3
834 243 2
238 386 3
484 198 2
450 478 3
417 642 2
834 427 3
833 333 3
112 486 3
91 138 1
29 9 1
439 575 3
156 777 2
442 182 1
697 653 1
573 50 3
496 245 2
1 963 1
880 203 3
552 59 3
648 14 3
201 143 3
89 908 2
835 681 1
801 252 1
715 690 3
228 819 1
412 235 3
468 807 2
183 990 2
226 404 1
691 89 1
685 595 2
252 840 3
870 327 3
717 596 3
426 284 1
376 158 3
968 841 3
871 193 3
765 770 3
211 616 3
304 255 1
806 980 3
582 42 3
350 610 1
625 356 2
514 373 2
600 896 2
55 281 2
744 496 2
690 160 3
906 330 1
982 717 3
20 750 3
237 355 3
723 728 2
115 8 3
880 643 1
261 72 1
204 819 3
654 114 2
669 91 3
586 100 2
949 654 2
467 746 1
691 449 2
653 320 3
905 301 2
10 924 2
734 842 3
242 977 1
232 407 1
722 487 1
363 845 3
592 937 3
221 960 2
394 992 1
525 28 3
305 595 2
732 464 2
921 792 2
312 776 2
202 274 3
767 887 3
758 215 2
423 215 3
543 605 2
631 679 1
17 863 1
971 600 3
655 799 1
534 767 3
12 703 3
326 231 1
938 534 3
269 729 3
789 1 2
677 321 2
905 791 1
364 694 2
193 198 2
166 900 3
764 486 1
871 402 1
662 24 1
48 969 3
44 373 3
364 697 3
168 176 3
479 785 3
896 972 2
946 754 1
621 193 2
457 533 2
818 270 3
484 754 1
568 23 2
375 157 3
303 107 1
200 422 3
937 98 2
772 678 1
484 427 2
327 804 3
309 695 1
338 765 2
755 187 3
434 105 1
716 762 2
641 615 3
770 256 1
664 860 2
903 902 2
10 733 3
829 348 3
674 831 3
41 236 1
573 615 2
863 199 3
464 752 2
145 139 3
859 598 2
122 384 2
58 340 2
658 560 3
242 934 1
394 466 3
287 447 3
714 406 1
71 515 3
756 63 2
2 64 3
942 504 1
794 463 2
840 812 3
110 712 3
739 928 2
318 426 1
477 891 2
290 328 3
845 338 2
61 813 3
849 182 2
774 947 2
545 404 2
501 923 2
618 441 3
352 950 3
735 422 1
356 36 1
733 197 1
394 867 2
679 77 1
174 922 1
263 220 3
67 486 1
545 241 1
160 674 2
286 356 2
68 336 1
975 819 1
551 812 3
614 569 3
635 81 1
100 539 3
249 615 3
720 745 3
118 859 3
856 462 1
115 926 1
308 611 2
74 947 1
946 926 2
683 83 1
594 546 2
660 571 2
108 912 2
579 668 3
145 973 1
492 951 1
547 43 1
740 167 2
784 386 2
157 986 1
578 677 3
91 175 1
130 149 1
329 52 2
1 181 2
139 330 1
578 725 1
46 744 1
842 985 1
865 910 3
175 142 1
42 384 2
382 496 1
555 339 2
254 866 3
28 162 1
266 663 3
80 282 2
576 499 3
514 54 3
138 146 2
716 790 3
270 366 2
26 53 1
194 830 2
592 695 3
140 87 2
742 589 3
813 415 3
889 149 2
434 907 2
29 60 2
698 242 3
33 746 2
427 136 1
304 860 3
134 45 1
701 142 3
221 285 1
6 224 2
141 67 1
565 61 1
953 468 1
544 101 3
133 656 3
806 833 2
564 371 2
64 108 3
608 471 2
930 703 3
656 320 2
291 582 1
404 199 2
960 699 1
239 958 2
880 214 3
401 254 3
148 948 3
365 171 2
940 991 1
603 781 2
966 977 1
223 857 2
127 503 1
186 539 2
675 187 3
239 783 2
395 978 1
595 746 1
727 436 1
78 304 1
90 511 1
26 725 2
31 8 1
359 323 1
328 464 1
890 649 1
962 512 2
31 890 1
745 377 2
90 655 1
97 279 3
257 750 2
149 259 3
52 78 2
907 993 3
90 219 1
220 13 2
256 854 2
661 21 2
893 773 2
324 529 2
516 535 1
239 732 1
432 901 2
241 1000 2
543 113 2
730 43 1
562 850 3
677 297 2
163 519 2
739 801 2
224 441 3
110 350 2
255 408 2
741 987 2
343 447 1
595 413 1
987 635 1
923 354 2
174 322 2
634 553 1
602 245 1
189 694 3
677 607 3
874 95 2
287 71 3
709 825 2
371 542 1
889 139 1
532 278 3
304 864 2
106 994 3
312 914 3
185 314 2
124 104 3
227 215 3
799 111 3
457 988 1
213 234 2
4 468 3
641 267 2
565 761 1
395 487 1
115 126 2
344 772 2
650 712 1
365 458 3
893 901 2
154 31 3
155 385 3
648 730 2
302 521 1
701 378 2
643 668 2
261 133 1
686 738 2
476 877 3
703 797 3
840 314 2
132 252 1
67 378 2
467 235 2
511 108 3
186 921 3
827 531 2
809 835 2
63 701 1
268 131 2
778 588 2
603 313 3
862 274 3
650 293 2
719 679 2
801 69 3
866 905 3
367 853 1
670 821 1
266 691 3
952 547 2
211 601 3
821 786 3
691 441 3
156 322 3
749 497 2
700 401 1
89 486 1
760 927 3
3 43 2
922 484 3
602 750 3
352 64 2
745 723 1
934 963 2
597 699 1
686 936 2
13 838 2
763 504 2
938 35 2
799 967 2
251 713 3
257 644 2
501 974 1
54 660 1
719 458 2
484 365 3
981 925 3
255 828 2
870 667 3
426 227 3
325 671 2
726 158 1
310 491 2
518 108 2
179 129 3
20 160 1
935 899 2
276 277 2
289 711 2
245 337 3
322 319 3
537 260 1
963 833 3
148 540 1
506 616 1
502 136 3
371 513 1
378 679 3
363 994 2
633 723 2
135 62 3
110 941 1
721 393 1
168 383 3
713 783 3
34 13 1
484 148 2
539 800 1
2 74 1
434 330 1
545 494 3
889 314 3
468 350 1
6 799 3
290 86 2
134 491 2
233 894 3
571 730 2
764 338 2
796 617 2
961 754 2
562 133 2
47 195 1
916 898 3
335 109 3
478 732 1
150 423 3
367 623 1
739 20 3
31 110 2
987 396 3
24 237 2
38 195 1
942 114 3
770 520 2
792 983 3
933 268 1
252 452 2
539 959 1
843 698 1
93 487 3
641 915 1
497 990 1
295 580 3
285 379 2
406 894 3
302 807 1
350 675 1
442 314 2
652 640 1
325 806 1
200 492 3
803 919 3
733 797 3
29 48 1
622 443 3
151 850 1
857 716 3
589 343 1
493 962 1
253 658 2
666 358 1
333 527 1
539 538 2
527 7 3
302 599 3
724 169 1
474 782 2
390 974 2
563 904 2
416 87 1
701 45 1
716 47 1
979 53 3
509 614 3
900 252 1
435 811 1
689 576 3
95 271 3
328 58 3
636 766 3
367 558 3
440 805 1
509 38 2
780 784 1
211 388 1
239 565 1
978 574 2
829 808 2
516 89 2
355 840 1
440 938 2
930 982 3
709 525 3
534 581 1
780 874 1
776 203 1
801 645 1
471 283 3
328 859 2
790 279 2
896 927 1
109 970 3
999 895 1
450 86 2
985 582 2
623 270 1
172 968 3
128 143 3
362 562 1
626 125 1
205 173 2
593 336 2
140 376 3
151 695 2
901 305 2
498 797 1
741 21 3
390 441 3
277 905 2
902 704 1
217 899 3
346 679 2
136 825 1
32 348 3
804 197 3
707 717 2
917 208 2
450 105 1
762 391 3
549 616 3
157 434 1
745 253 3
455 18 1
295 416 1
717 135 3
262 639 1
311 451 3
540 806 2
653 447 1
615 207 3
294 9 3
863 389 3
902 677 1
302 827 3
170 243 3
987 202 1
630 516 3
69 331 1
130 443 2
624 766 3
821 559 3
549 694 3
344 446 1
317 297 3
163 813 2
951 368 1
952 864 3
516 292 2
563 639 3
551 897 3
125 815 1
986 369 3
702 564 2
957 621 3
114 141 3
355 820 3
111 48 1
99 190 2
232 630 3
256 553 2
816 948 1
692 574 3
90 144 3
523 923 2
789 398 1
404 280 1
409 643 3
66 503 2
10 536 1
940 364 1
704 711 1
77 339 2
605 5 2
168 761 1
351 635 1
89 108 3
619 637 2
721 416 2
629 902 2
279 136 3
552 6 2
83 351 1
557 26 3
985 697 3
697 231 3
744 756 2
989 545 1
727 850 1
269 147 1
355 382 2
385 406 3
942 467 3
155 771 2
624 691 3
935 180 2
808 959 1
50 372 3
904 239 2
542 131 1
448 764 1
203 83 3
445 313 3
271 674 3
521 787 1
341 711 3
742 268 1
9 60 3
385 459 2
932 851 2
439 753 1
547 29 2
96 671 1
780 375 3
156 919 3
535 647 2
141 295 1
50 140 2
327 428 2
312 926 2
517 805 3
607 764 3
506 993 3
204 29 1
103 692 1
820 255 3
884 120 3
4 555 1
160 409 3
459 984 3
5 200 2
658 463 2
818 570 1
467 761 2
461 896 1
20 302 3
669 511 3
575 713 3
296 862 1
435 883 1
73 577 2
19 873 3
435 874 2
768 223 1
12 602 1
863 346 2
285 25 1
865 242 2
605 153 3
1 283 3
409 302 2
2 279 3
18 288 3
956 184 3
233 411 2
818 844 1
688 84 1
31 131 3
131 210 2
704 69 1
335 213 3
969 762 1
442 954 3
969 30 2
412 935 1
421 748 3
531 438 3
312 795 3
897 507 2
244 936 2
560 709 3
245 684 1
264 114 1
517 99 1
214 474 1
411 549 2
852 74 1
682 460 2
344 662 2
508 44 3
441 783 1
269 843 3
1 2 2
591 855 1
728 994 1
573 766 1
483 985 2
9 235 2
100 148 1
381 415 2
564 110 1
79 184 1
365 431 3
959 729 2
48 98 3
599 435 3
729 560 3
694 652 1
393 33 3
498 771 2
945 658 1
904 844 2
334 964 2
818 677 1
962 880 1
525 205 2
386 124 2
547 318 2
570 613 2
450 830 1
171 359 3
43 667 2
343 744 3
786 598 1
525 282 1
38 1000 3
809 869 2
780 761 2
792 482 1
75 251 1
71 944 2
268 249 2
196 71 1
791 554 1
100 170 2
693 222 1
478 612 3
946 998 2
200 158 3
407 107 1
344 74 3
324 330 2
479 757 3
841 415 2
981 9 1
337 17 3
766 199 2
241 594 2
750 692 2
206 778 2
111 408 2
155 924 2
9 196 2
106 16 2
597 600 3
253 475 1
762 20 2
396 231 3
132 738 3
356 283 3
468 728 3
507 4 3
822 220 1
642 187 3
771 596 2
612 900 3
440 884 1
655 533 1
144 342 3
433 629 2
78 157 2
241 654 2
636 660 1
753 882 1
881 245 2
593 801 2
779 536 2
730 953 1
76 485 3
129 226 3
471 969 2
159 369 2
891 239 2
462 477 1
880 389 1
807 768 2
438 742 1
960 469 3
578 605 2
524 169 2
474 740 3
948 650 1
234 366 2
336 999 1
896 731 1
518 331 1
778 183 2
588 778 3
349 667 1
80 264 3
182 728 2
522 333 3
269 414 1
293 65 2
579 419 2
365 719 3
707 489 2
238 258 1
218 838 2
854 323 3
42 16 1
535 891 1
855 211 1
627 490 3
485 491 1
598 781 2
175 280 1
293 816 2
707 223 2
866 675 3
685 621 2
734 925 3
334 945 1
814 156 3
452 605 2
460 862 3
357 321 2
615 384 2
617 157 1
684 14 2
356 632 2
842 516 1
304 878 1
565 340 1
471 971 1
643 293 3
615 591 1
595 620 1
845 799 3
754 557 2
740 811 3
80 963 2
482 840 3
895 465 3
3 45 1
105 772 2
15 83 1
580 476 3
145 666 2
651 717 2
543 227 1
994 88 1
902 924 1
28 497 2
226 534 3
101 544 1
565 76 2
158 580 2
912 53 1
205 924 2
835 767 1
152 907 2
344 646 1
562 662 1
728 913 2
102 641 3
295 775 1
544 697 2
434 435 2
195 895 3
893 672 1
305 980 1
76 273 3
90 113 1
384 981 3
493 635 1
958 553 1
719 616 1
404 308 3
642 129 2
906 175 3
380 452 1
393 726 3
749 991 2
681 694 3
117 310 2
527 159 1
485 978 1
572 54 3
56 275 2
408 733 2
811 102 3
892 673 2
128 948 3
58 558 1
117 902 2
240 326 2
790 912 1
119 970 3
930 898 2
787 865 1
72 278 3
402 827 2
92 423 3
253 557 1
432 547 1
968 66 2
388 294 2
234 634 2
230 442 2
886 348 3
362 460 3
561 824 3
885 196 3
651 965 1
952 808 3
381 997 1
223 87 2
344 221 3
40 664 2
964 875 1
253 588 3
293 332 3
498 163 2
925 792 3
860 173 3
154 322 2
696 469 1
269 812 1
235 348 1
317 166 1
856 816 1
58 271 3
559 502 2
929 356 1
605 104 1
426 330 1
572 428 1
636 983 3
882 347 2
88 515 1
277 453 3
384 823 2
330 369 3
899 177 3
897 359 3
14 471 1
792 835 2
374 634 3
815 173 1
922 4 3
996 34 3
251 54 3
935 396 3
250 286 2
653 398 1
347 592 3
912 585 2
448 103 2
677 909 3
136 347 2
852 657 2
789 233 3
295 742 1
180 728 3
762 185 1
44 95 1
194 573 1
573 494 2
929 586 2
492 737 1
183 231 3
50 404 1
966 557 2
450 86 3
807 679 3
999 20 1
512 317 2
166 423 1
923 475 2
205 667 1
265 12 1
11 191 3
856 340 3
145 664 3
671 776 1
750 467 2
505 419 1
596 772 3
38 957 3
231 571 2
628 669 1
787 163 1
326 435 2
464 470 1
5 160 1
351 937 2
180 814 2
926 486 2
143 924 2
29 906 2
444 111 1
285 956 3
730 231 3
137 32 3
411 699 1
460 19 3
828 63 2
192 669 1
899 686 1
392 465 2
939 613 1
188 454 2
595 827 1
189 451 2
348 710 2
94 644 3
624 373 1
148 476 2
423 178 1
784 347 3
902 263 3
627 880 3
566 369 1
861 118 1
852 619 2
947 917 2
645 379 1
575 577 2
430 42 1
68 822 2
656 275 1
387 269 3
69 414 3
821 848 1
206 55 2
392 510 3
548 820 3
625 847 2
438 89 2
874 306 3
354 624 3
666 777 2
502 692 2
269 328 3
106 578 1
981 595 1
260 649 1
690 963 2
173 306 2
909 385 3
591 299 3
834 268 1
52 678 3
221 409 3
779 383 2
192 15 2
276 902 1
54 172 3
243 990 2
291 140 1
797 335 1
852 527 3
102 356 3
608 266 1
184 522 3
58 168 1
755 349 1
29 76 1
44 596 3
220 323 3
998 700 3
164 829 3
904 360 2
218 294 3
956 329 2
467 281 1
78 103 3
211 935 2
587 449 2
793 481 2
869 567 1
349 466 1
53 433 3
235 644 1
109 753 2
945 798 1
946 809 1
455 526 3
921 89 1
516 434 1
607 883 3
182 342 1
144 47 3
390 446 2
446 346 3
321 759 3
247 506 3
841 434 3
125 108 1
352 585 2
965 415 3
888 989 3
579 734 2
578 163 2
639 246 1
574 316 1
547 601 2
384 829 3
268 623 3
365 347 3
615 119 3
197 381 1
116 271 3
620 332 1
367 844 2
188 681 2
317 127 1
902 113 1
106 517 1
745 115 2
23 123 3
748 655 1
523 463 1
945 155 1
700 63 3
497 24 1
157 546 1
65 387 2
282 942 2
890 808 1
37 493 2
576 791 3
213 539 2
904 883 1
839 890 1
100 856 3
652 916 1
375 34 3
235 565 2
359 637 1
509 166 3
173 788 1
674 340 3
652 340 2
859 27 1
559 636 1
321 680 1
756 993 2
867 399 2
977 639 1
603 687 1
228 802 2
27 354 2
87 312 1
120 344 2
953 473 2
155 324 2
348 932 3
764 540 2
627 901 2
539 944 1
301 745 2
826 232 3
106 38 1
651 753 2
709 798 2
747 760 1
604 324 1
209 228 3
284 288 1
731 878 3
205 430 1
543 629 2
513 550 1
439 25 2
165 359 1
760 412 3
333 347 3
837 846 1
80 220 2
317 460 3
926 27 2
648 496 1
400 101 1
607 579 1
629 37 2
994 609 2
714 513 2
856 852 3
228 170 3
339 593 3
816 101 3
563 817 3
16 789 3
53 427 2
864 291 2
537 805 2
782 568 1
508 407 1
786 79 1
409 71 3
458 480 2
492 468 2
836 458 3
402 824 2
77 104 1
787 1000 2
698 695 2
916 513 1
611 547 2
92 379 2
625 993 2
695 352 3
673 161 2
871 774 2
23 104 2
863 556 2
277 305 2
306 624 2
8 20 1
595 508 2
110 413 3
715 898 2
819 472 3
277 291 3
312 789 3
83 271 3
295 954 2
827 76 3
656 621 2
354 285 3
178 8 3
83 88 1
329 339 3
200 837 1
678 891 3
680 871 2
147 361 2
204 103 1
204 549 2
701 70 2
156 952 3
213 154 2
572 351 3
606 383 3
98 203 2
288 289 3
871 693 1
366 643 1
10 790 1
418 42 3
403 715 2
266 430 3
958 829 3
272 478 3
36 190 3
826 805 2
849 76 2
113 731 3
764 690 3
304 631 3
785 52 2
5 109 2
434 715 3
506 938 1
974 69 1
190 677 1
23 177 2
96 900 3
788 998 2
477 690 2
943 125 2
464 761 3
144 572 3
31 645 3
222 546 2
421 422 2
165 900 3
895 261 2
87 749 3
976 453 1
794 584 2
718 396 1
488 930 2
43 58 2
862 689 2
902 981 2
141 691 3
7 200 3
990 641 1
637 299 2
505 710 2
215 598 3
527 858 1
474 269 2
52 1000 1
691 431 1
610 934 3
50 420 1
278 836 3
191 812 3
957 308 2
136 640 2
150 830 1
885 130 2
928 107 3
772 681 3
162 949 1
64 970 3
192 683 2
702 53 3
145 673 2
998 167 1
418 407 3
95 894 2
429 544 3
214 134 2
802 103 2
609 917 1
55 468 2
753 360 2
849 777 3
61 957 3
677 510 3
655 4 2
574 213 3
600 763 1
766 129 2
623 432 2
601 248 3
227 926 1
454 393 3
316 654 2
684 803 2
366 868 3
635 464 3
250 77 1
871 856 2
511 127 1
633 469 1
915 31 1
1 89 3
966 630 1
415 590 3
678 643 1
75 226 1
796 215 3
49 297 3
85 717 1
18 276 1
138 217 3
758 717 2
241 334 3
579 643 2
298 688 1
729 230 2
257 507 2
670 663 2
854 18 2
257 316 1
848 916 3
3 501 3
520 159 3
528 608 3
760 632 3
174 513 3
701 642 2
353 81 1
688 54 1
521 536 2
819 779 2
928 997 3
868 256 2
350 609 3
325 181 1
535 330 1
101 623 2
43 377 3
380 361 1
879 121 2
668 595 3
114 737 2
559 289 2
579 955 2
385 138 1
469 43 3
785 792 2
336 558 3
868 52 2
122 204 3
476 810 2
979 222 1
775 352 1
745 823 2
765 407 3
907 807 1
900 944 3
846 915 2
510 276 3
250 201 2
497 742 3
598 274 3
870 348 1
584 724 3
4 99 3
788 1000 1
381 325 2
125 134 2
536 520 3
251 783 1
470 594 3
514 38 2
161 933 2
86 787 3
976 98 1
632 384 3
145 444 3
428 772 3
459 492 2
30 873 2
124 277 1
660 49 2
711 612 3
129 574 3
183 204 1
284 162 2
213 578 2
23 413 1
844 522 2
869 322 1
177 398 2
1000 230 2
4 862 1
560 663 2
802 23 3
527 761 1
476 68 2
514 65 2
588 940 3
778 653 1
189 442 3
941 220 2
828 771 2
228 140 3
943 583 2
745 768 3
238 268 2
797 892 2
707 114 1
704 789 2
275 374 3
850 658 2
984 612 2
391 947 3
719 862 3
331 953 1
94 391 3
172 559 2
400 828 2
119 798 3
421 891 3
85 475 1
483 943 3
697 98 3
690 745 2
983 273 3
184 913 1
651 951 1
826 498 3
57 113 1
394 738 1
571 667 1
684 221 1
189 951 2
831 100 2
689 711 1
719 352 3
461 6 1
847 507 3
911 949 1
369 144 2
280 598 2
800 726 3
277 457 1
404 727 3
38 788 2
858 806 2
861 489 2
954 821 2
673 739 3
288 706 3
378 664 3
271 153 1
142 23 3
456 907 1
207 648 2
49 587 2
680 365 3
306 660 2
341 817 3
752 994 2
593 775 3
43 460 2
255 256 1
378 608 2
308 650 3
97 277 2
238 852 2
477 995 2
522 674 2
76 940 2
596 36 2
476 843 2
909 417 2
331 438 1
758 619 3
496 527 1
698 845 1
378 191 2
685 808 2
935 83 2
659 633 2
771 490 3
104 470 1
182 10 3
850 186 2
620 216 2
72 188 2
593 72 1
281 279 1
698 438 3
347 47 2
742 917 1
506 869 1
522 98 2
110 614 3
82 47 3
10 32 1
503 409 3
329 836 1
848 283 1
744 609 3
384 834 1
862 991 1
802 797 1
19 449 3
315 495 1
579 229 3
216 200 2
782 688 2
128 384 2
686 879 3
404 578 1
873 413 3
665 249 3
604 425 1
780 332 1
491 212 3
344 461 2
975 643 2
839 315 3
137 158 3
503 967 1
165 730 1
528 781 1
29 859 3
611 310 1
101 365 1
542 907 2
126 187 2
42 899 1
707 133 1
2 259 1
782 830 1
534 645 1
792 920 3
336 100 2
500 635 2
928 777 3
812 65 3
344 611 1
60 432 3
840 290 3
451 116 2
573 397 3
916 531 3
373 610 1
930 710 1
819 514 3
444 105 3
785 113 2
63 516 1
694 569 1
826 413 1
569 623 2
575 550 1
252 414 2
845 836 2
668 605 3
343 587 1
43 854 2
766 225 1
620 901 3
704 102 2
837 42 3
561 560 1
967 920 1
748 48 1
872 791 3
67 777 1
122 470 3
270 382 3
466 298 3
680 323 2
706 35 2
364 466 2
180 200 2
310 225 3
532 375 2
689 254 3
870 355 1
948 188 2
628 992 3
415 969 3
522 622 1
117 20 1
807 413 3
220 488 1
921 707 2
550 586 2
316 791 2
36 447 1
264 201 2
651 109 2
717 745 3
652 788 3
189 475 2
377 913 3
78 585 1
382 997 1
106 466 2
26 290 1
903 835 3
743 940 2
603 967 1
209 268 2
249 366 1
846 578 1
669 728 3
825 436 1
329 90 1
344 680 3
243 774 1
229 547 1
801 941 3
9 842 2
410 526 3
901 886 1
635 310 1
352 175 1
145 429 3
614 435 2
24 689 3
727 208 3
852 552 3
686 670 1
420 730 3
238 390 3
913 274 2
825 307 3
656 524 2
513 408 1
154 978 3
825 8 3
350 550 2
1000 965 2
611 857 2
87 504 1
791 520 1
290 375 3
689 506 3
277 644 3
842 559 3
372 233 3
584 609 3
334 942 2
521 111 2
725 772 2
621 829 1
302 139 3
913 978 1
31 610 1
549 387 2
647 935 3
447 768 3
782 934 1
648 27 2
333 794 1
111 118 3
262 716 2
220 214 1
682 346 3
334 922 1
218 668 3
641 774 2
148 813 1
182 34 3
855 533 3
416 668 1
83 814 3
193 201 2
427 656 1
61 574 2
864 753 1
582 478 2
251 597 2
135 787 1
537 668 1
743 250 1
33 816 3
288 847 1
220 608 1
627 77 3
338 842 1
639 736 3
750 787 2
512 532 1
140 378 3
2 4 3
524 52 3
923 105 1
307 447 3
522 332 1
164 137 1
253 713 2
19 911 1
920 201 1
617 236 3
82 37 1
146 581 2
187 117 1
498 186 3
950 547 2
41 914 3
495 140 2
840 453 2
780 134 2
720 138 2
83 492 1
280 310 2
243 810 3
120 383 2
985 379 1
752 801 3
451 112 1
620 715 1
761 46 2
10 169 3
658 915 1
14 79 1
288 615 3
930 866 3
249 247 3
122 693 2
607 838 2
356 540 3
579 365 2
190 946 1
223 391 3
321 97 3
940 832 3
949 428 2
671 68 3
147 487 3
82 416 1
934 422 2
578 256 2
165 525 1
415 896 2
836 842 2
8 11 3
806 257 3
450 777 1
827 778 1
836 767 2
352 680 1
69 308 3
225 827 1
300 797 1
297 478 3
358 557 3
121 739 1
165 650 3
372 697 1
852 190 2
177 993 1
216 630 1
264 355 2
275 340 2
419 396 2
238 428 2
2 556 3
70 991 3
201 186 3
114 406 1
340 171 2
33 558 1
17 236 1
415 980 1
726 619 2
732 394 3
282 435 2
499 294 1
59 715 2
229 718 3
531 962 3
605 217 1
509 651 2
55 82 1
195 680 2
671 862 1
321 41 1
357 415 2
55 131 2
275 140 1
683 270 2
772 221 1
86 780 2
481 797 1
173 763 2
27 243 1
222 148 3
358 499 2
955 989 3
909 570 3
950 310 2
367 487 3
857 239 1
83 547 2
27 208 1
40 737 1
526 447 3
329 13 2
383 720 3
264 786 2
74 161 2
357 776 3
148 903 2
357 500 1
184 679 1
434 938 3
604 532 2
824 656 1
697 369 3
557 765 1
406 696 1
292 50 3
555 404 1
926 301 2
595 513 1
757 281 3
49 833 2
552 205 1
498 598 3
15 576 3
172 32 3
877 510 1
850 214 2
54 547 3
346 807 3
583 706 1
289 375 1
785 426 2
36 22 2
254 391 1
206 850 3
123 565 2
666 191 2
476 46 3
457 405 2
384 357 3
589 979 3
402 584 2
447 899 3
361 91 1
804 763 3
654 657 2
94 110 2
314 870 2
40 387 2
42 290 1
11 78 1
282 183 2
549 562 3
211 444 3
472 769 2
993 142 1
900 86 1
63 529 1
540 620 2
980 4 1
978 413 2
35 116 3
597 425 2
51 844 3
641 208 2
553 735 1
854 87 3
176 965 1
384 687 1
425 508 3
651 801 2
163 308 2
299 220 3
212 286 1
340 451 3
948 166 1
567 799 2
144 303 3
121 245 1
133 242 3
635 614 3
915 482 2
347 508 1
842 940 3
50 976 1
830 731 2
149 823 3
579 834 1
99 413 2
364 370 3
375 147 1
878 740 3
233 380 3
258 471 1
764 780 1
921 304 2
76 304 1
780 765 1
86 989 2
361 124 1
841 871 2
70 402 1
49 104 1
573 753 1
321 198 3
87 502 3
627 948 3
598 452 2
181 992 2
366 731 3
453 177 1
839 23 1
902 151 3
297 417 1
312 616 2
532 432 3
828 823 3
918 362 3
698 450 1
977 492 3
482 465 2
738 583 2
593 892 1
748 455 1
84 260 1
438 981 2
433 686 2
330 527 1
877 931 3
553 676 3
984 440 2
351 520 3
572 469 3
90 935 1
605 385 2
607 911 3
729 602 3
241 137 1
601 227 2
910 219 3
145 164 1
972 921 2
822 844 1
922 948 3
966 332 1
455 486 3
386 10 1
951 480 3
615 8 1
234 808 3
966 848 3
782 11 3
714 252 1
223 836 1
521 559 1
29 781 2
622 24 1
600 308 3
636 856 1
452 866 1
897 150 3
626 905 2
504 295 3
995 43 1
894 917 3
78 399 3
778 925 2
879 405 3
805 130 2
683 347 1
707 241 3
281 896 3
7 100 1
985 650 3
645 957 1
448 965 2
155 343 2
690 497 1
549 91 1
26 698 1
304 599 3
480 368 2
966 224 2
941 642 3
688 109 1
2 32 2
43 361 1
91 202 3
795 314 3
554 871 2
591 522 1
98 740 3
385 95 2
703 6 3
127 489 2
665 286 2
52 59 1
686 288 3
729 949 3
444 728 2
857 532 3
921 598 3
636 896 3
619 640 3
700 284 1
483 28 3
188 222 2
283 327 1
363 907 1
474 809 1
676 470 1
917 190 1
10 159 1
836 566 3
316 735 1
314 330 3
952 94 1
958 372 2
203 605 1
77 547 2
990 589 1
86 491 1
857 537 1
707 514 3
15 905 1
376 301 1
547 925 1
14 44 1
19 728 3
717 266 1
747 606 3
381 520 1
117 552 3
157 866 2
278 415 3
272 644 1
132 511 1
405 505 1
960 830 3
732 104 3
297 394 3
534 302 1
22 328 3
236 570 1
897 794 3
59 935 1
392 525 1
687 692 3
450 820 3
577 198 3
104 635 3
270 304 2
806 977 3
297 944 3
618 307 3
167 374 1
324 847 1
358 48 1
618 22 3
427 465 1
352 748 2
858 984 2
131 713 2
425 108 3
907 888 1
284 563 1
48 571 1
932 466 3
324 978 3
764 332 2
543 892 1
343 42 3
446 846 3
564 901 2
937 420 2
301 729 2
360 488 2
718 581 1
197 679 1
134 179 2
145 348 1
756 397 3
305 680 3
944 63 3
251 320 1
393 540 2
715 913 2
291 15 2
462 668 3
738 138 3
459 874 1
781 897 1
676 294 2
42 221 2
124 109 3
560 500 2
58 535 1
919 306 1
943 608 1
221 385 3
670 829 1
522 481 3
789 810 1
138 870 1
244 301 2
269 262 3
577 513 1
181 876 3
763 23 2
309 569 3
440 908 2
630 797 2
613 408 3
75 450 1
39 817 3
5 239 1
437 444 1
35 614 1
410 834 2
236 341 1
994 921 2
287 933 3
909 986 2
690 810 3
459 398 1
700 500 2
76 390 3
219 648 2
233 494 1
434 680 2
180 334 1
751 136 3
497 413 2
580 547 2
980 838 3
41 450 1
283 858 3
28 859 3
396 792 1
578 728 3
486 723 2
400 680 3
248 311 2
629 87 3
996 638 3
840 1000 2
672 519 3
233 617 3
742 930 3
230 460 1
373 752 2
754 943 1
771 483 3
463 636 3
108 948 1
391 545 1
379 435 1
30 812 1
66 716 2
105 546 3
64 881 3
49 520 3
187 763 3
214 259 2
343 421 2
629 56 3
215 34 1
268 93 2
311 680 1
286 807 1
348 35 1
156 942 1
521 443 3
105 674 3
564 464 1
320 287 2
186 631 2
550 752 2
782 285 3
443 219 1
21 416 3
775 350 3
640 871 3
944 242 1
34 390 2
304 635 1
123 334 3
616 780 1
785 277 3
85 635 2
249 609 3
274 608 2
730 257 3
724 512 2
212 830 3
1 138 2
430 918 3
163 422 3
401 194 1
526 136 1
13 700 1
267 290 1
54 96 2
200 994 3
321 91 3
450 548 2
347 777 2
587 278 1
475 410 1
57 132 1
72 81 3
158 868 1
11 646 1
251 282 1
626 947 1
665 84 2
33 206 3
751 88 1
645 727 1
699 50 1
169 759 1
189 592 3
199 809 1
437 580 1
852 720 2
622 945 2
165 381 3
594 191 3
154 759 2
44 50 1
108 623 2
423 356 3
4 207 2
193 64 3
809 794 1
741 792 3
845 426 1
398 468 2
710 503 3
249 964 3
725 701 3
11 92 3
354 519 3
593 743 2
373 17 2
166 316 3
207 143 3
924 624 2
630 704 2
339 701 1
482 897 3
300 851 1
654 74 2
367 688 1
386 588 3
523 642 3
152 900 2
586 110 2
824 405 3
755 174 3
426 853 2
293 649 2
302 621 1
586 389 3
549 232 3
412 83 1
356 520 1
889 36 3
161 875 1
91 38 1
814 419 2
694 155 2
784 628 2
124 167 3
96 600 3
134 459 1
13 31 3
459 504 1
802 728 3
576 94 3
988 130 3
603 132 3
457 814 2
143 571 3
251 105 2
549 151 3
347 581 2
357 832 1
108 642 2
144 584 2
826 54 2
1000 900 1
212 830 3
962 357 2
60 87 3
712 43 1
493 558 1
493 459 2
542 196 3
555 913 2
444 241 1
929 977 2
498 794 3
511 415 2
834 736 2
185 320 3
973 681 3
339 512 2
993 333 1
542 801 1
672 138 3
695 762 3
350 725 3
297 741 2
364 74 1
84 366 2
763 777 2
17 111 3
112 11 3
859 374 1
178 384 1
179 289 2
391 430 1
317 35 1
101 640 3
345 472 2
60 270 3
539 257 1
568 20 2
269 47 3
384 696 3
356 459 3
770 442 2
848 158 1
587 191 2
48 477 1
582 65 3
594 981 3
209 221 1
398 685 3
517 879 3
521 137 1
188 182 1
535 359 1
119 161 1
63 68 2
683 886 2
295 489 3
849 6 2
2 806 2
548 344 1
245 358 1
481 916 3
720 414 2
554 424 1
138 153 1
742 99 3
838 667 1
476 32 1
133 301 2
923 292 1
373 131 1
780 359 1
556 1000 3
121 596 2
898 902 2
397 840 2
918 649 2
11 72 1
589 581 2
607 93 1
657 245 1
374 940 1
859 732 2
750 900 2
150 672 3
329 602 1
498 840 1
730 513 1
472 940 1
116 669 3
264 981 3
754 663 2
966 329 3
954 330 2
750 952 2
208 239 2
498 826 3
468 55 2
578 637 2
818 163 3
373 747 3
11 328 1
522 83 1
512 653 1
931 677 3
165 752 2
954 273 1
719 577 3
715 673 1
265 29 1
457 63 1
278 323 3
22 44 1
2 1 3
760 499 3
414 83 3
366 647 3
631 888 1
74 42 1
977 369 3
287 724 3
477 583 1
410 994 3
413 408 1
60 80 3
88 363 3
180 202 1
318 408 2
81 203 1
28 128 1
40 422 1
45 137 1
591 186 3
807 965 1
748 198 3
6 897 2
842 261 2
61 48 2
705 285 2
942 779 3
770 691 1
369 763 3
124 234 2
608 406 3
330 10 2
549 467 2
913 27 1
204 301 1
15 38 3
755 427 3
314 334 3
429 573 1
342 886 2
609 326 1
638 415 2
505 378 3
660 770 1
412 723 1
982 540 2
273 921 2
487 670 2
491 89 1
247 510 3
29 375 2
669 216 2
334 815 3
603 467 2
76 484 3
356 911 3
387 836 1
750 929 2
191 252 2
158 793 2
877 978 3
45 683 3
833 669 1
23 41 2
825 140 3
494 443 3
472 3 3
380 942 3
546 999 2
192 155 2
220 758 1
534 354 1
836 442 3
183 276 2
820 951 1
4 910 1
606 810 1
327 360 3
581 459 3
929 551 3
346 573 1
179 924 3
312 537 1
877 33 1
597 527 3
16 234 2
236 252 3
481 737 1
625 831 2
601 314 3
56 1 1
391 237 1
900 254 3
691 939 3
28 784 3
914 411 3
570 765 3
321 366 3
136 707 3
627 784 3
975 974 2
502 790 1
812 132 3
977 609 2
59 594 3
786 163 3
845 818 3
383 659 2
636 673 3
783 751 1
212 823 2
66 998 2
23 197 2
248 276 2
541 158 1
398 659 1
7 810 3
289 776 3
5 28 3
716 269 2
81 244 3
194 643 2
175 389 3
223 492 2
273 971 3
135 962 1
454 666 2
659 55 1
373 77 1
614 339 2
582 992 1
190 195 3
737 197 3
167 185 1
677 546 3
794 332 3
133 45 1
111 820 2
873 7 3
423 641 1
669 876 2
99 109 2
230 500 3
321 510 3
445 151 1
424 92 3
227 787 3
67 37 2
497 557 3
473 785 3
933 22 3
679 913 2
443 845 2
788 882 2
238 461 1
953 522 2
101 243 2
80 441 3
327 968 1
520 899 3
100 255 1
134 496 2
237 123 2
845 915 3
87 130 1
360 380 1
634 808 3
738 868 3
182 469 2
858 800 1
817 581 3
228 781 1
415 445 3
597 834 2
128 705 3
67 133 3
320 849 2
240 732 2
733 671 2
981 209 3
60 457 1
718 276 1
730 941 1
245 961 3
234 794 3
754 613 3
1 817 3
81 678 3
660 744 1
764 741 2
742 354 3
166 396 3
806 768 2
543 532 1
982 832 1
371 54 2
963 225 1
463 459 1
589 881 3
811 143 2
239 589 2
156 346 2
761 904 2
129 942 1
51 784 2
414 5 2
631 707 1
579 157 2
52 334 1
671 507 1
394 48 1
823 544 3
66 118 2
99 199 3
144 584 1
650 585 1
866 124 3
757 224 3
927 869 1
550 104 3
520 847 3
509 68 2
715 186 1
23 193 1
196 493 3
704 98 1
43 585 3
989 293 2
281 949 2
390 782 2
850 355 1
429 276 1
439 780 2
709 284 1
167 385 1
770 159 2
403 526 3
97 509 2
985 93 1
440 100 1
172 510 3
232 841 2
689 358 2
794 7 2
503 421 3
810 619 2
974 340 1
772 580 1
552 139 2
785 349 3
89 441 3
250 803 1
241 642 2
46 985 3
225 505 2
909 992 2
81 84 3
916 702 3
814 394 2
156 22 1
348 388 1
466 395 1
809 497 1
174 206 1
361 595 3
505 770 2
32 225 1
888 571 3
953 720 1
506 159 2
739 585 1
42 397 3
774 877 2
390 560 2
325 40 1
937 491 3
897 159 1
794 313 3
385 334 2
987 412 2
425 976 3
502 965 2
85 879 1
813 324 2
291 773 1
731 306 1
520 592 1
995 104 1
60 865 1
307 297 1
146 169 2
783 505 2
798 219 3
205 826 3
448 920 2
425 955 3
374 184 1
128 285 3
398 109 3
848 667 1
552 727 2
595 667 2
210 886 1
495 698 2
652 19 1
949 810 1
490 692 3
896 608 3
345 261 1
460 893 3
473 439 2
417 904 2
892 647 3
263 414 3
307 452 1
999 336 3
506 108 3
279 849 1
111 581 2
810 253 1
982 892 2
106 764 3
261 861 3
615 255 2
425 212 2
257 794 2
754 90 1
892 131 3
370 448 2
991 325 3
627 992 3
985 763 3
390 9 2
251 678 1
54 112 2
387 327 1
505 608 3
565 444 2
96 809 3
387 266 1
612 896 2
559 943 2
985 152 3
311 277 3
515 676 1
249 814 2
89 712 1
830 91 1
285 456 2
512 89 2
402 347 3
423 450 2
269 970 3
9 229 1
424 268 3
327 914 1
177 750 3
374 661 1
704 77 1
915 624 2
615 404 2
622 433 1
922 313 1
667 616 1
534 181 3
618 531 1
566 364 1
231 318 3
577 321 2
713 927 3
357 826 3
196 523 1
47 540 3
208 485 2
910 636 1
872 920 3
682 830 1
524 779 3
623 348 2
134 880 1
421 117 1
425 541 1
414 289 2
132 801 2
422 147 3
366 108 1
837 778 2
819 591 3
32 186 1
448 429 3
503 452 1
950 808 1
767 385 2
208 481 3
504 238 3
157 299 2
217 513 1
627 110 1
292 771 3
829 677 3
724 665 2
398 970 3
33 685 1
252 430 1
843 367 2
848 719 2
486 973 1
302 940 3
591 836 3
155 608 1
330 940 2
244 396 2
791 719 1
24 404 1
468 232 2
905 492 3
458 281 1
221 768 3
270 642 1
669 624 2
938 248 1
532 565 3
5 941 2
321 714 1
612 554 3
159 922 3
291 639 2
819 104 1
744 646 3
238 711 3
461 792 1
421 2 3
46 598 2
370 345 3
33 164 1
304 127 2
842 287 2
301 875 2
378 487 2
108 730 3
870 869 2
147 452 1
450 32 3
996 375 2
106 646 2
923 443 2
100 331 2
736 838 1
762 919 3
988 229 3
682 697 2
379 391 2
450 300 1
257 157 3
249 313 3
202 361 1
582 448 2
214 375 3
634 643 3
77 683 1
138 135 1
376 526 3
715 878 1
768 7 1
151 905 3
442 917 2
665 519 1
959 473 1
933 748 2
67 911 3
9 427 1
3 7 3
756 197 1
429 192 2
800 266 3
80 119 3
559 289 1
272 370 3
6 377 3
785 38 1
349 317 3
316 921 1
828 601 3
103 610 3
240 265 3
745 940 2
610 912 1
486 186 2
202 579 1
642 110 2
909 256 3
367 142 3
504 329 1
681 499 1
59 546 2
902 879 1
749 766 1
874 619 1
497 636 1
100 47 3
817 420 1
896 455 2
163 566 1
563 746 2
806 958 1
804 749 2
424 450 2
346 632 1
268 30 2
213 7 2
186 440 2
893 729 3
565 937 1
694 633 1
93 62 3
287 948 3
629 256 3
226 395 3
505 567 3
82 629 2
698 29 1
721 122 1
385 460 3
684 891 3
941 933 1
502 947 2
571 832 1
472 587 3
798 907 1
675 260 3
338 779 1
417 278 2
739 96 2
298 471 2
456 736 1
615 569 1
58 931 2
164 416 3
770 922 1
264 400 2
882 335 2
769 912 2
974 272 3
573 788 1
116 379 2
525 584 2
139 2 1
341 434 3
382 982 3
701 466 3
869 559 2
814 736 2
391 266 3
457 628 2
74 117 1
288 527 2
466 77 2
558 6 3
471 872 2
270 276 2
657 240 2
932 514 2
829 873 3
481 4 2
64 974 2
283 211 3
216 248 1
5 9 3
275 777 2
981 421 3
680 695 3
792 627 3
307 299 3
677 627 3
279 134 3
785 438 2
873 675 2
45 294 3
476 733 3
278 378 2
769 733 2
65 767 3
701 302 1
803 341 1
42 734 2
717 957 1
266 224 1
127 54 1
264 196 1
205 938 2
926 916 3
418 586 2
533 68 3
735 684 2
240 751 3
953 878 3
707 53 2
291 605 1
505 183 2
585 291 1
465 711 2
636 604 1
924 368 2
569 306 2
824 667 3
297 408 2
580 322 1
486 821 3
453 250 3
244 612 1
675 519 3
137 130 1
106 938 1
657 924 2
540 105 1
836 71 3
962 244 1
357 22 1
660 353 1
219 646 1
691 427 1
309 176 3
653 184 3
825 605 2
495 266 2
969 120 3
838 605 3
33 108 1
21 982 3
759 438 2
100 104 1
975 438 2
33 576 3
4 131 2
85 954 2
241 374 3
689 100 2
829 924 1
844 688 1
891 901 1
749 894 1
101 170 2
360 852 2
105 493 2
737 518 1
383 614 2
439 435 1
874 861 1
810 374 1
346 457 3
845 754 2
127 888 3
979 999 1
190 257 2
494 118 3
183 418 3
399 48 3
834 306 1
115 171 2
451 159 1
763 649 2
329 294 2
515 382 2
790 681 3
484 765 3
239 381 3
499 647 2
100 381 3
666 334 3
100 345 1
354 990 2
541 872 3
49 974 3
432 578 3
902 780 3
497 656 2
25 674 1
211 294 3
792 381 2
534 740 3
10 92 1
76 440 3
77 395 2
350 551 2
101 973 2
262 523 2
302 484 3
259 941 2
981 638 1
178 593 3
436 251 1
430 888 3
624 641 1
600 415 3
138 321 2
963 549 3
315 641 2
356 543 3
73 205 2
908 253 1
433 567 2
486 559 3
436 440 2
874 633 3
74 943 1
512 770 2
74 832 2
334 221 3
475 555 1
730 334 1
240 386 3
902 557 1
58 908 1
529 776 2
876 215 1
656 270 3
513 690 2
769 900 1
889 869 2
418 96 1
510 87 3
397 949 1
290 67 2
437 127 1
199 922 1
571 558 1
6 70 2
851 712 3
247 558 1
941 714 1
374 593 3
69 528 2
246 610 2
495 143 3
375 403 3
295 235 3
296 135 2
407 175 3
646 693 2
233 81 2
701 791 2
432 262 1
445 832 1
33 596 3
102 725 1
544 342 2
730 773 1
331 705 2
153 614 1
178 565 2
995 182 2
993 821 2
508 923 2
50 859 3
438 897 3
779 835 2
735 8 1
110 156 3
378 144 1
423 795 2
277 648 3
987 963 3
226 698 1
267 744 2
422 568 3
704 71 1
93 145 1
326 154 1
631 881 1
147 492 3
652 322 3
477 30 3
978 255 1
168 495 2
68 823 1
950 367 1
995 290 1
695 993 2
947 33 3
541 870 1
912 736 2
168 271 2
393 293 3
657 418 3
896 721 3
994 438 2
949 80 2
95 344 3
130 588 1
611 267 3
649 336 2
766 475 1
736 733 3
481 323 1
302 385 1
242 868 3
632 340 3
432 209 2
822 522 2
416 236 3
827 811 1
107 41 1
892 435 3
252 564 2
875 273 2
110 528 2
811 409 3
43 110 2
518 797 3
256 822 1
596 948 1
39 656 3
605 729 3
357 155 3
726 109 1
12 616 2
721 194 1
975 718 1
528 121 1
119 122 2
693 798 3
533 732 1
7 559 3
121 88 1
60 146 2
855 371 2
948 240 1
324 391 3
842 449 1
851 931 1
667 444 3
289 506 3
904 105 1
236 410 2
540 859 2
383 441 2
210 114 1
674 630 2
279 455 1
179 247 2
765 138 2
237 469 1
610 913 1
83 742 3
585 837 3
148 493 3
345 399 3
975 337 3
225 701 1
302 774 1
198 671 2
506 891 1
758 734 1
130 830 1
673 207 2
723 550 2
115 1 2
248 285 2
172 409 3
926 97 2
536 936 1
606 487 1
976 486 2
448 616 1
393 808 2
151 394 1
63 749 1
622 13 1
649 210 3
232 395 1
160 338 3
91 160 1
742 665 1
136 351 1
57 60 3
952 460 1
881 947 1
37 871 3
317 847 3
809 713 1
332 292 3
240 123 2
659 283 1
779 92 1
869 615 2
451 931 1
651 975 1
705 392 2
489 520 2
431 46 2
107 280 2
969 181 3
748 802 2
138 827 2
443 615 3
975 787 2
458 887 3
292 469 2
59 943 1
61 369 1
82 836 3
553 497 3
148 243 1
525 563 1
280 552 1
116 736 2
374 487 3
376 182 2
210 208 3
739 92 1
799 896 1
411 433 2
623 707 1
390 595 1
191 651 2
999 163 3
408 642 3
113 203 1
229 706 3
800 876 2
94 309 3
89 165 3
631 873 2
30 532 1
916 491 2
653 948 2
672 178 1
740 814 2
466 531 2
21 745 3
210 147 1
486 514 3
315 555 1
380 131 2
14 30 1
38 757 3
903 771 2
137 570 3
943 328 1
704 588 1
16 25 1
828 105 3
617 779 3
137 371 1
960 187 2
393 442 3
854 601 2
851 275 2
352 190 1
20 24 2
133 250 2
88 209 1
430 391 3
169 568 2
641 200 1
261 269 1
86 193 1
769 809 2
256 909 1
865 247 2
63 493 3
534 648 2
499 150 2
80 274 3
653 677 3
72 615 3
176 537 2
608 511 2
894 128 1
428 911 3
341 342 2
122 69 1
82 924 2
121 90 2
776 764 3
478 681 3
913 660 3
993 911 1
470 628 2
192 939 3
877 53 3
487 587 3
950 826 2
703 770 2
859 970 1
654 41 2
587 265 1
941 596 1
467 190 2
100 862 3
932 139 3
662 815 2
572 590 1
314 814 2
299 590 2
798 378 3
356 272 2
71 940 2
847 441 2
561 240 1
332 156 3
240 735 1
226 794 1
331 757 3
212 562 2
672 591 3
483 143 3
739 410 2
300 558 2
974 701 3
746 902 3
612 783 3
768 228 1
28 516 2
595 651 1
180 515 2
924 603 3
313 61 3
72 218 1
520 686 3
732 876 2
242 714 2
262 307 2
49 295 2
192 485 1
219 540 3
822 637 2
654 863 1
573 674 1
36 343 1
259 36 2
292 670 3
574 87 1
537 477 3
636 309 1
393 685 1
874 341 1
206 757 1
768 42 1
675 805 2
554 862 3
797 470 3
959 184 3
59 284 1
966 866 1
434 451 2
10 197 2
327 858 2
681 154 1
966 445 1
53 76 3
727 287 1
482 244 3
147 601 2
239 390 2
292 884 1
631 542 1
889 468 3
138 52 1
330 642 1
250 464 1
122 61 1
965 98 3
88 836 1
248 545 3
557 129 1
350 992 2
392 79 1
383 755 3
315 31 2
467 494 3
561 708 3
615 66 3
111 745 1
220 355 3
384 936 1
529 591 1
934 797 2
825 865 2
893 272 3
549 982 2
251 640 2
151 113 1
172 487 2
249 893 2
240 3 3
358 984 1
590 314 1
5 144 2
921 777 2
302 118 1
43 240 1
491 590 2
964 159 2
441 808 3
307 973 3
829 352 3
585 918 3
818 655 3
313 246 3
973 665 1
304 266 1
247 643 2
825 520 3
896 309 2
310 676 3
580 861 2
784 23 3
160 770 1
621 69 2
784 512 2
855 16 1
371 220 1
508 332 1
884 835 2
488 101 1
296 540 2
33 698 3
963 954 3
67 492 2
208 806 2
845 947 1
325 529 2
68 419 3
835 449 2
172 542 3
292 428 2
316 366 1
249 444 3
511 301 3
220 386 3
116 436 2
829 983 1
863 241 3
627 439 3
376 959 3
257 436 2
110 852 3
884 985 2
995 141 2
42 66 2
46 862 2
164 201 1
585 145 3
542 794 3
110 403 2
294 232 2
594 679 1
754 135 1
376 556 2
233 340 3
4 10 1
578 864 2
456 48 3
668 699 2
927 743 1
45 940 2
76 163 3
451 250 1
132 133 2
33 859 2
848 647 1
878 273 2
805 870 2
583 86 3
154 546 1
269 960 1
998 718 2
822 359 2
886 893 3
243 694 1
150 834 2
378 368 1
188 973 1
211 41 3
185 651 3
413 870 1
995 610 3
199 60 1
846 344 2
289 136 2
903 149 3
390 437 2
513 992 2
602 320 2
441 513 2
781 91 1
348 401 2
619 953 1
812 523 3
664 547 1
803 367 2
934 16 3
556 575 3
382 693 3
725 257 2
850 740 3
891 346 2
672 613 1
186 940 2
813 451 2
142 992 3
204 218 3
279 626 2
853 577 2
213 866 1
350 766 1
970 472 2
923 768 3
393 431 1
886 138 1
540 49 2
668 781 1
571 107 1
656 809 1
963 114 1
464 710 2
724 255 2
753 326 1
63 85 2
595 88 2
16 979 3
769 649 1
993 73 2
514 794 1
755 98 1
447 350 3
399 357 2
178 340 1
175 181 1
113 814 1
212 500 2
733 861 3
728 59 1
314 425 1
277 238 3
204 497 3
83 638 3
212 22 1
169 644 3
94 953 3
145 262 1
91 126 1
687 711 1
264 455 1
942 434 3
988 322 3
707 951 1
664 254 2
767 285 1
777 178 1
783 7 2
544 274 3
111 297 1
701 438 3
153 225 1
658 197 1
355 831 2
477 126 3
799 144 3
185 899 2
595 347 3
354 193 2
51 417 3
566 254 1
3 468 2
609 124 1
566 537 3
221 576 2
977 967 1
666 417 3
103 654 1
69 101 2
955 371 3
683 433 3
57 849 1
504 182 1
449 342 3
271 432 1
124 899 3
316 712 3
25 996 1
145 533 2
92 622 2
168 689 2
64 549 3
453 173 3
290 915 1
393 366 2
955 976 1
96 4 2
263 61 2
22 670 1
468 804 3
68 371 3
679 472 3
612 290 3
592 407 1
151 11 3
718 987 1
767 736 2
358 176 2
520 671 3
744 381 3
566 294 1
59 486 1
234 592 1
39 69 2
692 616 2
52 110 1
896 960 3
708 637 1
589 75 1
587 905 1
390 50 3
655 647 3
74 93 1
379 596 1
95 780 2
39 762 1
212 435 3
542 189 1
836 925 2
181 1000 2
841 918 1
429 906 2
711 860 3
225 169 3
697 991 2
668 750 3
759 434 3
160 260 1
215 620 3
549 986 1
621 929 1
14 873 3
821 656 2
929 796 1
868 957 1
477 254 3
971 962 2
194 738 1
66 396 3
923 584 2
270 889 2
965 740 2
606 927 1
66 399 2
528 24 3
561 633 1
421 955 3
188 767 1
929 408 3
969 34 2
571 896 1
15 493 3
49 405 1
659 288 3
140 601 1
468 409 3
284 810 1
90 388 1
891 157 2
448 877 2
390 460 3
180 717 1
264 350 2
744 931 2
965 653 3
256 329 1
407 498 2
860 295 1
169 2 2
651 55 3
729 195 3
61 252 3
474 932 1
629 541 1
946 399 1
56 617 1
22 105 2
188 372 3
368 969 3
456 234 2
897 379 2
742 273 2
357 910 2
839 93 2
151 78 1
73 415 1
16 438 3
115 207 3
315 528 3
223 993 1
996 818 1
585 74 3
52 754 1
286 573 2
795 140 1
214 480 1
700 206 1
774 157 2
49 419 1
513 61 2
715 685 2
987 903 1
526 868 1
174 34 2
818 824 3
331 618 2
171 564 3
295 333 1
288 970 2
254 873 2
704 666 1
837 868 1
489 685 3
978 250 2
988 108 2
947 673 3
313 640 2
460 189 1
921 405 3
207 730 1
991 306 1
184 601 2
93 125 2
184 482 2
730 398 2
403 386 3
992 981 3
537 874 1
23 242 3
829 64 3
698 536 1
899 749 1
167 335 2
819 428 1
548 478 2
377 424 1
181 980 3
317 75 2
191 727 3
770 986 1
533 416 1
11 576 1
83 343 2
947 384 1
820 856 1
330 706 3
305 869 1
129 762 2
885 889 2
963 737 1
139 89 2
378 571 3
573 255 1
13 696 2
49 167 2
493 27 3
414 352 1
955 153 3
359 809 1
717 851 1
140 845 3
182 739 1
244 54 1
503 848 2
508 511 3
275 513 3
277 924 2
520 88 2
889 252 1
249 594 3
230 993 2
214 452 1
176 227 1
946 217 1
626 268 1
225 689 1
477 863 3
306 910 1
805 481 3
12 995 1
315 902 1
338 349 1
239 432 2
985 758 3
435 279 2
824 956 1
351 22 2
820 264 3
416 722 2
348 1000 3
171 462 1
43 477 1
925 79 1
281 639 2
274 674 2
505 370 3
554 742 1
58 910 2
950 195 2
21 114 1
815 752 3
936 57 1
141 878 1
837 729 1
5 13 2
610 295 1
464 195 1
491 448 3
347 579 3
976 853 1
216 5 2
700 482 2
997 636 1
626 30 2
86 552 2
292 687 3
9 557 1
956 35 2
346 404 3
329 255 1
57 876 2
563 209 3
950 480 1
348 980 2
431 561 1
480 717 3
486 58 3
610 756 3
12 26 2
308 691 1
865 939 1
871 484 1
138 655 2
125 363 1
284 64 3
670 752 2
170 852 1
561 923 2
306 134 2
248 322 3
331 576 1
789 164 3
883 10 3
832 78 1
95 882 2
13 439 3
661 931 1
353 702 1
141 316 2
773 121 3
78 197 3
179 760 2
611 264 3
563 562 1
625 928 1
70 73 2
26 836 2
327 803 1
312 671 2
35 412 2
966 408 1
759 397 1
689 849 1
612 750 3
806 265 1
507 357 2
481 364 1
868 135 2
827 299 2
436 113 2
510 721 2
259 528 1
530 982 2
229 201 2
903 529 1
49 236 1
395 122 2
495 854 2
264 914 3
6 55 3
372 989 2
153 864 1
91 243 1
773 889 2
197 207 3
684 149 1
778 441 1
204 277 1
423 665 3
48 253 2
213 719 3
525 427 3
763 702 1
969 972 1
359 481 1
155 916 3
711 870 3
291 110 1
13 29 2
668 601 3
536 295 3
288 57 3
503 527 2
643 36 3
984 863 1
743 941 2
427 158 2
314 369 2
711 14 3
820 908 2
48 784 3
49 777 1
301 740 2
2 8 2
646 671 2
203 345 2
591 945 2
469 427 3
942 938 2
418 109 1
155 375 2
898 931 3
261 466 3
113 510 1
672 221 3
116 249 1
792 757 1
47 508 2
973 620 2
474 105 1
364 670 3
14 238 3
621 466 1
560 162 2
819 666 3
585 300 1
733 330 1
609 960 3
863 849 2
730 975 3
595 261 1
631 292 1
270 415 1
559 42 3
461 644 1
85 612 3
185 724 3
551 637 2
617 387 1
893 453 2
408 200 3
389 220 3
927 184 3
481 450 2
429 760 1
544 200 3
359 413 2
757 238 3
397 766 3
822 831 3
776 194 2
716 269 2
536 308 2
48 120 1
43 575 1
996 203 1
351 230 3
623 294 2
357 797 3
766 175 2
135 479 3
736 642 1
250 693 1
222 284 2
502 549 1
202 350 2
697 612 2
152 995 1
847 957 1
519 810 3
546 338 2
545 268 3
401 809 1
255 807 3
62 910 2
149 291 1
169 626 2
429 955 3
523 663 3
477 616 3
906 627 3
456 162 2
353 285 1
399 216 2
825 853 1
403 220 3
782 162 1
266 808 3
201 21 3
705 118 1
993 187 2
726 202 1
44 63 1
218 784 2
923 534 3
952 687 2
50 415 1
549 44 2
56 85 3
835 8 1
301 180 1
170 106 1
241 674 2
347 815 3
964 708 3
787 627 1
118 132 2
107 493 3
33 583 1
989 530 3
895 936 3
340 698 3
908 718 2
167 954 3
476 573 3
192 193 3
121 309 3
389 983 1
754 442 3
93 120 2
290 391 3
703 878 2
283 815 2
528 856 1
50 123 3
627 404 1
469 977 3
44 330 2
576 401 2
446 800 3
107 120 1
617 535 2
300 266 2
824 532 1
684 413 1
83 849 2
719 396 2
549 751 3
145 176 3
945 955 2
272 445 1
377 217 1
666 629 1
724 91 1
715 661 1
3 605 2
945 848 2
269 325 3
29 107 3
11 154 3
977 227 1
808 52 2
223 232 1
214 774 3
342 263 2
771 510 1
60 745 3
433 516 1
71 624 3
32 54 1
641 55 1
109 322 3
722 93 3
108 163 1
997 297 3
719 722 1
149 112 3
220 283 3
818 363 2
104 28 3
698 798 3
951 110 2
198 597 2
131 350 1
589 293 1
590 963 2
460 222 1
762 382 3
233 737 3
742 196 3
313 271 1
215 974 3
92 652 1
28 56 2
975 204 1
322 989 3
337 163 3
14 416 2
535 781 2
361 376 2
545 832 3
723 260 1
306 956 3
404 566 2
513 84 3
903 497 2
540 500 3
445 141 2
543 648 1
18 490 1
108 656 3
401 200 1
538 594 3
730 195 1
183 823 1
873 532 1
231 371 3
334 78 2
117 250 3
260 903 3
85 139 3
57 988 2
288 133 2
660 399 1
538 32 1
869 638 1
623 857 3
92 526 1
463 916 3
349 124 1
3 317 3
846 667 2
360 123 2
54 228 1
29 113 3
527 735 2
579 900 1
552 965 1
120 433 3
148 591 3
103 562 3
176 718 1
502 960 3
132 913 3
801 588 2
527 900 2
920 615 2
960 572 2
787 929 2
99 845 2
78 625 2
564 15 1
654 784 1
408 247 1
68 311 2
478 957 3
72 209 1
330 198 1
507 132 1
27 795 3
802 775 2
577 365 2
671 755 1
53 51 2
849 178 3
722 330 2
86 392 2
374 108 1
760 663 2
507 179 2
458 793 2
899 656 2
281 291 3
523 266 2
645 595 1
375 90 1
215 164 1
509 297 1
284 944 1
778 457 1
61 129 2
261 148 3
241 829 3
720 901 3
465 612 2
501 330 3
203 147 3
870 419 2
151 553 1
907 231 2
946 427 3
54 747 1
412 801 1
905 888 2
805 954 1
308 664 2
59 395 1
211 274 1
640 852 3
630 663 2
446 715 1
837 147 3
390 995 3
774 218 3
912 165 2
336 893 3
244 865 2
316 368 3
624 660 3
123 820 3
501 398 3
344 368 2
56 422 1
321 273 1
188 480 1
313 883 1
709 715 1
160 38 1
229 584 3
811 553 1
312 438 1
540 675 3
64 735 2
177 669 3
183 661 1
456 630 2
842 561 2
435 87 3
512 608 2
462 508 2
162 293 2
576 37 3
810 237 2
313 820 2
173 208 2
124 453 1
730 75 3
668 926 3
384 54 1
771 373 1
944 739 2
41 432 3
656 83 2
740 442 2
609 377 1
10 96 2
230 405 1
732 269 3
112 924 1
89 695 2
6 871 3
611 802 2
825 255 1
177 311 2
996 361 3
757 960 3
377 254 1
132 925 1
380 666 2
249 338 2
921 594 2
630 471 2
873 337 1
329 382 1
766 555 3
820 454 3
802 394 1
771 254 1
614 880 2
756 526 2
102 613 2
769 983 1
979 614 1
561 661 2
118 711 1
278 524 3
789 956 3
531 537 2
901 172 3
656 723 2
395 28 2
451 377 3
648 731 1
697 884 1
809 669 3
667 893 3
74 623 2
621 742 1
299 337 1
417 809 2
670 107 3
9 78 3
664 651 1
110 315 1
319 156 1
56 264 3
273 89 2
3 149 2
337 405 3
54 492 2
599 362 1
422 242 3
563 903 2
819 864 3
121 349 3
64 762 1
25 79 3
186 795 2
380 370 2
784 576 2
777 854 1
946 538 3
230 937 3
482 956 1
348 851 3
174 625 2
671 706 2
518 499 3
630 975 3
191 382 3
30 268 3
964 400 3
319 687 2
322 978 1
776 564 2
58 15 2
449 952 2
868 155 3
953 614 3
563 809 3
920 581 3
939 447 2
570 709 3
614 761 2
771 684 2
824 811 2
214 830 3
93 186 2
598 258 3
705 300 1
989 529 3
727 108 1
534 570 3
260 137 3
329 706 3
63 552 2
956 600 2
852 552 3
790 51 3
813 192 3
647 404 3
432 243 3
915 648 2
656 875 2
180 898 2
199 153 1
169 540 3
889 9 2
910 896 1
357 122 1
670 879 3
187 682 2
7 772 1
850 759 2
393 635 2
231 485 2
813 29 1
658 1000 2
239 296 3
149 765 1
34 462 3
695 598 1
647 973 1
313 255 1
531 728 2
99 619 2
640 177 3
105 181 3
759 696 2
50 94 1
990 284 1
195 562 2
695 881 1
224 141 2
336 849 1
39 788 3
549 970 2
368 602 3
711 623 2
46 94 3
579 753 2
559 720 3
375 504 2
512 954 2
453 792 2
286 587 3
750 411 1
458 865 2
863 971 3
717 414 1
242 492 2
303 762 3
458 761 1
862 48 3
983 21 3
213 37 3
948 403 2
927 864 2
836 226 3
880 113 3
635 589 2
930 170 3
218 864 2
427 197 1
104 658 3
900 754 3
153 236 2
831 522 3
511 364 3
17 86 3
559 509 2
43 405 2
659 688 1
40 713 2
794 711 3
341 580 3
35 989 3
339 990 2
173 287 3
487 971 1
10 492 2
543 516 1
938 355 2
435 496 1
337 284 2
176 473 3
264 930 1
147 316 2
177 515 1
131 183 2
686 720 3
378 711 2
925 692 2
871 385 1
61 76 2
12 173 1
650 891 3
479 901 3
736 175 2
291 641 3
881 367 1
390 59 2
247 544 2
884 200 2
775 14 1
689 775 3
820 358 1
841 462 2
478 615 1
821 379 2
105 811 1
358 824 1
900 557 3
433 245 1
82 985 3
905 374 3
261 668 1
234 851 1
770 494 3
93 308 1
550 373 3
674 504 1
972 996 3
60 224 2
233 997 3
335 113 1
20 498 1
300 455 1
560 737 3
654 782 1
461 637 2
838 824 1
956 195 1
918 877 3
116 800 1
780 465 1
129 69 1
842 985 1
631 551 3
599 883 1
915 655 2
773 781 1
640 545 1
233 755 3
285 176 1
242 307 2
525 902 2
91 560 2
454 653 2
399 713 2
113 726 1
536 828 1
67 469 2
938 884 2
354 377 2
120 950 1
743 845 1
122 870 3
902 3 3
517 928 2
698 748 1
675 492 1
443 61 2
387 177 3
115 789 3
465 303 2
204 525 1
34 327 1
5 579 2
710 622 3
129 557 2
348 395 2
252 972 2
433 725 1
736 170 1
106 544 2
132 799 1
581 673 2
549 942 1
99 548 2
791 796 1
956 64 3
261 495 1
933 812 2
485 790 2
885 115 1
452 36 3
476 380 3
918 544 1
209 520 2
481 891 2
309 900 1
330 957 1
613 844 3
364 779 3
492 925 1
926 96 3
646 310 2
112 587 2
397 394 3
787 675 3
739 639 2
949 287 1
471 317 2
834 226 2
16 328 1
367 570 2
224 796 1
186 938 1
522 530 3
496 594 1
726 27 1
274 499 2
791 226 3
225 339 3
387 545 2
104 907 3
892 811 2
721 741 1
851 465 3
861 500 2
431 173 2
906 431 3
36 325 1
667 93 1
470 722 1
711 660 3
231 342 3
377 976 2
973 837 3
242 193 2
416 877 3
207 739 3
633 364 2
490 654 3
158 622 3
511 265 3
751 298 3
675 461 1
534 714 1
518 245 3
763 824 3
608 783 3
169 477 2
38 719 3
308 703 2
333 348 2
748 968 3
768 832 2
314 773 2
405 614 1
22 955 1
721 752 1
921 655 1
346 282 1
34 257 1
282 561 2
57 558 1
13 100 3
145 114 2
239 172 2
745 119 2
542 448 3
836 215 3
992 756 3
338 951 3
413 497 3
452 503 3
865 764 3
953 98 3
364 630 1
334 165 1
997 588 2
180 20 3
333 934 3
680 690 1
388 308 1
386 64 2
765 831 2
403 79 3
790 317 1
189 243 2
235 341 2
481 393 3
553 183 3
372 271 2
150 192 3
912 408 3
63 578 3
637 217 2
382 777 2
653 324 1
748 959 1
340 925 3
13 424 1
148 124 2
188 729 1
178 17 3
584 811 3
187 365 2
281 49 3
551 343 3
986 154 3
765 922 1
762 315 2
278 8 2
714 828 3
56 259 2
164 664 3
377 355 3
919 904 2
728 827 3
308 522 2
431 517 3
748 149 3
647 487 1
913 665 1
728 875 2
893 77 2
302 267 2
983 67 1
15 705 3
467 252 1
825 696 1
309 655 1
88 359 2
547 802 2
612 830 2
712 234 3
710 393 1
126 536 1
351 561 1
781 80 2
969 482 3
242 776 3
89 834 3
75 896 2
639 612 3
392 47 2
659 936 2
5 702 1
320 345 2
879 555 3
928 751 2
503 623 3
849 807 2
146 854 1
950 989 2
540 49 3
236 619 2
900 630 1
459 743 1
607 957 2
813 181 1
466 324 3
642 740 1
840 753 2
433 956 2
212 501 3
707 831 3
3 29 2
623 293 1
615 408 1
825 566 1
669 69 1
493 538 1
961 927 2
722 504 3
787 943 3
194 8 3
946 339 3
5 224 3
580 269 2
117 425 1
362 770 2
204 247 1
12 336 2
880 519 3
414 925 2
292 540 2
996 523 3
504 389 2
646 702 3
49 749 1
499 258 2
621 263 2
862 993 3
205 955 2
80 110 2
248 688 2
312 768 2
272 919 1
695 190 2
667 915 1
656 25 2
217 681 1
998 224 3
183 790 2
756 305 3
144 59 2
112 651 1
869 519 3
196 14 2
328 914 3
583 537 3
118 682 3
444 478 3
180 513 2
353 282 2
896 712 1
222 569 2
131 671 3
549 983 1
425 939 1
243 377 3
736 979 3
745 878 1
688 811 2
168 6 1
451 546 3
987 737 2
405 703 2
136 370 1
139 388 2
368 183 1
871 593 2
627 293 2
938 924 2
28 66 1
216 730 2
890 734 1
460 858 2
13 387 1
725 754 3
823 561 3
781 450 2
386 692 2
573 491 2
520 917 3
747 707 3
281 884 2
658 146 2
342 377 1
406 735 2
334 439 2
636 591 2
808 759 3
857 360 1
213 606 3
68 947 1
205 529 1
995 263 2
264 174 2
196 875 1
861 756 1
186 25 1
211 287 1
75 831 1
567 39 1
644 932 1
514 863 3
797 960 2
574 528 3
128 358 2
757 523 1
606 693 3
63 360 3
456 281 1
688 310 2
986 971 2
551 843 1
54 196 1
507 363 2
393 437 1
663 885 1
457 854 2
403 681 1
306 784 2
12 664 2
282 855 1
542 743 1
823 320 1
831 611 1
225 721 1
312 300 3
614 850 3
552 497 3
43 565 3
547 421 3
32 853 1
91 807 1
114 930 2
7 45 2
358 694 3
985 850 3
529 346 2
268 83 1
304 7 3
322 722 1
889 36 2
959 900 2
280 976 1
41 129 1
378 294 3
335 67 1
428 800 3
556 82 1
475 614 2
915 690 3
227 847 2
631 321 1
483 184 2
595 713 1
741 727 1
180 437 1
479 87 2
569 642 3
245 499 1
149 912 2
453 531 1
366 504 1
139 733 1
153 980 1
709 558 1
668 915 2
857 974 1
721 700 1
535 514 3
655 198 2
525 292 2
184 214 1
869 704 1
406 556 2
271 645 2
323 938 3
234 437 1
297 401 1
748 151 2
370 324 3
198 918 3
877 755 3
628 581 2
885 182 1
296 773 1
715 222 1
188 830 3
583 966 2
979 813 2
933 101 3
865 758 1
2 519 2
365 158 3
639 72 2
384 961 1
457 949 1
706 738 3
843 490 1
477 486 3
586 508 2
392 75 2
207 267 2
981 176 1
882 484 1
554 488 3
730 785 2
379 788 2
563 437 2
617 536 3
823 579 1
543 949 1
776 115 2
111 296 2
657 127 2
448 422 2
777 257 3
861 544 1
7 109 3
298 634 3
801 924 3
463 723 1
788 568 2
458 310 1
114 905 2
970 629 2
451 245 1
587 941 3
191 883 3
187 305 3
12 59 1
249 929 3
651 607 1
369 978 1
823 127 3
132 144 3
453 337 3
137 493 2
233 375 2
938 957 2
72 373 2
263 671 1
583 881 1
317 634 1
339 520 3
142 893 2
300 535 1
960 559 2
23 648 3
985 114 1
470 698 2
986 668 2
467 565 3
908 372 2
947 665 3
938 956 3
912 349 2
921 575 1
498 157 3
202 356 3
237 591 2
391 63 3
411 247 3
837 523 2
478 803 1
51 169 2
825 25 3
347 915 2
995 924 1
277 17 1
60 298 2
257 362 1
122 975 2
983 539 1
144 226 1
146 752 3
122 445 2
203 408 3
510 705 2
41 611 2
699 816 2
897 563 3
340 621 1
965 457 1
173 119 1
441 900 3
453 913 3
505 547 2
489 618 1
425 846 1
426 612 3
203 794 2
15 395 2
397 819 3
272 34 3
565 716 1
692 513 1
433 181 3
8 577 2
162 290 2
109 120 2
122 627 3
525 938 3
156 362 3
599 818 1
103 710 3
203 619 2
827 712 2
265 579 2
483 367 1
70 836 3
763 61 1
554 138 1
159 967 2
899 186 2
614 931 1
502 608 1
379 482 1
812 165 3
717 678 2
396 501 3
99 300 1
780 86 1
171 243 2
121 523 1
870 491 1
306 410 2
955 794 3
587 301 2
38 296 1
103 115 3
996 780 3
459 613 2
316 510 1
986 981 2
807 428 2
476 913 3
157 667 2
210 466 3
915 162 3
195 899 1
119 751 2
895 116 1
636 837 3
543 89 1
376 261 3
977 203 3
870 185 1
359 35 1
244 669 1
61 62 1
700 657 1
19 538 3
379 167 1
49 79 1
511 827 3
70 592 3
757 154 2
634 707 3
891 18 1
803 439 3
195 106 1
85 466 3
108 904 2
772 173 1
545 643 3
391 51 3
234 394 2
526 105 2
388 809 3
740 571 2
441 284 1
17 739 1
207 999 3
853 506 3
72 529 2
153 118 3
227 911 3
371 854 2
861 207 1
601 47 1
549 962 2
193 209 2
8 702 2
87 295 3
645 582 1
655 44 1
471 127 1
504 759 3
142 351 3
342 432 3
410 880 3
442 830 2
405 946 2
718 241 2
658 458 3
845 317 2
189 73 1
237 715 2
273 279 1
461 451 2
5 22 1
714 984 1
901 174 1
701 800 2
623 640 2
4 472 3
651 830 3
565 693 2
524 605 3
316 884 2
875 667 3
932 167 2
290 273 1
389 636 2
112 538 3
148 224 3
756 477 2
449 664 2
326 534 3
209 88 3
976 898 2
416 568 2
486 778 3
1000 721 3
773 243 2
192 534 3
914 439 1
52 145 1
957 858 2
323 370 2
345 159 1
386 160 3
928 389 1
17 807 3
166 661 2
755 263 3
177 654 3
2 622 1
906 244 2
494 265 3
329 653 3
690 889 1
322 203 1
797 193 1
396 865 3
167 336 1
734 966 3
669 286 2
443 842 3
401 846 2
20 491 3
271 288 2
194 721 2
971 851 2
133 247 1
377 84 1
789 345 1
865 82 2
777 635 1
505 162 2
183 572 3
263 195 1
554 416 2
190 208 2
189 454 1
255 120 1
79 48 2
543 466 1
986 121 1
393 409 2
621 576 2
879 106 1
403 19 2
627 953 2
112 423 3
14 167 2
558 159 3
613 928 1
474 696 3
55 184 3
214 548 3
15 949 3
914 270 3
870 568 2
741 714 1
728 592 1
254 641 1
669 817 2
1 12 1
685 315 3
478 798 2
61 839 1
227 376 3
24 496 3
301 850 1
50 510 3
790 183 3
108 43 1
1 71 1
222 706 1
710 382 3
590 981 1
166 643 1
454 289 3
537 981 3
162 96 3
721 912 3
101 974 3
370 735 3
6 802 1
246 701 3
212 581 3
662 810 2
154 541 1
370 299 1
978 687 3
216 565 2
265 362 2
24 211 2
376 926 2
157 914 1
365 849 3
88 192 2
463 147 2
972 456 1
357 721 2
515 916 3
533 412 2
526 164 2
311 151 2
358 693 1
931 746 1
660 474 1
800 194 2
885 755 1
459 601 3
826 868 2
681 979 3
101 689 1
856 313 3
699 282 2
897 274 3
225 419 2
94 34 2
860 396 2
219 491 2
916 115 2
809 365 2
7 24 1
784 461 1
265 83 1
623 683 1
460 750 2
536 753 2
286 263 1
745 299 2
614 844 3
978 826 2
920 766 3
854 347 1
753 221 1
231 667 2
993 494 2
501 339 1
382 34 3
424 1 2
861 823 2
123 118 2
40 197 3
260 910 1
119 662 1
881 835 2
595 212 1
298 876 2
479 295 3
432 326 3
757 34 1
369 201 3
705 90 1
190 468 2
923 71 2
37 647 1
360 308 1
261 737 1
254 531 1
628 366 3
267 288 3
958 882 1
769 3 1
713 675 3
76 523 3
3 128 1
239 142 2
747 160 2
422 709 3
151 484 1
405 375 1
544 862 1
569 50 2
56 640 1
964 518 1
576 656 2
452 447 2
582 691 2
2 277 2
177 690 1
293 930 3
291 853 2
88 242 3
236 983 1
667 476 3
671 687 1
317 466 3
49 358 1
120 970 1
602 81 3
538 921 3
38 598 1
116 1 1
273 326 2
932 622 2
775 927 1
765 140 1
940 668 1
151 618 1
133 142 1
109 971 3
280 478 1
274 445 2
421 727 2
876 952 1
673 488 3
290 691 3
195 522 1
432 86 3
640 965 2
361 231 2
908 303 1
950 505 1
991 337 1
674 26 2
103 490 2
447 582 1
320 662 2
570 470 3
361 152 1
653 739 2
910 874 2
961 321 3
129 639 2
277 39 3
809 317 3
572 106 2
650 705 2
40 713 2
164 354 1
896 95 2
265 387 1
122 671 3
825 798 2
797 539 3
767 265 3
446 950 3
574 878 3
890 761 2
949 706 2
807 255 1
26 65 3
403 949 3
817 576 1
211 952 3
867 735 3
758 20 2
573 824 3
304 386 3
266 256 3
514 127 1
394 2 2
890 132 3
2 665 2
254 128 2
286 918 1
865 701 1
403 815 2
709 204 1
691 491 3
676 118 3
952 879 3
253 654 2
156 434 2
322 931 3
424 665 3
646 162 2
772 936 1
806 40 3
375 564 3
460 14 3
308 434 1
791 665 2
267 574 2
794 728 1
848 136 1
478 647 1
481 499 3
3 190 3
94 428 1
134 796 1
115 705 2
274 794 2
302 977 2
259 449 3
643 120 2
872 913 1
316 339 2
736 609 1
374 838 3
6 470 1
185 57 1
55 403 2
633 193 3
850 940 3
45 326 2
437 727 2
567 690 1
462 790 2
231 98 1
274 808 1
412 803 3
827 255 3
298 570 1
156 848 3
72 772 2
299 980 1
474 237 1
391 627 3
255 600 1
765 673 2
641 810 3
534 272 2
716 814 2
792 314 1
265 255 3
881 266 2
977 947 3
21 846 2
618 947 1
648 320 1
133 279 2
825 803 2
200 28 2
531 672 1
944 720 2
440 722 3
149 337 1
425 598 3
418 465 2
750 352 2
287 803 2
573 319 2
480 562 3
537 628 1
159 573 3
49 143 3
842 305 2
267 862 3
754 475 2
976 450 3
262 312 2
442 324 2
387 744 2
917 302 3
297 40 3
492 576 2
920 868 2
81 484 2
110 768 3
334 690 1
739 552 2
988 275 3
211 322 3
591 573 2
9 157 2
798 956 3
702 514 3
710 763 1
377 8 3
892 842 3
625 968 2
805 27 1
454 467 2
409 530 2
176 53 2
626 804 2
6 467 1
80 826 1
696 921 3
693 156 2
25 52 1
48 369 3
459 629 1
794 471 3
17 35 1
657 2 3
662 610 2
986 847 2
8 19 1
46 441 1
590 969 3
398 513 1
786 215 1
962 568 3
419 557 1
338 950 1
529 359 2
149 580 2
556 985 1
62 119 3
401 96 2
239 604 2
26 581 1
989 761 3
367 362 1
93 726 2
849 927 3
732 494 2
227 794 1
297 746 2
49 124 1
98 563 3
252 702 3
95 622 1
966 505 3
686 77 1
942 953 1
480 526 1
638 829 2
752 662 2
350 408 2
811 921 1
656 183 1
338 240 1
662 194 1
540 103 3
937 790 3
290 635 3
474 412 3
732 802 3
295 782 3
639 892 2
452 345 2
655 637 2
632 134 2
98 983 1
424 875 3
817 895 1
147 129 2
556 883 1
644 331 2
368 825 2
793 829 1
197 46 2
104 947 3
642 410 2
750 885 1
6 27 2
605 897 3
519 147 2
175 264 2
796 67 3
211 446 3
168 590 3
155 593 1
24 276 1
960 953 1
295 96 3
295 103 3
12 924 2
411 520 2
487 222 1
482 902 3
620 624 2
630 872 3
348 128 1
825 280 1
690 108 2
779 291 3
365 30 3
839 163 2
704 91 2
502 974 2
323 884 2
165 444 1
172 486 2
660 468 2
80 749 1
869 134 2
492 950 1
895 242 3
359 209 2
559 717 1
724 614 3
796 945 2
239 135 1
710 321 2
134 903 1
243 378 2
78 717 3
636 273 3
983 861 3
180 641 2
702 568 2
704 697 3
257 396 1
388 15 2
178 89 2
422 11 3
647 836 2
873 338 2
730 697 2
841 782 1
838 262 3
911 427 1
184 179 1
811 163 1
225 25 2
179 198 3
673 483 3
945 897 1
638 711 2
803 760 2
807 494 3
613 358 1
688 205 3
918 272 3
485 364 2
285 140 2
412 63 3
108 524 3
400 623 2
121 174 1
764 460 2
399 954 1
445 985 3
281 394 2
713 875 3
219 135 3
939 234 1
875 4 1
246 813 2
124 475 1
49 32 2
231 256 1
687 147 3
366 958 2
128 800 2
117 981 2
318 699 2
250 343 1
59 935 3
237 80 3
728 826 1
994 952 2
330 401 2
750 576 3
647 826 1
72 873 3
228 232 2
930 593 1
750 672 3
774 574 1
89 866 1
772 265 2
268 939 2
584 853 2
570 867 1
786 133 1
405 333 2
784 481 2
23 305 1
438 733 1
169 518 2
330 688 1
287 948 3
390 405 3
65 428 2
16 877 1
35 761 1
672 933 1
839 768 3
847 513 2
272 352 1
236 229 1
179 758 1
838 536 3
450 427 2
79 427 3
698 716 3
717 565 2
958 931 2
396 416 1
642 141 3
118 856 3
792 323 1
738 342 3
465 724 3
197 541 3
431 91 1
56 883 2
926 795 2
209 705 2
333 740 3
12 136 1
423 187 1
428 108 2
53 300 3
384 877 3
657 323 1
368 43 2
315 69 3
240 642 3
315 551 2
133 365 3
975 106 2
580 680 2
87 53 3
537 938 2
243 149 1
835 836 3
736 293 1
590 680 1
430 429 1
112 420 1
372 688 3
231 713 2
803 931 2
628 587 2
107 356 1
8 456 1
255 67 3
807 389 1
683 240 2
539 525 3
865 915 1
785 761 1
236 429 2
153 540 2
419 198 1
2 5 1
108 195 3
359 575 3
164 675 3
46 115 1
655 928 3
815 421 1
22 395 2
331 845 2
748 131 2
899 558 2
166 803 1
441 727 2
951 189 1
608 314 1
773 221 1
117 333 3
595 948 3
736 747 1
111 261 1
658 282 3
956 801 2
68 577 1
490 853 3
89 105 1
180 121 1
861 420 3
736 909 3
874 774 3
445 543 3
245 778 2
529 9 3
297 662 1
22 806 1
724 962 2
705 259 1
762 840 2
503 490 1
399 666 2
668 779 3
707 468 1
83 770 1
383 762 1
6 425 1
451 745 2
46 262 1
236 321 1
690 303 2
445 667 1
723 924 3
941 981 2
337 134 3
896 73 3
406 428 3
764 917 2
993 242 3
11 179 3
66 755 2
409 609 1
492 271 1
199 643 3
782 985 1
772 121 1
337 232 1
7 36 1
956 71 3
922 536 3
967 625 2
108 971 1
351 112 3
128 220 3
51 449 3
969 793 3
590 646 1
711 838 3
850 279 2
46 524 1
889 193 1
443 546 1
556 734 3
361 157 1
277 177 3
87 189 3
727 988 1
347 562 3
327 957 3
649 433 3
190 508 2
594 966 3
466 365 3
14 637 2
594 983 1
317 804 1
455 150 3
10 884 2
178 408 1
351 983 3
37 262 2
156 409 3
891 57 3
395 743 2
961 695 3
317 465 1
78 312 3
47 125 1
470 566 3
815 104 2
351 389 2
161 901 3
183 365 2
774 767 1
4 772 2
536 78 2
49 867 2
831 899 3
33 709 3
345 247 3
599 934 2
190 844 2
806 434 1
149 646 1
544 178 1
255 382 1
15 688 2
873 558 2
347 668 1
25 823 1
278 797 2
935 154 2
682 320 2
50 712 2
862 922 1
455 108 1
171 481 1
906 881 3
668 450 3
43 700 3
991 433 2
941 354 3
461 693 3
106 674 3
203 894 2
22 127 2
729 948 3
411 486 1
509 543 1
13 819 2
496 996 1
459 613 2
645 718 3
101 366 1
666 19 2
272 8 1
240 513 2
274 34 2
656 911 2
720 343 2
726 698 1
547 526 3
50 88 2
135 753 3
288 462 3
748 706 2
116 129 1
931 670 1
398 50 1
222 330 3
534 905 2
775 202 3
707 466 2
873 408 1
726 615 1
671 776 1
947 831 2
225 556 3
855 517 2
532 26 2
813 268 1
214 315 2
330 460 3
946 216 1
104 353 2
841 261 1
726 837 3
153 592 2
729 465 1
665 449 1
504 39 3
523 330 1
157 326 2
620 604 1
911 212 2
795 185 3
877 384 1
636 477 3
915 365 2
127 974 2
88 22 1
548 967 2
704 641 2
769 415 3
351 532 1
272 752 1
996 146 2
327 804 2
508 297 1
43 924 1
485 614 3
189 819 3
999 229 3
860 551 3
594 353 2
482 117 3
443 963 2
116 150 2
843 345 3
671 827 1
116 716 2
650 926 1
883 48 2
330 298 3
844 452 1
111 771 1
830 206 1
357 12 2
753 801 1
413 966 3
694 143 2
276 829 1
955 974 2
697 148 1
167 440 3
941 103 3
558 104 2
254 192 1
244 609 2
61 265 3
308 281 2
928 99 1
734 863 3
600 417 2
550 694 2
588 315 3
17 933 2
322 695 3
115 986 3
224 721 3
269 467 3
91 178 2
31 875 2
202 769 2
209 553 3
481 505 2
89 584 1
963 446 3
35 338 1
530 319 3
382 867 1
813 430 1
470 386 1
238 108 3
312 36 3
708 395 2
126 970 2
370 560 3
589 945 2
87 976 3
292 798 1
515 651 1
275 505 1
721 673 3
76 652 2
118 666 1
926 751 3
548 547 1
389 78 3
941 8 2
554 909 3
391 463 1
333 158 2
642 102 3
593 470 3
605 655 3
323 152 3
106 215 2
901 503 3
392 172 3
693 710 2
812 500 1
911 206 1
239 195 2
281 229 1
54 548 3
691 158 1
264 751 2
352 515 3
629 797 1
20 21 3
934 853 1
755 578 3
390 253 2
245 586 1
83 436 1
416 47 3
322 942 1
899 268 2
787 439 2
300 931 2
818 116 1
71 400 3
371 868 1
48 179 3
412 684 3
638 67 1
26 515 2
302 668 2
572 830 2
510 637 2
513 667 3
17 477 1
288 468 1
924 545 1
676 374 2
32 255 1
14 715 2
771 520 2
895 16 1
879 191 3
558 609 3
551 524 3
997 907 1
285 359 2
93 194 1
597 760 2
354 670 2
580 265 2
651 193 2
425 482 1
520 985 3
686 629 3
776 374 2
985 124 1
988 596 3
877 874 3
380 569 3
372 52 2
612 842 1
627 486 3
660 882 3
251 767 3
89 382 2
315 340 3
30 393 2
226 144 3
189 519 2
650 674 1
203 999 2
393 205 3
164 904 1
156 889 2
25 917 3
929 174 3
686 707 2
612 233 3
2 238 3
892 820 2
41 90 3
163 157 2
35 661 2
33 603 3
999 357 3
338 598 1
448 165 3
375 999 2
424 521 1
619 105 1
391 269 2
536 900 2
979 27 1
748 807 2
672 800 3
127 672 3
885 783 1
313 383 2
824 970 3
972 998 1
150 722 2
677 701 3
41 674 2
294 150 2
637 416 2
962 374 1
989 673 3
475 515 3
704 915 1
979 281 3
723 786 2
281 779 2
189 418 2
359 740 3
676 824 1
653 781 2
415 801 3
906 227 3
722 802 2
11 437 2
643 116 3
100 151 2
283 384 1
617 735 3
315 374 3
724 661 2
343 644 3
774 12 1
457 419 1
465 517 3
78 233 3
424 836 3
282 941 1
924 173 1
568 727 2
541 140 1
691 101 3
833 494 2
30 810 2
324 745 2
203 438 3
88 432 1
124 868 1
70 649 2
696 736 3
333 555 2
864 95 1
986 816 1
93 107 2
560 214 2
800 942 1
550 415 3
871 82 1
680 606 2
780 728 1
718 656 1
166 805 3
189 941 2
459 446 1
55 397 2
34 77 2
325 603 2
619 524 3
763 664 2
401 686 3
16 292 2
563 494 3
6 508 2
465 29 2
624 425 3
934 864 3
381 109 3
522 959 1
980 173 2
505 338 3
441 382 2
282 224 2
230 477 2
881 932 1
872 328 1
910 758 1
236 334 2
817 624 3
871 966 1
84 597 2
242 125 2
124 729
