2500 2500
267 268
830 831
441 442
60 61
395 396
821 822
434 435
345 346
290 291
446 447
338 339
567 568
981 982
374 375
667 668
242 243
773 774
173 174
917 918
884 885
489 490
437 438
681 682
182 183
676 677
701 702
409 410
203 204
266 267
566 567
749 750
883 884
17 18
244 245
783 784
407 408
682 683
372 373
301 302
501 502
213 214
110 111
808 809
683 684
917 918
737 738
635 636
475 476
723 724
790 791
221 222
613 614
644 645
753 754
541 542
682 683
588 589
531 532
586 587
187 188
230 231
538 539
408 409
98 99
70 71
10 11
871 872
897 898
416 417
974 975
841 842
537 538
792 793
118 119
904 905
349 350
720 721
935 936
784 785
118 119
185 186
838 839
344 345
760 761
918 919
405 406
927 928
609 610
818 819
620 621
542 543
563 564
236 237
718 719
625 626
885 886
249 250
661 662
710 711
712 713
846 847
878 879
115 116
277 278
358 359
883 884
988 989
81 82
649 650
794 795
228 229
828 829
194 195
609 610
605 606
369 370
972 973
403 404
409 410
249 250
308 309
345 346
549 550
309 310
357 358
297 298
430 431
363 364
402 403
256 257
730 731
958 959
847 848
455 456
205 206
668 669
463 464
142 143
844 845
716 717
786 787
271 272
307 308
585 586
409 410
322 323
147 148
13 14
497 498
680 681
185 186
410 411
424 425
5 6
109 110
925 926
486 487
389 390
674 675
574 575
202 203
173 174
986 987
872 873
923 924
599 600
620 621
384 385
288 289
358 359
688 689
20 21
837 838
841 842
986 987
291 292
318 319
521 522
939 940
784 785
405 406
299 300
873 874
231 232
757 758
225 226
745 746
439 440
543 544
238 239
236 237
284 285
946 947
122 123
561 562
808 809
598 599
735 736
95 96
825 826
436 437
121 122
155 156
281 282
136 137
908 909
655 656
978 979
230 231
475 476
572 573
107 108
35 36
840 841
923 924
973 974
126 127
157 158
406 407
801 802
872 873
407 408
217 218
387 388
958 959
131 132
758 759
851 852
223 224
10 11
188 189
713 714
735 736
740 741
105 106
314 315
439 440
2 3
530 531
403 404
279 280
379 380
866 867
723 724
149 150
814 815
5 6
21 22
770 771
273 274
69 70
690 691
845 846
787 788
545 546
301 302
187 188
357 358
909 910
609 610
374 375
295 296
82 83
99 100
41 42
254 255
828 829
59 60
129 130
774 775
850 851
841 842
228 229
750 751
464 465
905 906
337 338
658 659
214 215
685 686
757 758
975 976
930 931
307 308
454 455
796 797
373 374
767 768
402 403
684 685
171 172
615 616
53 54
986 987
187 188
753 754
632 633
27 28
35 36
979 980
811 812
205 206
81 82
900 901
860 861
34 35
235 236
50 51
812 813
330 331
672 673
404 405
578 579
590 591
216 217
178 179
520 521
573 574
878 879
253 254
4 5
917 918
722 723
326 327
684 685
409 410
735 736
576 577
413 414
145 146
662 663
264 265
722 723
395 396
312 313
111 112
587 588
198 199
868 869
673 674
213 214
713 714
726 727
339 340
351 352
366 367
175 176
954 955
687 688
385 386
664 665
350 351
415 416
387 388
970 971
726 727
919 920
207 208
387 388
792 793
112 113
622 623
271 272
28 29
315 316
376 377
258 259
326 327
444 445
737 738
487 488
625 626
3 4
819 820
947 948
573 574
16 17
878 879
82 83
16 17
626 627
222 223
556 557
177 178
881 882
150 151
544 545
922 923
435 436
953 954
27 28
349 350
683 684
795 796
650 651
310 311
872 873
698 699
60 61
126 127
690 691
870 871
631 632
76 77
469 470
182 183
132 133
520 521
739 740
427 428
36 37
61 62
31 32
799 800
409 410
776 777
879 880
389 390
700 701
150 151
332 333
546 547
561 562
320 321
107 108
127 128
411 412
674 675
704 705
841 842
482 483
615 616
812 813
940 941
669 670
119 120
527 528
61 62
900 901
914 915
713 714
838 839
362 363
317 318
222 223
758 759
498 499
514 515
503 504
809 810
719 720
164 165
136 137
6 7
125 126
504 505
387 388
5 6
589 590
211 212
740 741
409 410
515 516
225 226
520 521
19 20
196 197
575 576
915 916
239 240
100 101
419 420
555 556
62 63
608 609
137 138
742 743
466 467
928 929
285 286
878 879
43 44
307 308
49 50
598 599
282 283
477 478
625 626
151 152
143 144
48 49
534 535
339 340
329 330
973 974
110 111
149 150
896 897
228 229
390 391
396 397
228 229
402 403
219 220
306 307
173 174
751 752
397 398
364 365
212 213
226 227
104 105
352 353
45 46
595 596
213 214
494 495
44 45
802 803
132 133
454 455
776 777
474 475
381 382
682 683
653 654
497 498
748 749
659 660
95 96
809 810
36 37
357 358
63 64
701 702
26 27
32 33
172 173
588 589
498 499
81 82
811 812
343 344
913 914
896 897
699 700
537 538
588 589
226 227
689 690
307 308
997 998
975 976
271 272
978 979
19 20
576 577
163 164
552 553
547 548
237 238
257 258
207 208
306 307
814 815
701 702
720 721
674 675
25 26
782 783
345 346
169 170
312 313
606 607
58 59
982 983
508 509
10 11
514 515
833 834
218 219
542 543
827 828
321 322
220 221
512 513
300 301
234 235
55 56
559 560
428 429
235 236
291 292
750 751
116 117
522 523
604 605
428 429
406 407
727 728
402 403
58 59
670 671
260 261
701 702
62 63
372 373
503 504
413 414
510 511
133 134
132 133
522 523
847 848
621 622
725 726
715 716
513 514
598 599
943 944
374 375
72 73
439 440
867 868
258 259
271 272
53 54
529 530
791 792
455 456
528 529
871 872
903 904
170 171
639 640
747 748
121 122
370 371
915 916
592 593
58 59
456 457
24 25
190 191
14 15
178 179
971 972
359 360
815 816
612 613
861 862
585 586
817 818
254 255
527 528
824 825
598 599
636 637
561 562
298 299
464 465
713 714
85 86
515 516
98 99
421 422
151 152
333 334
664 665
644 645
738 739
292 293
714 715
628 629
642 643
843 844
195 196
830 831
588 589
497 498
101 102
871 872
901 902
124 125
491 492
182 183
55 56
409 410
196 197
791 792
609 610
124 125
136 137
466 467
95 96
396 397
175 176
236 237
728 729
445 446
51 52
528 529
918 919
171 172
82 83
733 734
69 70
846 847
591 592
228 229
404 405
937 938
574 575
679 680
155 156
47 48
527 528
462 463
14 15
453 454
962 963
605 606
591 592
227 228
743 744
695 696
407 408
177 178
353 354
364 365
723 724
634 635
626 627
985 986
559 560
120 121
83 84
3 4
610 611
886 887
353 354
317 318
979 980
204 205
466 467
347 348
285 286
771 772
84 85
420 421
818 819
911 912
234 235
670 671
523 524
554 555
253 254
510 511
291 292
441 442
671 672
681 682
908 909
378 379
760 761
308 309
189 190
956 957
64 65
794 795
395 396
168 169
457 458
168 169
97 98
743 744
429 430
714 715
975 976
634 635
142 143
111 112
909 910
863 864
569 570
907 908
850 851
374 375
251 252
748 749
443 444
301 302
599 600
788 789
884 885
877 878
845 846
711 712
358 359
224 225
398 399
188 189
979 980
426 427
703 704
181 182
964 965
532 533
344 345
142 143
742 743
102 103
311 312
912 913
351 352
114 115
153 154
559 560
639 640
85 86
952 953
167 168
186 187
792 793
826 827
209 210
474 475
260 261
104 105
537 538
844 845
190 191
884 885
790 791
146 147
518 519
718 719
276 277
619 620
69 70
913 914
319 320
319 320
961 962
220 221
527 528
634 635
992 993
797 798
795 796
584 585
4 5
794 795
850 851
465 466
478 479
470 471
994 995
328 329
975 976
579 580
848 849
52 53
445 446
347 348
933 934
699 700
427 428
553 554
700 701
716 717
574 575
67 68
457 458
669 670
728 729
928 929
585 586
73 74
555 556
138 139
909 910
603 604
179 180
641 642
609 610
651 652
642 643
472 473
519 520
921 922
803 804
542 543
839 840
807 808
309 310
630 631
673 674
669 670
659 660
484 485
427 428
740 741
799 800
159 160
694 695
979 980
841 842
519 520
838 839
208 209
979 980
833 834
520 521
439 440
778 779
982 983
178 179
741 742
696 697
599 600
485 486
352 353
843 844
286 287
25 26
563 564
822 823
10 11
192 193
912 913
651 652
212 213
952 953
801 802
816 817
168 169
494 495
861 862
666 667
97 98
565 566
403 404
973 974
170 171
173 174
259 260
900 901
928 929
416 417
156 157
576 577
642 643
316 317
146 147
723 724
532 533
45 46
198 199
353 354
581 582
394 395
309 310
758 759
862 863
699 700
832 833
425 426
299 300
442 443
353 354
889 890
796 797
769 770
51 52
564 565
58 59
934 935
857 858
164 165
220 221
507 508
742 743
544 545
18 19
561 562
450 451
395 396
423 424
265 266
412 413
793 794
469 470
713 714
964 965
664 665
386 387
214 215
792 793
548 549
181 182
254 255
715 716
128 129
572 573
778 779
764 765
109 110
234 235
799 800
253 254
714 715
221 222
562 563
972 973
186 187
568 569
498 499
41 42
534 535
131 132
377 378
135 136
961 962
22 23
105 106
611 612
178 179
160 161
768 769
665 666
636 637
466 467
565 566
634 635
918 919
10 11
48 49
984 985
685 686
655 656
687 688
288 289
23 24
518 519
216 217
141 142
812 813
560 561
925 926
517 518
543 544
249 250
596 597
917 918
798 799
210 211
450 451
602 603
30 31
185 186
760 761
858 859
260 261
436 437
739 740
424 425
128 129
514 515
353 354
376 377
300 301
310 311
43 44
231 232
884 885
326 327
826 827
768 769
659 660
484 485
967 968
104 105
750 751
397 398
863 864
739 740
173 174
832 833
956 957
720 721
880 881
485 486
710 711
808 809
920 921
194 195
664 665
419 420
744 745
518 519
399 400
628 629
82 83
806 807
433 434
175 176
619 620
283 284
79 80
803 804
88 89
57 58
77 78
849 850
4 5
220 221
845 846
402 403
276 277
313 314
755 756
369 370
712 713
314 315
867 868
371 372
40 41
668 669
152 153
984 985
481 482
878 879
214 215
58 59
686 687
782 783
354 355
38 39
874 875
452 453
983 984
216 217
786 787
222 223
828 829
429 430
284 285
588 589
732 733
932 933
227 228
498 499
702 703
181 182
632 633
147 148
603 604
232 233
768 769
414 415
140 141
904 905
179 180
477 478
751 752
802 803
892 893
96 97
822 823
962 963
619 620
122 123
673 674
802 803
162 163
343 344
519 520
942 943
690 691
396 397
839 840
983 984
66 67
662 663
978 979
811 812
76 77
83 84
613 614
700 701
378 379
10 11
692 693
790 791
401 402
822 823
488 489
30 31
407 408
234 235
383 384
318 319
748 749
407 408
11 12
385 386
953 954
15 16
379 380
712 713
451 452
762 763
208 209
34 35
362 363
701 702
691 692
141 142
197 198
250 251
322 323
908 909
68 69
460 461
196 197
881 882
638 639
247 248
630 631
928 929
658 659
307 308
705 706
297 298
684 685
844 845
577 578
210 211
623 624
52 53
355 356
490 491
716 717
633 634
404 405
384 385
406 407
341 342
472 473
673 674
283 284
998 999
75 76
416 417
760 761
993 994
163 164
839 840
701 702
907 908
903 904
113 114
600 601
847 848
383 384
917 918
971 972
798 799
683 684
346 347
354 355
695 696
123 124
648 649
965 966
777 778
318 319
763 764
217 218
925 926
876 877
143 144
938 939
905 906
744 745
7 8
108 109
465 466
232 233
350 351
534 535
984 985
162 163
224 225
915 916
419 420
336 337
424 425
280 281
58 59
165 166
492 493
459 460
413 414
682 683
988 989
596 597
990 991
566 567
524 525
936 937
30 31
388 389
502 503
499 500
370 371
726 727
688 689
280 281
153 154
964 965
324 325
398 399
687 688
983 984
128 129
407 408
606 607
806 807
482 483
805 806
35 36
780 781
968 969
773 774
896 897
160 161
133 134
739 740
92 93
289 290
442 443
632 633
251 252
210 211
334 335
421 422
419 420
146 147
96 97
777 778
760 761
650 651
902 903
882 883
47 48
474 475
911 912
5 6
19 20
764 765
987 988
869 870
968 969
414 415
922 923
260 261
862 863
406 407
932 933
445 446
924 925
352 353
122 123
97 98
813 814
277 278
641 642
888 889
703 704
647 648
88 89
423 424
20 21
100 101
443 444
503 504
722 723
258 259
94 95
163 164
692 693
902 903
657 658
517 518
722 723
77 78
324 325
603 604
52 53
594 595
861 862
90 91
761 762
347 348
990 991
445 446
962 963
842 843
458 459
8 9
899 900
4 5
549 550
566 567
281 282
851 852
135 136
697 698
393 394
93 94
812 813
264 265
687 688
641 642
634 635
119 120
185 186
501 502
570 571
814 815
631 632
625 626
19 20
975 976
694 695
389 390
100 101
723 724
374 375
290 291
38 39
813 814
507 508
912 913
586 587
480 481
926 927
968 969
189 190
231 232
369 370
853 854
32 33
810 811
888 889
524 525
486 487
569 570
471 472
549 550
681 682
230 231
792 793
526 527
729 730
728 729
845 846
120 121
728 729
297 298
743 744
725 726
262 263
264 265
654 655
594 595
333 334
963 964
558 559
238 239
242 243
991 992
580 581
144 145
544 545
234 235
806 807
420 421
408 409
689 690
516 517
203 204
105 106
512 513
153 154
244 245
342 343
301 302
757 758
702 703
177 178
58 59
794 795
580 581
236 237
42 43
890 891
998 999
350 351
740 741
407 408
174 175
157 158
395 396
186 187
893 894
563 564
488 489
577 578
722 723
217 218
225 226
686 687
973 974
712 713
245 246
752 753
655 656
431 432
170 171
401 402
631 632
575 576
824 825
276 277
11 12
689 690
154 155
591 592
794 795
821 822
458 459
725 726
12 13
820 821
181 182
566 567
954 955
129 130
53 54
361 362
951 952
156 157
47 48
569 570
896 897
199 200
741 742
659 660
961 962
997 998
138 139
571 572
920 921
274 275
738 739
758 759
498 499
780 781
333 334
759 760
981 982
953 954
891 892
992 993
316 317
944 945
12 13
530 531
507 508
306 307
533 534
343 344
949 950
93 94
550 551
178 179
129 130
486 487
836 837
365 366
886 887
862 863
329 330
686 687
112 113
652 653
268 269
441 442
849 850
488 489
839 840
19 20
481 482
782 783
139 140
914 915
574 575
865 866
78 79
109 110
852 853
985 986
459 460
932 933
87 88
123 124
654 655
352 353
755 756
520 521
491 492
585 586
480 481
279 280
398 399
393 394
469 470
912 913
205 206
347 348
596 597
218 219
255 256
222 223
140 141
366 367
823 824
19 20
998 999
345 346
92 93
360 361
420 421
482 483
86 87
566 567
856 857
361 362
407 408
153 154
988 989
74 75
993 994
462 463
519 520
719 720
519 520
759 760
384 385
681 682
866 867
723 724
994 995
601 602
87 88
444 445
729 730
987 988
94 95
260 261
327 328
371 372
696 697
766 767
961 962
935 936
592 593
704 705
878 879
152 153
376 377
671 672
560 561
141 142
952 953
162 163
902 903
684 685
996 997
681 682
773 774
411 412
95 96
444 445
25 26
293 294
568 569
786 787
348 349
556 557
225 226
816 817
821 822
955 956
652 653
434 435
958 959
511 512
285 286
33 34
695 696
65 66
660 661
619 620
132 133
744 745
704 705
277 278
855 856
896 897
655 656
678 679
277 278
380 381
58 59
606 607
795 796
174 175
858 859
375 376
418 419
606 607
214 215
293 294
670 671
334 335
452 453
296 297
611 612
598 599
992 993
659 660
776 777
92 93
278 279
536 537
486 487
531 532
512 513
22 23
928 929
707 708
847 848
694 695
862 863
91 92
48 49
933 934
936 937
550 551
41 42
960 961
285 286
296 297
186 187
319 320
387 388
369 370
507 508
908 909
849 850
15 16
70 71
122 123
717 718
850 851
774 775
585 586
533 534
970 971
759 760
41 42
997 998
89 90
50 51
699 700
18 19
270 271
883 884
971 972
6 7
353 354
320 321
719 720
421 422
809 810
788 789
947 948
807 808
348 349
358 359
655 656
926 927
596 597
997 998
580 581
834 835
985 986
621 622
354 355
708 709
759 760
359 360
999 1000
261 262
243 244
465 466
889 890
760 761
271 272
305 306
695 696
683 684
537 538
233 234
53 54
625 626
555 556
195 196
458 459
495 496
383 384
68 69
742 743
420 421
410 411
979 980
219 220
773 774
563 564
814 815
58 59
171 172
21 22
347 348
589 590
445 446
193 194
618 619
882 883
630 631
671 672
780 781
302 303
175 176
683 684
835 836
985 986
17 18
768 769
704 705
555 556
339 340
809 810
28 29
403 404
435 436
747 748
147 148
249 250
103 104
79 80
273 274
133 134
205 206
99 100
684 685
926 927
1 2
388 389
164 165
524 525
96 97
274 275
502 503
615 616
814 815
797 798
911 912
569 570
245 246
904 905
341 342
968 969
550 551
591 592
950 951
893 894
197 198
921 922
752 753
106 107
916 917
648 649
642 643
444 445
620 621
965 966
257 258
952 953
102 103
702 703
674 675
85 86
344 345
704 705
188 189
281 282
657 658
709 710
967 968
880 881
681 682
650 651
452 453
51 52
267 268
115 116
276 277
297 298
261 262
872 873
778 779
250 251
33 34
17 18
294 295
480 481
152 153
817 818
675 676
835 836
849 850
36 37
655 656
57 58
93 94
417 418
480 481
574 575
284 285
276 277
638 639
20 21
822 823
913 914
512 513
182 183
152 153
590 591
369 370
718 719
705 706
367 368
928 929
166 167
796 797
152 153
923 924
353 354
659 660
875 876
677 678
566 567
269 270
913 914
133 134
962 963
383 384
290 291
945 946
790 791
2 3
377 378
481 482
313 314
891 892
429 430
720 721
166 167
393 394
457 458
717 718
94 95
932 933
194 195
234 235
764 765
477 478
846 847
950 951
604 605
525 526
386 387
522 523
160 161
909 910
284 285
856 857
944 945
381 382
24 25
278 279
655 656
842 843
119 120
380 381
510 511
634 635
753 754
599 600
830 831
102 103
175 176
137 138
576 577
872 873
966 967
446 447
981 982
667 668
518 519
521 522
993 994
661 662
621 622
197 198
260 261
447 448
122 123
505 506
175 176
775 776
547 548
692 693
115 116
961 962
432 433
141 142
789 790
124 125
472 473
997 998
831 832
717 718
832 833
166 167
751 752
177 178
129 130
50 51
177 178
885 886
611 612
906 907
111 112
503 504
676 677
613 614
132 133
481 482
227 228
679 680
247 248
984 985
413 414
734 735
542 543
241 242
272 273
498 499
949 950
156 157
793 794
90 91
49 50
801 802
940 941
668 669
25 26
426 427
942 943
446 447
135 136
178 179
593 594
301 302
571 572
807 808
272 273
207 208
269 270
737 738
423 424
508 509
179 180
548 549
598 599
468 469
334 335
887 888
818 819
909 910
19 20
653 654
751 752
973 974
184 185
43 44
37 38
434 435
628 629
720 721
699 700
566 567
668 669
311 312
357 358
824 825
611 612
60 61
356 357
138 139
385 386
267 268
958 959
840 841
818 819
731 732
904 905
288 289
316 317
33 34
79 80
958 959
246 247
264 265
604 605
274 275
767 768
54 55
482 483
378 379
620 621
689 690
313 314
265 266
810 811
580 581
221 222
125 126
95 96
271 272
699 700
493 494
424 425
244 245
510 511
654 655
634 635
326 327
361 362
910 911
534 535
531 532
84 85
951 952
508 509
359 360
237 238
938 939
354 355
172 173
864 865
337 338
683 684
488 489
925 926
122 123
422 423
5 6
929 930
171 172
112 113
374 375
298 299
85 86
752 753
968 969
177 178
252 253
520 521
447 448
819 820
579 580
661 662
567 568
287 288
323 324
307 308
435 436
357 358
641 642
721 722
259 260
794 795
878 879
523 524
593 594
100 101
843 844
989 990
328 329
49 50
658 659
373 374
630 631
973 974
48 49
160 161
265 266
281 282
658 659
197 198
537 538
158 159
60 61
995 996
245 246
770 771
831 832
166 167
116 117
499 500
979 980
74 75
903 904
511 512
290 291
672 673
208 209
427 428
257 258
822 823
819 820
374 375
408 409
618 619
422 423
172 173
843 844
265 266
286 287
574 575
28 29
9 10
160 161
478 479
46 47
661 662
197 198
441 442
359 360
239 240
746 747
621 622
478 479
42 43
219 220
75 76
585 586
888 889
861 862
921 922
519 520
855 856
671 672
521 522
765 766
612 613
60 61
165 166
657 658
309 310
105 106
230 231
35 36
525 526
7 8
907 908
154 155
803 804
779 780
27 28
913 914
500 501
1 2
308 309
386 387
877 878
242 243
772 773
704 705
355 356
606 607
225 226
109 110
250 251
404 405
535 536
400 401
541 542
379 380
846 847
602 603
558 559
722 723
448 449
682 683
541 542
694 695
200 201
327 328
196 197
74 75
484 485
428 429
751 752
274 275
567 568
77 78
861 862
336 337
317 318
911 912
676 677
22 23
1 2
432 433
192 193
461 462
882 883
508 509
21 22
139 140
541 542
514 515
103 104
64 65
453 454
497 498
277 278
362 363
732 733
433 434
38 39
486 487
195 196
960 961
418 419
890 891
34 35
649 650
498 499
986 987
444 445
596 597
287 288
409 410
340 341
419 420
490 491
612 613
857 858
411 412
887 888
223 224
794 795
751 752
462 463
378 379
493 494
330 331
776 777
78 79
307 308
662 663
951 952
548 549
365 366
694 695
151 152
296 297
765 766
724 725
715 716
609 610
916 917
672 673
444 445
799 800
156 157
522 523
380 381
750 751
578 579
154 155
606 607
841 842
576 577
603 604
376 377
243 244
643 644
758 759
909 910
230 231
550 551
535 536
983 984
117 118
623 624
738 739
427 428
661 662
646 647
654 655
668 669
940 941
520 521
179 180
627 628
544 545
191 192
523 524
523 524
895 896
588 589
107 108
266 267
329 330
284 285
279 280
12 13
957 958
204 205
884 885
572 573
136 137
118 119
891 892
9 10
773 774
227 228
324 325
747 748
286 287
387 388
911 912
134 135
243 244
68 69
881 882
946 947
322 323
409 410
327 328
4 5
190 191
256 257
164 165
178 179
945 946
738 739
916 917
560 561
745 746
698 699
135 136
82 83
237 238
683 684
499 500
722 723
824 825
656 657
410 411
376 1
871 2
98 1
846 2
512 2
747 2
97 2
922 2
252 2
343 1
934 1
42 1
468 1
446 2
282 2
662 2
99 2
698 1
25 2
750 2
296 2
556 1
806 1
804 2
205 1
240 2
45 2
517 1
4 1
559 1
751 2
924 1
941 2
835 1
273 1
862 1
497 1
462 1
462 1
775 1
619 1
396 1
72 2
755 1
369 2
756 2
267 1
918 1
55 1
51 1
371 1
869 2
300 1
809 2
720 1
123 2
436 2
546 2
297 1
677 2
156 2
966 1
854 1
86 1
409 1
425 2
45 2
387 1
777 1
179 1
278 1
904 2
184 2
810 2
430 2
130 2
613 2
499 2
40 1
794 2
627 2
581 2
295 2
729 2
816 1
6 1
494 1
798 2
817 1
84 1
992 1
658 2
340 2
142 2
88 1
805 1
684 2
688 2
859 1
902 1
497 1
266 1
1 1
182 2
101 1
345 2
703 2
429 2
56 2
292 1
1000 2
108 1
445 2
992 2
975 1
74 1
179 1
477 2
471 1
128 1
694 2
576 2
787 1
844 1
371 2
359 2
814 1
89 1
591 2
751 1
84 2
341 2
416 1
241 2
7 1
866 1
370 1
609 1
204 2
230 2
475 2
366 2
235 2
827 2
456 1
837 1
434 2
728 2
110 1
934 2
219 1
326 2
257 2
821 2
417 2
308 2
681 2
809 1
775 2
99 1
264 1
897 1
705 1
954 1
982 1
242 1
217 2
595 1
373 1
362 1
859 2
28 2
957 2
801 1
145 1
72 2
57 1
123 2
81 2
900 2
176 1
935 2
850 1
458 1
853 2
467 1
2 2
969 2
855 1
765 1
331 2
378 2
761 1
787 2
785 1
372 2
187 2
20 2
470 2
858 2
648 1
445 2
518 1
936 1
278 1
366 1
51 1
809 1
193 1
170 1
474 1
644 2
865 2
658 2
396 2
435 2
135 2
618 1
815 1
131 1
788 1
882 2
994 1
318 1
521 2
167 2
844 1
380 1
712 2
480 1
222 1
525 2
810 1
617 1
340 2
449 2
295 2
139 1
352 1
856 2
497 2
450 1
23 1
938 1
281 1
198 2
274 1
89 2
985 1
923 1
742 2
714 1
64 2
737 2
589 2
232 2
65 2
468 1
947 1
840 2
548 1
604 2
81 2
854 1
627 2
254 2
173 1
911 1
246 1
354 1
136 1
716 2
448 1
516 1
751 2
838 1
608 2
499 1
211 1
868 2
57 1
949 2
521 2
255 1
115 2
216 2
395 2
742 1
64 1
202 2
77 2
306 2
143 1
530 2
736 2
716 2
484 1
581 2
946 1
586 2
525 2
858 1
804 2
206 2
143 1
375 1
67 2
86 2
951 1
890 2
392 2
837 2
466 2
112 2
40 1
440 2
757 1
361 1
772 1
162 1
573 2
497 1
834 2
409 2
489 2
545 2
258 2
367 1
147 2
741 1
970 1
50 1
371 2
116 2
675 2
828 1
60 1
347 1
761 1
740 1
797 1
545 1
79 2
907 2
865 1
748 1
569 1
807 2
655 1
595 1
928 1
116 1
499 1
170 2
434 1
166 2
267 2
250 2
639 2
448 1
770 1
958 1
941 2
800 1
409 2
510 2
917 1
400 2
65 2
368 2
243 2
239 2
946 1
794 2
154 2
910 1
136 1
506 2
462 1
44 1
392 1
958 1
760 1
682 1
895 1
348 2
13 2
207 1
236 2
163 1
184 2
446 2
353 1
608 2
939 1
715 1
645 2
274 1
82 1
657 1
405 2
62 1
304 1
943 2
655 1
349 2
416 2
295 2
933 1
721 2
990 1
685 2
632 1
107 1
243 2
718 1
435 1
311 2
484 2
550 1
308 2
422 1
347 2
465 2
278 2
915 2
893 1
755 1
169 2
720 1
338 2
184 1
408 1
134 2
121 1
293 2
490 2
768 2
977 1
356 1
603 1
809 1
273 2
420 2
192 2
849 1
737 2
535 2
638 1
188 2
750 1
594 2
779 1
546 2
738 1
297 1
315 1
792 1
882 2
801 2
756 1
846 2
774 2
715 1
323 2
671 1
948 1
112 2
173 2
997 2
870 2
311 2
103 1
570 1
815 1
16 1
271 2
840 2
754 1
293 1
712 1
793 2
259 1
356 1
26 2
672 2
812 2
815 1
847 1
694 2
602 1
579 1
31 2
270 2
21 2
68 1
245 2
610 2
731 1
608 2
40 1
363 2
510 1
687 2
243 1
957 1
273 2
930 1
685 1
120 1
887 2
1 2
177 1
488 1
380 1
235 1
575 1
782 1
642 1
737 2
642 1
998 1
597 2
203 2
233 1
455 2
399 2
746 1
654 1
573 2
725 1
373 1
577 2
578 1
393 2
701 1
981 2
1 2
614 1
696 1
330 1
113 2
879 2
353 2
706 2
321 2
560 2
246 1
109 2
14 1
682 2
473 1
85 2
462 1
332 2
400 1
985 2
249 2
613 1
334 2
182 2
266 2
107 2
79 2
354 2
434 1
167 2
647 2
896 1
654 2
262 1
236 2
791 2
92 1
858 1
359 1
354 1
186 1
167 2
24 2
385 2
655 1
6 2
743 2
710 1
928 2
118 1
51 2
530 2
652 1
910 1
30 2
542 1
8 1
668 2
855 1
858 2
876 1
864 2
975 2
177 2
948 1
186 1
621 1
266 2
248 1
800 1
411 1
257 2
365 1
649 1
582 1
548 2
73 1
605 2
953 1
367 1
923 2
651 1
883 2
489 2
745 2
762 1
724 2
596 2
271 1
815 1
372 2
657 1
767 2
133 2
749 1
170 2
604 2
272 1
235 1
37 2
86 1
66 1
587 1
8 2
753 2
143 1
322 1
663 2
21 1
552 2
593 1
360 2
287 1
243 1
240 2
872 2
759 1
721 2
79 1
827 2
144 2
343 1
454 2
471 2
515 1
237 2
647 1
297 1
885 2
26 1
151 1
304 2
796 1
167 2
745 2
741 2
862 2
863 2
259 2
105 2
402 2
534 1
534 1
535 2
781 1
591 2
618 2
302 2
310 2
419 1
752 2
328 2
98 1
889 2
78 2
405 2
449 1
825 1
503 2
673 1
743 1
104 2
520 2
881 2
420 1
463 2
196 2
514 2
356 2
875 2
25 1
403 2
200 1
159 1
32 1
430 2
779 2
5 1
897 1
251 1
862 1
713 1
405 2
348 2
453 2
15 2
67 2
178 1
280 1
159 1
996 2
951 1
978 1
240 1
182 2
202 1
381 2
162 1
100 1
998 2
748 1
699 2
404 2
467 1
319 2
883 2
960 2
196 1
739 1
951 2
38 2
879 2
32 1
2 1
928 2
984 2
913 2
359 2
861 2
358 2
800 2
889 2
190 1
245 2
775 1
556 2
521 1
314 2
183 1
161 2
234 1
482 2
701 2
165 2
29 1
827 2
512 2
10 2
341 1
65 1
573 2
973 1
152 1
659 1
283 1
838 1
520 1
483 1
103 2
484 2
820 2
434 1
257 2
46 2
765 1
977 1
701 2
323 1
610 2
417 1
787 2
203 2
988 2
637 1
727 1
491 2
915 1
394 2
914 1
301 1
279 2
190 2
503 2
765 2
735 2
214 2
463 2
158 2
766 1
942 2
958 2
795 1
617 1
741 2
675 1
278 1
554 1
262 2
404 2
661 1
600 2
560 1
696 1
880 1
676 2
751 2
491 2
276 1
694 1
929 1
277 1
291 1
262 1
337 1
139 1
641 2
668 2
552 2
340 2
512 1
168 2
71 1
334 2
550 2
842 2
999 2
767 2
82 1
236 2
753 1
988 1
842 1
563 1
174 1
334 1
936 2
922 2
264 2
271 1
504 2
918 1
110 1
737 2
204 1
699 2
892 2
240 1
832 2
141 1
529 2
459 1
70 2
544 1
272 2
167 1
460 1
705 2
776 2
860 2
641 1
107 2
564 2
334 2
219 1
651 2
843 1
509 1
500 1
36 2
696 1
197 1
8 1
452 2
931 1
815 2
880 1
77 2
623 2
182 2
347 2
804 1
922 2
355 2
384 1
629 2
488 2
314 2
13 2
30 1
328 2
898 1
683 2
383 1
117 2
545 2
63 1
937 1
231 1
877 1
314 2
180 2
720 1
548 1
538 2
311 2
839 1
646 1
776 1
268 2
912 2
190 2
184 1
617 2
818 2
340 1
388 2
8 2
583 2
477 1
153 2
23 1
456 1
442 1
392 2
129 2
759 2
501 1
262 2
572 2
154 1
479 2
973 2
361 1
391 1
989 1
928 2
895 1
827 2
982 2
731 2
528 2
761 2
638 1
121 1
458 2
993 1
647 1
636 2
415 2
806 2
515 2
905 1
278 1
647 1
970 1
265 1
256 2
679 2
306 1
321 2
860 2
45 2
970 2
986 2
507 2
381 1
31 1
394 2
220 1
805 1
191 1
433 1
497 1
89 2
288 2
389 2
289 1
303 2
658 2
63 2
668 2
252 2
361 1
676 1
466 2
5 2
508 1
948 2
364 1
455 1
377 1
358 2
721 2
719 1
159 1
947 2
627 1
978 2
337 2
534 2
687 2
71 2
562 2
490 2
896 1
128 1
212 1
764 2
757 2
757 1
71 2
685 2
270 2
169 1
104 1
258 2
947 2
715 1
536 2
475 1
598 1
45 1
745 2
879 1
460 2
609 2
700 2
598 2
415 2
87 2
654 1
102 2
543 2
1000 1
462 2
591 2
132 2
31 2
704 1
711 1
822 1
978 2
733 1
975 1
38 2
885 2
985 1
827 2
930 1
879 1
380 1
726 1
324 1
28 2
130 2
771 2
763 2
761 2
635 2
838 1
113 2
531 1
411 2
929 1
956 2
656 1
643 2
575 1
694 2
564 1
374 2
541 1
364 1
206 2
413 1
947 2
474 1
649 1
323 2
640 1
702 2
987 2
450 2
499 1
688 2
825 1
564 1
539 2
401 1
145 2
387 1
104 2
417 2
214 1
122 2
463 2
174 2
416 2
9 2
898 1
684 1
345 2
677 2
718 1
344 2
298 2
421 2
307 1
396 2
324 2
823 2
640 2
7 1
607 2
609 1
676 1
521 2
550 1
232 2
302 2
827 2
272 2
228 1
62 1
565 2
425 2
450 1
841 1
830 2
807 2
313 1
169 1
896 1
678 2
525 1
18 1
641 2
28 2
527 1
607 2
771 2
622 2
339 1
83 1
669 1
457 1
265 1
752 1
504 1
625 1
933 2
332 1
810 1
878 2
583 1
918 2
23 1
602 2
139 1
278 1
475 1
509 1
690 2
306 2
433 1
409 1
143 1
674 2
983 1
22 2
42 2
245 1
720 1
175 2
577 2
145 1
128 1
875 1
282 1
911 2
468 2
629 1
619 1
749 1
39 2
244 2
259 2
802 2
30 1
267 2
621 1
374 2
973 2
282 1
124 1
919 1
319 1
308 2
905 2
997 2
483 1
751 1
967 2
543 1
209 1
695 2
856 1
619 1
977 1
348 2
69 1
418 2
92 2
287 1
322 1
825 2
49 2
801 1
144 2
690 2
746 2
859 2
409 2
577 2
340 1
271 2
287 2
463 1
891 2
294 2
805 1
915 1
635 2
840 2
149 2
436 1
56 1
279 1
416 1
912 1
423 1
444 1
489 1
152 2
443 1
409 1
995 1
913 1
529 2
133 2
46 1
708 2
715 1
899 1
398 1
23 2
745 1
771 1
932 1
779 1
172 2
599 2
451 2
740 2
785 1
63 1
51 2
708 1
764 1
710 1
346 1
816 1
522 2
883 2
182 2
145 1
198 1
185 2
437 2
284 1
781 2
904 1
389 1
602 2
98 1
826 2
100 1
161 1
667 2
694 2
657 1
554 2
802 1
608 1
833 2
937 2
661 2
278 2
60 2
295 2
150 2
781 2
581 1
971 1
251 1
770 1
781 1
277 2
191 1
194 1
64 2
826 2
727 2
930 1
446 2
963 1
438 2
928 1
948 1
358 1
274 2
800 2
521 1
627 2
501 1
623 2
97 1
816 2
909 2
724 2
637 2
750 1
948 1
274 1
977 1
938 2
433 2
56 1
693 2
349 2
333 1
161 2
212 1
276 2
134 1
644 1
872 2
304 2
359 2
645 2
452 2
830 2
583 2
234 2
121 1
225 2
678 2
494 2
466 1
308 2
491 1
794 1
632 1
8 2
512 2
519 1
238 2
124 1
276 1
845 1
246 1
239 2
456 2
128 1
530 2
520 2
227 2
861 1
244 2
983 1
406 2
729 1
510 2
410 1
992 1
291 2
747 2
649 2
819 2
989 1
316 2
258 2
518 2
958 2
276 2
853 1
41 1
995 2
453 2
553 1
604 2
858 1
384 1
213 1
8 1
821 1
585 2
832 1
4 1
13 1
680 2
978 2
506 1
389 1
634 2
849 1
983 2
883 2
997 2
893 2
30 2
258 1
640 2
827 2
486 2
610 2
417 2
222 2
656 2
334 2
861 2
633 2
626 2
661 1
203 2
919 1
286 2
51 1
329 1
563 1
923 2
917 1
526 2
184 2
435 2
144 1
254 2
979 2
491 1
538 1
161 1
28 1
103 2
71 1
45 1
864 1
739 2
989 1
55 1
434 2
787 2
481 2
246 1
925 2
932 2
744 2
112 1
387 2
505 1
775 1
794 1
986 2
519 2
4 2
901 1
810 2
585 2
666 1
116 2
784 2
997 2
633 1
607 2
742 2
140 2
43 2
291 2
528 2
774 1
720 1
503 1
121 2
324 2
835 1
616 2
836 2
196 1
675 1
974 1
267 1
193 1
571 2
165 1
988 1
712 2
322 1
613 2
214 2
500 2
11 2
883 1
97 1
435 1
462 1
853 2
643 1
399 1
710 2
754 1
668 1
702 2
810 1
528 1
139 2
234 1
340 1
292 2
622 2
778 1
708 2
197 2
822 2
799 1
629 1
241 1
305 2
807 2
71 2
87 1
678 2
341 1
852 1
67 2
668 1
519 1
708 2
269 2
188 1
519 2
689 1
890 1
442 1
19 1
114 2
442 1
120 1
566 1
396 2
744 2
227 1
116 2
645 2
878 2
932 2
153 1
296 1
974 2
825 2
723 2
300 2
594 2
25 1
115 1
708 2
100 1
331 2
184 1
592 1
142 2
448 2
220 1
514 2
844 2
700 2
302 1
643 2
13 2
153 2
590 2
180 1
294 1
444 2
36 1
973 1
959 1
398 2
169 1
993 1
164 1
820 2
532 1
207 1
558 2
768 2
518 1
787 1
727 1
302 1
679 1
564 1
841 2
647 2
143 1
803 1
375 2
137 2
581 1
250 1
90 2
637 1
124 1
91 1
414 1
144 1
513 1
28 1
770 1
331 2
446 2
66 2
228 2
643 2
618 2
842 1
787 2
265 1
327 1
842 1
611 2
947 2
402 2
382 1
348 2
89 2
311 1
324 1
555 1
297 1
434 1
945 2
136 2
892 2
903 2
609 2
190 2
655 2
371 2
530 1
487 2
299 2
897 1
473 2
733 1
565 2
286 1
405 2
169 2
262 2
165 1
311 2
264 2
484 1
371 2
960 2
105 1
767 1
60 1
227 1
681 1
877 1
357 1
119 2
999 1
87 1
511 2
62 2
328 1
617 1
283 2
816 2
436 2
646 1
584 2
257 2
863 1
706 1
991 2
174 2
513 2
118 2
344 2
252 2
351 2
744 1
217 1
826 2
559 2
752 2
182 1
282 1
592 2
724 2
460 1
244 2
912 2
541 1
685 2
698 2
683 2
823 1
375 2
605 2
331 2
941 2
725 1
911 2
418 1
339 2
501 2
119 1
706 1
810 2
24 1
568 1
150 1
479 1
957 2
122 1
151 1
500 1
782 1
104 1
280 1
230 1
241 2
944 1
489 2
654 1
240 2
150 1
192 2
912 1
322 2
233 1
731 1
295 1
848 1
477 2
351 1
582 1
504 2
287 2
92 2
232 2
213 2
316 1
791 1
290 1
758 2
146 2
95 1
852 2
347 2
461 2
121 2
11 2
43 1
996 2
196 2
978 1
680 2
593 2
477 2
212 2
713 1
421 1
580 1
740 2
399 1
913 1
925 1
941 2
537 2
342 1
792 1
594 2
840 1
399 2
321 2
623 1
99 2
273 1
297 2
494 1
285 1
506 1
107 2
228 2
362 2
487 2
648 2
217 2
821 2
196 2
708 2
364 2
757 2
272 2
207 2
924 1
212 1
798 2
92 2
535 2
287 2
637 1
845 2
23 1
448 1
873 1
869 2
80 2
919 1
568 1
276 2
36 1
84 2
237 2
615 1
728 1
310 2
425 1
310 1
156 1
168 1
901 2
508 2
158 1
511 1
970 2
554 1
111 1
966 1
89 1
420 1
405 2
58 1
67 2
443 2
264 2
661 1
642 2
714 1
413 1
695 2
405 1
633 1
165 1
616 2
40 1
868 1
671 1
616 2
434 1
28 2
730 2
768 2
574 1
581 1
236 2
718 2
387 2
183 1
718 1
725 2
364 1
94 2
134 2
234 2
216 2
626 2
675 1
792 1
762 2
519 1
452 2
829 2
82 1
654 1
490 1
138 1
451 1
10 1
137 1
391 2
755 1
804 1
723 1
893 2
694 1
248 1
157 1
666 2
243 2
573 2
240 2
169 1
813 1
145 1
761 2
656 1
516 1
283 2
2 2
464 2
906 2
799 1
183 1
336 1
742 1
477 2
697 1
521 1
84 2
266 2
591 2
363 2
779 2
485 2
840 2
591 1
125 2
748 2
330 1
100 2
339 2
517 2
94 2
363 2
247 2
757 1
177 1
474 2
16 1
220 1
604 2
757 2
129 2
215 1
437 1
384 2
914 1
853 1
628 2
22 2
709 1
11 1
576 1
413 2
746 2
304 2
863 2
367 1
348 1
633 2
777 2
75 2
930 1
958 2
542 1
522 1
159 1
499 1
347 2
762 2
914 2
864 1
225 2
295 1
567 2
281 1
198 1
453 1
508 2
150 2
507 1
511 2
709 1
237 2
788 2
267 1
280 1
340 1
730 2
804 1
458 1
911 1
444 1
31 2
352 2
992 2
466 2
174 1
591 1
553 1
929 1
904 2
260 1
484 2
226 2
622 2
44 2
892 2
67 1
712 2
286 1
657 1
636 2
14 1
620 1
320 1
539 1
39 2
854 2
824 1
993 2
870 1
471 2
367 1
818 1
328 2
558 1
563 1
665 1
767 1
502 2
721 1
658 2
738 2
486 2
505 1
350 2
131 2
465 1
328 1
259 2
176 2
927 1
973 1
473 2
866 2
59 2
252 2
294 2
457 2
627 2
143 2
818 1
917 2
947 1
8 1
612 1
175 1
882 2
463 2
251 1
134 1
468 1
186 2
190 2
650 2
174 2
968 1
957 1
133 1
885 2
253 2
374 2
709 2
959 2
154 1
393 1
91 1
792 1
642 2
363 2
399 1
839 1
990 2
759 2
146 1
903 2
154 2
312 2
858 2
814 2
173 1
25 1
954 1
449 2
749 1
29 1
711 1
222 1
528 2
23 2
20 1
976 1
412 2
164 1
863 2
759 2
32 1
316 1
330 1
205 1
481 2
676 2
827 1
579 1
983 1
751 1
676 2
434 1
509 2
632 1
123 2
690 2
252 2
634 1
523 2
254 1
592 2
528 2
610 2
981 1
993 2
445 1
569 2
259 1
236 1
693 2
503 1
622 2
664 2
850 2
302 2
834 2
913 2
545 2
620 1
389 1
585 2
114 2
475 1
20 1
929 1
59 2
794 1
460 2
644 2
574 1
58 2
842 1
285 1
958 2
113 1
115 1
20 2
198 2
939 2
172 1
237 1
946 2
180 1
460 2
649 2
684 2
415 2
525 2
395 1
200 1
506 1
359 2
180 1
481 1
127 2
757 1
351 2
538 2
309 1
998 1
910 2
261 2
621 2
789 1
243 1
207 1
142 1
441 2
416 1
410 2
674 1
237 1
312 1
522 1
758 2
33 1
507 1
657 1
389 2
584 2
70 2
419 1
597 2
264 2
464 1
938 1
601 2
661 1
398 1
91 2
262 1
719 1
528 2
191 1
126 1
287 1
267 1
780 1
536 2
622 1
69 1
289 2
166 2
661 1
739 2
405 1
253 2
22 2
374 1
225 2
633 1
626 1
698 1
665 2
622 2
193 1
54 1
887 1
248 2
61 1
239 1
128 2
92 2
263 2
292 2
549 2
404 1
681 2
307 1
27 2
679 2
242 2
787 2
964 2
959 1
965 1
416 2
428 1
66 1
418 1
771 2
228 1
633 2
419 1
351 2
19 2
692 1
920 2
181 1
416 2
804 1
436 2
496 1
208 2
391 2
582 1
914 1
830 1
136 2
162 1
397 1
758 2
876 2
733 1
227 1
178 2
214 2
588 2
855 1
342 2
212 1
669 2
65 2
891 2
496 1
348 2
558 1
639 1
71 1
71 2
693 1
923 2
85 1
651 1
875 1
204 1
368 1
245 1
952 2
683 1
153 1
306 1
488 2
557 1
814 1
911 2
427 1
59 1
706 2
282 1
486 1
211 2
91 1
767 2
776 2
517 2
11 2
179 1
925 1
607 1
336 2
117 1
822 1
730 1
60 2
952 2
695 1
442 1
77 2
507 2
352 1
138 2
134 1
305 1
381 1
694 1
29 1
441 2
814 1
815 2
595 2
255 1
823 2
19 1
951 1
625 1
40 2
562 2
283 1
66 2
446 1
386 1
982 2
451 1
417 2
236 2
616 1
437 1
196 2
564 2
265 1
168 2
209 2
77 2
378 1
736 2
258 2
59 1
209 2
138 2
425 2
343 1
658 2
795 2
993 2
134 1
961 1
538 1
842 2
403 2
801 1
241 2
497 1
520 1
888 2
79 1
941 1
761 1
417 2
817 1
699 2
361 2
217 1
717 1
699 2
531 1
98 2
558 2
921 1
387 2
891 1
203 2
917 1
618 2
53 2
575 2
812 2
773 2
368 2
882 2
853 1
958 1
972 1
854 2
68 2
706 1
17 2
91 2
778 2
241 1
351 2
724 1
907 1
474 1
910 1
256 1
151 1
380 1
592 1
115 2
553 1
566 2
994 1
682 1
331 1
1000 2
326 1
114 2
640 2
535 2
572 1
