1191 1258
763 764
862 863
528 529
818 819
178 179
138 139
951 952
789 790
743 744
553 554
91 92
38 39
549 550
676 677
557 558
379 380
569 570
89 90
76 77
27 28
803 804
688 689
480 481
700 701
834 835
492 493
803 804
451 452
260 261
463 464
490 491
526 527
993 994
99 100
954 955
397 398
281 282
476 477
306 307
877 878
44 45
525 526
474 475
459 460
790 791
601 602
947 948
972 973
99 100
332 333
570 571
934 935
312 313
625 626
192 193
63 64
869 870
388 389
225 226
716 717
289 290
867 868
920 921
374 375
41 42
941 942
787 788
77 78
718 719
93 94
180 181
151 152
752 753
979 980
686 687
561 562
475 476
929 930
730 731
390 391
173 174
896 897
27 28
182 183
742 743
980 981
98 99
687 688
780 781
660 661
894 895
505 506
338 339
444 445
332 333
177 178
342 343
877 878
765 766
440 441
545 546
826 827
254 255
968 969
388 389
159 160
598 599
734 735
637 638
557 558
214 215
496 497
192 193
582 583
243 244
163 164
709 710
108 109
740 741
546 547
851 852
65 66
547 548
617 618
4 5
4 5
697 698
211 212
462 463
620 621
554 555
693 694
339 340
542 543
333 334
319 320
595 596
332 333
6 7
392 393
37 38
806 807
236 237
384 385
682 683
614 615
949 950
299 300
355 356
584 585
587 588
638 639
288 289
580 581
40 41
679 680
608 609
179 180
515 516
580 581
685 686
704 705
741 742
671 672
801 802
130 131
146 147
609 610
942 943
592 593
829 830
771 772
757 758
424 425
756 757
369 370
294 295
42 43
597 598
632 633
543 544
13 14
830 831
787 788
820 821
814 815
956 957
742 743
798 799
30 31
411 412
417 418
827 828
94 95
242 243
29 30
363 364
305 306
349 350
77 78
325 326
657 658
714 715
738 739
410 411
179 180
862 863
793 794
202 203
539 540
162 163
433 434
866 867
420 421
988 989
838 839
906 907
796 797
204 205
83 84
946 947
240 241
131 132
671 672
225 226
373 374
296 297
847 848
977 978
8 9
121 122
381 382
760 761
670 671
232 233
178 179
928 929
470 471
765 766
224 225
305 306
805 806
545 546
798 799
440 441
59 60
302 303
867 868
926 927
383 384
215 216
600 601
151 152
117 118
750 751
126 127
341 342
357 358
266 267
837 838
522 523
403 404
368 369
608 609
592 593
400 401
875 876
406 407
173 174
117 118
601 602
252 253
230 231
765 766
574 575
844 845
305 306
807 808
739 740
369 370
388 389
454 455
547 548
823 824
231 232
395 396
867 868
981 982
762 763
681 682
642 643
528 529
599 600
81 82
918 919
267 268
890 891
639 640
68 69
959 960
127 128
166 167
630 631
295 296
726 727
168 169
2 3
120 121
627 628
168 169
393 394
869 870
721 722
116 117
286 287
101 102
736 737
34 35
805 806
870 871
3 4
806 807
639 640
678 679
138 139
455 456
329 330
694 695
449 450
407 408
954 955
804 805
301 302
889 890
240 241
393 394
669 670
788 789
502 503
192 193
897 898
268 269
479 480
514 515
84 85
298 299
837 838
208 209
537 538
16 17
413 414
445 446
100 101
821 822
995 996
870 871
792 793
168 169
478 479
850 851
786 787
144 145
4 5
726 727
928 929
184 185
139 140
613 614
859 860
625 626
680 681
654 655
730 731
858 859
142 143
476 477
158 159
958 959
534 535
349 350
631 632
751 752
65 66
984 985
215 216
237 238
176 177
511 512
140 141
683 684
770 771
919 920
746 747
321 322
14 15
541 542
570 571
168 169
167 168
647 648
23 24
703 704
860 861
130 131
668 669
520 521
648 649
155 156
547 548
76 77
37 38
147 148
941 942
73 74
458 459
592 593
237 238
590 591
769 770
231 232
884 885
890 891
737 738
113 114
299 300
230 231
304 305
485 486
910 911
590 591
881 882
13 14
207 208
872 873
496 497
61 62
776 777
453 454
588 589
572 573
984 985
56 57
725 726
453 454
914 915
239 240
816 817
999 1000
777 778
243 244
890 891
490 491
254 255
106 107
433 434
466 467
736 737
189 190
718 719
24 25
957 958
23 24
171 172
849 850
589 590
7 8
962 963
518 519
46 47
286 287
483 484
576 577
328 329
929 930
309 310
145 146
121 122
935 936
489 490
358 359
976 977
583 584
978 979
569 570
202 203
70 71
636 637
638 639
879 880
942 943
30 31
44 45
449 450
859 860
846 847
326 327
270 271
405 406
363 364
396 397
592 593
71 72
572 573
39 40
156 157
553 554
621 622
922 923
859 860
70 71
351 352
449 450
894 895
421 422
797 798
576 577
806 807
545 546
54 55
316 317
671 672
57 58
133 134
259 260
841 842
524 525
44 45
431 432
273 274
792 793
922 923
614 615
855 856
685 686
425 426
59 60
177 178
407 408
220 221
911 912
152 153
375 376
998 999
76 77
921 922
394 395
36 37
442 443
870 871
323 324
914 915
410 411
579 580
525 526
447 448
10 11
520 521
661 662
423 424
385 386
549 550
518 519
394 395
318 319
203 204
232 233
332 333
959 960
24 25
597 598
787 788
863 864
944 945
410 411
157 158
866 867
567 568
566 567
909 910
725 726
724 725
819 820
173 174
453 454
201 202
568 569
719 720
58 59
795 796
742 743
772 773
27 28
574 575
556 557
853 854
276 277
524 525
837 838
313 314
687 688
448 449
453 454
931 932
354 355
111 112
161 162
673 674
875 876
470 471
221 222
956 957
807 808
219 220
274 275
909 910
9 10
651 652
426 427
220 221
391 392
301 302
263 264
800 801
223 224
747 748
306 307
904 905
84 85
237 238
256 257
507 508
16 17
936 937
131 132
986 987
384 385
847 848
35 36
324 325
582 583
195 196
473 474
442 443
97 98
133 134
151 152
529 530
860 861
777 778
370 371
544 545
824 825
798 799
746 747
745 746
67 68
395 396
593 594
671 672
762 763
879 880
864 865
184 185
343 344
492 493
12 13
210 211
980 981
675 676
464 465
204 205
292 293
27 28
457 458
553 554
224 225
770 771
541 542
961 962
419 420
946 947
90 91
811 812
796 797
569 570
738 739
167 168
274 275
766 767
666 667
408 409
953 954
119 120
465 466
935 936
292 293
249 250
501 502
984 985
193 194
242 243
909 910
539 540
132 133
581 582
537 538
9 10
247 248
959 960
159 160
661 662
720 721
652 653
306 307
270 271
369 370
425 426
209 210
353 354
386 387
436 437
998 999
888 889
328 329
347 348
684 685
479 480
709 710
261 262
829 830
418 419
498 499
120 121
454 455
78 79
58 59
593 594
698 699
243 244
648 649
254 255
145 146
409 410
24 25
116 117
960 961
887 888
232 233
899 900
555 556
513 514
769 770
905 906
691 692
417 418
582 583
78 79
177 178
657 658
470 471
111 112
652 653
344 345
198 199
7 8
807 808
893 894
647 648
126 127
753 754
23 24
734 735
132 133
263 264
309 310
15 16
279 280
223 224
960 961
699 700
54 55
598 599
184 185
416 417
799 800
69 70
221 222
834 835
753 754
420 421
437 438
270 271
104 105
51 52
919 920
616 617
124 125
303 304
785 786
705 706
968 969
339 340
37 38
638 639
396 397
505 506
792 793
204 205
811 812
684 685
910 911
507 508
869 870
785 786
627 628
143 144
868 869
479 480
848 849
30 31
338 339
515 516
511 512
633 634
74 75
730 731
829 830
505 506
617 618
698 699
875 876
260 261
633 634
319 320
99 100
118 119
775 776
885 886
13 14
727 728
107 108
565 566
81 82
221 222
859 860
387 388
428 429
791 792
587 588
298 299
180 181
737 738
724 725
190 191
296 297
906 907
774 775
23 24
80 81
841 842
760 761
979 980
214 215
168 169
356 357
776 777
748 749
952 953
123 124
643 644
449 450
144 145
884 885
706 707
744 745
229 230
856 857
898 899
297 298
826 827
756 757
725 726
415 416
752 753
727 728
998 999
136 137
664 665
289 290
681 682
204 205
824 825
950 951
353 354
773 774
705 706
502 503
426 427
650 651
752 753
817 818
445 446
707 708
841 842
589 590
378 379
695 696
743 744
220 221
43 44
872 873
142 143
900 901
583 584
482 483
894 895
887 888
116 117
97 98
102 103
424 425
88 89
661 662
281 282
109 110
54 55
654 655
178 179
957 958
205 206
994 995
349 350
161 162
779 780
918 919
27 28
787 788
272 273
454 455
405 406
835 836
964 965
913 914
54 55
471 472
122 123
431 432
409 410
272 273
146 147
771 772
445 446
910 911
849 850
34 35
462 463
683 684
741 742
678 679
114 115
735 736
74 75
293 294
199 200
383 384
363 364
736 737
538 539
175 176
107 108
467 468
276 277
311 312
437 438
907 908
103 104
441 442
816 817
839 840
365 366
670 671
916 917
676 677
340 341
5 6
594 595
629 630
44 45
646 647
98 99
795 796
468 469
373 374
419 420
587 588
784 785
236 237
933 934
340 341
235 236
370 371
426 427
104 105
643 644
983 984
255 256
465 466
857 858
113 114
167 168
410 411
857 858
599 600
879 880
255 256
859 860
288 289
180 181
881 882
927 928
492 493
832 833
478 479
220 221
335 336
655 656
240 241
813 814
599 600
258 259
36 37
602 603
318 319
598 599
460 461
23 24
710 711
640 641
922 923
906 907
909 910
696 697
767 768
605 606
98 99
313 314
675 676
901 902
666 667
886 887
947 948
237 238
46 47
679 680
525 526
372 373
806 807
416 417
142 143
617 618
76 77
726 727
453 454
950 951
87 88
814 815
757 758
952 953
277 278
240 241
341 342
269 270
783 784
155 156
267 268
954 955
134 135
719 720
628 629
990 991
972 973
818 819
711 712
526 527
53 54
398 399
61 62
155 156
501 502
365 366
305 306
553 554
193 194
353 354
146 147
416 417
269 270
695 696
139 140
994 995
593 594
324 325
506 507
585 586
9 10
116 117
581 582
274 275
597 598
825 826
132 133
672 673
362 363
508 509
579 580
369 370
786 787
571 572
933 934
221 222
656 657
988 989
472 473
5 6
805 806
778 779
396 397
558 559
785 786
682 683
478 479
139 140
892 893
788 789
730 731
922 923
986 987
980 981
114 115
758 759
103 104
785 786
129 130
320 321
117 118
910 911
87 88
967 968
43 44
408 409
117 118
53 54
436 437
200 201
703 704
178 179
292 293
67 68
606 607
561 562
679 680
845 846
568 569
998 999
536 537
955 956
847 848
572 573
640 641
772 773
592 593
829 830
794 795
775 776
486 487
732 733
243 244
606 607
290 291
148 149
944 945
342 343
109 110
950 951
526 527
334 335
391 392
305 306
554 555
908 909
907 908
90 2
313 1
794 1
995 1
190 1
435 2
717 1
583 2
848 1
769 2
332 1
727 2
139 1
224 1
15 2
131 1
577 2
394 1
513 2
719 2
295 1
902 2
514 1
764 2
231 1
238 2
388 2
116 1
197 1
687 2
414 2
921 2
722 1
364 1
180 1
183 2
389 2
636 2
837 2
61 2
789 1
112 2
388 2
400 2
592 1
350 2
295 1
519 1
87 1
720 1
107 2
328 2
887 2
461 2
182 2
610 1
753 1
199 1
203 2
97 2
723 1
36 1
402 1
182 1
502 2
885 2
29 2
644 1
174 1
130 1
469 1
556 2
21 1
308 1
131 2
201 2
264 2
425 2
63 2
244 2
768 1
980 2
268 1
698 2
138 1
554 2
433 2
889 1
295 2
102 2
282 1
319 2
853 1
198 1
957 1
820 1
652 2
515 1
494 1
370 1
706 1
877 1
236 2
380 2
712 2
709 1
193 1
836 2
867 2
890 1
653 1
99 1
732 2
236 1
36 2
549 1
704 1
100 1
84 1
642 2
216 2
186 2
448 2
447 2
418 2
37 1
839 2
819 1
246 1
511 2
574 2
970 2
298 2
990 2
378 2
301 2
415 2
284 2
287 2
392 2
890 1
567 2
555 1
795 2
11 2
170 1
139 1
913 2
321 1
403 1
566 1
60 2
725 1
147 2
69 1
991 1
402 1
105 1
961 2
851 1
507 1
207 1
421 1
203 2
413 2
195 2
519 2
168 1
297 1
384 1
275 2
341 1
276 2
434 1
337 1
892 1
254 2
845 2
154 1
975 1
878 1
383 2
927 1
416 1
484 2
762 2
737 1
849 1
638 2
267 1
82 2
901 2
740 2
397 1
35 1
677 1
596 1
374 2
900 2
676 2
910 1
977 2
407 1
4 1
817 1
547 1
717 1
870 1
956 2
942 2
40 2
302 2
646 1
577 1
135 1
132 2
703 2
421 2
357 2
301 1
877 2
306 2
882 2
103 2
168 2
952 1
800 2
385 1
77 1
255 2
680 2
977 2
191 2
647 2
779 1
852 2
385 1
112 1
801 2
753 2
302 1
60 2
837 2
542 2
209 2
904 1
470 1
482 2
509 1
670 1
984 2
9 1
183 1
622 1
121 1
980 1
862 1
360 1
253 2
702 2
634 2
948 1
563 1
999 1
690 2
899 2
869 2
973 2
309 1
955 1
540 2
22 1
554 2
110 1
273 1
799 2
376 1
436 2
365 2
657 1
879 1
669 2
754 1
719 1
76 1
695 2
944 2
665 2
817 2
494 2
9 1
620 1
730 1
183 2
941 2
127 1
345 2
780 2
775 2
71 1
996 1
51 1
38 1
4 1
594 1
159 2
925 1
722 2
729 2
93 2
403 1
929 2
171 1
192 1
492 1
862 2
852 1
694 2
414 1
912 2
334 1
377 1
836 1
747 2
678 2
71 1
55 1
592 1
940 2
794 2
512 1
3 1
702 1
224 2
15 2
107 1
685 2
884 2
984 2
878 2
310 1
412 2
16 2
723 1
667 2
169 1
100 2
950 1
32 2
402 1
907 2
855 2
871 2
113 2
887 2
611 1
172 1
108 2
528 2
474 1
641 1
525 1
640 1
471 1
371 1
915 1
40 2
196 2
11 2
887 2
26 1
451 1
239 1
311 1
485 2
310 2
190 2
839 2
636 1
879 2
447 2
683 1
951 2
248 2
267 2
958 1
161 1
285 1
526 1
638 1
368 2
773 2
538 1
710 1
176 1
798 2
260 2
714 2
832 1
678 1
301 1
311 1
243 2
241 2
18 1
865 1
777 2
650 2
485 1
898 2
772 2
930 2
313 1
553 2
227 1
227 2
746 2
553 2
810 1
528 1
435 1
926 1
199 2
570 2
30 2
164 2
983 2
221 2
312 1
832 1
263 1
416 1
970 2
756 1
748 1
433 1
769 1
455 2
940 2
479 2
678 2
123 2
26 2
230 1
231 2
413 2
726 1
310 2
380 2
384 2
66 2
484 1
979 1
547 1
494 2
864 1
437 2
623 2
5 2
61 1
783 1
90 1
518 2
821 2
50 2
134 2
196 1
826 2
763 1
922 1
406 2
757 2
515 2
904 1
840 2
595 1
184 2
46 1
896 2
635 1
858 1
94 2
849 2
610 2
87 2
765 1
644 2
735 1
160 1
671 1
874 2
791 2
617 2
929 2
700 2
986 2
421 2
46 1
931 1
604 2
120 2
419 1
760 2
989 2
355 1
555 1
269 2
154 1
772 1
316 2
961 2
185 2
555 1
168 2
160 2
49 1
70 1
925 2
657 1
952 2
285 1
813 1
71 2
498 1
71 2
942 2
529 1
857 2
348 1
635 1
913 1
568 2
112 1
249 2
896 1
366 1
174 1
699 2
449 2
417 2
443 1
7 1
370 1
633 1
391 2
247 1
150 2
793 2
392 2
521 1
622 2
825 2
214 1
96 1
459 2
119 1
320 2
104 1
341 2
993 1
245 2
501 2
951 2
668 2
92 2
333 2
400 2
161 2
101 1
881 1
204 2
818 2
333 2
752 2
650 2
961 1
974 1
52 1
51 1
450 1
365 1
667 2
81 1
588 2
499 1
24 1
750 1
276 1
156 2
703 1
856 1
338 1
378 2
557 2
772 2
938 2
331 1
205 2
936 1
564 1
111 2
260 1
439 1
100 1
659 2
334 2
177 1
539 2
993 1
758 2
784 2
12 2
918 2
91 1
124 2
624 2
842 2
181 2
808 2
907 1
987 1
716 2
411 2
989 2
627 1
633 2
416 1
329 1
717 1
323 1
854 1
849 2
100 1
380 1
209 2
928 1
252 1
385 2
247 1
422 2
55 1
318 2
348 1
856 2
130 2
903 2
990 2
630 1
261 2
304 1
882 1
867 1
838 2
734 1
725 2
120 1
790 1
411 1
611 1
642 2
987 2
454 1
52 1
671 2
508 1
633 2
418 1
813 2
97 2
154 2
5 1
211 1
848 1
138 1
127 2
973 2
929 2
833 2
840 2
220 2
227 1
208 2
298 2
860 2
884 1
197 1
134 2
61 2
981 1
954 1
166 2
291 1
795 1
287 2
345 1
838 2
1000 1
795 1
123 1
187 2
792 1
575 1
745 1
424 1
213 1
476 1
889 2
739 2
163 2
760 2
144 2
628 1
988 1
629 1
74 2
975 2
149 2
929 2
359 2
524 2
767 1
711 2
40 2
846 2
111 1
124 2
933 1
7 2
551 2
563 1
994 1
794 2
555 2
130 1
846 1
431 2
604 1
667 1
19 2
147 1
993 1
412 2
528 2
702 2
17 2
151 1
538 2
683 1
577 1
907 2
734 2
299 2
492 2
744 1
809 2
490 2
359 1
119 1
865 1
217 2
753 2
176 2
553 1
530 2
753 2
218 2
369 2
519 1
863 2
503 1
283 2
36 2
265 1
133 1
999 1
904 2
96 2
279 2
936 2
304 1
657 1
185 2
981 1
100 2
957 1
735 1
433 2
24 2
505 2
575 1
340 2
892 1
118 1
562 1
7 1
212 2
834 2
856 1
691 2
57 2
445 1
857 2
835 2
702 1
141 2
188 2
414 1
620 1
395 2
60 2
134 2
310 2
332 1
973 2
203 2
254 2
809 2
748 2
721 2
630 2
207 1
180 2
406 1
72 2
7 2
498 2
109 2
199 1
167 2
442 1
109 2
563 1
191 2
216 2
907 1
217 2
469 2
920 1
547 1
313 1
233 2
998 1
843 1
22 2
626 2
863 1
353 1
937 1
544 1
229 2
864 1
878 2
968 1
471 1
727 2
413 1
163 2
143 1
65 2
771 2
734 2
994 1
766 1
407 1
556 1
452 1
417 2
342 1
175 1
825 2
488 2
63 2
547 1
677 1
928 2
679 2
715 2
61 2
766 1
245 2
346 1
476 2
974 2
415 1
140 2
135 1
655 2
724 1
178 1
273 1
397 1
592 1
601 1
911 1
191 2
340 1
843 1
589 1
599 1
451 1
341 1
248 1
244 2
638 2
352 1
66 2
867 1
601 2
624 1
625 1
930 2
123 1
712 1
704 2
475 1
578 2
763 2
708 2
855 1
892 2
564 1
816 1
545 1
175 2
520 2
442 1
294 2
34 1
815 1
732 2
372 2
538 1
894 1
683 1
208 1
119 1
352 2
515 1
526 2
260 1
760 2
530 2
413 2
362 2
288 1
209 1
944 1
549 1
958 2
110 2
142 1
726 2
450 1
548 1
27 2
183 2
321 1
985 1
837 2
706 2
5 1
135 2
968 2
211 1
147 1
12 1
619 2
737 2
99 2
995 2
384 2
745 2
915 1
600 2
703 2
210 2
340 1
671 2
340 2
362 2
460 1
646 2
949 2
648 2
43 2
862 1
285 2
128 2
758 2
558 2
499 1
27 2
407 2
672 2
308 1
460 2
562 1
427 2
564 2
340 1
993 1
87 2
537 2
758 1
266 1
276 2
369 1
692 2
284 2
923 1
239 2
968 2
925 1
235 1
322 2
932 1
471 2
301 2
838 2
907 2
894 2
560 1
809 1
981 1
324 2
367 2
622 1
431 1
453 2
574 2
590 1
160 1
123 1
529 2
234 2
389 2
67 2
916 2
898 1
519 2
382 2
412 2
833 1
168 2
90 2
181 1
463 1
1 1
710 1
257 1
894 2
566 1
481 2
8 2
141 2
472 1
748 1
90 2
832 2
579 2
747 1
415 1
550 1
46 1
656 1
903 2
338 2
110 2
264 1
195 2
626 2
19 2
516 1
666 2
699 1
376 2
841 1
404 1
419 2
895 2
657 2
43 2
205 1
235 1
352 2
532 1
793 1
485 2
751 1
563 1
170 2
48 1
524 2
597 2
454 1
229 1
144 1
948 2
793 1
239 2
880 1
470 1
506 2
904 1
485 1
901 2
796 2
930 2
452 1
441 1
390 1
39 1
287 2
50 2
980 1
962 2
490 1
150 1
676 2
923 2
22 2
961 2
786 1
599 2
481 2
312 1
389 2
325 1
756 2
245 1
999 2
18 2
556 1
414 1
640 1
966 2
401 2
182 2
700 1
477 1
274 2
747 1
425 1
704 1
192 1
54 1
970 2
873 2
727 1
262 1
551 2
770 2
168 2
236 1
450 2
302 2
929 2
208 1
131 1
798 1
275 2
996 1
901 1
998 2
618 2
388 2
982 1
150 1
65 2
188 2
603 2
354 2
580 2
90 2
723 2
314 2
652 1
983 1
383 2
482 1
815 2
882 1
96 2
698 2
877 2
797 1
545 2
687 2
564 2
478 2
304 1
265 2
173 1
87 2
129 2
420 1
940 1
63 2
404 1
319 2
356 2
983 1
82 1
207 1
489 2
158 1
332 2
677 2
492 1
845 1
740 1
220 1
586 1
412 2
305 2
692 2
757 2
131 1
839 1
362 2
698 2
537 2
149 1
421 1
234 1
721 2
165 2
370 1
81 2
567 1
88 1
881 2
306 2
16 2
328 1
142 2
273 2
488 2
684 1
681 1
991 2
569 2
479 1
367 1
257 1
98 2
857 2
655 1
497 2
110 1
949 1
85 1
796 2
577 1
521 2
650 2
626 2
479 1
