483 671
482 620
434 696
164 663
41 534
327 539
60 505
231 470
45 664
405 488
261 568
67 81
373 393
198 202
6 264
221 395
441 625
316 599
258 640
74 607
419 461
469 477
2 398
69 222
92 509
298 425
83 122
32 164
103 602
624 636
499 544
242 633
174 333
593 624
58 554
190 322
291 424
215 655
227 563
146 514
261 387
446 586
172 491
549 685
289 358
220 374
118 169
102 580
280 425
302 565
63 202
247 434
207 285
373 615
19 356
357 413
642 659
299 418
311 520
501 670
257 325
467 633
592 656
39 223
217 554
29 515
423 695
147 466
227 403
90 262
13 206
316 677
610 612
95 653
20 385
63 87
233 514
113 199
71 411
116 449
114 206
11 126
102 539
603 654
267 622
491 652
131 549
4 345
88 571
282 320
385 546
356 370
108 629
270 598
32 552
197 686
58 478
457 594
324 579
401 406
117 208
105 377
289 526
461 565
96 410
17 313
68 141
111 381
256 657
136 524
164 392
200 604
218 626
46 178
60 78
365 520
288 382
133 507
187 229
351 474
205 667
166 404
33 182
275 644
402 640
127 245
58 331
363 375
34 232
361 667
477 545
232 271
411 660
346 509
93 683
88 302
313 450
465 609
111 585
309 633
21 178
181 405
118 487
192 362
115 234
28 243
32 160
32 648
221 365
163 331
401 623
263 574
100 595
278 547
262 280
156 192
80 425
238 448
188 626
190 295
51 61
24 207
83 382
281 375
125 414
97 597
600 690
284 580
347 682
4 523
340 408
78 575
241 603
347 522
429 471
179 391
422 609
365 505
117 650
80 697
420 618
549 553
32 179
92 116
159 456
71 557
269 589
294 537
221 531
73 221
354 490
192 512
120 142
230 435
296 492
82 516
409 586
81 214
177 376
8 304
92 195
460 652
232 540
264 493
356 535
297 470
56 258
329 349
267 673
428 639
42 153
179 510
363 442
428 500
421 436
236 486
244 542
182 189
33 155
402 633
74 164
461 493
395 642
317 473
311 501
438 481
62 218
81 518
674 680
8 630
162 230
179 392
84 417
79 163
119 668
37 156
249 680
178 666
266 339
25 40
431 601
514 537
179 598
405 409
60 524
309 551
99 382
66 145
56 520
3 612
11 568
295 383
5 360
97 192
382 438
297 589
409 451
294 482
154 365
60 471
151 301
33 103
82 95
17 365
117 612
41 252
165 635
25 29
213 564
400 646
3 568
311 518
373 427
130 198
524 636
381 560
1 232
99 267
203 437
115 320
74 150
165 560
396 546
229 527
246 676
117 336
77 94
398 639
187 539
194 338
37 216
185 266
43 188
45 288
163 446
130 143
86 398
294 563
193 321
512 543
58 260
447 462
539 609
52 445
518 681
321 564
115 697
218 560
11 410
332 359
144 411
330 409
170 653
137 528
72 340
272 589
193 615
241 562
488 544
37 86
301 502
16 134
351 596
157 191
199 280
517 561
99 479
265 676
55 566
477 660
118 522
209 285
107 320
2 181
519 563
398 617
493 662
44 699
110 249
533 599
278 542
259 306
209 396
152 640
250 261
188 194
245 669
382 388
59 224
354 553
267 562
400 653
14 208
231 317
299 632
125 608
28 491
15 28
244 615
74 131
39 427
135 305
440 534
258 606
193 640
222 644
23 251
311 538
120 338
360 635
213 550
310 677
107 531
234 500
327 472
62 360
159 330
290 648
65 408
283 545
240 540
95 530
488 573
280 582
132 422
382 385
341 502
97 361
35 478
126 274
103 409
587 695
25 78
213 664
42 661
387 567
604 685
285 453
259 300
138 346
177 610
487 563
404 449
212 398
427 452
516 566
6 403
131 508
605 687
539 576
278 506
101 385
87 389
66 691
375 626
371 612
19 131
137 558
449 587
85 206
42 444
132 660
271 507
230 407
195 668
62 426
83 316
59 378
338 523
148 374
83 378
81 255
104 197
415 480
104 667
122 441
98 346
249 281
477 486
389 608
421 670
101 629
76 439
219 650
165 634
52 154
264 471
330 394
84 418
261 473
192 486
295 351
227 251
444 449
82 448
59 287
81 357
261 421
331 560
251 584
361 671
358 419
189 467
320 593
252 315
175 487
187 267
370 589
151 283
34 521
313 533
21 283
27 84
148 177
366 650
159 239
123 597
106 424
31 137
186 447
294 475
310 452
166 432
313 538
33 2
311 1
655 2
38 3
677 1
16 2
24 2
11 2
65 3
11 1
25 3
49 2
6 3
697 3
660 1
687 3
23 2
31 2
207 1
62 3
11 3
687 2
12 2
55 1
695 3
681 3
636 2
54 1
647 3
236 1
655 1
664 1
59 2
663 1
694 3
223 2
16 2
34 2
482 3
649 1
40 3
677 1
652 1
687 3
636 1
15 2
19 3
6 3
127 3
39 3
634 3
2 3
139 1
7 2
621 2
225 3
17 1
52 2
45 3
49 1
48 2
51 2
583 3
52 2
690 1
670 1
29 1
40 2
696 1
5 2
654 2
50 1
680 3
693 3
43 3
648 2
634 2
688 3
634 2
638 1
644 1
649 1
682 3
682 3
691 3
54 2
3 3
631 2
52 1
66 1
34 2
8 1
21 1
436 2
55 2
697 3
56 1
670 2
664 1
17 2
36 3
683 1
45 2
15 2
502 2
667 2
36 1
696 2
59 2
50 3
692 2
53 3
77 1
656 2
53 3
410 2
654 3
54 1
652 2
656 1
661 1
28 1
64 3
653 3
445 1
36 1
526 3
680 1
31 2
48 3
60 1
666 3
18 1
667 2
23 3
636 1
387 3
687 1
153 2
650 2
654 1
650 2
650 1
69 3
634 2
696 1
240 2
27 2
662 1
662 2
664 3
646 2
658 3
681 3
700 2
43 1
645 1
53 1
667 3
631 2
56 2
649 3
677 3
65 1
9 2
654 3
10 3
693 3
655 2
13 2
37 3
634 1
13 3
653 3
646 2
34 1
50 2
635 3
36 2
673 2
696 1
690 1
7 2
637 1
671 2
47 2
1 3
646 1
640 2
44 2
62 3
683 1
634 1
679 1
53 2
633 2
63 3
14 1
674 3
49 2
695 1
659 2
19 1
48 2
644 3
5 2
685 3
66 3
660 3
70 3
700 3
636 2
658 1
654 1
424 1
633 1
639 3
657 2
57 3
700 1
665 3
67 2
54 2
62 1
684 1
696 2
694 3
664 3
422 2
26 2
648 3
7 1
14 1
245 3
648 1
682 3
168 1
31 3
16 3
700 2
675 2
686 3
667 3
631 1
588 2
671 3
637 3
31 2
433 3
15 3
689 3
499 3
12 2
3 3
48 1
12 1
657 2
669 2
648 1
201 3
647 1
43 1
6 3
681 3
30 1
699 3
8 2
63 3
67 1
110 1
655 2
652 3
25 2
666 1
6 1
8 2
346 1
8 1
437 2
647 1
329 2
38 3
694 2
60 3
683 2
641 2
661 2
14 1
654 2
20 3
41 2
70 2
646 2
682 3
2 1
55 1
652 2
654 2
644 2
57 3
644 1
659 2
670 2
636 1
678 3
10 2
47 2
658 2
672 2
15 2
672 3
650 3
647 3
643 2
700 1
183 2
685 1
689 1
348 1
696 2
37 2
644 1
61 1
635 1
638 2
66 2
6 2
699 2
676 2
683 1
34 3
12 3
656 1
3 2
652 2
667 3
408 1
30 3
637 3
24 3
54 3
373 2
18 1
7 1
682 1
41 1
700 2
45 1
36 2
140 1
653 2
10 2
209 2
681 1
4 3
66 1
50 3
4 3
661 2
672 2
647 1
62 3
626 3
660 3
57 1
42 2
8 3
64 1
56 2
643 1
642 2
35 2
664 1
27 1
38 1
646 3
645 3
335 3
15 1
18 1
15 3
10 3
673 1
39 1
581 2
622 1
689 3
16 3
647 1
695 3
696 1
540 2
54 3
451 3
632 1
643 2
23 1
699 2
639 2
68 3
59 2
52 1
699 2
491 3
657 1
16 1
24 3
32 1
660 3
63 3
666 3
62 1
62 3
660 3
484 3
664 2
651 1
638 1
648 1
14 2
633 2
239 2
694 3
681 1
59 2
692 2
65 1
680 2
583 2
1 3
639 3
669 3
694 3
337 1
687 2
53 3
24 2
643 3
697 1
55 2
659 1
62 2
674 3
27 2
12 2
42 2
647 2
14 3
665 2
641 2
651 2
693 1
2 3
265 2
44 3
636 1
671 2
32 2
17 1
645 3
690 3
650 1
31 2
678 2
10 3
263 2
36 2
42 3
29 1
16 2
401 3
39 3
688 1
485 3
645 1
4 3
644 3
582 2
686 2
11 3
28 2
290 1
523 3
634 1
65 3
644 1
65 3
1 2
34 1
12 3
11 2
688 2
688 1
661 2
23 1
639 1
644 1
24 3
20 1
24 3
19 1
7 3
9 2
29 2
631 1
690 3
47 1
45 1
651 3
677 1
23 2
700 2
55 3
700 3
634 2
111 1
651 1
26 1
650 3
675 2
632 1
679 2
14 2
22 3
676 3
58 3
20 1
45 1
633 2
658 3
673 1
651 1
684 2
46 1
67 1
696 3
34 1
695 3
695 2
44 3
26 1
659 3
69 1
698 3
685 3
668 2
26 3
8 3
243 3
698 2
13 2
649 3
67 2
688 2
664 1
37 3
642 2
641 3
22 2
698 3
697 3
34 1
689 2
660 1
688 3
17 3
698 2
694 3
61 2
675 1
666 2
649 3
1 3
23 2
6 3
18 3
693 3
644 1
441 3
672 2
682 3
42 3
633 3
635 3
69 1
697 1
641 3
39 2
632 1
16 3
690 2
634 1
644 1
642 2
65 2
644 1
689 1
637 2
53 3
669 1
45 1
680 2
694 3
623 1
672 1
668 1
54 3
677 1
65 3
639 2
88 2
49 3
681 3
686 3
691 1
12 3
65 2
691 2
643 3
11 3
688 2
446 2
8 2
694 2
48 2
668 2
643 1
36 2
9 3
52 2
691 1
5 1
59 1
632 3
24 3
655 3
30 2
18 2
50 2
693 1
30 1
61 3
675 1
655 3
16 3
605 3
59 1
685 1
662 3
41 3
65 3
645 3
645 2
51 1
146 2
23 3
647 2
685 2
671 1
191 1
169 2
642 3
26 3
60 3
12 1
219 3
668 1
684 3
664 2
651 1
426 1
