271 180
378 393
363 532
213 505
363 630
66 163
787 884
158 490
193 998
164 204
735 964
108 833
74 824
157 544
343 758
727 847
43 805
738 875
163 211
53 564
432 697
119 799
503 805
15 603
264 285
939 963
317 626
440 567
466 647
127 513
551 787
313 858
9 914
240 570
456 929
482 676
600 995
652 668
744 975
363 709
418 726
572 627
63 157
484 599
31 521
632 819
676 962
244 491
233 969
228 262
97 286
343 622
330 803
184 961
615 769
180 689
386 630
573 903
24 861
54 210
809 824
82 548
106 575
457 992
133 802
222 665
558 753
563 739
136 1000
565 877
68 669
16 344
595 794
400 812
76 166
32 184
519 739
366 947
679 740
466 670
259 829
557 706
87 515
475 757
195 289
610 985
392 768
121 183
245 425
67 926
378 630
273 664
309 744
262 567
177 187
521 669
61 217
601 923
91 245
342 814
622 923
45 743
554 668
31 927
528 997
13 724
944 985
496 733
669 850
334 650
462 517
300 964
250 895
198 406
178 367
590 684
112 455
233 844
232 515
698 752
523 741
751 950
656 973
19 671
360 596
90 760
454 924
13 412
278 699
2 775
406 879
213 213
155 363
233 317
62 146
66 410
286 403
609 796
525 696
396 700
228 844
711 821
459 469
682 855
343 974
643 774
403 552
547 937
250 602
24 141
235 327
496 573
239 775
795 982
279 720
329 625
569 966
706 837
232 412
92 706
321 501
338 595
615 670
1 655
472 509
787 900
314 642
282 312
51 125
828 949
192 324
621 783
53 137
80 346
658 910
278 699
237 240
293 311
703 875
75 410
170 556
375 600
193 292
17 436
249 350
509 728
155 817
233 928
533 608
234 594
438 948
294 347
5 835
45 235
934 995
116 201
598 802
466 925
20 944
721 966
634 720
479 773
141 377
118 618
802 803
374 592
675 832
289 943
78 722
228 379
204 415
117 249
332 399
394 613
280 882
384 983
97 674
99 461
739 825
381 595
593 766
86 770
102 188
848 908
691 899
396 943
225 887
693 957
13 921
303 551
321 711
238 662
245 579
193 966
624 772
131 703
713 880
138 247
438 611
64 726
834 861
57 273
171 652
299 452
154 257
218 389
58 418
562 773
175 571
218 241
130 430
36 562
18 362
283 425
52 530
345 669
841 949
445 489
246 412
921 973
222 291
418 852
428 459
835 846
643 775
592 770
574 976
57 532
379 741
255 430
239 331
627 745
236 1
598 1
994 1
117 2
328 1
822 2
371 2
447 2
250 2
501 1
218 1
846 2
905 2
135 2
213 1
465 1
845 1
961 1
379 2
600 2
16 2
632 1
464 1
609 1
544 1
970 1
277 2
908 2
374 2
907 2
325 1
78 1
394 2
594 2
345 1
898 1
117 2
906 1
597 1
563 1
301 1
369 1
816 2
76 2
133 2
860 1
472 2
568 2
890 2
97 2
211 1
274 1
927 2
83 2
703 1
47 2
298 1
706 1
43 2
287 2
21 2
64 2
860 1
423 1
806 2
654 2
610 2
730 2
439 1
797 2
264 1
531 2
166 1
413 1
15 1
141 2
878 1
409 2
11 1
99 1
5 1
408 2
948 1
536 2
268 1
494 2
839 2
224 1
538 2
505 1
563 1
277 1
169 1
669 1
988 1
324 1
815 2
16 2
716 1
165 1
30 2
743 2
764 2
606 1
437 2
119 1
295 1
305 2
821 1
741 2
400 2
561 1
492 2
94 2
479 1
129 1
198 1
767 2
152 2
125 1
815 2
279 1
436 1
567 1
690 1
872 1
166 2
243 2
685 2
306 1
815 2
140 2
706 1
376 2
266 1
733 1
552 2
825 2
449 1
448 1
792 1
432 2
54 2
842 2
505 2
204 1
379 2
413 1
957 2
728 2
307 2
117 2
993 1
788 2
182 2
764 2
840 1
675 1
305 1
494 2
992 1
995 1
371 2
669 2
740 1
640 2
625 2
934 1
105 2
250 2
955 1
602 2
473 2
442 2
774 2
679 2
115 1
705 2
536 2
132 1
