1
120
150
4 10
31 47
42 114
12 36
15 56
77 115
15 30
17 47
13 58
28 95
88 117
74 92
68 102
91 93
6 9
8 12
1 68
57 60
43 65
85 91
1 11
39 70
46 110
31 105
18 55
74 85
67 113
35 54
15 116
22 46
1 34
43 80
46 51
7 32
7 45
15 50
3 5
12 68
15 16
21 76
38 90
13 42
74 89
18 90
20 107
16 85
18 88
9 13
28 43
17 33
11 96
86 96
10 72
39 47
63 64
87 119
64 100
11 111
70 78
57 82
59 62
95 97
67 84
3 44
27 73
11 24
53 101
3 21
7 112
18 38
81 114
5 110
2 67
8 28
19 109
1 75
5 91
12 66
23 37
36 77
23 39
39 103
4 41
10 103
2 3
16 103
29 71
19 31
81 94
60 63
59 79
16 99
58 76
1 2
10 15
53 87
24 83
15 48
74 75
34 61
5 17
38 103
4 27
6 7
13 19
28 52
10 22
22 81
11 17
2 8
8 47
39 118
10 18
10 20
3 15
10 23
63 114
51 109
43 78
2 34
46 69
1 53
46 59
39 90
17 25
25 57
23 60
1 4
43 104
59 71
37 65
8 26
19 115
23 35
7 14
31 119
36 63
29 40
23 88
66 108
108 120
78 87
6 49
55 74
3 6
3 86
9 29
31 98
26 106
8 57
