10
100
3039 366 1
608 1142 1
9794 4263 1
7148 6719 1
5824 9205 1
2757 6158 1
6183 298 1
4420 4418 1
4420 5600 0
4049 3039 1
7232 1799 1
9211 8516 1
398 389 1
4 8846 1
4492 571 1
6796 8019 1
603 571 1
575 837 1
389 1547 1
6195 8096 1
9906 6158 1
8846 9622 1
2964 571 1
9062 6119 1
7460 9719 1
5098 8072 1
7148 6719 1
4418 5475 1
4263 9719 1
6110 1641 1
9194 8516 1
6158 754 1
3039 2757 1
3938 1641 1
1719 5933 1
4050 4418 1
4050 9211 1
9890 2939 1
6728 366 1
754 4049 1
698 821 1
8846 1142 1
7148 366 1
754 9194 1
6040 8805 1
3938 298 1
366 8019 1
1265 9719 1
754 754 1
6110 2150 1
8072 1719 1
298 7967 1
8516 5985 1
754 9930 1
8805 6796 1
9205 6158 1
374 6110 1
6040 2612 1
1799 6852 1
4490 9794 1
2939 2123 1
2123 575 1
3021 9194 1
8096 5098 1
6094 6040 1
4490 1799 1
2964 1271 1
754 674 1
9622 6719 1
733 575 1
5824 4418 1
3039 5933 1
9515 9930 1
6158 2939 1
2612 6119 1
1224 9930 0
733 2756 1
7148 5600 1
969 4 1
5475 2939 1
6728 1641 1
1547 6728 1
7148 6728 1
5798 6719 1
298 3256 1
2518 575 1
4238 2150 1
6158 1080 1
6852 9205 1
1080 8019 1
5098 1799 1
603 4050 1
298 5475 1
6796 7967 1
5330 6158 1
7516 9205 1
9719 2756 1
3039 5475 1
4715 837 0
9930 7886 1
100
9490 1392 1
539 6842 1
676 2259 1
5305 1410 1
1728 8906 1
8131 4317 1
2013 7355 1
1826 254 1
5398 3926 1
254 5580 1
9770 153 1
7157 4317 1
3706 3028 1
539 8415 1
5448 3911 1
3926 1232 1
254 1728 1
5646 7355 1
3837 2259 1
2013 4314 1
676 3706 1
6842 2137 1
8473 8529 1
5466 1461 1
2323 1614 1
6265 1826 1
2776 3415 1
8504 3468 1
1461 3083 1
3083 7355 1
4820 7994 1
1826 8466 1
987 3706 1
2137 2609 1
1232 7623 1
2323 8123 1
1714 2013 1
9228 987 1
2776 1232 1
1410 9490 1
3028 8529 1
59 9228 1
8906 181 1
4820 3083 1
8529 3083 1
7529 7355 1
2763 8504 1
7024 1742 1
2266 539 1
31 3706 1
2266 2089 1
4677 4820 1
8906 676 1
8473 5448 1
539 5398 1
153 2323 1
8578 987 1
2763 31 1
5305 153 0
7157 2609 1
3460 2259 1
6265 6265 1
2013 7623 1
6314 1363 1
6842 6842 1
676 4317 1
8466 1742 1
379 9073 1
31 3926 1
5466 2013 1
5466 4677 1
5409 1714 1
8466 9709 1
871 6485 1
9073 7024 1
3552 2137 1
5646 8131 1
7271 8529 1
1742 254 1
8504 2259 1
2266 2259 1
4317 3468 1
6485 1363 1
8466 5096 1
2427 987 1
181 8466 1
987 1461 1
1359 6485 1
7024 3468 1
3468 3460 1
6986 2323 1
5096 676 1
1821 7623 1
2763 3911 1
5409 254 1
8466 5398 1
6314 2013 1
9881 3083 1
1614 2427 1
181 7355 1
100
6798 7407 1
4998 198 1
2285 9740 1
6901 7390 1
936 1984 1
3630 5323 1
5537 2285 1
198 9614 1
6338 7407 1
6901 6798 1
7062 6422 1
1000 5857 1
1984 5472 1
5297 1147 1
3433 5857 1
8863 4482 1
9132 4998 1
8435 8405 1
8405 2285 1
368 6901 1
7850 6409 1
8575 2709 1
2471 8575 1
4704 1147 1
6330 2709 1
6451 8074 1
7928 2709 1
6330 8363 1
8863 1819 1
7147 4755 1
8863 3630 1
1800 3381 1
9738 1000 1
4106 9132 1
5323 1833 1
4106 4998 1
4482 8464 1
8464 4495 1
3930 3381 1
2709 1984 1
6451 5705 1
8464 8586 1
368 3183 1
936 2011 1
5705 7390 1
3183 3183 1
6625 9883 1
7722 7407 1
8464 2922 1
1340 1738 1
3364 5485 1
5073 4432 1
8956 2709 1
1819 3364 1
7928 368 1
5537 2239 1
7407 3930 1
8838 2463 1
7850 5485 1
1984 7062 1
3930 4755 1
1354 8435 1
5453 3496 1
293 8956 1
5485 3433 1
4496 8074 1
6451 6798 1
5323 6676 1
5453 5073 1
8586 5999 1
5453 2355 1
8838 5857 1
5453 9204 1
4998 8956 1
6901 6451 1
1147 3381 1
6676 4998 1
2471 8464 1
5857 9243 1
5118 9204 1
9740 1000 1
6338 3433 1
5999 6798 1
9351 6798 1
1340 7062 1
2285 8956 1
293 6422 1
315 7407 1
9351 8838 1
3364 1800 1
6173 4432 1
1000 6283 1
7928 7407 1
7062 8838 1
936 3612 1
9243 3183 1
3381 9883 1
2239 2922 1
8575 1354 1
6422 5485 1
100
867 2834 1
9600 1978 1
2834 8819 1
8848 6260 1
5310 986 1
9147 7879 1
7380 1097 1
9900 7879 1
2984 5038 1
2083 6134 1
7823 2834 1
8448 5575 1
6974 8878 1
6805 8841 1
7043 9699 1
2692 7504 1
7879 534 1
7345 197 1
534 8819 1
886 1282 1
8249 6189 1
886 5310 1
7832 2984 1
9699 1351 1
4618 33 1
2779 33 1
2984 8848 1
2984 7504 1
755 9998 1
2834 7599 1
5310 7891 1
2322 9600 1
2779 9600 1
5575 3307 1
9600 2679 1
8878 852 1
8841 9568 1
8249 7686 1
7865 2779 1
182 2374 1
9600 7865 1
8448 7686 1
8819 7891 1
2083 5575 1
2209 986 1
9900 7865 1
6927 5575 1
1047 1095 1
8878 1097 1
1282 716 1
8848 2679 1
7879 1095 1
4880 7686 1
9113 1097 1
3645 182 1
6511 7504 1
3250 716 1
2323 8878 1
9324 867 1
2692 6805 1
8249 9113 1
968 9113 1
755 7345 1
4618 8848 1
1097 1095 1
9672 5038 1
8819 8841 1
7823 2779 1
6134 7832 1
5937 2007 1
8448 9149 1
9699 5575 1
3778 7859 1
2209 7859 1
716 3307 1
245 8359 1
6511 3514 1
5038 2007 1
2779 6260 1
5215 9672 1
112 2007 1
9113 2322 1
9147 5038 1
7818 3645 1
3645 7859 1
9113 9324 1
2168 9100 1
2322 245 1
7891 3778 1
2679 33 1
2772 7891 1
9324 2322 1
7686 3162 1
6260 2679 1
7832 3089 1
2209 5937 1
7599 7043 1
1287 2692 1
6511 7891 1
2779 2322 1
100
7203 1103 1
9807 8351 1
1254 7411 1
7277 2479 1
2062 3718 1
9766 9960 1
6661 3882 1
5727 8357 1
7828 600 1
959 1749 1
6604 8992 1
987 600 1
2080 3949 1
2736 1544 1
4826 2530 1
6309 7427 1
4948 2571 1
9585 6029 1
8893 600 1
3145 3718 1
444 959 1
2736 1888 1
2955 3145 1
8992 7277 1
8351 5494 1
3946 352 1
5128 6223 1
2514 2171 1
3949 7416 1
2479 352 1
7277 2571 1
4723 987 1
2062 7688 1
6898 7427 1
1191 5494 1
724 833 1
3882 5128 1
5727 3178 1
1663 5905 1
5571 6982 1
7504 3178 1
5571 1254 1
2571 1042 1
9960 4215 1
6661 7203 1
1261 2571 1
444 6898 1
352 970 1
1103 7688 1
5571 6223 1
7203 9299 1
2171 3946 1
7203 1254 1
2062 6783 1
2171 1042 1
8327 1254 1
2076 1261 1
2030 2264 1
514 4826 1
5494 8558 1
6897 7504 1
4826 833 1
9960 1749 1
5494 6783 1
8806 6223 1
1103 1544 1
1042 7277 1
987 8898 1
8074 8558 1
5128 8327 1
8806 2955 1
9766 7504 1
6783 2514 1
352 1725 1
6898 352 1
1042 2736 1
6614 724 1
7411 3718 1
2171 8893 1
7416 3718 1
9807 1725 1
9299 9933 1
8074 2736 1
7688 5494 1
987 4215 1
6029 171 1
3949 6897 1
4215 2571 1
6661 6113 1
6614 3949 1
4723 2955 1
5128 3949 1
2264 1749 1
7504 2651 1
2264 7427 1
1103 347 1
9766 514 1
2171 6982 1
970 1544 1
1749 4215 1
100
4900 2710 1
1584 5440 1
6829 1826 1
279 5810 1
5810 9888 1
9369 3268 1
7119 1801 1
2394 8660 1
1417 3633 1
6669 5810 1
1918 1280 1
2646 8295 1
7119 279 1
2129 2186 1
5810 8033 1
1696 5468 1
4891 8645 1
1801 6177 1
9717 9324 1
1729 3694 1
3426 6829 1
2639 6186 1
3268 4188 1
961 6186 1
6020 7176 1
3927 7751 1
8645 7569 1
457 2705 1
3426 1918 1
8645 2646 1
7264 8422 1
1801 5402 1
3927 3491 1
3809 1554 1
3038 3491 1
8422 2705 1
2710 4188 1
6537 961 1
4669 1554 1
7919 1417 1
8173 1826 1
1628 1826 1
3809 4932 1
1417 2710 1
1184 4891 1
2950 5402 1
3527 2646 1
9484 1435 1
7769 229 1
3809 3809 1
7919 2639 1
4891 1280 1
1417 9717 1
5440 1696 1
4664 4387 1
7583 961 1
4148 2689 1
3268 3268 1
3413 7866 1
229 9324 1
2689 2129 1
311 7264 1
4664 8422 1
9324 3268 1
6537 2950 1
4932 9484 1
4959 3809 1
2710 6537 1
3268 9369 1
1435 6186 1
5977 6186 1
7583 8645 1
1280 9324 1
1484 2705 1
5326 5810 1
961 1435 1
279 6829 1
6177 8012 1
2689 2639 1
457 1554 1
8023 3038 1
5440 7569 1
4188 4988 1
279 8173 1
1918 6177 1
6537 1322 1
8173 1417 1
5440 8478 1
3619 3268 1
5326 8645 1
7866 408 1
7769 4669 1
3760 3633 1
1435 7866 1
9717 4188 1
2129 1801 1
3633 1628 1
9805 9914 1
2950 7176 1
9210 1280 1
100
4545 5061 1
4778 5261 1
6002 7742 1
9227 7359 1
4130 6704 1
4567 6449 1
8968 8968 1
8125 6002 1
2036 9475 1
11 2596 1
5208 6454 1
2535 6002 1
7719 97 1
3616 9425 1
4217 123 1
123 5208 1
8497 7474 1
6727 3171 1
6454 6704 1
9227 775 1
6454 2576 1
4130 8909 1
1235 4567 1
8497 2466 1
4858 9227 1
8624 2040 1
3314 650 1
3314 6704 1
9393 3314 1
4470 1459 1
9380 650 1
6454 4361 1
6218 9851 1
7719 9425 1
661 11 1
9851 9380 1
3171 9425 1
3667 2969 1
5208 7474 1
5208 35 1
7742 2069 1
9791 5982 1
4130 8172 1
8172 9227 1
6727 650 1
9380 2040 1
9393 7470 1
8877 5261 1
8172 8968 1
4470 1459 1
5982 3827 1
3314 2596 1
3421 3807 1
2069 2535 1
3365 1010 1
2036 7474 1
9380 6665 1
6665 6012 1
661 6012 1
6727 8909 1
2535 3171 1
8639 9393 1
2541 2690 1
8497 9213 1
2541 9687 1
775 4821 1
3827 4470 1
2596 775 0
2541 2596 1
5153 8065 1
5153 2955 1
2036 5061 1
2596 2690 1
4545 6704 1
698 6002 1
1459 6002 1
4567 698 1
673 3314 1
3642 6002 1
775 6665 1
890 2484 1
3827 811 1
2955 3421 1
6218 2596 1
6218 6002 1
11 4028 1
35 8125 1
5208 650 1
2576 9791 1
9791 8639 1
7742 6449 1
6645 1010 1
6665 811 1
5261 7315 1
7742 3171 1
6449 7315 1
650 2969 1
2690 4361 1
2955 35 1
2576 3642 1
100
2120 6476 1
1530 914 1
5338 8228 1
3256 4471 1
6622 9709 1
3446 4880 1
2913 2005 1
1530 2464 1
6622 5014 1
700 5191 1
1697 2464 1
5827 5338 1
1979 526 1
297 8926 1
2166 4320 1
1808 280 1
7418 4909 1
4076 700 1
4664 6155 1
8805 9235 1
700 6784 1
7966 255 1
4391 6155 1
6360 967 1
8211 4471 1
6784 8076 1
1697 8632 1
6455 5191 1
2464 8926 1
7966 6487 1
967 5109 1
6632 2464 1
967 6784 1
6411 5322 1
8332 2458 0
5109 1070 1
6411 8948 1
5567 3718 1
9709 8809 1
1808 6622 1
5782 4909 1
2120 4391 1
380 1530 1
8332 297 1
2458 1808 1
4664 7034 0
280 914 1
8076 4137 1
4076 2458 1
6766 2005 1
6766 7894 1
8926 3446 1
4072 1432 1
8142 8948 1
6155 2166 1
8332 8948 1
5827 9709 1
9010 5827 1
9696 7034 1
255 297 1
5687 9709 1
3718 526 1
2913 9709 1
6726 7438 1
5698 7034 1
4391 8926 1
297 1899 1
700 4664 1
4320 3446 1
967 1808 1
6411 8805 1
7894 4072 1
959 7438 1
8809 1151 1
4076 3166 1
8926 526 1
6155 4419 1
386 7966 1
5567 380 1
7974 2913 1
8948 8142 1
6411 8228 1
4909 5338 1
4391 9288 1
5109 6155 1
2486 386 1
6487 2120 1
6726 5567 1
8125 9709 1
8926 7966 1
4137 2458 1
5338 330 1
8805 1432 1
2005 1899 1
9348 555 1
1899 1024 1
2166 4880 1
8632 6455 1
4419 4104 1
1697 8805 1
100
5356 706 1
4183 4183 1
5616 147 1
4452 6606 1
8290 3921 1
4107 5356 1
4101 912 1
5790 4467 1
4374 3417 1
5616 4513 1
6676 9617 1
4215 6676 1
3417 137 1
5616 7288 1
8294 162 1
2804 8294 1
9199 1785 1
276 8209 1
7054 9199 1
5492 3558 1
1548 3558 1
4468 8392 1
1842 5790 1
3644 10000 1
8861 3629 1
6974 5454 1
9128 7095 1
9446 5885 1
1548 5184 1
8294 5454 1
6974 9080 1
4199 1868 1
9637 5492 1
8290 3558 1
7597 2220 1
9446 1258 1
6606 1142 1
6676 7786 0
2930 5371 1
7859 4468 1
8363 6606 1
9417 2804 1
1868 6606 1
7831 3921 1
964 3090 0
9766 8290 1
4374 162 1
9446 912 1
9414 5342 1
9446 7831 1
3890 5790 1
6964 4215 1
4468 5616 1
4676 4894 1
9446 5184 1
9080 1258 1
9199 9766 1
3090 7223 1
8209 8392 1
4215 8209 1
6606 9080 1
912 5790 1
5492 5342 1
802 8861 1
9446 276 1
8861 4452 1
1258 4374 1
6187 4101 1
1170 8294 1
7373 10000 1
6676 10000 1
5492 9637 1
8209 9417 1
7859 7370 1
3629 8076 1
802 802 1
3090 1611 1
1868 9617 1
2627 5356 1
1521 1611 1
2627 1842 1
9766 7095 1
4199 8796 1
7312 8392 1
8076 145 1
7054 534 1
8209 162 1
9199 4113 1
5492 9637 1
3090 1785 1
9766 9199 1
6606 1785 1
9417 3629 1
6974 5342 1
1521 4894 1
8076 199 1
1164 1591 1
3890 7312 1
7054 4452 1
1142 3558 1
100
1816 3248 1
6661 667 1
6001 722 1
6303 5950 1
6741 5008 1
2805 1702 1
4950 2636 1
1775 1192 1
8409 722 1
1775 5194 1
9180 8189 1
1220 9521 1
9180 4324 1
1702 2636 1
1891 5638 1
4956 7452 1
1404 7826 1
9166 6149 1
6001 1891 1
9118 4662 1
667 5008 1
3420 1228 1
1220 6941 1
1404 1192 1
8812 1220 1
667 2539 1
9408 8409 1
3248 4324 1
9890 1908 1
667 4862 1
1228 7831 1
4891 6392 1
8284 1891 1
9166 4950 1
2636 5365 1
8257 5292 1
5638 539 1
1829 8622 1
4324 7826 1
773 6149 1
2636 7831 1
3337 722 1
6475 2539 1
3699 4668 1
1228 5234 1
6253 4891 1
7831 1192 1
5365 4564 1
4324 7356 1
3634 4668 1
1404 3634 1
6700 9118 1
2033 6001 1
7452 5194 1
7042 9521 1
1816 7957 1
9408 5292 1
9559 3337 1
6700 9288 1
2636 1343 1
4545 2805 1
1816 1702 1
1228 8812 1
7281 8812 1
6149 1775 1
6001 6149 1
5778 9521 1
9552 9552 1
2594 4862 1
3601 5234 1
6303 1829 1
6080 539 1
9460 2636 1
25 7452 1
722 4950 1
9118 2805 1
6771 4891 1
8501 9640 1
3981 5292 1
6700 1702 1
8501 8622 1
2075 5292 1
4950 4862 1
4564 3472 1
2943 4956 1
7957 1863 1
6661 3472 1
1959 1816 1
6700 6080 1
9965 9288 1
7307 1816 1
6771 5365 1
6253 6741 1
1775 7831 1
7281 6392 1
9288 9965 1
1228 5292 1
3007 7826 1
9166 1404 1
8895 9640 1
