1000
1
2
3
4
5
6
7
8
9
10
11
12
13
14
15
16
17
18
19
20
21
22
23
24
25
26
27
28
29
30
31
32
33
34
35
36
37
38
39
40
41
42
43
44
45
46
47
48
49
50
51
52
53
54
55
56
57
58
59
60
61
62
63
64
65
66
67
68
69
70
71
72
73
74
75
76
77
78
79
80
81
82
83
84
85
86
87
88
89
90
91
92
93
94
95
96
97
98
99
100
101
102
103
104
105
106
107
108
109
110
111
112
113
114
115
116
117
118
119
120
121
122
123
124
125
126
127
128
129
130
131
132
133
134
135
136
137
138
139
140
141
142
143
144
145
146
147
148
149
150
151
152
153
154
155
156
157
158
159
160
161
162
163
164
165
166
167
168
169
170
171
172
173
174
175
176
177
178
179
180
181
182
183
184
185
186
187
188
189
190
191
192
193
194
195
196
197
198
199
200
201
202
203
204
205
206
207
208
209
210
211
212
213
214
215
216
217
218
219
220
221
222
223
224
225
226
227
228
229
230
231
232
233
234
235
236
237
238
239
240
241
242
243
244
245
246
247
248
249
250
251
252
253
254
255
256
257
258
259
260
261
262
263
264
265
266
267
268
269
270
271
272
273
274
275
276
277
278
279
280
281
282
283
284
285
286
287
288
289
290
291
292
293
294
295
296
297
298
299
300
301
302
303
304
305
306
307
308
309
310
311
312
313
314
315
316
317
318
319
320
321
322
323
324
325
326
327
328
329
330
331
332
333
334
335
336
337
338
339
340
341
342
343
344
345
346
347
348
349
350
351
352
353
354
355
356
357
358
359
360
361
362
363
364
365
366
367
368
369
370
371
372
373
374
375
376
377
378
379
380
381
382
383
384
385
386
387
388
389
390
391
392
393
394
395
396
397
398
399
400
401
402
403
404
405
406
407
408
409
410
411
412
413
414
415
416
417
418
419
420
421
422
423
424
425
426
427
428
429
430
431
432
433
434
435
436
437
438
439
440
441
442
443
444
445
446
447
448
449
450
451
452
453
454
455
456
457
458
459
460
461
462
463
464
465
466
467
468
469
470
471
472
473
474
475
476
477
478
479
480
481
482
483
484
485
486
487
488
489
490
491
492
493
494
495
496
497
498
499
500
501
502
503
504
505
506
507
508
509
510
511
512
513
514
515
516
517
518
519
520
521
522
523
524
525
526
527
528
529
530
531
532
533
534
535
536
537
538
539
540
541
542
543
544
545
546
547
548
549
550
551
552
553
554
555
556
557
558
559
560
561
562
563
564
565
566
567
568
569
570
571
572
573
574
575
576
577
578
579
580
581
582
583
584
585
586
587
588
589
590
591
592
593
594
595
596
597
598
599
600
601
602
603
604
605
606
607
608
609
610
611
612
613
614
615
616
617
618
619
620
621
622
623
624
625
626
627
628
629
630
631
632
633
634
635
636
637
638
639
640
641
642
643
644
645
646
647
648
649
650
651
652
653
654
655
656
657
658
659
660
661
662
663
664
665
666
667
668
669
670
671
672
673
674
675
676
677
678
679
680
681
682
683
684
685
686
687
688
689
690
691
692
693
694
695
696
697
698
699
700
701
702
703
704
705
706
707
708
709
710
711
712
713
714
715
716
717
718
719
720
721
722
723
724
725
726
727
728
729
730
731
732
733
734
735
736
737
738
739
740
741
742
743
744
745
746
747
748
749
750
751
752
753
754
755
756
757
758
759
760
761
762
763
764
765
766
767
768
769
770
771
772
773
774
775
776
777
778
779
780
781
782
783
784
785
786
787
788
789
790
791
792
793
794
795
796
797
798
799
800
801
802
803
804
805
806
807
808
809
810
811
812
813
814
815
816
817
818
819
820
821
822
823
824
825
826
827
828
829
830
831
832
833
834
835
836
837
838
839
840
841
842
843
844
845
846
847
848
849
850
851
852
853
854
855
856
857
858
859
860
861
862
863
864
865
866
867
868
869
870
871
872
873
874
875
876
877
878
879
880
881
882
883
884
885
886
887
888
889
890
891
892
893
894
895
896
897
898
899
900
901
902
903
904
905
906
907
908
909
910
911
912
913
914
915
916
917
918
919
920
921
922
923
924
925
926
927
928
929
930
931
932
933
934
935
936
937
938
939
940
941
942
943
944
945
946
947
948
949
950
951
952
953
954
955
956
957
958
959
960
961
962
963
964
965
966
967
968
969
970
971
972
973
974
975
976
977
978
979
980
981
982
983
984
985
986
987
988
989
990
991
992
993
994
995
996
997
998
999
1000
1000
INSERT 69 114
DELETE 915
INSERT 757 937
INSERT 123 744
ADD 864 973 310
REVERSE 99 780
REVERSE 363 490
REVERSE 571 593
REVERSE 750 863
REVERSE 33 161
ADD 820 947 494
ADD 500 827 410
ADD 130 138 256
INSERT 994 534
INSERT 300 941
REVERSE 643 923
INSERT 8 815
REVERSE 701 797
MIN 839 948
INSERT 670 504
INSERT 153 992
REVERSE 858 964
ADD 25 449 596
REVERSE 252 406
REVERSE 638 940
MIN 150 863
DELETE 267
REVERSE 419 499
ADD 260 792 581
REVERSE 426 646
REVOLVE 124 809 101
DELETE 672
DELETE 340
REVERSE 170 572
MIN 325 897
REVOLVE 558 637 798
MIN 181 674
ADD 159 814 608
ADD 929 993 95
REVOLVE 830 932 445
REVERSE 694 727
INSERT 301 890
REVOLVE 530 712 470
DELETE 854
INSERT 343 590
ADD 896 993 787
MIN 429 751
MIN 494 563
REVERSE 603 821
DELETE 474
ADD 917 988 379
REVOLVE 766 787 408
INSERT 329 108
MIN 222 337
DELETE 999
ADD 803 945 445
REVOLVE 417 477 206
REVERSE 817 857
REVOLVE 788 789 301
REVOLVE 23 506 508
REVERSE 504 704
REVERSE 954 974
ADD 123 249 804
MIN 205 616
ADD 309 857 20
REVERSE 721 748
REVOLVE 785 884 548
INSERT 556 418
INSERT 439 181
INSERT 170 383
DELETE 881
MIN 672 946
DELETE 196
REVERSE 925 976
REVOLVE 250 848 981
DELETE 83
DELETE 111
REVERSE 205 914
REVOLVE 225 709 961
REVOLVE 777 852 370
INSERT 51 353
REVOLVE 236 971 573
REVOLVE 546 918 466
REVERSE 738 974
INSERT 118 935
INSERT 646 395
ADD 232 619 744
REVERSE 326 718
ADD 81 324 126
ADD 215 550 512
MIN 854 960
DELETE 370
REVERSE 40 781
INSERT 486 906
ADD 181 499 306
MIN 460 668
MIN 635 739
MIN 517 523
ADD 42 514 732
REVERSE 859 981
MIN 748 827
DELETE 724
DELETE 330
INSERT 406 400
REVERSE 272 855
ADD 125 510 441
ADD 273 524 921
ADD 811 892 705
MIN 90 242
DELETE 518
REVOLVE 888 928 93
MIN 714 951
ADD 892 989 649
MIN 205 786
REVOLVE 481 710 670
ADD 804 838 865
MIN 651 912
INSERT 671 855
MIN 860 916
REVOLVE 1002 1005 792
MIN 936 996
DELETE 366
DELETE 427
REVERSE 120 654
DELETE 456
MIN 822 893
REVOLVE 647 928 228
REVERSE 617 758
INSERT 397 890
ADD 849 967 733
REVERSE 981 989
REVERSE 598 691
MIN 758 845
DELETE 593
MIN 434 999
REVOLVE 261 879 302
DELETE 662
ADD 399 835 135
ADD 484 984 821
INSERT 272 535
ADD 185 754 271
INSERT 206 730
MIN 383 829
ADD 934 996 339
MIN 173 980
ADD 168 931 701
MIN 30 349
REVOLVE 847 885 868
DELETE 232
INSERT 889 269
REVERSE 940 983
REVOLVE 623 798 731
REVERSE 531 977
MIN 865 871
MIN 978 982
INSERT 607 759
REVOLVE 709 920 290
INSERT 847 157
DELETE 870
MIN 474 912
REVOLVE 427 918 552
MIN 674 729
ADD 97 246 912
DELETE 746
REVOLVE 175 420 998
REVERSE 479 537
REVOLVE 151 231 465
REVOLVE 825 949 378
REVERSE 563 725
REVERSE 859 905
INSERT 145 672
REVERSE 420 797
DELETE 15
DELETE 116
MIN 609 794
REVOLVE 709 895 1000
MIN 138 849
MIN 18 424
ADD 613 740 112
REVOLVE 987 1001 886
REVERSE 25 267
INSERT 867 951
REVOLVE 166 479 709
REVOLVE 160 482 501
REVERSE 555 651
REVERSE 216 788
REVERSE 563 887
MIN 258 608
MIN 73 715
DELETE 684
REVERSE 464 713
DELETE 573
DELETE 992
MIN 243 540
REVOLVE 140 966 857
MIN 994 998
INSERT 850 892
REVERSE 831 910
ADD 966 978 34
ADD 749 846 118
MIN 622 950
DELETE 310
DELETE 445
ADD 12 130 92
INSERT 957 56
REVERSE 20 153
ADD 566 930 709
ADD 181 316 744
REVERSE 833 990
REVERSE 525 797
ADD 637 920 595
REVOLVE 258 694 876
REVOLVE 624 683 348
MIN 557 837
MIN 792 797
REVERSE 865 932
DELETE 762
REVERSE 82 169
REVERSE 259 762
INSERT 894 354
REVOLVE 775 897 932
DELETE 977
DELETE 812
MIN 773 971
INSERT 792 57
MIN 509 574
INSERT 664 475
REVOLVE 710 960 762
INSERT 690 865
REVERSE 214 607
DELETE 912
DELETE 977
REVOLVE 57 312 139
MIN 144 816
ADD 866 883 218
MIN 112 950
REVERSE 510 523
REVOLVE 145 929 857
MIN 797 803
REVOLVE 19 583 172
REVOLVE 514 940 879
MIN 979 993
MIN 378 697
ADD 248 511 860
MIN 780 912
ADD 486 967 101
REVERSE 302 962
DELETE 798
REVOLVE 559 593 520
REVERSE 33 471
ADD 808 840 564
REVOLVE 449 631 13
REVERSE 613 953
ADD 301 666 766
MIN 727 747
DELETE 255
DELETE 454
REVOLVE 66 874 141
DELETE 155
DELETE 865
MIN 253 454
MIN 361 633
ADD 796 851 813
INSERT 894 981
INSERT 894 684
ADD 554 734 100
MIN 978 982
MIN 94 702
INSERT 299 191
MIN 477 855
MIN 735 818
MIN 471 762
MIN 102 899
MIN 306 618
ADD 363 620 357
DELETE 710
REVERSE 696 874
ADD 177 598 824
DELETE 815
REVERSE 351 617
MIN 321 346
INSERT 887 387
ADD 769 814 576
DELETE 665
MIN 213 359
INSERT 948 703
REVOLVE 411 872 127
ADD 963 966 138
MIN 986 992
REVOLVE 552 921 18
DELETE 124
REVOLVE 96 680 53
REVOLVE 272 515 987
ADD 900 947 348
DELETE 975
DELETE 949
MIN 520 797
INSERT 819 774
REVOLVE 651 916 26
REVERSE 489 787
DELETE 12
ADD 469 731 760
MIN 397 755
ADD 218 367 157
REVERSE 510 604
ADD 961 973 85
DELETE 946
MIN 210 640
REVOLVE 678 874 71
REVOLVE 478 881 880
INSERT 100 211
DELETE 183
REVERSE 721 811
REVOLVE 889 914 995
REVOLVE 881 903 220
REVOLVE 602 920 334
MIN 317 631
ADD 694 710 110
REVERSE 694 943
REVERSE 954 980
ADD 895 949 351
DELETE 633
DELETE 710
REVERSE 741 907
MIN 419 793
ADD 341 688 659
DELETE 669
REVOLVE 647 847 474
INSERT 987 358
DELETE 553
DELETE 526
REVOLVE 466 917 13
REVOLVE 640 883 335
REVERSE 773 949
MIN 337 683
REVERSE 583 816
MIN 421 780
ADD 66 664 889
DELETE 458
REVOLVE 770 913 549
DELETE 676
ADD 347 945 264
ADD 642 941 977
MIN 839 881
INSERT 134 539
REVOLVE 123 515 908
ADD 482 570 592
REVOLVE 546 937 763
INSERT 752 397
MIN 596 857
DELETE 840
MIN 832 893
INSERT 392 837
ADD 798 821 35
INSERT 470 623
INSERT 744 267
MIN 264 667
REVERSE 366 871
REVERSE 250 431
INSERT 665 769
MIN 299 792
INSERT 470 448
REVOLVE 631 909 176
REVOLVE 589 952 913
REVERSE 276 867
ADD 692 914 238
INSERT 669 81
REVERSE 92 571
MIN 358 691
DELETE 959
INSERT 498 474
MIN 922 987
DELETE 632
MIN 942 990
DELETE 795
MIN 878 975
MIN 641 851
ADD 749 874 585
REVERSE 677 792
INSERT 975 847
MIN 679 773
REVOLVE 265 600 636
MIN 675 975
INSERT 854 31
ADD 126 750 765
INSERT 308 757
DELETE 751
REVOLVE 449 806 415
REVERSE 863 991
REVERSE 377 676
INSERT 303 671
MIN 282 576
DELETE 27
INSERT 872 639
MIN 348 849
MIN 744 748
DELETE 498
REVOLVE 124 343 944
ADD 321 605 761
ADD 540 660 161
REVERSE 110 210
INSERT 481 138
REVOLVE 10 787 664
MIN 864 872
ADD 391 814 29
DELETE 338
REVERSE 523 871
DELETE 806
MIN 387 913
REVERSE 698 714
REVOLVE 10 984 855
DELETE 974
DELETE 135
MIN 803 815
MIN 879 973
REVERSE 479 706
DELETE 133
INSERT 162 724
REVOLVE 288 818 556
DELETE 663
ADD 485 655 130
ADD 288 317 537
ADD 904 921 740
ADD 710 818 606
ADD 105 877 929
REVERSE 781 869
REVOLVE 580 582 853
DELETE 784
INSERT 70 716
REVOLVE 261 878 976
ADD 532 611 794
MIN 555 562
INSERT 942 609
MIN 30 384
INSERT 699 372
ADD 318 522 553
MIN 719 821
REVERSE 501 729
REVERSE 302 795
REVERSE 379 842
DELETE 180
MIN 644 733
ADD 45 877 82
MIN 746 848
INSERT 933 495
REVERSE 758 927
DELETE 538
INSERT 224 12
REVOLVE 120 713 704
INSERT 329 167
MIN 179 248
MIN 98 272
DELETE 230
REVERSE 939 973
ADD 824 847 624
MIN 140 641
INSERT 344 881
REVERSE 194 223
ADD 661 725 529
ADD 212 436 37
REVERSE 712 765
DELETE 603
REVOLVE 309 988 204
INSERT 262 110
REVERSE 910 965
ADD 228 789 163
ADD 30 645 900
ADD 517 727 245
DELETE 288
REVOLVE 136 358 307
ADD 745 919 200
DELETE 521
DELETE 675
MIN 888 913
INSERT 244 86
DELETE 293
REVOLVE 482 490 382
MIN 71 361
DELETE 164
ADD 183 477 664
DELETE 767
ADD 577 696 284
MIN 776 780
REVERSE 758 822
INSERT 24 698
REVOLVE 533 940 984
REVERSE 578 597
INSERT 415 9
INSERT 796 791
INSERT 666 943
MIN 4 104
DELETE 961
REVERSE 301 650
REVERSE 597 912
DELETE 326
INSERT 789 330
REVOLVE 580 988 208
REVERSE 335 568
MIN 843 963
MIN 326 921
DELETE 214
REVERSE 305 685
MIN 921 961
REVOLVE 369 822 98
INSERT 275 350
ADD 803 815 815
REVOLVE 103 465 902
DELETE 404
ADD 280 754 830
REVERSE 525 970
REVOLVE 680 911 685
INSERT 741 265
ADD 515 750 761
MIN 803 955
REVERSE 195 426
DELETE 662
DELETE 510
ADD 22 412 756
REVERSE 842 919
ADD 808 850 45
ADD 901 910 836
INSERT 541 524
REVERSE 769 986
ADD 841 878 836
REVOLVE 98 289 237
MIN 788 806
INSERT 147 276
REVERSE 167 848
INSERT 342 722
REVOLVE 274 290 132
ADD 424 686 14
MIN 62 217
MIN 261 905
INSERT 327 111
REVERSE 876 927
REVOLVE 336 407 380
REVOLVE 224 865 773
INSERT 778 722
MIN 774 856
MIN 439 859
ADD 330 581 857
REVOLVE 379 514 293
INSERT 664 13
ADD 228 240 37
REVOLVE 64 130 808
INSERT 717 51
INSERT 665 743
REVOLVE 920 976 544
REVERSE 407 634
DELETE 537
MIN 667 882
REVOLVE 328 644 424
REVERSE 938 974
MIN 786 968
MIN 20 668
MIN 472 750
INSERT 903 139
DELETE 736
INSERT 516 963
ADD 763 960 322
ADD 106 223 85
MIN 41 466
REVERSE 439 486
ADD 975 983 886
REVOLVE 880 984 129
INSERT 235 123
ADD 39 431 940
REVERSE 558 833
REVOLVE 723 965 946
REVOLVE 142 993 645
DELETE 391
REVERSE 764 789
DELETE 746
REVERSE 231 779
DELETE 39
ADD 863 959 814
REVERSE 151 292
DELETE 826
ADD 898 944 847
INSERT 695 453
REVERSE 365 957
DELETE 781
MIN 339 901
INSERT 565 567
MIN 121 149
INSERT 701 824
REVOLVE 438 526 470
REVERSE 928 950
REVERSE 698 894
MIN 526 971
ADD 773 835 440
MIN 910 960
REVOLVE 77 292 238
INSERT 710 719
REVOLVE 538 895 721
INSERT 986 430
INSERT 714 690
INSERT 708 611
DELETE 61
DELETE 889
DELETE 83
ADD 267 672 746
INSERT 25 425
DELETE 868
INSERT 97 693
DELETE 992
DELETE 732
ADD 332 937 85
REVOLVE 249 611 788
INSERT 527 729
REVERSE 549 827
ADD 518 620 410
INSERT 941 555
ADD 187 489 937
INSERT 53 995
MIN 320 347
ADD 11 778 858
DELETE 402
REVERSE 679 898
REVERSE 949 950
REVOLVE 141 407 928
REVERSE 665 793
MIN 175 392
ADD 71 804 143
REVOLVE 974 986 651
ADD 847 970 337
MIN 291 521
REVOLVE 42 309 660
REVERSE 824 843
REVERSE 568 781
INSERT 669 604
DELETE 514
MIN 602 907
REVERSE 365 852
MIN 814 874
REVOLVE 49 332 56
REVERSE 74 505
DELETE 517
INSERT 512 548
DELETE 991
REVOLVE 943 974 156
REVERSE 904 929
INSERT 980 28
INSERT 272 929
REVOLVE 15 659 290
DELETE 24
INSERT 308 678
INSERT 649 597
REVERSE 586 678
DELETE 608
MIN 439 903
INSERT 863 950
MIN 829 943
INSERT 323 81
MIN 533 639
DELETE 150
DELETE 390
REVOLVE 552 832 696
MIN 309 928
REVERSE 108 512
MIN 728 930
DELETE 223
ADD 477 526 853
REVOLVE 655 838 459
INSERT 181 272
INSERT 887 373
REVERSE 532 718
ADD 190 486 591
ADD 269 896 527
ADD 885 936 304
DELETE 792
REVOLVE 94 582 827
INSERT 700 915
ADD 371 736 964
MIN 455 890
DELETE 86
REVERSE 137 513
ADD 867 973 256
INSERT 826 133
REVERSE 826 935
MIN 154 989
INSERT 331 896
ADD 75 408 137
DELETE 970
ADD 809 899 747
REVERSE 953 998
ADD 615 698 98
REVERSE 196 387
MIN 882 961
DELETE 157
DELETE 647
ADD 831 859 765
MIN 681 847
ADD 673 677 39
INSERT 105 732
INSERT 928 752
DELETE 721
REVERSE 100 332
REVOLVE 832 873 174
INSERT 669 588
MIN 381 755
REVERSE 141 310
INSERT 574 157
MIN 929 994
INSERT 576 4
MIN 4 163
ADD 846 990 911
DELETE 868
REVOLVE 840 1000 86
REVERSE 385 458
DELETE 745
INSERT 638 206
REVERSE 697 730
INSERT 369 866
MIN 961 965
DELETE 228
ADD 232 521 880
INSERT 748 587
REVERSE 48 900
REVERSE 448 834
ADD 871 900 807
DELETE 474
INSERT 855 925
INSERT 476 622
REVOLVE 406 883 192
ADD 29 775 549
DELETE 815
REVOLVE 385 489 263
REVOLVE 807 968 370
MIN 66 441
DELETE 428
REVOLVE 232 942 81
MIN 941 944
DELETE 200
MIN 902 950
DELETE 419
MIN 443 545
REVERSE 806 830
DELETE 240
DELETE 765
MIN 509 886
DELETE 125
DELETE 799
ADD 229 452 510
MIN 28 828
MIN 21 96
INSERT 464 278
REVOLVE 713 874 338
DELETE 530
REVOLVE 746 979 795
REVERSE 872 913
MIN 137 461
REVERSE 623 966
MIN 212 806
REVERSE 513 947
ADD 432 893 681
ADD 893 915 796
REVERSE 988 989
MIN 314 376
INSERT 389 574
ADD 165 910 372
REVERSE 613 833
REVERSE 307 965
REVOLVE 893 936 59
INSERT 890 408
DELETE 483
REVERSE 613 871
DELETE 323
MIN 362 368
DELETE 475
ADD 427 855 696
REVOLVE 584 764 236
INSERT 302 573
MIN 7 446
DELETE 914
MIN 195 726
DELETE 585
MIN 901 951
DELETE 183
REVERSE 837 953
MIN 324 608
MIN 805 853
ADD 490 552 413
MIN 706 901
REVERSE 489 896
INSERT 418 274
INSERT 202 145
MIN 119 577
REVOLVE 331 766 540
INSERT 981 509
MIN 55 447
ADD 509 585 617
DELETE 58
ADD 137 450 603
DELETE 604
INSERT 343 806
ADD 198 251 11
INSERT 399 769
INSERT 795 998
MIN 631 671
REVERSE 119 388
INSERT 230 669
MIN 969 976
REVERSE 761 843
INSERT 245 34
MIN 461 943
ADD 854 924 246
REVERSE 151 178
REVOLVE 145 266 417
REVOLVE 513 912 564
REVOLVE 838 930 69
MIN 475 658
INSERT 959 510
REVERSE 921 923
REVOLVE 190 431 905
DELETE 497
REVOLVE 409 612 427
REVOLVE 663 734 395
INSERT 965 59
INSERT 163 245
REVOLVE 763 988 325
REVOLVE 151 234 745
INSERT 318 274
REVERSE 232 265
DELETE 548
REVERSE 149 289
INSERT 616 248
ADD 366 941 13
DELETE 755
ADD 284 898 117
DELETE 309
REVERSE 382 788
ADD 334 645 381
MIN 29 226
DELETE 502
ADD 609 882 261
MIN 662 801
INSERT 166 734
MIN 350 361
MIN 60 881
REVERSE 55 162
DELETE 841
DELETE 39
ADD 558 885 708
REVERSE 343 648
DELETE 408
ADD 285 821 429
INSERT 946 218
MIN 120 342
DELETE 920
ADD 517 799 358
ADD 988 992 910
DELETE 222
MIN 153 992
INSERT 858 770
REVOLVE 540 776 145
INSERT 592 257
ADD 830 964 84
DELETE 823
MIN 788 952
ADD 987 993 371
REVERSE 356 719
ADD 364 564 284
ADD 453 956 213
INSERT 496 24
REVERSE 915 951
MIN 614 802
DELETE 897
DELETE 731
MIN 162 659
DELETE 213
REVERSE 946 988
DELETE 936
REVOLVE 520 983 417
INSERT 335 942
MIN 959 981
MIN 122 974
REVOLVE 369 511 15
REVOLVE 890 945 700
ADD 524 925 4
DELETE 191
MIN 975 988
REVERSE 864 934
INSERT 983 853
REVERSE 880 982
INSERT 853 905
MIN 210 829
REVOLVE 862 896 552
ADD 951 986 820
DELETE 23
DELETE 365
REVERSE 504 616
ADD 170 271 64
MIN 424 756
REVERSE 347 730
MIN 549 950
ADD 123 676 277
DELETE 151
ADD 928 939 87
MIN 183 570
INSERT 151 455
DELETE 572
DELETE 369
ADD 452 466 961
REVERSE 74 235
ADD 129 350 287
ADD 40 937 989
REVOLVE 37 552 435
REVERSE 935 953
INSERT 640 597
REVERSE 724 954
MIN 645 977
DELETE 682
REVERSE 304 418
ADD 971 979 439
MIN 16 826
MIN 441 677
INSERT 587 975
REVOLVE 801 874 680
MIN 913 949
REVOLVE 655 899 233
INSERT 987 148
DELETE 379
ADD 298 884 620
REVERSE 417 519
REVOLVE 36 218 36
INSERT 121 546
REVOLVE 398 436 487
INSERT 799 856
DELETE 891
ADD 17 127 331
REVOLVE 144 790 517
DELETE 126
MIN 765 769
REVOLVE 472 984 163
MIN 233 752
MIN 122 923
REVOLVE 8 201 956
INSERT 514 767
DELETE 222
INSERT 45 170
DELETE 885
REVOLVE 676 738 377
INSERT 497 19
ADD 44 952 949
MIN 585 848
ADD 367 767 895
REVERSE 449 714
INSERT 520 591
DELETE 139
ADD 420 904 246
REVOLVE 735 741 556
REVERSE 492 560
ADD 710 872 183
INSERT 433 710
MIN 718 886
INSERT 804 655
INSERT 86 7
REVERSE 993 995
ADD 744 972 431
ADD 478 963 392
MIN 277 312
REVERSE 151 552
INSERT 523 609
REVERSE 968 995
ADD 653 927 441
REVOLVE 17 880 475
INSERT 705 833
INSERT 68 337
REVOLVE 996 997 643
REVERSE 591 773
ADD 873 907 709
REVERSE 370 949
DELETE 936
REVOLVE 83 408 674
REVERSE 671 762
ADD 728 978 300
REVERSE 886 924
DELETE 417
INSERT 106 942
REVOLVE 35 153 358
REVOLVE 387 913 626
ADD 983 984 679
REVOLVE 441 900 271
INSERT 827 339
ADD 499 799 445
MIN 377 724
REVERSE 157 394
MIN 771 895
REVOLVE 849 926 603
MIN 96 863
INSERT 59 25
MIN 115 856
INSERT 433 869
REVERSE 444 723
DELETE 62
REVERSE 111 736
DELETE 696
DELETE 692
MIN 825 953
