1000
3304
8221
26849
14038
1509
6367
7856
21362
6968
10160
21787
6611
21618
31535
28764
19740
22714
3125
31476
11926
449
13565
28738
28151
6904
17288
5461
28389
8448
2879
21503
1974
5473
14811
19498
7546
14976
29570
3951
16699
19403
31282
15077
12931
1591
25699
25399
27423
5356
9960
1786
6179
13886
30231
31549
9262
11488
16937
1633
14063
20820
21220
7467
19944
22438
18039
30231
21106
7514
30629
26351
20738
5027
3877
16541
13738
6614
17481
7486
12771
23581
4319
21623
12169
2672
23637
2572
29991
31681
25120
2734
24437
4471
22365
27413
21535
28446
5049
7503
20936
23133
16783
28760
16719
22312
22865
11754
27729
21558
27689
19094
15599
31670
480
23572
10961
31806
3582
18904
31082
24068
16435
27621
11134
14416
13301
3046
20450
23345
17259
31867
2948
16752
394
15057
1195
24258
8062
20085
4991
7745
16715
23402
23499
9501
1460
6777
13314
11663
17756
11208
32128
3599
19755
30638
21011
16583
6131
4550
10938
32583
19283
21058
25516
18042
31708
6530
16796
22233
31859
29158
23612
1246
15606
992
4608
28092
31779
4173
26916
25677
20661
25861
496
10828
19919
32688
32315
18884
18078
21212
558
8904
30011
24909
12874
357
2254
9108
21164
20437
24313
27620
27536
14581
27764
15392
5909
20218
6388
16952
23616
2655
4690
28342
15170
13601
23273
22932
20222
5679
5952
26961
10182
28956
24297
28740
17253
11800
5288
13359
18019
15902
2520
5143
23172
3951
28939
16467
22162
9790
25585
14564
4956
11693
123
1540
4607
5368
24895
24321
22372
3312
29983
13132
8458
31148
31269
18893
22278
11387
8114
27258
24392
31260
5080
17960
13855
306
4
4257
28672
13554
14560
246
2179
31
9591
11287
8878
5176
8603
28064
7798
14576
24451
21238
10115
12254
3257
15507
8500
118
15924
10654
5091
16440
26560
25023
32618
11047
25255
28977
14053
8317
18314
11033
10682
22429
8080
9750
15831
24905
12483
26393
7995
18709
27062
11895
10424
27419
12395
6972
18935
20977
6261
6339
3772
12504
17498
19075
11115
20022
30267
27180
13004
29255
5047
19443
22795
11791
8460
32041
26627
3731
30591
12563
18619
4168
15103
28662
17969
26316
21253
15473
27991
27860
27326
8975
11868
20582
15468
26653
9004
20296
11274
18361
7994
6072
29998
31788
27773
8541
28724
32378
22968
4734
12953
13623
32255
1394
3749
1435
21879
16983
13901
31449
7005
16647
1367
30637
1354
1864
14015
9780
17333
14147
2394
6657
27577
25144
6073
22637
11800
29551
26448
15150
32641
18290
29399
24876
5646
17273
13297
8592
24593
294
28684
13597
22544
25202
19592
2499
23054
8680
28187
29809
24076
13073
10100
13612
15312
1839
31518
350
23525
2605
29864
2160
31203
27607
7427
9882
23537
2375
3627
14842
9095
2719
27145
19940
7033
2302
14489
4218
10033
20652
29000
18044
14139
5016
13216
12641
26376
8197
29478
7078
10219
28544
6787
32614
7528
8725
27107
31531
3758
14786
5275
2308
4450
10796
25102
11223
20894
4241
21969
1785
6970
10238
8973
5116
2122
19906
28453
27336
30951
10786
10137
20461
14387
20814
28459
32056
29335
28820
26176
22661
24911
23508
21128
3283
20265
3892
27105
14750
23177
30996
17529
11369
6321
8261
14899
22682
32319
31349
12109
394
12535
1774
5183
19165
9923
385
7398
8975
13816
16828
29409
15440
31451
6756
26428
1938
13924
19743
26443
26080
2626
26224
14553
1009
13854
5608
16771
5117
14884
22171
23902
22991
704
31698
2272
15644
421
30207
25085
22035
22548
25590
17552
10293
30299
17497
1533
32615
21660
23380
5140
9029
10447
8331
31545
21690
15882
18769
6082
18893
20736
17179
30369
7102
5577
12852
10563
23378
19169
18610
4280
16235
32114
2472
25619
8667
25302
19613
30228
15994
27479
5437
32260
26743
29242
4943
26593
10731
12029
24295
28603
436
19420
17629
3166
13184
17818
14205
27953
24104
30845
14208
3934
19520
32411
18748
11827
13036
17236
18967
4809
21236
28704
14913
1763
12315
5771
20131
28440
21165
15229
24338
20533
18264
10175
1225
17373
20796
8635
32022
8306
581
29827
9299
22585
11705
26645
7448
21432
26893
3806
30639
19299
3837
3196
28104
25720
30940
14792
1646
5416
25128
18964
13882
5111
10849
21937
20423
22117
26907
28085
22629
25294
2131
7418
5394
31119
22783
31338
25510
22890
21992
12410
13389
9004
2236
7669
14138
8332
17759
29691
4762
29271
12163
30025
13511
27082
15992
15035
5823
4415
13125
8462
724
10253
13559
17387
13221
5545
1849
10785
24396
6161
3877
1843
729
12650
6746
13842
512
6375
7247
20779
28430
13038
21991
2980
3873
21622
6981
12259
28313
21940
11233
26449
6602
14326
20699
12125
19955
25295
13712
8131
13940
15476
11884
26126
2619
8550
25087
6747
7552
32593
2130
20833
15282
5940
13435
4014
23985
10947
23663
563
4157
6410
4888
8195
7855
11858
10407
6488
21990
11080
9516
14295
29573
18268
20835
5141
5468
12904
16849
17497
15651
22930
6160
26788
15470
29555
28264
14318
7389
6009
8607
29363
22675
25737
27921
24238
30442
31465
3331
12261
24933
19806
23348
741
1255
3473
6581
19535
4898
14263
24571
24979
30801
369
24115
32508
22826
12273
27349
28397
11534
6495
3708
13930
18564
21883
501
27353
27621
24963
21141
5386
10841
15191
8400
17782
15617
14299
11528
15812
5750
6301
9891
21394
19059
9400
29024
28785
7630
18680
21739
21297
21165
830
19119
30304
1270
7462
24043
16397
11015
31208
21000
24273
3752
31612
810
30737
21053
17154
13573
2941
22081
20576
17394
12252
4847
17709
27713
3340
14914
20174
7121
14148
13856
31710
479
20381
22226
212
20764
3537
17848
12255
26626
5954
4155
10261
21351
18238
24322
32717
24403
19585
11625
28233
10767
16379
5423
14489
28030
6356
622
26043
29360
8622
25553
32263
25525
21290
11009
22987
28591
14253
12640
17202
29995
15460
21754
28522
9906
4997
25017
4869
23962
3032
6872
5536
3874
375
30873
10435
6079
19410
28219
17929
20656
19701
19494
22657
9176
1550
4714
5459
4557
21801
18279
18343
24109
16447
9933
5058
22065
29039
15560
30066
25988
18571
16756
32173
27989
9686
18583
4981
4523
21004
6543
15358
28920
10147
