1000
7251 6728 65055
8072 3684 37849
3636 3677 72706
9732 9892 31205
5048 2142 57895
5578 8756 44471
2722 6321 59396
3797 6847 10728
3682 9503 96584
142 5680 19253
8283 5700 12577
7003 7460 4793
9080 691 64134
9497 4048 72685
3051 2337 76886
2096 7295 42473
8759 1490 11327
8922 9657 59095
4060 8129 59120
6090 1126 95173
5832 6026 92110
7777 3693 76026
5506 8275 6557
4597 225 72135
2281 3288 34795
6985 6989 459
5402 1537 72268
1634 1171 6710
8770 5929 75761
3247 1593 53786
4285 5999 76675
5571 59 35083
8505 3239 61495
3551 2591 97842
3956 7477 199
3047 6753 85406
2740 3106 76393
1669 9296 72304
7259 8346 49758
4716 5040 79091
9889 7797 36736
808 8656 36665
8830 695 67618
277 2033 37993
3688 8038 77257
6853 9288 20924
1077 131 73667
9996 9170 82368
1795 9820 91359
5451 2360 15660
6918 2024 77011
3130 9151 53237
1391 1462 72804
4875 1494 75444
5983 1994 14647
3525 8256 80699
6693 6319 90812
9978 1227 33049
4128 3714 88120
1462 6149 67036
5539 8679 30652
9338 348 47382
1590 9448 17804
8258 1287 34761
2975 1087 28673
6699 8679 90831
6460 3585 83265
1065 9779 90242
2862 7753 93453
5872 4074 52071
2283 2720 56748
1897 704 42325
7924 2069 56077
5613 1398 81094
3331 9489 4354
3639 836 21747
8144 2800 97202
2872 9306 48978
3760 8099 59192
7424 810 74205
8126 8311 26859
7726 3877 59100
5749 9750 87851
6704 5762 1856
9935 4164 14271
9816 4542 49565
870 9529 657
1217 8095 7413
7707 5203 4484
5818 5364 6615
1308 1683 91620
137 2340 50012
7826 8225 71373
2084 3334 36893
1806 7486 72472
717 4933 35845
5528 7152 92421
3012 4377 16238
1941 5942 96556
1981 9413 23465
6410 6001 98277
7456 5188 25340
8349 9143 98957
5803 7873 97370
5495 9187 44895
2606 3823 57971
7808 5520 46891
6578 783 64462
4809 8875 62497
9338 962 27440
9861 3799 92131
6688 437 43698
5576 9502 42956
154 8630 54734
6398 6025 72916
3172 943 11856
9908 8304 45259
7689 6703 85350
4727 3450 94409
3009 723 4792
4644 5336 44529
4012 4748 9235
122 478 1072
184 9702 46851
8838 1973 55755
3164 3876 73905
9270 9509 2316
1351 4338 45187
2059 2390 93112
2022 3118 86411
3295 5171 3453
3821 5782 19158
1007 7931 54730
8146 9425 75858
2461 2146 71168
1754 4827 68609
2011 2981 92766
2125 7383 56378
877 4016 15501
7406 2057 80463
9774 8468 85082
944 881 63312
38 5666 21221
6286 8195 71693
5678 5428 93941
3674 4808 70
4688 3489 50427
9763 3289 92479
7150 2 61334
6517 2886 10933
9466 7094 68017
2748 1248 3099
8314 223 74971
1379 9639 57562
3680 2361 49392
5258 8722 51050
9700 6760 74533
8363 9670 35689
8906 1017 72234
6775 1798 2436
8618 1136 88822
9045 9015 24342
1130 871 43599
7906 6383 93218
8008 6294 31116
9472 4873 55558
4697 4487 32874
5718 9556 80614
6295 3902 58996
5410 7843 88180
128 413 33008
5702 9636 54777
1127 5257 71081
650 9591 2818
7079 2537 60665
6740 9831 94034
9629 2633 572
9035 4514 28331
5027 7038 2424
1062 2850 52622
359 9422 45014
959 6159 96518
443 8308 42420
6679 9786 77291
249 3407 50898
6538 1287 78331
8107 9763 11076
2312 5417 86389
4898 2348 40934
9250 9856 42013
8245 5436 17807
4244 1067 88430
5937 3519 58690
5539 3122 13900
8916 4908 18964
3511 6514 87288
6866 4566 15948
5784 5276 92419
3383 5076 8159
7811 2749 65509
197 9828 82096
4115 7146 46531
6877 5735 58566
7717 8283 92739
6640 9662 56109
3811 7189 35449
2409 2876 65116
6864 3566 47133
5442 7653 59020
8914 4705 84957
5348 1119 81594
5486 4834 38254
3394 4534 69046
5482 5214 945
9921 6861 50631
9032 1817 39183
3346 5971 67648
8450 7326 41104
3823 961 28105
294 4796 37729
3125 7897 46845
7761 1752 40557
32 8976 88213
8981 5072 96818
7058 5940 48817
5126 7364 76649
1360 2849 44010
7885 3444 17779
8207 6600 26826
2597 627 19738
3812 7044 39682
3217 8386 3335
1243 5805 42252
8979 8313 47462
1557 9371 26369
8813 8149 91798
57 4372 93692
7280 8 96337
1697 5310 76974
5768 9689 60831
4447 7074 19144
8083 736 90860
5958 9831 76996
7874 8430 31623
6110 2779 36458
3360 5557 58044
6213 4262 76888
9475 7925 55455
4385 8675 17382
9186 5136 25412
2886 6130 78267
2930 6926 1738
8385 4301 16523
5473 3463 74754
5038 8952 46449
6728 3895 21654
8833 7776 42472
7188 4960 11992
3315 6707 6952
4821 8915 28932
95 3420 48650
5941 953 41223
348 5568 26693
2805 2241 31102
7511 2128 66282
1434 9888 41665
3599 421 65042
6013 3499 11331
1023 5267 10545
6805 8076 12516
2815 417 21153
3489 6899 48247
6457 1556 53549
7738 9319 48207
6208 7320 11032
8553 4772 95906
1206 8037 59892
5266 5508 71604
8429 7259 54778
1146 2322 34149
8926 7477 37584
3317 4022 61403
7612 9466 83282
2070 3541 18261
9201 5606 1518
7604 2519 48605
2034 5337 53988
511 4011 76798
3100 6674 44555
8110 7323 59923
7517 8263 22445
1364 8258 78541
3869 9243 90916
4802 3178 10571
2425 1085 33689
3990 994 52671
3631 4287 93131
8227 8137 54332
8453 8257 50805
5242 1018 85982
3526 3380 66121
4096 5072 28718
5702 2629 95397
1346 416 55644
3992 4523 947
4018 2686 30963
1775 8559 27676
377 6127 85720
9861 9969 56291
6309 15 91254
4933 9843 16370
5209 1926 14614
3335 3532 86992
9955 3680 54089
5936 8231 55764
961 9360 88259
2253 944 37549
2755 8260 48030
1865 2823 2539
6036 6126 1813
1372 4448 4780
9662 7684 12521
6168 686 87601
4168 3398 86387
4182 5369 65137
3818 4841 98140
151 5860 68587
2862 3726 65958
3412 7660 61531
8294 9781 80227
8543 7458 3739
3153 1311 48364
6378 7210 39284
2610 5565 18371
7209 5217 26177
1833 7063 90921
622 2463 46545
9243 3871 54200
3465 4540 89594
8121 2983 62378
2505 8915 42462
6243 9006 26502
4461 5011 56295
5110 3411 22550
6048 4411 38536
2233 603 35409
4459 676 68264
3017 4543 63689
1982 5429 81641
5143 9035 51879
7788 5999 82690
5812 5460 1602
5346 4382 3803
5618 595 3824
3433 8352 96891
9133 9514 72276
9030 5430 6616
7718 3555 48567
7024 8025 93195
7525 5706 52912
6515 2868 32322
7979 6142 80044
3810 3982 25576
1144 1575 73446
441 9302 177
9172 9917 81806
1193 6342 77707
3245 6522 84313
4191 5350 41198
6311 7619 62416
4257 1112 87791
2804 1899 94374
8484 9688 30146
183 586 86557
5469 7145 883
3829 4269 30382
3841 9017 53782
9971 5183 866
5196 3116 82547
676 1554 65730
7903 9343 69375
6240 712 12751
2708 5138 59161
7878 6250 74207
2863 2168 95646
5179 3411 57768
7887 5314 7687
2674 9073 98164
8039 3812 16268
4571 3072 65757
2705 9478 9517
9564 3626 46608
5630 8039 63329
4707 4642 62294
7617 5529 69401
2283 1522 13029
657 4727 51774
7760 1575 39056
4260 7262 83287
635 7314 95041
6695 9584 84192
9503 4567 27288
89 2952 29959
8693 7284 91616
2742 2668 20500
4432 6786 29077
9293 9864 7658
8897 8495 79762
5397 4622 78724
6795 5031 90397
4970 8109 58521
2065 7445 66553
1922 4267 6677
853 4762 40018
5737 6564 28357
6381 4946 25217
9994 8677 95634
1780 6647 70532
6802 149 73866
1719 159 1407
5969 9411 96788
3290 2953 25774
8847 4120 81593
3540 7695 46758
6558 6244 7672
2383 6603 74722
6036 3049 95890
4799 4738 99167
2074 9035 2511
2174 4835 53659
9375 5061 47063
1958 4727 5839
3647 1885 70437
6691 3995 5142
9336 3510 93435
5907 6574 71194
366 4310 92704
5297 9576 42969
5064 6580 12017
2486 65 69911
6473 347 31575
7721 6782 4711
438 2672 86893
6182 4226 11400
2291 3824 55370
5850 1785 89505
5046 326 19053
9188 3279 17293
7608 6038 92919
6889 4700 29601
316 6734 64813
4193 2460 6051
2647 539 29552
7646 2721 37135
619 8956 64214
5762 365 42043
2810 1573 92618
99 9032 84074
3347 2792 560
9689 4590 37007
3746 5070 21922
6954 1078 73767
7161 6334 77729
3878 9325 47290
5183 1939 76813
5257 5402 86583
6443 7634 88398
9804 9571 72425
5798 4147 53752
772 4219 97168
1193 6136 43092
2160 4483 31800
1286 3669 47166
7533 2788 36521
1971 2090 50593
3962 5966 99291
9570 4489 6939
1048 420 78374
3524 3376 81293
315 5779 77163
2211 9728 80638
5275 4235 69095
1526 347 75188
9533 2421 92742
1044 7348 78633
5401 1987 99704
4948 7001 61874
9158 6087 22512
2230 909 37838
3332 9329 71851
1644 4725 62655
7400 8039 14245
3586 7076 40636
5997 9555 56649
6493 5040 40852
1050 9304 14924
4963 4111 52995
1671 6166 9290
5095 4423 51581
1015 1783 89920
6876 8130 45863
4923 7607 36162
9955 9 24177
3019 6452 26499
8127 6810 7037
8089 4833 52704
9949 3326 53672
2321 1179 46958
1189 5161 32016
406 1809 5849
7981 9291 11906
4474 11 18791
3173 3719 38598
2659 1192 15410
7675 5641 24895
5709 4979 18758
7855 7085 32028
8858 1829 34221
2186 7814 55090
7941 9787 47366
9083 6503 6993
7216 9950 31072
6211 3864 40697
8636 4072 41870
6835 9221 7512
5677 8426 35297
4444 7084 69359
5906 4387 88842
8526 2368 9689
5479 2649 23782
6459 1972 97772
2894 4328 76048
6947 3295 41917
9326 3399 84132
8873 9366 36286
2697 582 76157
735 786 17868
2847 8940 6244
9529 6840 30922
2151 7176 47833
7765 8417 78485
280 1496 31752
8604 5169 82240
3448 6252 28002
2504 1669 33813
4944 8258 10951
3691 9675 6062
344 1162 13938
9679 5626 94253
3013 9907 904
5142 7460 96880
538 7392 32336
6359 545 57104
8959 4728 97853
2229 503 90266
9493 3911 39401
3309 1153 55337
8320 6825 95071
4499 8189 96486
4168 638 46063
7766 1198 46596
7083 2715 41746
9983 3216 67776
1101 9960 20359
3881 2915 13201
4067 7107 79253
1069 129 97511
7946 8516 24613
5392 175 19035
9313 4512 46677
9185 3953 32350
3689 8675 16710
6878 3595 84422
7088 771 24810
2027 4282 33737
2830 9747 35372
6934 4496 19290
8598 4120 60112
665 9137 17916
6309 6018 36085
4976 4411 2760
7064 1783 31898
5276 8976 79706
3400 3300 96167
4801 3707 84794
6425 5864 44407
5446 810 16556
5336 7995 49582
2189 8787 80645
6964 5370 82109
8564 6495 92717
7859 9644 85162
5299 7457 41139
9493 6425 71244
2014 8459 72729
6307 6686 40963
3044 9740 82055
5754 4914 88660
661 4697 22839
9530 5353 95366
535 7291 40819
5192 5522 14302
8706 9918 3534
8838 7781 33061
9436 6454 40567
3492 1131 30912
4402 7127 91914
1913 6574 96602
9778 7285 80378
203 1815 62237
6162 3134 86934
2748 1329 63076
6108 9209 30983
9743 4060 97811
6880 5149 67456
1214 7565 99952
8749 3125 97094
3088 4310 70608
8302 8861 24577
3066 7508 79975
9402 8799 32542
5837 7537 32474
3224 6221 3759
8222 7823 34416
1181 8950 34698
8473 2564 9951
3360 9365 57442
327 3554 59263
3729 260 14999
9855 6375 94422
1042 2894 8861
9414 1431 15224
551 3113 94557
1890 4596 89551
3671 5511 45308
6692 6235 1410
3952 5356 7799
8574 7744 95836
6639 1452 88792
6935 1312 53868
1481 6859 38245
7177 6406 26552
8065 6523 10516
1238 684 6485
2886 3391 91025
2918 1219 52088
5642 5263 33719
8947 2948 5852
9400 3378 3918
5640 646 98331
1717 2582 5085
8617 81 38849
505 4220 82989
5019 3326 97889
9978 2070 14279
8387 1000 83562
2925 9171 79803
3981 12 60829
3134 1184 7156
4853 2682 58418
7537 7591 22320
2386 8679 59663
3171 378 98984
6230 4195 79690
3182 9633 87782
3196 6993 51966
8338 2263 14545
4354 8439 92125
4182 8718 38926
7961 9110 13022
4295 8881 20016
4364 9742 20153
1341 2329 14957
2515 8747 53658
7241 7152 5376
4876 6073 5564
5922 5609 93767
5490 7997 89205
6282 6604 3246
9080 4036 98646
2468 8828 41404
8635 391 20767
8380 7389 18443
8755 8858 17862
9574 2725 56135
1723 2473 44260
5292 4289 94165
6598 5263 90827
2762 774 49305
674 2693 63480
3272 6534 35668
5897 8510 39768
7356 6994 42681
1762 742 31958
27 3858 8176
6043 703 1894
4820 4426 10313
3486 6109 38700
6367 1645 19388
8575 2995 31265
5040 1097 9205
2796 1764 37125
2877 5487 75306
7371 4154 52956
9827 4453 77605
8653 2202 62456
4113 5228 57151
8894 9710 72603
9782 5980 42170
3426 3832 46211
656 5377 16665
955 2621 35480
6901 2476 31129
5680 7393 76684
486 726 17206
4659 7216 69437
1148 841 18980
6876 1653 12301
5455 9721 73359
2197 301 89028
4236 1063 77112
2771 2696 69922
4597 753 27693
3306 9154 54506
7529 8540 77409
3379 8938 19159
3934 8692 44210
7182 5292 31168
3502 6833 37400
1166 6335 76123
1378 8256 97807
5697 7556 34155
1736 4654 69464
1280 2783 94401
5192 3944 67441
8716 3022 73343
9608 3 70542
9277 4974 67960
8305 2481 75970
8722 3466 49780
2502 2078 14418
9659 2062 21173
3658 545 34607
4532 8135 809
8305 113 18402
813 2501 45709
9051 9130 21908
7084 2308 94593
9285 2200 76080
4629 6930 68180
5543 757 43721
7668 9243 34682
7943 8718 86503
6112 4565 154
814 1212 57504
8945 9427 9591
4545 9377 58662
8152 9794 2559
9723 9832 24215
7643 2037 71010
8554 1775 55051
2415 4636 16669
6728 3348 24265
8257 7395 896
7617 1502 72862
5148 6941 32112
2036 3873 61275
1361 4683 56300
2599 2593 93713
2569 8736 43524
1744 3993 27579
7489 6135 53643
5534 9172 81482
4994 2890 59817
9882 3277 49620
8999 9726 26322
8852 2588 24440
7138 5421 35268
9012 9846 11444
7615 3053 3696
526 8549 42633
5782 891 42597
2965 4090 90746
5427 6330 36447
7816 5759 12287
8828 7848 60649
8280 4076 90693
8314 9780 6978
1403 2760 55147
1176 6583 72133
4462 364 98472
6960 4510 15152
2396 812 20557
5828 5982 23909
234 7722 54621
9875 6080 85187
8704 28 52503
8765 9555 86370
4504 8728 70094
4253 7044 70145
7363 9434 43167
8446 9302 89108
2188 2547 88340
1455 3306 32514
6266 6945 47084
7091 8340 28334
6812 5939 75215
8277 1457 42771
4133 8206 21917
2865 9381 29949
5695 1717 86146
4879 2587 42380
3532 8441 71615
9837 9882 78413
4042 3307 24487
9123 201 24470
4397 3882 95205
4885 6998 32973
2449 9713 61474
5456 4177 85206
6746 6913 23312
3041 129 69311
149 4259 82404
3377 1737 55111
2626 1388 13722
9558 278 93600
6513 5298 65991
9636 2807 31086
9826 4196 52768
144 327 22206
4547 706 83182
1722 1744 45984
5113 7569 62483
4765 358 34802
4406 7094 13891
6729 2860 15740
5569 9461 59342
587 8013 19849
1328 2198 44024
4109 7795 70044
3127 8154 79424
4091 9548 3907
6661 8577 11976
3018 3821 30026
2821 9354 1517
2632 5696 2455
443 6133 11208
4611 671 54842
147 7795 32399
8279 3158 58145
2851 8683 39107
5183 9557 44253
4259 9854 98424
2569 7149 68411
4996 2195 67662
915 2837 44373
7450 2100 44792
9420 4797 67595
7790 9301 53203
4799 9953 36208
4385 8516 3585
2916 1081 87239
9978 3201 96555
2325 8423 75206
8503 5576 39921
5630 3496 99675
1409 5358 34581
129 3436 61401
8812 3424 93786
5497 3788 28107
6059 7166 87229
8865 6948 45964
3801 6565 8543
2351 1775 14027
3954 1140 12043
8949 9070 99645
8164 7558 49920
5176 6091 7018
7110 5131 8152
3490 8150 20367
9162 692 3259
8176 7558 84912
7768 5062 78791
325 3309 84720
5690 8192 42098
9119 8089 55560
5547 1723 68012
3249 729 66390
2424 2361 37468
1814 8159 1665
2505 9810 69058
6843 8981 41742
9267 8316 28818
6992 2267 34611
3904 7979 83023
1893 7746 57168
5998 842 94790
4324 643 59182
940 1044 7344
9384 3927 54283
9319 4833 64852
7649 6040 1922
3952 888 41950
9450 767 66668
1013 3141 93787
5787 1093 81634
8265 7081 63165
7524 4940 78923
2122 5794 71848
2568 2470 6990
2189 5121 26591
2387 7001 82974
4297 2397 17048
7512 4536 60932
3009 1463 97587
7688 8785 63949
8692 3342 66817
3516 3644 30482
1059 9450 97946
2027 6672 22802
4538 5294 61090
5000 4938 98760
8889 7934 2307
8462 1700 50621
2182 8878 89803
4284 9831 65444
7933 5555 72890
4384 4455 65377
5640 3199 8809
2706 3445 13618
1723 9593 470
6986 3971 62526
5407 2114 39780
7879 5847 83176
6445 3085 34113
7350 8423 76991
7546 5756 89288
1620 4382 58131
4765 3785 82214
8443 2060 38204
433 5583 74812
4534 8437 915
4990 4241 81487
7360 8148 49457
1140 4871 67646
41 7948 87276
6108 5787 79926
9365 1442 13094
3306 5170 62255
1159 9873 84159
2181 3151 14823
8823 6405 13813
359 1285 86245
6069 6938 58215
6894 8883 13548
7361 5614 37116
3572 3428 404
8004 5349 63882
396 793 91499
9964 6523 95427
8071 3722 38269
5199 9521 18508
4092 1652 51335
623 4975 85929
5676 8758 74990
1781 9933 27366
1604 6270 53887
2855 5152 28917
4109 3966 92170
2440 4906 21281
8236 8084 9794
5469 4225 45189
2001 9667 52906
1869 1660 38197
1970 1741 29948
2866 1665 65615
2285 9081 59854
2190 5025 6864
2155 8203 25229
2136 6246 29838
9211 9650 97472
6432 5806 39248
1153 8962 60617
60 1029 77041
6037 7561 12229
3690 5210 65040
693 4888 16193
5545 2393 29983
4897 4529 58554
5263 2300 67713
4576 199 33288
5638 1260 16700
4705 6524 88209
4970 9261 8589
2076 101 14441
4944 1433 29048
4240 9087 84581
7144 122 85551
3848 8563 36843
233 8239 82111
0
