1000
324 4567 283149
6664 3450 512975
6273 875 81556
5668 3524 972222
4894 6351 75982
8636 2941 253725
5844 713 150976
8941 3321 882581
9614 1666 371688
7877 4781 994419
407 860 242045
5804 3318 802976
2456 3027 298557
4791 2719 275251
4756 1248 121471
1530 3690 70635
6902 5840 657316
6126 2278 223240
3643 5655 334654
8256 3498 10503
5664 4241 170034
3996 5734 617508
8831 8727 102581
7872 6203 20262
381 8381 906412
7347 5099 760545
4029 4196 290425
383 1148 756623
970 3292 564859
5814 8001 694375
492 1900 881884
5137 5552 45254
5777 6017 469614
7929 7090 809861
578 7287 129167
9161 7496 662449
7867 7187 844113
1279 6158 786412
6851 227 887951
835 6190 20377
9838 18 910686
2921 8899 668628
3736 9763 576146
1657 3796 480849
4845 4079 232413
8965 6128 327632
3556 4603 619149
6568 638 654461
3413 5613 808896
426 815 343500
4226 1156 523572
8521 7213 554202
1534 5921 212263
5677 358 993165
5504 5317 528016
7135 9300 140864
6859 3311 687541
168 8423 333353
2199 6553 694365
3486 8301 390602
2995 4917 438104
3829 447 921149
5274 4988 400936
9929 3598 498670
9066 6628 989859
9662 3200 875926
361 3224 918327
176 5069 411362
2677 3913 642047
8102 1634 223408
493 2753 436283
9540 9407 512345
2366 8523 582513
9420 2819 165482
7512 2708 433771
9938 276 199739
8653 6523 148879
7710 3609 520724
456 8067 451359
7332 1986 874843
8750 3549 758150
1655 2845 876570
7250 9247 421620
9887 4409 122665
189 1916 208778
2978 688 865142
9076 1617 436169
7635 9927 550081
1412 3266 339188
4729 6310 888511
2075 4572 839054
8430 939 169986
8644 1498 773198
392 7383 97966
2007 9651 330134
4869 184 779469
9548 7623 468494
578 8779 531002
1308 7701 523108
6498 1807 765969
712 6670 587594
1850 7949 461578
3795 9628 811602
973 7824 777996
9322 3589 630202
8964 8432 146899
6104 7775 646081
5384 5299 93909
2876 2484 698937
5835 3047 226820
1623 4406 908042
2076 3829 323602
9646 633 695573
601 4142 710440
1207 8792 182829
4116 9522 651917
8553 7752 862383
6057 2411 211807
3042 5719 986674
605 7316 50473
1899 6006 118438
1321 5857 474115
8713 2990 972346
2581 7347 939617
1803 7231 709755
9738 8814 974808
180 6925 554000
5166 3304 1136
1885 616 495585
3213 7721 49617
3614 1325 235403
1560 6793 133644
390 2724 852114
5631 2771 115177
6035 4483 57556
240 9337 7900
3815 5451 229269
3730 6883 815852
8142 9441 283394
8942 6733 159586
2661 1905 646394
2786 2347 849592
4527 1883 800293
6343 4648 940577
9936 6905 619046
1511 9664 4438
1114 1975 644252
6464 5761 606038
8917 4973 236916
9820 4388 724339
5930 2345 529515
7903 4709 476822
5183 1448 709086
2394 4397 958771
1417 8602 854476
324 1230 392886
7734 6572 732932
5919 1141 70666
8087 5497 905358
4560 8550 501731
4343 4847 912609
900 2700 456711
3289 5745 384362
78 2879 872316
6193 2529 989199
3105 5331 896341
4197 5092 875667
3015 8608 45784
8278 6226 908689
1637 5283 686667
9011 9954 705196
1554 5207 447476
3535 1985 693375
952 6436 543751
2796 1049 811757
3717 9705 856697
6981 7239 67192
2437 9469 322563
3837 9806 380099
109 5864 429786
1229 187 891425
5434 1068 231084
7503 1360 50761
7095 5894 647740
5105 8309 652842
2358 7811 479005
6215 1020 48689
1763 2529 144157
8021 1970 261649
1013 3960 367685
9617 808 561499
9088 8373 7572
6101 4007 808293
8535 3382 404811
9109 3940 944616
3217 8115 156048
36 6980 232722
9372 5205 759872
5813 2331 386611
6083 5425 513734
5718 5146 964178
5004 7294 685186
449 4658 858662
643 2862 627444
1342 1632 915352
7319 8299 437560
6140 3908 239566
7768 3627 980537
2303 3731 833011
3594 7366 124484
9294 4098 652826
7558 7736 817068
5834 1413 29666
8097 729 392116
5980 325 546204
3974 6316 3416
3983 7732 213095
3141 2391 201419
2353 3878 776885
5134 3250 174706
9449 1753 155990
9949 8364 579052
2144 574 593931
2111 4490 53726
7381 31 83731
8818 5906 399971
4148 9172 753955
9029 8365 864915
9586 986 49122
3600 5030 388096
7297 2131 922095
9224 8219 38186
3581 6637 329534
1793 9278 434946
4960 5028 784407
6622 9175 531105
7235 1403 20670
8591 8805 774491
2200 9644 432259
5614 6877 827838
1321 7490 196136
8844 3281 898684
264 9599 167260
7676 2275 918953
6897 2906 579122
5570 1109 858186
4596 4520 933192
1195 1907 910355
2942 339 241427
7993 9617 905558
3846 4872 164394
9092 7896 514715
2318 6171 146946
7035 5484 305975
5576 9157 175422
1341 6639 404363
4094 8927 129252
564 92 341571
9257 3613 331710
242 9104 255495
4359 3375 122009
4840 4981 702024
9762 8099 838079
1893 4910 198639
1679 8524 368078
1818 593 894352
8356 7250 317429
2896 6058 607759
2298 4954 336366
4546 8622 862360
7007 7977 247833
7636 3085 225487
6650 2344 591795
2577 7200 42806
727 7273 201200
4916 5367 111440
6553 1122 361009
7705 7226 205828
4965 7514 794148
1942 5246 394969
1580 8442 128327
1647 7906 598591
1774 6130 741914
9805 9569 991852
543 2612 402384
7168 9190 462630
7500 8807 783013
427 7259 650239
492 6637 300831
3760 528 49271
1218 946 949307
912 131 906141
722 1874 851195
6390 8001 695532
1144 5133 435175
1971 306 55497
6322 5631 680435
2483 4966 847206
1674 856 838254
8248 1327 402306
3110 1883 983338
6847 8942 578055
7909 8798 325205
8367 2318 540529
4881 4260 395253
3489 9920 901027
92 5999 954607
6927 2916 893317
4742 5197 461334
4338 7178 328714
3043 4853 670689
7610 8817 507588
9693 6995 648628
6930 7017 509549
2603 9025 764533
7883 5065 132700
4354 7038 101941
7469 2435 10592
811 1184 849081
2935 8660 189937
1870 233 740084
4190 9626 330677
7291 7590 315491
3658 7804 684648
2598 1384 249241
5029 648 302624
4426 2030 320474
2480 2400 504510
8271 31 48422
1125 1567 79387
3810 8223 990068
9804 1949 640436
8395 9527 941803
5280 8037 177631
5426 8363 961114
2127 223 798450
9901 207 995711
7874 1675 333981
1260 3934 904290
6412 9293 176510
9565 1168 365485
2766 1734 867075
82 1088 268605
8439 4079 475881
1842 3328 651966
686 3861 968121
8822 4338 576037
1411 9170 822847
9882 7200 945721
6875 893 523032
9814 6083 906311
6129 6597 692859
1560 1367 833910
7625 319 16720
8766 6036 983045
5362 7265 479750
4902 8090 452972
285 9328 257032
556 633 853191
2912 575 901010
5135 6544 12640
1464 1227 690602
1955 5470 230354
1430 8741 610055
5738 3704 915201
9345 7854 331121
2122 164 797964
1199 2751 768262
485 877 160172
5965 8476 152253
8188 3241 625826
8039 4341 490712
2091 9171 317758
3044 432 104038
1138 3876 468824
9236 1522 632121
2560 571 509708
8918 5773 449487
2038 7047 655364
2989 7918 595911
5085 9101 703712
8146 6207 841105
2371 7762 590205
1182 6571 145771
290 2672 116250
8880 1254 153365
4509 2403 960536
1884 3815 28927
9855 1419 263563
639 843 87911
9340 7231 392802
3218 202 987860
5894 1811 306246
9466 2149 710960
3820 6911 904681
6798 8406 990901
1623 653 741874
6254 7597 837782
9549 8432 986437
2301 8618 570411
6258 5704 758754
3394 2140 214470
3083 6719 591251
8167 8641 167699
6186 7857 212469
5633 1978 255705
2062 4304 130637
9854 4920 241125
1388 7765 471052
8224 7132 165021
3030 3602 988159
4680 5173 727136
2589 5666 89475
8479 4058 392375
6193 399 845915
7024 5451 690475
7280 7752 856767
7514 5187 207120
8807 2429 927217
1817 4176 406830
3424 227 928729
6114 1650 461730
2115 5357 954128
4051 5063 817218
7682 3582 256353
14 1881 624269
7781 1301 685127
1328 7404 837776
4058 6571 35185
150 5927 678945
5483 6753 570938
9144 1449 916258
3520 7499 670227
6218 6841 431738
4398 3240 442018
243 4243 742576
5200 2823 998034
1146 7176 965736
6907 8222 564908
1238 8262 403219
5086 8701 766272
2420 8664 268606
8713 6371 970451
6686 8702 841807
4042 7096 371646
4276 79 981644
327 765 651376
2950 8694 884464
6142 4444 739911
764 4250 314190
6956 629 858493
6055 5034 359365
5339 1187 786783
9397 8023 878521
8441 5183 546302
4098 4591 281246
5475 8690 39380
7340 1480 772110
5823 1545 520577
777 9306 77917
5702 569 521003
2587 577 964390
1325 2294 217540
7438 3378 237784
4974 3361 848623
6764 6948 301603
3660 2105 796828
2190 3745 276096
1949 8072 854289
4472 4205 439972
9881 8849 538499
954 7104 172629
5151 28 75053
6365 7363 782209
4596 5932 82883
5875 3119 59509
9296 5059 558885
5063 763 426284
2003 2575 199964
791 3654 477193
4191 2834 438608
351 5955 933508
9190 5844 773913
6477 7691 542529
91 3264 972893
8090 9596 881269
6809 8529 400957
6653 103 331233
5967 4746 713417
5569 5551 368777
2500 1059 24978
8243 9045 167652
8911 5768 235369
6932 4640 368630
2351 4276 882150
5812 8298 799622
4199 8134 784442
7604 6699 55897
2063 3771 501760
1161 4563 234621
9765 9149 684965
8467 50 332247
2603 7699 286203
4364 2908 381351
6642 3485 287415
3765 5619 287602
7634 5047 744505
6322 1376 52481
4768 8946 8866
5987 6897 741537
4032 1166 837204
540 1044 16015
7270 589 992354
3388 9439 646101
899 7836 702737
5816 3327 595059
1884 9697 352137
7637 547 737527
2697 4502 67213
332 1031 376069
9069 8058 234052
4324 9039 974161
3098 2816 38224
5853 1997 173175
4556 5467 396038
3129 6304 571828
1673 2294 692056
4907 8062 456610
3612 6908 399835
485 2390 54954
7697 9678 774719
5043 7882 242707
2583 8872 435875
7058 249 752983
9647 4216 271854
3609 3942 787065
793 9179 335834
8583 5122 127199
6866 7942 988440
9391 1632 950715
9776 9807 336932
502 3787 574447
9958 5803 360508
470 2337 204887
1620 2898 913488
9741 2032 679928
716 718 630673
3187 4305 298299
3063 4487 932488
9210 997 152375
9911 4239 899574
9831 9153 492425
732 4676 852791
7243 2129 729131
53 1992 562372
9252 8706 318997
770 4823 468702
5217 6808 223239
5426 3313 485932
3212 75 37581
8540 6681 583539
4235 9474 321766
58 8747 184574
5683 5111 643165
5405 9290 807610
9469 7109 916886
5920 9433 785172
62 4679 274179
5856 5324 540269
6643 975 760727
7440 9197 759054
1797 3969 708220
5143 6648 851295
603 6272 674472
4734 9227 725528
1363 9900 483375
1004 7920 550685
9893 4602 212925
9337 9207 901573
6911 3564 151903
5094 4049 838209
4853 538 529335
5319 8117 660810
681 8197 107737
6217 2128 418656
6014 892 848729
7411 4027 464813
9673 2036 913797
9449 2541 556768
8519 2527 234706
1006 7759 315423
5046 3741 381456
4914 2443 723441
6302 5511 946601
5699 6097 218774
869 6247 815257
519 721 376990
2772 1480 627983
5332 6588 644987
6127 6816 446719
6008 7376 473758
6839 1082 536808
9648 7898 141870
6392 4797 602211
5971 4907 686792
815 991 472740
2464 9400 494221
5630 994 295654
4954 968 982569
5651 8286 451511
10000 8426 844733
1338 84 262030
844 8882 860862
7001 3300 881597
4745 8432 254775
7997 5598 286562
4299 623 500321
2493 7144 709557
2722 1345 839766
6392 8696 875324
4623 5172 752151
7429 888 386491
12 951 147388
8758 7428 72686
2526 5749 443836
9649 1945 110550
2440 312 511722
7582 3949 994680
3119 5440 863089
9493 2393 710637
6101 4037 295681
947 4711 913798
1940 2389 895120
4594 317 800751
1185 8204 787639
9530 9732 118985
6778 8717 512146
6885 4265 467369
8124 1832 901489
2342 2073 35978
2046 9935 23615
1550 9205 395044
3275 3179 911695
869 3666 782255
5151 7853 598647
8676 9754 908299
8625 7317 764261
1246 341 139711
470 2276 926554
7720 5386 421072
7015 8601 422811
6907 4890 398698
9245 5289 629477
1940 6125 367212
7824 8147 975734
1592 1231 669320
6950 8544 443033
4677 9770 206443
3692 7427 924744
1308 4093 565556
7682 6277 579822
1454 1078 787079
5250 885 931272
7587 7626 618823
4694 2040 267040
6434 8178 668803
7238 9734 600278
3197 6884 23989
9384 7251 237365
9506 6228 41825
2590 2616 385671
6371 7984 228742
657 5788 247184
9414 1758 704175
1293 1561 471682
1448 30 161144
2551 9923 477636
6040 9654 617953
3051 9365 704924
1374 9135 372718
3224 3914 186373
9341 7206 762081
2104 6129 769944
9736 8045 683245
3598 9886 125204
5823 2554 704678
8724 7755 256942
5453 4093 732822
6712 3017 4424
574 3654 126546
1453 9971 674848
6854 7904 624410
2593 9521 896207
2807 5346 298078
3140 4824 512739
936 884 566342
7020 6451 358153
5046 1134 948839
389 6089 724770
4370 8700 930105
7988 1186 668987
9324 8476 376141
7372 4797 540071
6639 5227 937675
5716 2267 391713
4101 4610 632640
2929 1970 394591
5750 20 392401
7456 1736 577167
983 2753 866262
1051 5702 172932
3759 6928 577876
9398 75 559513
1006 7747 81690
2748 6163 84195
7502 5347 771520
4981 6055 787566
8949 3986 279759
8632 8947 574110
3552 3375 733810
6307 7760 920269
5315 4305 397016
9425 4968 265599
2553 6270 229330
6983 7740 479366
1315 6848 505041
6632 431 556037
2966 6127 2629
2835 4059 970398
5207 556 331957
442 5677 510811
3867 6224 9410
1703 4094 692945
2093 2181 891366
1734 2436 765095
6124 915 439379
1039 2496 153749
5611 5144 956642
1631 9277 699388
3659 2088 684222
8939 9720 409055
2360 569 606849
7901 3041 274549
1952 8749 702793
6766 224 587077
187 1826 94129
9348 5484 922616
5381 5579 99133
3773 4798 995698
8416 8384 720711
1987 9119 525578
3278 2935 138190
2523 3112 801352
2927 4595 121445
2516 662 273384
3782 9213 558338
7259 9104 588653
5804 407 343357
9666 5455 492489
570 7325 881030
9418 7144 857135
5822 4525 31406
6297 6647 466979
5287 9262 213520
7540 952 359969
3371 6895 593852
179 4522 568710
6401 3575 918444
898 2720 1379
5190 9935 876949
158 6387 211674
7223 5763 824385
9682 1988 525851
7697 6353 341699
3195 4179 198715
3429 9281 550014
6643 8423 126175
2161 2137 494731
7558 716 376873
878 8414 180154
9412 4707 394382
5436 8570 519948
4162 7029 289181
4915 6854 583958
3579 5006 347620
2768 9749 206032
8198 8944 464409
3214 1901 219563
1707 9919 418187
3671 5761 157453
7596 3261 867072
9710 3270 942392
1384 4480 195666
1401 7604 774808
579 1869 405405
2342 2710 177840
6941 4564 98279
3734 3747 674882
8307 9381 949709
1570 8784 674890
6443 7968 825540
6083 4338 433761
388 9152 554084
1828 7888 212887
4647 137 780127
8276 4208 870900
1601 9684 883246
8069 1091 731382
1199 3416 211190
611 7077 282016
4172 6768 866989
4179 2176 458996
9450 1910 588610
7349 8989 39505
8814 2502 750946
4054 363 171125
5436 8984 302751
3357 4096 272254
8383 7944 570331
9466 8112 328749
5755 9009 575282
3382 5158 683049
6304 1458 876202
2614 8256 834105
353 9869 890019
7679 8078 583982
1209 2814 214932
7695 4552 836960
8176 4391 526590
9627 6596 785950
4684 1308 441773
1567 4025 843614
5136 1024 447511
2918 889 846276
1219 6841 409355
106 3804 435380
5206 5097 21145
2550 9797 378378
8251 3515 630149
3724 9603 707875
4977 6867 619091
6677 4739 944635
5283 8317 694110
9472 3732 664199
635 8592 598310
6442 5804 162690
1792 4986 826790
222 4778 498941
8820 2423 426858
7880 5347 426622
5567 1468 211246
972 3065 739905
5696 3389 430247
5055 3879 373396
2601 8855 655570
2254 8540 298411
1150 6372 747454
4766 3578 967746
5210 3952 224174
5697 9122 401517
8125 5291 753361
3964 7250 123611
1409 2701 221070
8135 7775 595624
7568 9560 861441
3997 7204 247905
7756 8829 820618
7177 7750 66895
9285 4354 950893
1369 5155 47245
2975 552 477922
9964 3420 357188
8625 2782 94923
4625 9515 10918
8880 1005 856683
8334 1764 312286
7932 3508 300619
9298 4084 865147
672 3898 535885
9416 7102 149988
1882 1894 739467
7443 9769 597721
9133 4862 372126
9803 4638 837052
522 2732 956777
416 8512 978550
1502 6698 837787
1522 3469 940313
9060 9992 221229
5963 1509 572089
371 6248 622823
6972 1627 88328
8040 3185 429183
6559 9787 373853
1807 950 335835
4260 6958 94102
4123 9767 229104
6437 5308 172633
2865 34 707214
3120 4803 331727
1537 7357 68263
9781 2646 634493
3999 8119 821622
9998 8135 137765
1638 4875 452694
6698 1252 806573
5861 387 265702
8411 2976 794833
5102 8729 716201
6945 9743 303290
4651 1394 169187
4969 3079 285924
2834 7290 844642
1363 946 436822
9420 1306 169342
6331 5596 444741
4380 2578 500412
9692 8801 132479
6786 3016 294897
6425 938 648602
4591 9797 783705
7723 8584 541235
2714 5428 112870
6328 3892 704283
6902 6240 685075
4782 7 711642
6988 5074 798062
1730 1496 302725
6139 1367 311382
4765 2342 787882
1292 2505 83240
7421 6925 659412
4491 9973 913049
2557 8258 172480
4678 1832 957917
6354 5752 835007
3029 4452 225089
1692 8773 36564
9288 9740 689906
7072 428 279247
526 2761 15012
9132 5806 452658
2258 2642 230983
5040 5769 18898
7401 3549 556251
3256 9883 229700
3742 8016 627337
228 8192 2155
2833 529 192021
9799 267 990341
8231 5199 197077
3945 257 639178
9119 5217 240208
7420 7842 893477
1402 4250 439715
2855 9997 551613
6185 602 438996
844 5313 62246
4001 269 437033
6944 530 586896
4642 9642 792774
65 4962 757037
2459 4524 586651
2011 8878 233980
9501 1548 382490
1250 8920 476208
4811 1603 181896
2307 4604 919697
8036 7093 723201
3014 6499 615435
2669 2853 142717
5339 4017 249316
5045 518 51021
6928 8056 617520
9870 8914 251062
1702 1217 126761
3247 4486 440365
8263 5346 91398
2646 1717 520031
6876 7742 45106
2833 1899 862973
7009 445 83292
3621 401 404229
2777 165 739294
3371 592 907469
6206 9453 238029
4961 5469 11814
540 380 478730
3088 8321 303390
4817 6440 817398
3782 6920 235483
3199 1185 690829
1006 2984 314564
7365 5991 580185
5983 8395 985414
605 8625 418663
8532 5595 853237
6308 9986 571843
7647 6898 539238
1191 4393 249470
0
