2111 2906
233 839 242
407 1047 517
78 2045 1883
2017 2103 77
114 435 184
59 976 613
1667 2017 120
72 996 721
345 2089 1628
1219 1572 1
158 968 633
1525 1624 80
816 1044 11
1181 1517 290
1337 1691 350
390 1322 746
1734 1819 53
1728 2028 262
351 361 10
415 743 98
2010 2049 29
106 189 48
144 505 108
513 1888 712
1672 1915 175
77 795 99
478 2092 204
4 120 19
70 2053 1460
925 1726 499
248 330 61
1792 2066 203
963 1926 219
77 138 35
356 2061 1065
1441 1621 80
640 1064 44
560 1107 27
356 709 234
89 1987 1133
225 644 370
9 2052 362
355 1785 673
1081 1696 457
1175 1834 325
1596 1636 1
293 602 65
239 1671 877
480 926 137
271 326 22
25 116 36
366 1236 575
1973 2033 35
554 1010 427
244 2075 96
629 1076 85
76 248 99
809 1527 514
395 1744 362
62 409 178
507 769 39
1619 1900 70
113 211 25
577 675 46
411 956 193
1017 1579 45
57 144 19
101 588 194
1784 1913 111
918 921 2
1343 1688 40
1044 1127 33
572 1037 45
446 844 169
116 1174 703
891 1447 102
87 111 4
410 1059 273
204 395 27
1115 1474 87
33 52 3
195 554 140
221 1679 428
220 1396 812
961 1339 132
1600 1885 222
390 649 238
20 1060 1020
119 336 38
165 1012 93
614 1276 504
108 901 163
528 1756 994
60 76 1
229 774 57
636 1141 342
275 1348 813
111 473 215
233 1011 703
139 599 202
930 2110 691
354 1849 1141
427 1828 277
103 1018 269
1229 1582 294
1584 1853 64
258 755 258
857 1248 39
990 1136 29
328 464 130
1319 1649 103
538 1364 788
924 1262 85
77 117 11
165 281 79
615 1009 254
933 1638 59
292 1405 663
553 732 56
80 457 268
642 1724 917
821 1908 510
184 253 62
53 162 3
938 968 22
1027 1806 459
107 254 111
104 315 203
1610 1918 131
18 38 5
388 470 72
1259 1679 263
449 722 135
1159 1546 31
431 580 8
1264 1414 29
1618 1743 121
662 1023 8
568 1022 403
882 1716 809
128 842 221
229 268 39
1196 1815 575
107 1769 1418
1097 1253 56
441 475 7
45 71 24
839 1359 133
328 2007 1067
431 462 10
328 466 129
580 1125 257
563 2068 214
1060 1150 3
856 2058 1152
595 1544 449
9 39 22
1648 2077 18
302 1363 842
576 908 140
1767 1849 18
1484 1800 213
398 1689 726
1385 1788 166
322 1024 400
395 565 130
302 1387 1024
498 1363 443
521 2105 881
1336 1515 47
17 362 195
1262 1669 403
719 818 36
314 419 98
11 407 213
475 1620 1087
138 374 121
502 1263 4
110 179 0
592 1842 310
151 250 41
82 143 25
773 1620 781
528 1052 521
282 320 4
277 566 59
851 1293 355
828 1831 241
336 2006 437
1681 2037 304
267 1273 671
1128 1300 155
287 1591 1082
113 316 20
699 1856 8
296 1712 717
1217 1690 345
582 652 39
61 82 13
777 1072 250
580 1140 184
62 2044 1911
878 1082 97
350 1005 279
212 380 73
1149 1703 149
202 450 207
1440 1478 29
822 1638 215
316 1122 13
518 616 78
473 1872 16
122 407 133
614 906 123
352 831 293
635 1238 165
31 35 5
282 972 102
232 1127 236
382 1049 73
170 1374 526
196 626 424
384 586 137
620 1277 159
18 158 20
280 551 146
659 698 32
186 789 155
221 471 174
801 1588 116
615 1815 380
260 1474 152
48 196 22
254 310 53
1 1 0
280 446 61
159 1307 856
387 1240 584
780 1049 74
383 622 148
446 549 88
372 399 4
430 517 18
576 1507 82
103 114 1
1189 1278 70
28 433 238
87 1499 481
1042 1796 61
549 2070 1371
185 1619 1289
364 395 8
503 654 146
924 1710 20
227 234 7
1477 2102 242
238 347 1
424 565 142
207 736 178
2 18 2
1592 1875 239
1062 1158 22
605 842 227
250 271 16
26 440 164
1375 1895 151
306 1161 537
1147 1637 184
51 281 140
568 616 27
171 513 288
1362 1691 277
149 1606 1454
903 1022 19
134 332 45
878 1636 752
594 2079 1301
391 961 115
195 1236 823
413 1320 543
1358 1960 464
1370 1648 26
66 94 11
81 148 35
9 68 56
572 922 326
1002 1442 327
564 645 73
453 786 184
1392 1489 5
1458 2043 535
1799 1903 30
57 1067 794
1475 1928 210
167 208 4
1337 1952 509
1171 1861 273
749 2103 619
93 856 92
23 38 4
24 82 49
330 1181 761
95 1208 909
424 696 33
825 2004 414
36 623 301
672 1750 133
206 316 43
10 40 6
806 937 61
672 1810 12
177 616 146
1042 1586 195
515 795 222
356 772 331
116 450 123
120 235 85
827 1531 378
1064 1311 128
89 176 81
244 569 136
1473 1669 148
265 440 2
1019 1537 241
421 585 54
364 536 36
93 317 69
347 1461 1031
716 1703 594
15 1940 1861
17 588 169
702 1251 529
271 622 75
189 1688 519
609 1294 506
808 1133 171
264 759 202
255 1034 417
38 718 242
664 1287 375
315 957 167
342 1797 283
143 1312 681
1155 1476 100
775 790 1
110 296 144
615 915 232
824 931 104
493 738 209
27 86 27
321 682 208
730 862 55
286 1015 171
565 1439 435
476 1574 196
440 819 223
1460 1977 36
1278 1823 348
218 439 23
134 666 347
278 941 231
585 1586 600
84 321 128
339 1759 601
8 47 39
1146 1346 40
329 407 4
54 74 2
283 1543 737
51 586 268
646 1035 318
535 1271 600
974 1343 108
751 2062 645
251 1383 680
937 1297 185
762 1381 544
422 964 231
42 177 13
1867 2060 46
1933 2065 90
816 2093 511
537 1126 438
843 1249 196
243 643 220
227 442 18
366 684 119
83 918 31
60 97 21
261 322 27
1408 1561 73
268 1827 1395
955 1974 803
1493 1877 226
405 1003 313
381 888 446
277 883 273
748 1324 449
245 630 350
1023 1849 827
389 440 50
360 651 205
613 691 20
899 1767 244
225 1346 1053
1049 1307 245
1216 1469 179
119 334 143
856 1049 63
508 894 101
1062 1151 35
13 894 439
644 1157 237
1735 1894 137
956 1287 93
864 1303 41
247 906 633
187 823 259
402 409 2
361 600 181
162 1025 698
313 522 155
600 1077 320
384 1851 440
791 821 31
33 543 28
229 1396 811
111 733 75
191 973 544
709 1185 309
649 1381 604
655 1493 382
357 844 394
203 236 25
195 364 23
598 1864 1042
300 1305 240
460 974 471
985 2077 197
19 64 5
1227 1568 176
1636 1902 140
667 1633 857
15 380 120
618 984 210
37 277 94
861 928 18
1093 1749 466
289 355 43
337 873 43
1727 1748 2
40 1745 520
1220 1525 115
806 1793 805
975 1994 39
100 863 406
76 587 511
294 1662 1126
310 557 7
1020 1856 12
749 961 81
25 757 659
1458 1550 71
101 368 4
1233 1778 139
76 133 33
168 781 262
415 1751 1291
448 751 251
185 455 232
449 1862 712
198 785 517
1417 1585 134
1204 1427 15
1268 1789 103
158 313 81
1123 1606 185
1321 1338 4
1132 2012 133
337 611 9
1047 1946 769
301 587 195
884 936 31
19 1291 163
748 1486 250
1459 1546 16
779 826 24
1098 1575 272
24 719 552
29 297 166
98 170 63
62 1323 634
582 657 54
1011 1320 85
1490 1529 35
61 1627 1017
1148 1263 112
264 885 115
847 1967 979
245 552 226
677 1009 274
923 1854 226
38 991 793
584 803 169
240 510 75
85 1898 1451
185 567 54
22 303 165
216 1198 567
1710 2020 88
1763 1872 20
73 213 106
653 1546 660
212 1435 750
128 325 197
100 1755 681
333 371 29
1575 1813 140
91 237 92
753 1226 345
1044 1790 16
537 668 30
181 918 306
987 2002 584
505 849 314
674 2104 745
11 65 31
673 1009 90
755 1986 2
20 44 8
492 509 11
995 1654 233
299 766 225
642 1521 824
1166 1948 43
456 665 145
114 937 172
68 218 129
989 1299 267
1741 1761 16
21 43 2
69 111 0
11 1244 1139
847 1928 75
314 687 27
973 1039 7
1483 1709 23
163 1986 369
1404 1428 4
492 1208 671
779 1898 472
78 543 133
1086 1313 225
227 520 6
429 468 14
672 891 198
533 1558 617
1421 1927 425
169 212 5
26 541 79
949 1403 386
203 254 11
59 513 212
823 1933 512
697 903 150
1015 1077 18
266 289 21
45 69 8
793 1713 405
984 1837 578
1618 1961 310
112 239 77
1622 1726 59
555 558 2
1335 1336 1
353 922 232
66 1065 630
20 229 70
74 540 191
453 692 104
21 611 528
126 1546 501
319 424 48
1464 1832 2
80 399 141
737 1157 63
235 853 181
800 1380 250
22 72 2
501 660 122
1133 1848 2
91 928 291
418 2025 447
1004 1070 23
451 821 347
12 346 228
634 1877 143
593 1984 179
1434 2021 550
159 380 138
1623 1724 5
680 1609 722
1049 1671 120
1178 1430 158
290 1685 1296
555 1362 803
1885 2078 174
62 199 129
1440 1960 309
793 1045 34
280 828 237
42 375 113
331 713 75
57 180 49
36 838 446
217 1267 222
54 174 22
652 1652 467
439 936 416
286 1050 708
304 501 13
713 2090 431
92 1090 496
1265 1461 196
1237 1977 28
781 1796 792
107 747 522
307 1746 694
356 2059 1438
1132 1943 240
120 443 8
1301 1408 78
679 1897 796
676 1998 466
375 914 123
13 1356 265
1196 1601 128
46 162 43
3 21 4
575 774 103
1227 1598 208
910 1104 144
947 1061 29
103 1078 107
758 1849 1078
4 294 134
15 509 321
73 1176 609
327 1461 862
992 1648 175
340 365 23
149 440 121
1082 1211 92
513 1778 868
398 1156 184
577 1864 246
122 137 13
2006 2013 8
276 450 61
13 16 2
693 1866 956
1263 2066 220
420 559 46
31 33 1
105 892 438
1023 1127 84
20 671 204
708 2040 284
538 1298 36
206 1829 770
108 322 151
4 37 27
414 887 2
436 949 508
145 592 226
17 1056 8
387 1136 513
368 1136 122
875 1122 64
396 581 14
180 936 171
70 534 235
1179 1810 540
7 386 380
507 539 10
494 811 68
430 1122 449
8 1191 896
791 1800 173
45 62 1
640 1650 5
157 996 158
78 344 85
1029 1386 205
580 1102 234
166 209 3
1395 1678 261
479 480 0
182 606 10
133 526 19
899 1089 22
1749 2023 91
428 1317 803
110 129 9
355 1605 1198
880 1523 91
395 1296 737
131 442 265
1175 1277 0
91 514 70
198 269 28
624 2107 352
720 1228 393
33 49 8
1186 1234 46
1253 2030 493
153 196 10
149 267 43
1159 1695 442
770 1007 139
51 194 91
762 2023 266
91 1304 712
8 1628 891
124 274 40
22 218 169
49 1096 305
1219 1488 116
724 1993 663
240 1182 119
280 743 151
882 894 8
825 1655 585
471 845 136
11 961 760
423 772 224
317 1184 714
235 968 109
451 739 286
10 72 50
1479 1507 28
145 1641 705
67 133 58
748 1895 367
39 60 10
272 1099 74
57 1993 657
477 1299 793
228 1956 1031
1376 1992 605
391 1062 262
852 1945 232
107 346 31
1536 1631 63
630 1155 230
1229 1475 132
446 588 25
628 1928 99
734 1028 46
551 555 4
1570 1711 79
19 221 184
831 1545 693
56 240 178
566 962 14
202 227 11
102 1262 556
87 99 0
65 288 126
1760 1784 3
26 47 14
1792 1980 155
311 400 59
350 646 218
1553 1715 140
1202 1276 63
531 1164 119
787 1079 292
341 1153 334
777 1243 164
935 2111 11
126 201 30
1125 1539 165
486 1593 782
35 243 74
33 262 5
206 248 25
282 737 264
1623 1838 162
6 1043 1038
632 1050 85
253 311 52
703 858 106
900 2045 988
810 1380 432
123 1923 261
1556 1980 88
144 302 57
1398 1861 53
250 385 42
1391 1864 391
21 235 168
174 327 72
410 1220 300
717 1605 536
562 725 58
870 1492 391
1262 1298 26
481 880 53
23 265 18
39 806 605
1196 1578 221
722 880 14
916 1795 317
916 1826 655
994 1846 108
118 540 207
175 501 276
1289 2074 143
907 1348 2
630 1122 393
173 270 16
631 1972 733
439 1335 876
622 1132 149
61 428 336
194 561 141
817 1974 895
686 798 62
22 34 3
766 1324 228
37 1545 640
117 1364 1082
997 1476 453
1512 1981 52
94 563 60
40 1506 373
78 138 51
29 213 61
585 1856 1225
14 758 249
185 2034 1515
270 1643 160
1039 1546 201
137 413 159
1415 1867 284
21 129 1
512 1536 14
326 481 140
553 837 51
611 1032 164
382 981 449
473 483 8
622 1641 223
15 99 56
541 664 60
217 269 32
542 893 164
5 60 16
1023 1085 7
71 367 78
45 92 23
3 7 5
1270 1930 235
129 215 23
1206 1998 108
348 670 271
304 381 59
570 1474 277
1045 1501 356
378 742 13
433 569 1
1032 1157 39
481 1062 463
187 1354 757
343 352 1
312 2090 1225
370 606 174
255 260 1
987 2080 202
240 431 77
62 182 78
2 8 0
1437 1586 86
469 2012 851
276 986 309
456 712 1
71 448 353
758 1048 259
918 2101 447
668 935 264
519 1988 184
97 136 40
117 623 101
377 1479 319
536 1515 543
786 1308 30
1955 2101 92
1334 1837 381
652 689 38
480 1062 236
238 916 184
190 266 69
761 869 55
480 1730 893
1258 1301 35
82 119 36
268 778 286
14 28 9
38 91 45
143 1387 1086
473 1679 305
198 1145 484
165 289 98
386 1531 250
538 593 16
258 845 69
273 1285 573
5 121 52
27 327 266
364 1387 227
557 1904 693
247 383 21
24 40 6
1432 1891 37
156 879 707
203 378 46
284 1337 862
920 1664 613
451 562 86
390 555 115
276 1864 1442
1955 1986 8
151 1683 200
521 757 77
725 816 6
261 877 412
320 1725 557
63 448 310
392 1193 52
303 798 19
201 387 15
94 1662 169
199 719 464
403 683 237
1010 1682 328
62 1073 319
1148 2071 497
24 493 134
433 2071 874
20 655 405
1009 1969 771
759 1039 237
6 454 153
1330 1711 216
580 629 10
870 978 42
159 763 585
353 567 140
1886 2108 198
1690 1924 167
670 1171 235
129 1473 292
444 604 71
937 1085 95
3 19 4
1791 2052 137
889 1885 257
1003 1519 94
180 322 89
469 833 362
101 2068 1961
339 659 214
63 1474 1052
899 1021 60
1138 1323 137
275 1074 517
11 1701 285
665 1026 90
825 1982 432
870 2087 1019
337 689 87
929 1094 54
121 1803 1615
309 1296 841
116 231 42
989 1936 704
849 1632 636
302 409 64
114 832 554
242 1017 591
1048 1350 256
323 610 57
96 1626 1123
592 615 10
2080 2104 23
71 916 701
496 1054 321
245 463 148
729 1007 142
355 979 231
1 12 4
366 420 9
455 525 4
805 1899 718
158 2067 1161
909 1899 153
766 1292 42
489 1213 106
653 1492 528
30 42 7
14 385 71
180 1990 1400
493 1420 483
84 106 2
283 742 144
32 46 14
622 1663 1003
326 551 77
13 1451 1233
25 479 359
765 835 34
147 160 13
160 2007 689
289 1113 760
394 1648 975
474 496 13
1024 1707 286
1421 1460 18
798 1736 738
968 1002 10
765 784 2
100 448 325
350 1647 460
1468 2048 152
397 899 199
11 14 0
490 1781 267
83 309 24
28 434 184
513 750 170
222 238 17
1134 1326 73
72 147 75
94 1136 964
726 801 39
532 1544 183
90 945 538
1591 1665 38
1212 1536 285
757 922 41
1 102 80
121 1421 556
273 304 15
1260 1759 134
307 561 85
600 947 112
475 1457 889
878 1127 218
639 1135 397
173 644 313
299 772 135
659 1605 391
146 310 119
470 834 95
196 1201 212
1326 1571 201
283 2034 366
349 484 123
963 1175 55
126 1068 651
1654 2104 398
704 1350 115
1537 1900 60
884 2102 1018
203 376 26
17 50 22
51 59 1
1385 1852 459
1073 1288 188
514 1971 1100
672 1618 557
616 1197 113
53 474 5
227 343 69
653 753 19
2037 2078 19
176 593 72
22 853 283
444 480 19
755 1119 321
221 494 21
159 939 434
319 1342 830
549 870 162
188 283 56
187 672 310
79 389 58
202 548 263
636 1402 240
287 394 6
587 624 38
5 6 2
36 55 13
1008 1935 893
161 310 58
520 835 80
580 2064 526
231 236 0
787 1676 387
26 32 0
1188 1647 291
1637 2025 160
1198 1850 348
247 767 217
437 1487 893
239 1755 1058
1909 2042 29
447 1987 617
591 1136 250
432 939 94
1594 1794 82
682 1528 729
51 1070 870
314 480 114
285 1220 513
1227 1247 19
401 1840 1113
663 1171 90
975 1114 35
554 658 13
571 1405 730
425 767 192
757 2090 832
833 1807 91
281 503 35
1977 2049 52
505 1170 241
1552 2037 88
146 378 27
321 934 336
136 248 23
17 163 57
133 506 148
806 1121 235
533 660 90
574 623 17
795 840 18
1497 1532 35
94 500 283
35 156 26
510 869 348
718 1696 845
1259 1451 174
610 1104 490
810 1141 184
408 624 166
138 1163 522
265 1598 101
1886 1985 28
49 1422 1172
554 2035 685
394 510 7
129 1869 839
180 1372 369
1045 1702 561
818 1848 83
54 141 21
106 282 166
784 1889 979
294 1458 341
335 447 99
641 1663 476
1487 1713 157
309 433 73
190 479 145
75 235 80
761 912 40
348 1198 176
516 771 143
240 421 179
1566 1626 26
129 130 2
1574 1690 56
798 1560 550
581 1073 251
470 1511 186
128 1877 715
213 663 333
913 1877 645
1129 1960 117
359 1044 352
117 597 177
911 1259 40
736 979 164
1135 1729 538
984 1247 166
33 594 388
656 971 233
293 304 9
169 1339 318
2 8 0
1 234 173
2 17 8
553 900 70
88 112 7
1292 1685 35
592 772 100
1001 1097 39
690 945 224
400 1512 736
1137 1698 334
137 328 76
916 1012 81
67 428 151
309 414 26
920 1009 25
26 256 227
459 839 101
1177 1897 531
32 62 22
374 1454 848
54 301 88
658 1450 751
186 791 172
731 1193 147
116 462 284
436 1645 259
619 793 125
567 767 135
24 1231 638
448 949 252
60 1833 1591
875 1051 143
1607 1854 132
176 206 28
293 1362 902
79 561 151
419 2045 7
910 1285 337
253 1321 1009
667 978 0
333 1259 818
725 1695 279
6 8 1
917 1108 48
8 66 18
81 159 28
655 1438 58
75 209 114
102 1988 1027
52 586 376
43 1393 1121
10 32 20
751 1899 150
847 1238 365
1073 1432 181
141 209 17
709 1610 323
470 816 328
163 1515 401
609 1421 270
171 351 93
67 1077 265
1402 1916 206
274 287 7
65 114 19
93 152 39
837 1683 772
1326 1351 21
734 811 57
120 1606 571
198 725 340
154 1740 1046
1425 1633 49
1491 2022 150
1610 2037 240
169 556 139
1247 1654 81
64 1825 973
899 1910 289
19 102 72
292 715 182
143 599 97
59 78 9
26 38 7
168 252 57
1015 1373 294
1455 1524 44
468 1037 538
991 1856 760
673 724 23
265 1038 407
280 1346 612
12 19 3
71 1788 983
1027 1668 526
386 1595 352
1257 1998 628
422 1428 653
1168 1452 280
425 1434 531
965 1332 263
338 364 8
764 942 100
1506 1662 129
16 878 45
251 1247 885
148 175 1
348 744 312
851 1158 237
685 1364 606
1060 2044 941
213 291 40
648 1720 638
32 1311 1017
136 264 97
48 175 124
397 1636 714
158 167 6
411 921 394
11 85 18
798 1087 275
276 285 3
1333 1963 352
561 1274 401
1571 1903 216
756 841 29
1007 1025 16
208 369 29
197 1033 320
80 959 197
1548 1671 51
52 475 169
14 244 13
84 1549 254
23 142 114
358 374 11
227 270 24
566 1248 94
138 252 28
1326 1482 47
1179 1749 403
239 329 75
418 438 18
44 83 18
1015 1355 80
50 233 79
1233 1712 354
494 772 90
436 2062 1286
1178 1201 23
24 46 20
1345 1877 201
1199 1615 301
2 23 13
515 711 26
514 2047 1037
263 907 216
1637 1746 98
111 492 283
244 586 248
51 74 10
295 1386 343
64 327 123
615 1808 667
275 964 335
1397 1847 330
170 388 172
1055 1580 78
666 1259 90
160 160 1
130 909 1
285 990 86
412 442 0
41 488 65
639 1869 422
68 1361 286
143 342 87
508 1149 94
585 2091 612
851 988 84
259 592 59
636 723 54
802 1399 407
731 1697 146
231 422 62
966 1825 165
135 2037 1386
677 917 32
119 366 216
853 1210 243
140 1121 544
1347 1448 30
1097 1150 46
14 16 2
252 2099 1748
207 478 166
502 846 261
131 1301 331
41 949 594
151 241 68
1126 1227 66
59 83 0
1250 1875 180
4 247 244
246 1533 298
616 1124 209
669 1717 770
1696 1956 198
333 564 3
693 1253 34
587 1072 27
818 1135 171
998 1161 155
696 1118 266
174 310 63
351 1230 332
1145 1670 12
40 1585 439
583 1646 637
211 470 174
835 946 86
936 1540 151
2 1124 495
146 1201 192
732 1360 546
431 525 91
924 1734 647
287 1165 567
76 137 50
21 493 403
580 1336 162
569 1143 49
972 1527 9
267 1008 457
559 1881 143
181 417 8
325 344 2
651 1999 774
493 638 91
175 1547 686
436 580 54
1511 1696 179
811 816 2
855 1253 91
110 252 53
454 942 313
87 123 27
57 1750 1306
244 472 184
328 552 213
1302 1645 0
195 248 9
850 1180 44
475 1495 620
564 867 299
185 257 50
308 392 72
54 508 113
1437 1731 101
1650 1859 109
665 1146 397
178 1039 125
674 873 63
94 156 56
541 568 22
875 1616 251
6 496 212
1015 1559 325
354 767 284
1801 1961 93
26 197 4
261 1038 220
259 1546 215
759 1161 28
174 225 10
86 160 11
522 1324 598
590 671 80
27 107 62
59 597 219
75 122 38
438 490 16
140 451 1
961 1290 129
600 1331 4
735 925 61
1339 1376 36
1400 1400 1
971 2095 880
69 82 12
1461 2017 51
126 409 219
278 509 14
17 96 66
482 916 175
71 157 46
396 1203 621
667 1226 20
233 618 194
138 203 36
627 1421 687
68 147 10
1007 1277 35
236 667 239
150 836 135
190 1387 751
653 1803 521
69 368 105
721 1131 0
1334 1650 87
658 1079 71
1176 1770 585
432 506 19
440 1450 859
763 1346 229
511 1043 460
425 1090 495
166 170 2
98 255 1
869 1670 744
843 1000 145
722 1432 485
1199 2085 710
12 1352 928
58 59 0
1033 1951 545
270 683 46
468 544 76
186 1276 534
218 334 111
222 1113 129
1048 1281 146
262 323 53
9 26 10
966 1552 340
14 184 17
1203 1765 492
134 279 34
650 1813 224
986 1065 79
1039 1602 534
190 2103 6
190 236 46
1433 1454 3
55 369 76
38 1029 173
88 1018 94
908 995 67
161 1323 176
671 793 111
41 54 11
1059 1499 55
561 1765 91
330 398 42
884 885 2
75 1965 1355
1069 1478 323
490 1176 352
1052 1375 244
577 1505 590
21 240 83
780 1548 268
828 1597 374
687 842 37
1783 1873 49
203 343 11
690 959 262
435 654 34
585 1579 952
165 194 7
157 1221 806
139 267 37
486 1439 634
68 87 11
1222 1733 388
1386 1663 273
1749 1800 2
1658 1790 74
513 671 96
546 611 0
90 259 68
24 1037 614
5 212 1
279 785 231
723 1284 437
45 226 146
559 619 8
10 328 240
650 1016 23
488 1207 563
200 579 158
520 982 208
796 875 57
535 1266 649
880 1812 208
1217 1691 42
740 1623 331
696 1526 97
1095 1410 282
78 83 5
871 1576 662
772 775 1
731 1613 605
88 1680 1542
539 596 43
470 917 168
553 582 23
154 702 114
297 806 349
55 85 6
15 299 91
32 548 191
1773 2026 19
807 1703 646
1070 1148 43
555 1519 355
1065 1454 158
156 324 103
142 589 156
333 1243 784
163 254 57
1816 1832 3
1055 1342 19
463 1103 439
1672 2008 289
660 1987 1040
420 1355 2
71 82 6
1335 1724 17
498 736 217
45 282 157
758 1168 378
267 1009 95
908 1051 52
1057 1527 204
18 31 13
380 1816 418
409 792 138
209 571 38
669 2094 875
518 1713 525
163 175 10
14 42 16
97 843 394
318 463 77
662 871 83
10 1896 184
142 142 1
324 1307 794
1398 1867 154
1080 1244 143
1449 1568 17
1424 2093 254
753 1756 711
89 589 215
366 1485 637
51 74 4
195 371 119
675 1109 191
455 606 144
1346 1500 71
217 1616 444
860 1148 179
993 2081 488
322 357 32
882 1309 111
303 2079 585
92 1560 180
1372 1927 437
351 770 68
15 61 20
6 81 10
532 1474 858
201 322 56
1864 2028 79
431 469 38
248 1138 363
341 743 244
1960 2077 59
9 41 29
429 781 318
81 713 138
1533 1745 43
564 1793 941
389 1191 710
499 1444 241
961 1937 695
9 397 36
6 1003 184
441 671 158
86 153 48
729 1952 1094
58 203 3
538 721 98
111 579 397
10 642 133
1013 1336 314
685 1390 508
783 820 35
118 972 633
1096 1674 100
798 844 25
194 563 140
1673 1925 201
558 1899 926
748 1046 183
668 1687 767
4 10 4
856 1185 48
15 206 106
226 315 78
163 1977 1714
153 162 7
661 1808 842
420 1823 941
112 1313 861
841 1369 267
1422 1810 22
579 608 27
240 670 74
415 1200 434
189 310 109
1665 2106 332
1449 1823 215
650 1207 409
272 1602 1058
1372 1754 109
81 128 16
775 978 174
1202 1392 157
138 346 172
1052 1059 6
1335 1617 5
78 694 588
1096 1294 138
1660 2080 283
433 785 25
891 1329 193
1140 2102 957
154 2102 1007
244 824 435
145 1071 108
860 1033 32
1466 1547 80
517 774 175
88 370 232
143 354 178
741 1243 148
1667 1689 6
473 1788 601
970 1698 612
382 396 12
46 50 3
3 239 229
1119 1369 11
1435 1994 457
184 394 92
33 174 6
108 634 198
184 448 209
829 1702 6
808 1505 427
812 1016 86
476 512 28
33 93 50
10 30 7
1673 1971 21
175 1588 1271
1059 1555 417
22 333 257
1209 1751 307
203 478 256
1036 1449 281
474 500 27
315 333 5
1067 1507 53
958 1449 363
103 326 44
1783 1925 53
345 2110 1755
147 181 29
1882 2026 73
262 305 18
117 124 3
430 1437 756
1037 1216 57
574 741 78
92 257 122
4 8 4
324 680 164
902 975 4
39 128 75
873 1710 369
35 1718 673
99 241 91
1156 1480 30
93 222 87
63 246 30
1134 1271 73
422 529 40
2055 2077 20
1717 1921 205
529 2102 1371
78 445 141
382 1225 309
192 1042 152
656 1465 795
25 605 388
1501 1843 133
886 1565 90
292 1746 459
20 90 0
536 1695 873
317 1973 1278
1080 1259 114
359 464 28
1125 1676 391
1279 1635 188
356 631 105
873 1125 132
1047 1992 837
228 1539 1145
349 698 315
957 1558 504
514 641 96
206 778 269
1629 1833 137
345 431 47
1425 1820 146
1506 1887 366
2 167 165
262 457 172
1 475 20
134 147 13
1128 1611 246
704 1008 81
24 490 115
278 365 47
1313 1547 152
574 1411 32
1097 2098 431
166 354 35
749 1692 239
649 1704 941
1003 1103 71
154 843 458
854 1276 118
227 1980 1379
1540 1835 248
815 1987 658
179 275 0
487 1063 419
298 1443 502
940 1770 383
15 284 264
373 1051 555
432 638 141
911 2066 31
274 666 324
70 362 121
6 551 270
29 116 67
116 155 40
723 795 40
996 1203 134
929 1136 39
1059 1682 221
141 1943 1439
645 1459 586
112 1839 1110
758 1151 261
5 426 138
455 1906 782
324 414 58
1493 1529 32
105 879 728
255 1594 858
239 1461 333
139 250 102
1611 1925 221
447 1687 135
47 209 122
398 1203 466
1345 1421 12
65 98 17
4 6 1
78 1189 9
513 1343 242
505 1122 482
783 1338 475
420 742 47
1180 1533 191
389 1615 203
60 441 75
1140 2076 390
91 428 121
1420 2110 136
960 1146 127
484 694 61
113 480 7
410 1356 397
434 1173 185
346 684 194
38 1921 300
332 471 65
146 1133 62
4 728 95
590 704 112
121 281 141
1399 1440 27
676 1724 557
467 704 83
1085 1279 75
97 1198 964
49 1715 374
99 757 410
645 1737 88
762 787 26
364 1915 565
239 257 16
63 91 27
597 1530 230
73 122 47
276 304 12
496 1171 426
247 1441 545
145 159 14
1276 1397 102
169 232 52
572 663 80
834 971 116
737 994 252
217 1692 744
210 1675 1420
45 85 5
24 116 59
34 1476 261
1167 1295 35
229 533 140
260 899 461
846 1701 193
124 310 150
31 82 42
500 1133 321
330 611 165
1167 1809 419
789 1901 312
68 313 95
66 1126 789
572 798 90
243 1051 187
1011 1046 7
536 898 137
604 792 113
242 614 272
457 1140 504
832 1130 203
105 1149 1012
389 1802 225
86 1098 954
1711 1720 5
752 985 104
103 110 4
402 1067 547
27 797 470
898 1090 46
1337 2083 668
1395 1508 72
70 196 90
1590 1630 35
13 1958 1489
58 96 20
256 599 174
371 1278 793
253 1363 471
96 765 355
493 1754 689
490 929 308
842 913 45
151 1579 964
516 697 17
367 1703 948
300 727 372
281 503 124
392 458 60
1920 1956 9
70 1564 140
1045 1862 77
113 2069 767
340 1755 104
556 1146 325
35 1532 754
655 1055 50
39 109 50
710 765 11
94 1983 833
247 263 6
757 1514 147
713 861 13
756 805 1
500 678 32
375 1818 973
822 1556 392
436 979 63
1 229 10
563 1663 424
377 1315 427
121 499 39
583 1152 482
1373 1668 284
214 859 539
1438 1517 74
94 273 149
916 1495 353
1185 1853 215
1410 1909 126
373 983 336
19 96 55
826 1136 271
368 556 40
346 798 209
1325 1622 76
883 2066 621
131 689 77
387 1129 97
481 523 43
356 844 351
36 280 38
263 1132 707
986 1047 4
186 219 26
6 119 47
345 396 42
252 1652 890
45 229 83
1 2 0
1232 1324 31
325 330 1
1862 1895 17
577 1265 508
417 879 298
202 1035 272
1641 1938 259
211 562 152
1561 1678 63
250 897 633
1503 1758 200
717 935 117
741 1025 283
524 696 21
375 689 28
134 437 169
8 53 18
1656 2097 293
1186 1354 13
278 537 200
11 85 9
310 1423 554
73 173 30
283 1661 995
445 1958 658
345 618 241
423 1844 503
205 240 19
453 908 194
15 183 75
54 441 376
5 13 2
64 1194 476
187 333 83
173 1364 873
36 383 134
1 174 26
424 1591 673
384 1507 136
919 1077 29
605 1917 179
285 559 199
1182 1995 74
1038 1863 280
463 1441 180
690 1633 898
1343 1895 417
132 1646 725
85 1056 667
397 1284 12
249 673 203
104 150 10
229 259 6
71 498 106
77 247 4
935 1880 601
424 664 137
109 278 156
1620 1886 239
989 1415 200
1752 1761 1
439 1225 366
184 474 122
939 1236 150
169 202 16
453 567 15
271 2077 496
302 989 615
371 1605 814
6 886 576
1 60 32
1230 1867 289
902 1590 615
422 929 65
893 1812 106
1866 1870 1
105 491 347
3 100 87
844 1654 71
404 1162 220
332 504 156
218 1988 1327
838 1199 162
879 1138 81
238 890 201
977 1050 2
279 751 420
810 892 40
269 458 141
985 1275 203
1112 1177 59
15 833 792
118 926 727
383 1447 152
77 393 76
585 1178 423
1085 1701 135
1308 1854 120
560 652 76
553 1513 239
1328 1899 259
4 5 2
531 603 40
16 52 0
333 1632 743
674 2079 314
582 759 30
1073 1453 126
624 1291 451
376 1568 527
211 968 168
39 760 539
642 1024 123
175 354 163
234 1305 798
18 59 32
43 57 2
434 566 116
57 862 179
78 167 80
4 11 4
970 1038 22
239 1073 212
522 923 202
89 200 14
927 1126 192
581 1702 209
554 729 83
539 1463 560
603 604 1
80 1445 207
219 1616 1186
208 1984 1259
8 22 1
511 1013 224
769 2103 227
946 1362 331
540 2004 509
1373 1858 205
743 801 5
358 530 106
256 450 16
37 1129 701
726 1291 478
304 1570 29
314 407 43
64 192 41
1307 1835 405
120 515 45
207 1015 787
446 1023 342
411 959 225
321 1794 110
910 1065 109
950 977 22
394 790 256
139 1150 335
728 1978 1018
778 1387 476
417 1958 254
772 1787 509
945 1879 399
1118 1176 26
1402 1889 227
43 210 27
66 137 72
86 388 191
372 383 0
771 828 37
820 1907 747
1539 1963 335
1707 2085 76
1616 1812 77
1069 1566 485
325 787 385
438 1518 172
752 2078 17
236 1654 984
1538 1698 160
1292 1477 93
1339 1822 149
77 205 43
18 97 67
954 1217 49
1497 1613 86
185 540 335
68 108 3
981 2090 899
1017 1228 175
881 2097 205
617 715 46
1052 1092 29
942 1911 154
399 1543 1025
9 48 10
24 1366 1011
773 1219 327
414 717 38
44 1754 253
196 238 11
2028 2054 5
561 1379 268
79 268 78
449 598 117
992 1794 556
27 585 516
531 1586 144
85 955 380
8 293 269
233 1611 242
843 1825 559
1105 1864 739
858 1444 243
642 1823 74
654 1499 461
450 666 26
1024 1107 63
324 1014 258
1306 1555 163
720 2093 1198
39 83 26
524 659 100
181 703 135
300 356 53
217 284 34
132 328 187
366 501 105
251 736 448
61 82 8
467 1417 484
685 2074 733
1010 1094 52
146 371 150
1061 1202 42
1101 1241 78
70 1898 333
34 64 16
91 454 128
885 1855 662
60 1797 940
824 1357 308
1410 1497 75
583 1938 864
1461 1978 165
37 334 268
1220 1557 192
1063 1763 49
780 1756 364
473 714 92
29 221 165
165 1614 298
1253 1793 539
273 1747 1174
948 1306 235
428 667 220
941 1120 144
141 889 258
19 2064 126
225 446 220
70 611 97
701 1220 456
72 110 37
30 60 9
774 2002 16
316 645 280
138 362 208
68 691 575
971 1689 712
461 1465 665
61 798 455
32 93 1
998 1243 14
1660 2094 280
2 66 42
1367 1881 3
61 2090 579
878 1637 225
168 1019 385
640 1307 516
114 267 118
930 1346 106
890 1406 251
152 599 271
1181 1781 32
251 319 40
373 903 406
810 1670 247
1895 2052 117
140 1457 1049
78 89 4
61 977 207
301 1758 586
293 316 4
281 1901 32
136 1450 42
664 1799 195
1148 1605 155
747 888 62
447 631 110
535 781 179
1324 1963 556
51 254 72
64 424 361
608 2098 162
123 206 63
59 281 86
100 1402 852
625 656 13
837 855 17
150 1582 1322
39 44 3
627 835 96
811 1006 76
386 1620 669
153 978 545
321 373 39
451 634 9
1256 2057 660
1111 1404 83
373 1174 349
168 396 8
47 326 111
853 1055 38
648 1365 60
1322 1443 33
442 1753 829
651 700 39
152 910 195
1055 1385 239
529 2018 937
67 1060 246
300 1080 745
1418 1593 49
89 1003 355
596 924 102
55 90 31
1311 1921 68
1037 1796 370
721 1060 95
830 1698 840
582 914 235
783 1111 65
1507 2055 83
528 731 134
223 696 128
519 661 6
447 1049 538
266 1097 193
193 420 101
1435 1486 5
315 528 31
1340 1630 226
680 872 56
781 1103 100
682 1188 393
111 1320 1039
660 775 7
386 1395 448
357 782 403
856 969 58
884 1809 604
426 572 129
1091 1120 21
242 886 242
357 823 182
120 124 5
978 1220 74
723 830 51
228 1152 850
138 2019 1695
540 1535 715
132 890 337
229 1082 457
849 1181 172
367 668 274
1364 1492 124
1823 2086 242
559 1639 641
580 1929 157
19 1363 389
1109 1200 28
1076 1817 380
560 1621 797
1372 2014 449
99 270 14
687 1336 366
1164 2087 843
1152 1983 331
788 1243 154
987 1284 36
535 1439 58
433 818 22
190 215 2
738 865 105
593 738 117
1061 1908 374
690 794 2
380 2085 1333
806 1061 192
931 971 38
345 407 21
306 381 47
77 99 5
333 1881 643
871 1563 145
1402 1632 162
810 1257 54
3 784 597
898 1016 102
406 1685 739
173 1011 137
159 1883 1706
433 473 37
711 1354 363
1233 1269 13
282 1169 300
973 1891 794
1790 1800 9
938 1343 282
474 591 70
263 300 4
46 300 234
36 50 1
89 105 15
1070 1231 63
192 337 80
536 1452 39
349 391 24
318 681 352
869 1384 75
128 1582 264
1744 1978 165
84 209 40
1375 1460 62
5 322 101
996 1997 117
54 297 226
1031 1372 92
281 1286 82
249 1498 1046
17 262 168
499 2067 1565
861 1657 561
1077 1119 16
831 1030 128
1625 2051 35
135 1017 137
174 478 242
94 182 25
53 107 29
25 319 265
546 1733 495
271 648 373
961 1395 260
538 1203 420
1642 1964 99
1705 1995 239
119 124 6
873 1131 115
98 449 222
94 135 41
33 1647 1462
878 1086 105
112 1435 181
1788 2101 39
420 548 112
1045 1275 126
900 2061 172
651 1308 184
497 990 305
310 1424 1011
939 1038 77
31 40 5
1130 1378 223
1072 1361 145
138 231 84
1834 1906 0
606 1804 484
563 1396 6
298 702 125
79 288 108
957 1180 41
1182 1976 218
21 126 23
467 916 313
853 1718 667
971 1378 200
152 155 4
382 1055 185
694 1434 680
1359 2069 261
1304 1785 50
52 310 163
512 1151 66
23 46 2
901 922 4
106 716 601
842 1897 742
166 1971 1403
353 1697 947
9 33 18
1692 1973 182
134 826 6
1213 2076 446
739 1939 1078
576 1434 761
596 1823 433
441 1289 750
382 485 58
114 778 579
469 1823 955
63 91 5
19 21 0
147 687 325
981 1552 404
376 637 64
211 1643 686
859 1749 829
169 1676 886
596 1383 100
1324 1474 145
152 209 2
13 685 212
1262 1559 130
3 6 4
60 300 182
180 1939 398
1057 1345 43
160 1165 413
1425 1758 45
552 1509 859
59 767 658
662 1344 673
65 509 414
1488 1673 168
26 381 232
1491 1770 1
407 444 4
668 950 217
303 1817 376
72 279 40
817 906 68
20 614 349
364 1100 263
385 988 469
1326 1505 33
1168 1653 437
43 186 37
882 1522 315
610 1529 553
891 1077 138
586 1217 222
162 1308 80
276 389 0
1306 1339 14
549 1800 525
580 633 33
1250 1961 192
53 588 233
478 2020 223
247 1420 423
1595 1968 278
138 983 513
329 1350 614
197 201 4
115 1602 1305
433 464 21
889 2033 1036
21 58 15
1651 1996 343
988 1554 360
138 1140 373
1351 1867 497
464 486 15
585 1002 386
838 849 5
65 757 499
163 841 234
944 1052 4
635 2079 1263
327 728 318
195 289 27
729 870 30
457 699 23
400 882 382
782 1737 859
72 395 103
120 276 72
37 116 65
986 1953 686
156 386 79
517 1380 32
300 1560 600
1484 1603 29
119 2105 378
88 1482 498
381 593 163
311 1573 1112
1410 1497 56
668 1744 507
851 886 33
73 264 0
566 824 71
334 793 429
353 1461 936
877 1183 129
838 1045 42
1518 1726 158
197 691 67
138 1670 1176
462 1102 47
15 1715 586
107 902 453
247 249 2
130 2015 871
81 1001 9
427 489 40
27 392 260
59 183 50
290 1463 28
41 178 112
741 1120 136
396 857 192
2050 2084 33
227 1949 206
678 702 4
411 1470 1032
984 985 1
447 896 221
110 185 17
649 1008 257
820 2040 433
122 290 118
132 840 538
1453 1830 321
1069 1544 174
648 792 36
1908 1994 5
1410 1920 197
429 1096 246
807 964 99
334 1182 332
359 1690 218
74 248 1
621 1106 413
437 1083 415
272 724 246
302 1257 471
31 205 32
13 172 34
450 1658 330
741 1323 4
747 1022 165
1013 1789 615
659 1092 62
310 1253 590
360 1470 34
49 95 2
285 517 16
212 214 2
222 702 196
338 971 189
95 1089 156
135 1328 451
210 1034 594
168 255 46
63 85 4
13 484 202
259 579 157
764 1816 261
901 1486 350
425 813 222
199 1866 220
126 574 5
60 330 72
484 891 232
13 955 878
645 1170 257
29 61 18
56 334 87
21 256 155
595 1027 60
895 1469 200
32 1290 651
37 41 3
823 1884 730
517 555 33
1033 1060 4
1137 1974 502
746 1129 366
133 252 69
252 440 63
250 559 271
809 1556 220
139 1755 511
144 1096 143
788 931 67
432 478 38
843 1436 290
226 644 202
705 1290 497
382 820 120
255 658 32
164 1201 245
236 327 67
561 1838 151
846 1121 95
828 1757 720
11 21 4
351 2038 137
186 416 170
503 655 74
76 448 192
316 880 8
163 174 2
858 1331 347
1425 1443 14
1275 1564 15
243 978 250
350 603 42
854 1170 15
1556 1606 20
701 748 46
759 790 12
182 1192 746
110 603 400
1934 2004 46
9 9 0
397 1340 287
286 932 349
766 1327 481
590 655 57
166 780 173
60 226 39
5 916 679
306 539 109
657 854 174
77 226 44
323 471 65
1523 1685 77
575 1311 344
157 245 37
123 194 13
461 1942 806
808 1089 30
30 650 2
145 611 333
560 792 101
196 875 672
211 395 82
1468 2023 209
886 1393 205
84 347 157
221 496 138
898 1213 270
3 56 42
297 418 75
75 409 217
681 850 158
374 576 192
490 1257 501
453 1107 421
52 294 208
13 285 30
459 1073 183
88 194 7
860 1107 45
295 1301 332
1474 1782 76
144 196 48
8 18 2
256 897 523
295 1295 469
389 663 213
3 103 84
507 586 23
1113 1965 183
1113 1924 766
78 88 8
690 1064 117
10 55 35
284 346 29
1203 1432 193
628 1315 424
441 1518 828
60 191 90
136 464 85
609 1427 46
152 1339 1020
977 1620 71
501 1072 294
565 654 74
130 1683 830
472 587 103
33 926 203
792 1043 181
128 1958 1050
1754 1831 72
10 25 4
1287 1444 64
783 1444 661
720 1832 502
37 700 520
249 345 87
359 835 325
953 1287 245
218 394 79
114 1662 802
49 131 31
286 1076 157
231 371 4
1190 1635 238
10 1776 79
691 2111 564
21 110 56
1327 1422 28
161 1251 955
1109 1979 190
1198 1605 181
473 1389 335
241 245 2
818 1403 499
503 2009 488
31 520 6
1360 1482 0
10 1865 1031
246 451 22
1513 2086 85
221 800 118
66 2089 269
468 552 40
175 932 7
270 1123 770
232 1197 700
1600 2063 439
298 573 224
842 1005 66
149 242 82
244 395 2
814 1870 1050
1017 1890 341
890 1462 263
676 1332 547
509 2061 1427
140 188 45
181 2017 1236
309 1581 967
1049 2005 372
1264 1378 91
69 990 350
699 821 37
347 1635 11
496 1631 524
509 664 92
189 1313 764
113 893 192
268 592 79
161 1553 214
1835 1931 52
390 906 309
452 1985 1279
13 1409 78
363 940 411
673 1439 221
897 1864 869
580 642 52
15 98 68
348 679 120
