1000
13 1 12 17 19 11 3 5 13 18
13 20 9 18 5 9 9 2 4 4
2 13 6 6 1 4 4 4 11 20
14 3 1 6 20 20 16 2 4 9
20 17 8 8 14 13 16 3 15 19
6 16 12 12 2 13 15 5 16 5
5 10 7 5 15 6 4 11 8 8
20 7 4 7 14 17 20 9 20 14
8 6 9 20 17 10 12 11 15 8
15 19 18 2 4 13 8 8 4 15
15 3 1 18 10 15 15 9 3 14
2 11 19 10 10 16 20 2 6 15
9 1 13 7 2 17 19 10 4 2
4 18 5 5 16 14 20 10 2 2
4 3 13 3 13 3 18 13 4 4
7 13 4 20 19 6 16 18 15 19
19 19 17 4 4 12 17 3 2 18
5 6 1 17 8 13 19 6 5 3
10 11 15 13 10 14 19 5 11 13
4 10 12 20 13 15 12 9 17 13
7 2 18 7 19 6 19 18 12 4
20 1 14 15 13 4 8 11 9 19
4 12 8 15 12 1 10 3 10 7
16 16 8 14 2 6 19 1 3 10
4 3 10 18 17 3 1 5 14 9
3 17 1 11 12 12 12 1 15 1
8 10 16 15 3 18 1 2 18 3
12 2 6 1 19 2 4 19 7 18
8 10 14 8 20 6 19 11 7 14
11 14 4 7 9 7 4 9 8 2
11 19 3 17 20 2 18 3 20 5
20 7 14 14 15 13 20 14 4 6
7 15 20 10 2 8 16 6 16 3
7 7 2 10 3 1 11 1 4 11
5 4 17 18 18 11 11 17 4 14
3 11 9 3 20 10 10 16 15 6
19 2 12 20 12 15 1 2 15 5
12 20 8 9 17 6 20 8 2 4
2 5 14 10 7 14 20 17 10 15
2 8 16 14 8 7 9 9 9 3
13 1 3 1 9 19 6 9 7 8
12 8 13 6 17 20 20 17 16 9
11 18 17 7 12 5 14 20 13 2
3 6 2 5 7 11 4 12 19 10
20 11 17 12 16 14 11 15 11 6
3 1 4 19 8 15 4 1 14 16
2 16 2 3 20 8 14 4 20 12
13 19 2 10 10 17 3 20 12 14
6 14 14 9 13 1 4 16 1 17
12 3 13 14 6 13 2 19 16 1
10 9 19 12 18 8 8 1 8 19
14 14 13 8 2 6 9 6 2 9
2 14 12 15 8 17 7 9 15 3
9 5 11 7 16 9 15 4 9 3
3 3 16 15 10 18 1 18 3 3
7 5 16 18 19 3 14 6 11 9
8 20 13 19 6 8 7 1 11 16
3 13 18 19 8 8 16 9 6 19
11 12 3 7 10 2 9 4 8 20
12 16 19 4 14 5 12 1 6 3
17 9 15 14 7 3 2 3 11 7
1 2 19 4 8 8 6 17 11 13
16 2 9 15 6 2 20 17 3 6
19 19 14 14 13 1 17 14 3 7
20 4 8 19 8 16 6 14 12 16
7 8 18 15 2 3 16 2 20 19
7 19 17 1 13 9 1 9 2 4
16 2 7 4 20 15 19 6 8 10
1 14 17 18 9 19 1 5 20 20
3 7 19 19 7 11 7 7 19 9
10 15 11 17 18 10 11 16 15 19
6 16 13 2 14 1 20 14 5 20
14 8 6 12 6 13 3 13 19 2
1 9 16 11 5 13 1 16 8 16
14 14 11 7 15 5 8 15 19 12
15 12 20 1 4 5 13 7 17 11
8 18 19 3 8 4 15 9 19 3
4 13 16 15 19 11 19 6 5 17
18 19 9 17 19 13 2 12 19 18
2 6 16 1 8 4 5 2 12 3
5 16 15 20 10 14 10 9 19 15
6 17 13 14 14 12 7 15 4 5
13 6 11 8 6 18 11 11 20 3
13 4 18 8 4 8 1 13 16 20
7 1 17 20 15 10 12 2 4 15
7 16 20 17 4 6 14 14 16 14
16 9 17 14 16 20 1 17 13 17
17 19 17 13 19 12 3 10 14 6
5 20 2 4 16 6 10 10 20 5
3 16 14 20 9 9 20 9 6 12
5 3 11 2 16 9 14 18 19 7
4 3 7 6 6 2 11 15 11 10
20 14 5 13 13 14 2 12 3 8
3 7 10 14 9 6 2 3 3 20
10 7 2 16 12 8 18 3 3 8
13 3 2 18 15 14 11 17 6 13
4 8 20 14 1 9 19 3 11 2
2 1 8 4 16 20 12 13 3 14
1 15 16 2 12 11 16 3 7 1
15 11 9 15 5 10 3 3 12 14
