1500
29995 29990 29985 29980 29975 29970 29965 29960 29955 29950
29945 29940 29935 29930 29925 29920 29915 29910 29878 29900
29895 29890 29885 29880 29875 29870 29865 29860 29855 29850
29845 29840 29865 29830 29825 29820 29815 29810 29805 29800
29787 29790 29785 29780 29775 29770 29765 29760 29755 29750
29745 29740 29735 29730 29725 29720 29715 29710 29700 29700
29723 29690 29685 29680 29675 29677 29665 29660 29655 29650
29645 29640 29635 29630 29640 29620 29615 29610 29605 29600
29595 29590 29585 29580 29575 29570 29565 29560 29555 29550
29545 29540 29535 29530 29525 29520 29492 29510 29505 29500
29495 29490 29485 29480 29475 29470 29465 29460 29413 29450
29445 29440 29435 29430 29425 29420 29415 29410 29405 29400
29395 29390 29385 29380 29375 29370 29365 29360 29355 29350
29345 29340 29335 29330 29325 29320 29315 29310 29305 29328
29295 29290 29285 29280 29324 29270 29265 29260 29255 29251
29245 29240 29235 29230 29225 29220 29215 29210 29205 29200
29195 29190 29185 29180 29175 29170 29165 29160 29155 29150
29145 29140 29135 29130 29125 29120 29115 29151 29105 29100
29095 29090 29085 29080 29075 29070 29065 29060 29055 29050
29045 29040 29035 29030 29025 29020 29015 29010 29005 28959
28995 28990 28985 28980 28975 28970 28965 28960 28955 28950
28945 28921 28935 28930 28925 28920 28915 28910 28905 28900
28895 28890 28885 28880 28875 28870 28865 28860 28855 28850
28845 28840 28792 28830 28829 28820 28815 28796 28805 28800
28795 28790 28785 28780 28775 28770 28765 28760 28755 28750
28745 28725 28735 28730 28725 28720 28715 28710 28705 28700
28691 28690 28685 28680 28675 28670 28665 28660 28655 28650
28618 28640 28635 28630 28625 28620 28615 28610 28605 28600
28595 28590 28585 28580 28575 28570 28565 28552 28555 28550
28571 28540 28535 28530 28525 28520 28515 28510 28505 28500
28495 28490 28485 28480 28475 28470 28465 28508 28455 28450
28445 28440 28435 28430 28425 28420 28430 28410 28405 28400
28395 28390 28385 28380 28375 28370 28365 28360 28355 28350
28327 28340 28335 28330 28325 28320 28315 28310 28305 28300
28295 28290 28285 28280 28275 28270 28265 28260 28255 28250
28245 28240 28235 28230 28225 28220 28215 28210 28205 28200
28195 28190 28185 28180 28175 28170 28165 28160 28155 28150
28145 28140 28135 28130 28125 28090 28115 28110 28105 28100
28095 28090 28119 28080 28075 28070 28065 28060 28055 28050
28045 28040 28035 28079 28025 28020 28015 28010 28005 28000
27995 27990 27985 27980 27975 27970 27965 27960 27922 27950
27945 27940 27935 27930 27925 27920 27887 27910 27905 27900
27895 27890 27885 27880 27875 27870 27865 27860 27855 27850
27845 27840 27835 27830 27825 27820 27815 27810 27805 27800
27795 27790 27785 27780 27775 27770 27765 27760 27755 27750
27745 27740 27735 27730 27725 27720 27684 27710 27705 27700
27695 27690 27685 27680 27675 27670 27665 27660 27655 27650
27645 27640 27635 27630 27625 27620 27615 27610 27605 27600
27595 27590 27585 27580 27575 27570 27565 27560 27555 27550
27545 27540 27535 27530 27525 27520 27515 27510 27536 27500
27495 27490 27485 27480 27485 27470 27483 27460 27455 27450
27445 27440 27435 27430 27425 27420 27415 27410 27405 27381
27395 27390 27385 27380 27375 27370 27365 27360 27355 27350
27345 27340 27335 27330 27325 27320 27315 27310 27305 27300
27295 27290 27285 27280 27275 27270 27265 27260 27255 27250
27245 27240 27235 27201 27225 27220 27215 27210 27205 27200
27195 27190 27185 27161 27175 27170 27165 27160 27155 27150
27145 27140 27135 27130 27125 27120 27115 27102 27105 27100
27095 27090 27085 27080 27075 27070 27065 27060 27055 27050
27045 27040 27035 27030 27025 27020 27015 27010 27005 27000
26995 26990 27007 26980 26975 26970 26965 26960 26955 26950
26945 26940 26935 26930 26925 26920 26915 26910 26905 26900
26905 26890 26885 26880 26875 26891 26865 26860 26855 26850
26845 26852 26835 26830 26825 26820 26815 26810 26805 26800
26795 26790 26785 26780 26775 26770 26765 26760 26755 26750
26745 26740 26735 26730 26725 26720 26715 26710 26705 26700
26695 26690 26685 26680 26675 26670 26665 26660 26655 26650
26645 26617 26635 26630 26625 26620 26615 26610 26605 26600
26595 26590 26585 26580 26575 26570 26565 26560 26555 26550
26545 26540 26535 26530 26525 26520 26545 26510 26505 26500
26495 26490 26485 26480 26475 26470 26465 26460 26470 26450
26445 26440 26435 26430 26448 26420 26415 26410 26374 26400
26395 26390 26385 26380 26375 26370 26365 26360 26309 26350
26314 26340 26335 26330 26325 26320 26315 26310 26305 26317
26295 26290 26285 26280 26275 26270 26265 26260 26255 26250
26245 26240 26235 26230 26225 26209 26215 26210 26205 26154
26224 26190 26185 26180 26175 26170 26165 26160 26155 26150
26145 26098 26135 26130 26125 26120 26115 26110 26105 26100
26095 26090 26085 26080 26075 26050 26065 26060 26055 26015
26045 26040 26035 26030 26025 26020 26015 26010 26005 26000
25995 25990 25985 25980 25975 25970 25965 25960 25955 25950
25945 25940 25923 25943 25925 25920 25915 25910 25905 25900
25925 25890 25885 25880 25887 25870 25865 25860 25855 25850
25845 25840 25835 25830 25825 25820 25815 25810 25854 25800
25788 25790 25785 25780 25775 25770 25739 25760 25755 25750
25745 25740 25735 25730 25725 25720 25715 25710 25705 25700
25695 25690 25685 25680 25675 25670 25665 25660 25655 25650
25645 25640 25635 25630 25625 25640 25615 25610 25605 25600
25595 25590 25585 25580 25575 25570 25565 25560 25555 25550
25545 25540 25535 25530 25525 25520 25515 25510 25505 25500
25531 25490 25485 25480 25475 25470 25465 25460 25455 25450
25472 25481 25456 25430 25425 25420 25415 25410 25405 25400
25395 25390 25385 25384 25375 25370 25365 25329 25364 25350
25345 25340 25335 25316 25325 25320 25315 25310 25305 25300
25295 25290 25285 25280 25275 25301 25265 25260 25255 25250
25245 25240 25235 25230 25225 25207 25215 25179 25205 25200
25195 25190 25213 25180 25175 25170 25165 25160 25155 25150
25145 25140 25135 25130 25125 25120 25115 25158 25105 25100
25095 25081 25085 25080 25075 25070 25065 25060 25055 25050
25045 25040 25035 25030 25025 25020 25015 25010 25005 25000
24995 24990 24985 24980 24975 24970 24965 24960 24955 24950
24945 24940 24935 24930 24925 24920 24915 24910 24888 24900
24895 24890 24902 24841 24875 24870 24865 24860 24855 24850
24845 24874 24835 24830 24825 24820 24815 24810 24805 24779
24795 24790 24785 24780 24775 24770 24765 24760 24755 24750
24745 24740 24735 24730 24725 24720 24715 24710 24705 24701
24695 24690 24685 24687 24675 24670 24665 24660 24655 24650
24645 24640 24635 24630 24625 24620 24615 24610 24605 24600
24595 24590 24585 24580 24575 24570 24565 24560 24555 24550
24545 24540 24535 24530 24511 24520 24515 24510 24505 24500
24495 24490 24485 24480 24452 24470 24465 24460 24455 24460
24445 24440 24435 24478 24382 24383 24415 24410 24405 24400
24395 24390 24385 24380 24375 24370 24365 24360 24355 24350
24345 24340 24335 24330 24325 24320 24315 24310 24305 24300
24292 24290 24285 24280 24275 24270 24265 24260 24255 24250
24245 24240 24235 24269 24225 24220 24215 24210 24205 24200
24195 24204 24185 24180 24175 24170 24165 24160 24155 24150
24145 24140 24135 24130 24125 24120 24115 24107 24105 24100
24095 24090 24085 24080 24075 24070 24041 24060 24099 24063
24045 24040 24035 24030 24025 24020 24020 24010 24013 24000
23995 23978 23985 23980 23975 23970 23965 23960 23955 23950
23945 23940 23935 23944 23925 23920 23915 23910 23905 23900
23895 23890 23885 23880 23875 23870 23870 23872 23855 23850
23845 23840 23835 23830 23825 23795 23815 23810 23805 23800
23795 23790 23785 23780 23775 23770 23765 23760 23755 23750
23745 23740 23735 23730 23725 23720 23715 23710 23705 23700
23695 23690 23685 23680 23675 23670 23665 23660 23655 23650
23655 23640 23635 23630 23625 23620 23615 23610 23605 23600
23595 23590 23585 23570 23575 23570 23533 23560 23555 23550
23545 23540 23535 23530 23525 23520 23515 23510 23505 23500
23495 23528 23485 23480 23427 23463 23465 23460 23458 23450
23445 23440 23435 23430 23455 23420 23415 23410 23405 23400
23435 23390 23371 23380 23375 23370 23365 23360 23355 23334
23345 23340 23335 23330 23325 23320 23315 23310 23305 23300
23295 23290 23285 23280 23275 23270 23265 23260 23255 23250
23245 23240 23235 23230 23260 23251 23215 23210 23205 23200
23195 23190 23185 23180 23175 23170 23165 23160 23155 23150
23145 23140 23097 23130 23125 23120 23115 23110 23105 23100
23095 23090 23070 23080 23075 23070 23065 23060 23055 23050
23045 23040 23035 23030 23022 23020 23015 23010 23005 23000
22995 22967 22985 22980 22975 22970 22965 22960 22955 22950
22945 22940 22935 22930 22925 22907 22915 22910 22905 22900
22895 22890 22915 22880 22875 22870 22865 22860 22886 22850
22845 22840 22835 22830 22833 22820 22815 22810 22805 22800
22795 22790 22785 22780 22785 22770 22765 22760 22755 22750
22745 22740 22735 22730 22725 22720 22715 22710 22660 22700
22695 22690 22691 22680 22675 22670 22665 22691 22655 22650
22645 22640 22635 22630 22640 22620 22615 22610 22605 22600
22595 22590 22570 22580 22575 22570 22565 22560 22555 22550
22545 22540 22517 22530 22525 22520 22515 22510 22505 22500
