500
26 8 50 59 2 43 24 2 28 38
42 6 47 36 59 59 15 22 17 53
3 55 8 58 12 56 2 38 60 29
1 25 36 51 23 37 33 47 39 1
24 20 6 11 56 4 10 10 26 27
3 28 21 11 26 33 6 27 10 6
55 11 30 30 1 53 6 34 39 45
35 3 4 40 13 60 44 23 10 9
49 12 37 9 22 2 42 28 28 52
33 22 2 2 52 3 55 57 37 33
41 11 36 45 51 48 45 34 11 54
43 59 6 20 8 28 22 50 55 49
41 27 11 43 29 2 46 24 59 23
56 40 33 31 25 24 19 9 57 29
3 40 28 8 59 36 35 20 25 30
9 5 56 20 48 25 22 33 48 21
55 44 60 28 15 25 51 33 33 48
2 36 28 29 43 27 4 18 46 29
47 55 34 42 15 21 7 37 54 55
57 49 38 57 17 53 21 8 25 54
55 26 29 22 55 12 48 59 29 34
28 15 29 1 57 44 22 3 20 15
58 16 4 36 12 20 28 33 27 53
26 22 19 55 44 13 6 32 12 34
5 39 49 34 40 45 17 1 48 36
15 45 52 19 21 4 38 48 36 4
41 2 25 59 56 8 12 2 39 24
35 44 2 23 18 42 8 35 42 55
11 57 40 2 15 60 5 52 48 40
56 28 42 21 27 37 29 38 38 8
1 13 51 3 36 9 44 43 43 25
37 53 22 17 55 36 16 60 28 4
40 24 32 21 44 58 57 12 35 35
19 36 47 10 38 22 19 21 5 2
46 42 55 7 58 49 43 13 48 10
17 27 33 48 47 17 45 44 29 19
18 47 54 5 57 32 27 16 52 31
17 38 12 11 44 9 59 27 22 47
36 38 14 9 25 60 25 9 44 53
28 1 40 22 6 37 53 32 53 45
2 9 23 14 20 7 23 19 33 44
5 9 22 18 17 46 18 42 55 1
35 23 2 15 45 7 51 38 38 44
23 40 52 45 53 11 51 15 29 23
59 34 31 20 52 48 6 9 29 60
9 4 23 11 18 7 17 9 44 54
52 6 33 44 50 26 55 41 41 24
3 39 57 34 59 48 21 4 57 50
3 6 54 26 16 11 32 32 20 16
26 12 21 59 55 11 25 49 51 5
