200 199
173 97 5994
97 86 7741
97 139 5740
86 54 7408
139 119 3618
139 190 3981
139 179 5822
97 117 9051
117 59 3612
117 100 2000
100 111 9025
86 84 6650
54 19 841
86 25 9122
86 14 2942
119 27 6180
19 106 5656
59 168 1687
179 182 410
182 30 7094
190 75 2659
168 105 6026
30 11 8950
59 93 6881
139 41 8288
173 90 6004
41 31 6887
30 57 1543
119 44 7604
179 185 3728
59 122 3272
44 70 769
100 98 8090
44 155 6350
27 9 284
179 28 2820
122 181 9749
75 161 4949
117 120 7849
179 147 8149
75 166 1634
97 135 5038
30 33 994
147 175 9273
75 15 6707
86 115 1438
120 43 8453
14 72 5761
166 20 3607
11 81 1556
25 50 3028
181 174 756
15 3 7262
100 138 8548
106 149 9015
50 55 3007
147 136 4572
119 7 8402
31 127 1474
19 200 2331
44 85 9884
84 10 1537
111 196 1139
81 108 2045
14 79 55
43 16 8301
136 163 5743
14 148 131
81 48 2389
122 130 8967
50 154 6622
182 38 508
3 94 8195
149 24 8242
70 77 6916
138 13 3256
179 88 6950
122 187 3803
31 160 6850
15 74 2561
106 42 7024
9 66 6572
14 171 1949
136 162 8906
119 143 273
81 198 6692
86 51 7357
14 21 4278
13 151 5840
93 103 6305
198 197 4745
149 36 1388
72 145 4473
51 172 5263
182 176 7105
38 58 8425
86 150 5145
111 101 2100
190 114 253
138 45 8213
148 6 1608
168 140 5596
48 104 164
44 178 1417
36 177 4519
163 195 4530
187 126 5423
155 102 6224
197 123 9979
139 49 9712
90 170 5327
178 63 142
6 91 4138
54 80 4184
50 62 3645
98 29 2494
50 158 6851
85 67 2467
14 124 9377
181 46 2640
176 183 6370
49 159 729
179 32 7285
24 165 3105
3 128 1252
51 199 1
28 35 3819
158 116 972
159 83 9336
81 153 4139
153 52 7549
181 89 8401
179 53 6584
130 18 4827
25 125 6788
181 129 1173
116 82 1783
185 5 4712
123 96 747
154 157 3801
197 194 8843
19 92 8629
46 142 3060
161 167 2606
57 71 1436
142 193 4191
84 23 9115
13 99 7705
66 34 5726
170 39 2152
11 152 6923
119 189 2275
140 61 2540
172 56 2274
197 73 6974
127 69 3268
42 109 6438
24 118 655
61 60 1449
80 12 6831
5 37 6860
99 132 3160
14 112 6967
199 65 6193
75 146 1132
106 4 3692
46 141 7413
139 113 1686
139 156 7721
158 110 7483
173 26 5486
158 137 7467
153 188 6764
29 144 9826
69 131 2905
71 1 2906
126 133 6432
83 180 7049
129 64 3264
144 17 2115
183 192 5801
171 186 763
35 22 9362
176 164 8984
13 76 677
67 107 2197
92 87 2827
93 47 123
28 95 7493
57 169 2562
168 191 1074
164 8 9227
174 134 8510
53 68 3029
3 40 676
159 184 6779
142 78 6476
111 2 7959
179 121 6016
