2000 1999
1 2 20027
2 3 14382
3 4 18766
4 5 9657
5 6 11018
6 7 11661
7 8 2062
8 9 17951
9 10 2078
10 11 24251
11 12 4489
12 13 28635
13 14 24738
14 15 23362
15 16 29684
16 17 477
17 18 15127
18 19 26039
19 20 9567
20 21 8323
21 22 22191
22 23 31630
23 24 15417
24 25 7183
25 26 18423
26 27 3890
27 28 4375
28 29 7000
29 30 18617
30 31 10326
31 32 11697
32 33 24256
33 34 16161
34 35 24197
35 36 11565
36 37 12133
37 38 16414
38 39 25089
39 40 29089
40 41 20124
41 42 4363
42 43 1738
43 44 21203
44 45 31131
45 46 27791
46 47 1533
47 48 10819
48 49 21877
49 50 3778
50 51 26975
51 52 24683
52 53 22348
53 54 19601
54 55 21818
55 56 24389
56 57 31937
57 58 14947
58 59 9320
59 60 3598
60 61 26800
61 62 9725
62 63 2733
63 64 14922
64 65 14363
65 66 26530
66 67 12618
67 68 4616
68 69 9059
69 70 20095
70 71 462
71 72 4967
72 73 16318
73 74 11335
74 75 4912
75 76 5465
76 77 29925
77 78 17435
78 79 27931
79 80 19879
80 81 31501
81 82 8364
82 83 5513
83 84 30773
84 85 29977
85 86 5539
86 87 7315
87 88 904
88 89 31502
89 90 28737
90 91 6791
91 92 26245
92 93 10439
93 94 6978
94 95 21564
95 96 891
96 97 1258
97 98 14856
98 99 31138
99 100 15460
100 101 21530
101 102 32501
102 103 12957
103 104 7272
104 105 11374
105 106 16665
106 107 28180
107 108 15011
108 109 23842
109 110 5389
110 111 10053
111 112 14888
112 113 32397
113 114 27934
114 115 5467
115 116 2886
116 117 15955
117 118 1198
118 119 31042
119 120 21002
120 121 15324
121 122 6872
122 123 32186
123 124 5636
124 125 2309
125 126 16467
126 127 23978
127 128 8014
128 129 8981
129 130 15513
130 131 17591
131 132 9419
132 133 30706
133 134 20040
134 135 7702
135 136 12205
136 137 19349
137 138 19144
138 139 17822
139 140 22586
140 141 4539
141 142 24878
142 143 20258
143 144 16335
144 145 4061
145 146 1120
146 147 22525
147 148 27685
148 149 23395
149 150 16506
150 151 5870
151 152 26579
152 153 2069
153 154 32625
154 155 7719
155 156 19476
156 157 6866
157 158 247
158 159 928
159 160 6091
160 161 5252
161 162 2462
162 163 25521
163 164 30660
164 165 10579
165 166 3391
166 167 29152
167 168 25661
168 169 30745
169 170 22685
170 171 3064
171 172 14245
172 173 22038
173 174 32326
174 175 859
175 176 8867
176 177 742
177 178 2746
178 179 4248
179 180 8538
180 181 22703
181 182 17359
182 183 9536
183 184 21996
184 185 19615
185 186 30548
186 187 4086
187 188 27708
188 189 21398
189 190 7413
190 191 9926
191 192 27385
192 193 32543
193 194 20318
194 195 27576
195 196 5592
196 197 26277
197 198 24740
198 199 24484
199 200 17696
200 201 12516
201 202 3552
202 203 30535
203 204 22124
204 205 20893
205 206 5661
206 207 26263
207 208 6828
208 209 20366
209 210 14452
210 211 13908
211 212 25966
212 213 9889
213 214 23925
214 215 22496
215 216 8540
216 217 6756
217 218 28617
218 219 11088
219 220 3589
220 221 3257
221 222 10262
222 223 11203
223 224 2784
224 225 11471
225 226 20515
226 227 13810
227 228 5005
228 229 4688
229 230 16701
230 231 7433
231 232 20831
232 233 6364
233 234 8665
234 235 438
235 236 26136
236 237 4023
237 238 9850
238 239 8063
239 240 21491
240 241 4542
241 242 22997
242 243 1112
243 244 9960
244 245 6560
245 246 12339
246 247 26229
247 248 17195
248 249 9802
249 250 27160
250 251 3165
251 252 31990
252 253 931
253 254 2594
254 255 31552
255 256 23944
256 257 2938
257 258 25139
258 259 24458
259 260 14702
260 261 29372
261 262 31699
262 263 25528
263 264 31745
264 265 30443
265 266 24527
266 267 26986
267 268 19504
268 269 32715
269 270 294
270 271 22714
271 272 28287
272 273 2399
273 274 20262
274 275 31181
275 276 2128
276 277 27155
277 278 13011
278 279 3239
279 280 10337
280 281 18747
281 282 31624
282 283 4932
283 284 14487
284 285 22972
285 286 32481
286 287 484
287 288 15610
288 289 11529
289 290 28631
290 291 18854
291 292 1024
292 293 12882
293 294 12589
294 295 29016
295 296 11278
296 297 13816
297 298 9996
298 299 12430
299 300 8764
300 301 30019
301 302 19434
302 303 16625
303 304 32345
304 305 6743
305 306 3248
306 307 23002
307 308 24623
308 309 13412
309 310 12315
310 311 2592
311 312 12807
312 313 30
313 314 19810
314 315 25646
315 316 29808
316 317 5229
317 318 5658
318 319 12376
319 320 30525
320 321 18277
321 322 30551
322 323 6511
323 324 9165
324 325 24440
325 326 22037
326 327 1938
327 328 15503
328 329 25834
329 330 27350
330 331 7496
331 332 13764
332 333 10118
333 334 140
334 335 2764
335 336 2951
336 337 19600
337 338 6840
338 339 11176
339 340 14603
340 341 30970
341 342 18132
342 343 8837
343 344 13605
344 345 27610
345 346 7407
346 347 26434
347 348 6154
348 349 7452
349 350 13207
350 351 31555
351 352 20057
352 353 13428
353 354 2811
354 355 14348
355 356 32092
356 357 27799
357 358 13137
358 359 27662
359 360 31883
360 361 13995
361 362 12918
362 363 14784
363 364 2129
364 365 12796
365 366 27860
366 367 27890
367 368 4627
368 369 19440
369 370 5513
370 371 14943
371 372 20847
372 373 7229
373 374 27078
374 375 7553
375 376 31425
376 377 20825
377 378 15220
378 379 18601
379 380 16108
380 381 16691
381 382 3870
382 383 23374
383 384 30807
384 385 29216
385 386 20747
386 387 21157
387 388 10549
388 389 12312
389 390 26026
390 391 26739
391 392 12042
392 393 546
393 394 6452
394 395 21536
395 396 20330
396 397 5133
397 398 12940
398 399 8716
399 400 516
400 401 26721
401 402 11626
402 403 5414
403 404 7136
404 405 26261
405 406 24504
406 407 18106
407 408 16357
408 409 6530
409 410 3644
410 411 30858
411 412 14494
412 413 12824
413 414 13432
414 415 19745
415 416 7998
416 417 8784
417 418 974
418 419 23140
419 420 29665
420 421 25697
421 422 24040
422 423 19050
423 424 2836
424 425 16951
425 426 20055
426 427 32397
427 428 29848
428 429 12577
429 430 18298
430 431 26817
431 432 16227
432 433 5578
433 434 9890
434 435 3877
435 436 16104
436 437 1130
437 438 17267
438 439 28120
439 440 13720
440 441 20797
441 442 3726
442 443 11022
443 444 2217
444 445 1333
445 446 877
446 447 20835
447 448 24854
448 449 2796
449 450 29069
450 451 1135
451 452 24039
452 453 10204
453 454 24787
454 455 25498
455 456 15282
456 457 5586
457 458 5417
458 459 3889
459 460 5474
460 461 20640
461 462 30056
462 463 954
463 464 8759
464 465 27666
465 466 22906
466 467 16261
467 468 5390
468 469 1572
469 470 960
470 471 26244
471 472 227
472 473 10610
473 474 18865
474 475 22620
475 476 26260
476 477 13296
477 478 12228
478 479 27836
479 480 20455
480 481 5595
481 482 31888
482 483 18926
483 484 7119
484 485 31984
485 486 1842
486 487 2476
487 488 24555
488 489 16347
489 490 17648
490 491 8244
491 492 848
492 493 7666
493 494 23068
494 495 14751
495 496 30344
496 497 10019
497 498 12858
498 499 366
499 500 11482
500 501 24619
501 502 25445
502 503 2150
503 504 15052
504 505 30473
505 506 24814
506 507 15518
507 508 15847
508 509 7091
509 510 16711
510 511 10198
511 512 29114
512 513 20743
513 514 6943
514 515 26634
515 516 5666
516 517 18948
517 518 15823
518 519 5703
519 520 2760
520 521 10042
521 522 18677
522 523 4030
523 524 17386
524 525 10367
525 526 26462
526 527 21783
527 528 31839
528 529 9956
529 530 12586
530 531 29703
531 532 18645
532 533 27368
533 534 31018
534 535 12069
535 536 28766
536 537 13035
537 538 2445
538 539 22521
539 540 11819
540 541 32229
541 542 5052
542 543 3926
543 544 16534
544 545 28247
545 546 22402
546 547 24554
547 548 26982
548 549 22914
549 550 17776
550 551 26388
551 552 17231
552 553 22232
553 554 8320
554 555 32757
555 556 4281
556 557 25520
557 558 25336
558 559 9418
559 560 26563
560 561 28477
561 562 27281
562 563 31353
563 564 24454
564 565 25281
565 566 12249
566 567 14953
567 568 8862
568 569 31230
569 570 3286
570 571 28311
571 572 2791
572 573 32749
573 574 22252
574 575 13287
575 576 10884
576 577 17331
577 578 20480
578 579 30392
579 580 26150
580 581 22993
581 582 13022
582 583 23994
583 584 1162
584 585 32155
585 586 24280
586 587 22276
587 588 22340
588 589 9963
589 590 26288
590 591 31585
591 592 24764
592 593 10262
593 594 1721
594 595 15339
595 596 7030
596 597 26655
597 598 17976
598 599 3548
599 600 18070
600 601 3371
601 602 18448
602 603 2208
603 604 23459
604 605 11061
605 606 3743
606 607 10799
607 608 4491
608 609 19203
609 610 14051
610 611 13721
611 612 4327
612 613 23897
613 614 28385
614 615 24546
615 616 15745
616 617 28268
617 618 11079
618 619 16145
619 620 14611
620 621 11673
621 622 24656
622 623 12164
623 624 850
624 625 7511
625 626 16872
626 627 9094
627 628 23339
628 629 32619
629 630 20241
630 631 4388
631 632 17741
632 633 20827
633 634 11397
634 635 29244
635 636 23527
636 637 27940
637 638 4764
638 639 2774
639 640 19379
640 641 8751
641 642 21105
642 643 27063
643 644 8755
644 645 23170
645 646 13888
646 647 22324
647 648 20795
648 649 8244
649 650 16659
650 651 9797
651 652 2991
652 653 5923
653 654 4510
654 655 7130
655 656 24462
656 657 16105
657 658 27751
658 659 24690
659 660 12591
660 661 4363
661 662 12586
662 663 12265
663 664 31691
664 665 20340
665 666 16251
666 667 15249
667 668 31548
668 669 5922
669 670 3757
670 671 29317
671 672 8964
672 673 2848
673 674 31987
674 675 9274
675 676 1681
676 677 11188
677 678 6597
678 679 12631
679 680 5824
680 681 11737
681 682 28549
682 683 16071
683 684 22687
684 685 26351
685 686 4195
686 687 7948
687 688 31095
688 689 8370
689 690 27262
690 691 26070
691 692 25610
692 693 26985
693 694 10059
694 695 22996
695 696 15129
696 697 13407
697 698 6715
698 699 14538
699 700 23849
700 701 24215
701 702 664
702 703 484
703 704 21895
704 705 27580
705 706 9392
706 707 14922
707 708 24202
708 709 3927
709 710 32310
710 711 24564
711 712 22808
712 713 22085
713 714 6629
714 715 32448
715 716 23915
716 717 1127
717 718 18022
718 719 7105
719 720 18709
720 721 31387
721 722 13428
722 723 27354
723 724 28226
724 725 14571
725 726 16446
726 727 652
727 728 18494
728 729 20741
729 730 27149
730 731 525
731 732 22839
732 733 23787
733 734 16934
734 735 23962
735 736 5443
736 737 19948
737 738 19442
738 739 17677
739 740 32421
740 741 10195
741 742 7260
742 743 22706
743 744 22348
744 745 31838
745 746 14203
746 747 8279
747 748 2972
748 749 15090
749 750 29041
750 751 30882
751 752 14961
752 753 10380
753 754 22163
754 755 27304
755 756 32353
756 757 5115
757 758 24266
758 759 8634
759 760 23618
760 761 6733
761 762 28728
762 763 29570
763 764 31468
764 765 3975
765 766 29983
766 767 11856
767 768 2112
768 769 24473
769 770 2303
770 771 8622
771 772 28522
772 773 31632
773 774 255
774 775 5434
775 776 17506
776 777 9998
777 778 21390
778 779 8629
779 780 2233
780 781 14839
781 782 9034
782 783 8279
783 784 11666
784 785 10862
785 786 28961
786 787 9317
787 788 30447
788 789 29440
789 790 14774
790 791 13062
791 792 9262
792 793 10526
793 794 518
794 795 11603
795 796 467
796 797 22481
797 798 5963
798 799 8365
799 800 18567
800 801 29353
801 802 1569
802 803 29011
803 804 28001
804 805 29943
805 806 3303
806 807 4915
807 808 18277
808 809 315
809 810 3432
810 811 17665
811 812 11850
812 813 5344
813 814 16826
814 815 391
815 816 30337
816 817 9255
817 818 14439
818 819 6972
819 820 28274
820 821 12898
821 822 23499
822 823 13847
823 824 16649
824 825 14946
825 826 2237
826 827 5029
827 828 24945
828 829 31538
829 830 30834
830 831 25946
831 832 25631
832 833 32006
833 834 413
834 835 6437
835 836 26899
836 837 25198
837 838 29915
838 839 21574
839 840 31578
840 841 22991
841 842 6223
842 843 4196
843 844 2520
844 845 17172
845 846 1673
846 847 3802
847 848 23876
848 849 23969
849 850 29869
850 851 5715
851 852 12148
852 853 4744
853 854 9169
854 855 11926
855 856 18395
856 857 12032
857 858 422
858 859 20131
859 860 16720
860 861 8979
861 862 15451
862 863 12542
863 864 23824
864 865 6294
865 866 19902
866 867 16971
867 868 1799
868 869 30302
869 870 16805
870 871 24091
871 872 28491
872 873 9137
873 874 15244
874 875 19974
875 876 23786
876 877 8187
877 878 32639
878 879 16122
879 880 7653
880 881 17090
881 882 571
882 883 8402
883 884 14460
884 885 14300
885 886 17552
886 887 9258
887 888 16812
888 889 3040
889 890 32265
890 891 19058
891 892 31991
892 893 23770
893 894 23247
894 895 15426
895 896 10595
896 897 835
897 898 20683
898 899 23021
899 900 8133
900 901 18224
901 902 20491
902 903 14937
903 904 9791
904 905 30153
905 906 21095
906 907 3086
907 908 7432
908 909 27389
909 910 3684
910 911 3212
911 912 26731
912 913 25460
913 914 20824
914 915 2530
915 916 15379
916 917 10949
917 918 17615
918 919 8828
919 920 11141
920 921 31210
921 922 9006
922 923 14141
923 924 9198
924 925 6641
925 926 8086
926 927 17358
927 928 13087
928 929 7923
929 930 1291
930 931 4405
931 932 16342
932 933 20298
933 934 20694
934 935 30377
935 936 5951
936 937 2815
937 938 19495
938 939 7332
939 940 29626
940 941 18306
941 942 26879
942 943 30267
943 944 24799
944 945 29598
945 946 26189
946 947 25771
947 948 8383
948 949 22443
949 950 32600
950 951 14644
951 952 30317
952 953 17926
953 954 10844
954 955 2346
955 956 31166
956 957 12222
957 958 10872
958 959 2121
959 960 22604
960 961 29072
961 962 30919
962 963 23881
963 964 10177
964 965 27926
965 966 18638
966 967 9394
967 968 11602
968 969 16955
969 970 11286
970 971 5618
971 972 16009
972 973 15602
973 974 6425
974 975 32428
975 976 8008
976 977 19240
977 978 22883
978 979 2132
979 980 267
980 981 3830
981 982 8945
982 983 31737
983 984 1901
984 985 24860
985 986 24797
986 987 30817
987 988 30190
988 989 22443
989 990 28477
990 991 20059
991 992 27379
992 993 9473
993 994 20040
994 995 30545
995 996 19470
996 997 25338
997 998 4282
998 999 23069
999 1000 18304
1989 999  1
1989 1123 4
1989 1513 7
1513 1175 4
1123 1418 5
1418 1256 3
1513 1347 9
1123 1329 9
1347 1401 9
1256 1269 8
1329 1559 10
1513 1299 8
1418 1708 2
1559 1081 1
1175 1909 6
1989 1735 10
1401 1927 10
1081 1330 4
1330 1591 7
1175 1626 10
1256 1191 7
1081 1993 5
1735 1668 4
1256 1195 9
1989 1491 5
1559 1266 4
1591 1839 6
1993 1937 1
1266 1461 5
1266 1151 7
1909 1835 1
1123 1119 3
1708 1365 10
1256 1064 3
1266 1289 2
1256 1501 2
1708 1384 9
1299 1052 2
1299 1150 5
1501 1178 1
1119 1862 8
1289 1694 8
1178 1034 5
1269 1381 8
1289 1480 4
1299 1729 9
1993 1599 4
1989 1395 5
1909 1468 7
1175 1956 2
1513 1846 3
1178 1657 7
1384 1102 10
1989 1226 4
1468 1087 9
1839 1911 2
1347 1953 1
1956 1811 4
1811 1276 4
1513 1297 3
1178 1589 6
1559 1705 9
1269 1898 2
1401 1669 9
1501 1603 2
1064 1474 5
1418 1323 1
1909 1830 2
1052 1394 6
1811 1219 9
1299 1436 10
1052 1053 2
1064 1267 10
1729 1439 4
1846 1085 1
1226 1622 6
1266 1275 3
1330 1630 4
1911 1455 2
1330 1459 4
1151 1584 8
1468 1984 10
1668 1534 5
1226 1264 8
1087 1157 5
1384 1013 4
1455 1752 8
1418 1037 1
1034 1291 2
1219 1213 4
1394 1872 5
1347 1790 2
1984 1086 3
1384 1168 6
1989 1307 5
1599 1697 4
1909 1610 7
1461 1794 4
1195 1737 2
1589 1758 3
1256 1792 6
1459 1886 6
1276 1423 7
1480 1094 8
1086 1719 1
1622 1496 2
1599 1649 1
1898 1460 5
1102 1680 1
1697 1029 5
1480 1973 1
1195 1721 9
1649 1896 10
1956 1537 9
1269 1335 8
1264 1815 3
1534 1981 4
1898 1615 6
1219 1327 6
1323 1530 5
1872 1607 10
1323 1686 3
1053 1820 1
1615 1358 9
1094 1786 4
1622 1145 6
1480 1552 5
1984 1054 1
1384 1834 9
1330 1182 8
1973 1173 10
1820 1594 5
1094 1247 3
1530 1429 1
1347 1088 1
1984 1617 8
1989 1031 9
1530 1092 7
1862 1930 1
1173 1109 6
1191 1776 6
1173 1383 9
1291 1149 4
1081 1376 6
1721 1999 7
1330 1180 6
1649 1367 7
1394 1044 5
1786 1441 5
1615 1161 9
1327 1871 8
1846 1798 8
1984 1216 3
1534 1691 10
1630 1476 2
1335 1261 1
1013 1426 3
1455 1781 5
1729 1785 10
1594 1592 6
1781 1772 6
1501 1717 3
1930 1295 1
1173 1961 10
1247 1699 9
1491 1324 2
1297 1968 2
1269 1864 8
1552 1190 9
1537 1672 6
1289 1760 2
1686 1987 7
1758 1012 6
1846 1435 4
1054 1389 4
1737 1169 2
1815 1139 5
1291 1698 8
1705 1416 5
1123 1449 9
1435 1298 7
1999 1780 9
1123 1710 3
1721 1112 6
1461 1932 6
1064 1238 3
1418 1248 5
1694 1328 1
1680 1184 10
1012 1604 4
1592 1438 9
1112 1039 7
1416 1472 10
1330 1492 3
1599 1203 9
1358 1478 9
1087 1379 6
1811 1372 9
1594 1551 3
1195 1893 8
1710 1761 9
1429 1859 6
1835 1655 9
1169 1554 6
1264 1652 4
1191 1353 6
1607 1115 5
1329 1507 8
1973 1572 10
1973 1392 6
1149 1816 7
1657 1796 1
1834 1344 7
1119 1141 7
1087 1067 8
1589 1659 1
1141 1025 9
1698 1638 1
1729 1569 8
1149 1398 2
1719 1279 10
1395 1602 8
1013 1339 1
1655 1826 9
1872 1749 9
1329 1237 8
1426 1623 5
1323 1605 8
1401 1624 1
1145 1282 3
1401 1848 9
1298 1582 1
1339 1939 7
1752 1511 10
1694 1359 8
1203 1980 3
1584 1500 2
1898 1656 6
1182 1229 2
1275 1918 10
1439 1715 4
1871 1322 10
1347 1060 8
1761 1722 5
1322 1934 3
1834 1975 3
1423 1166 4
1094 1404 10
1937 1966 4
1507 1483 3
1655 1138 6
1037 1640 9
1358 1675 5
1785 1486 10
1330 1420 9
1323 1947 10
1383 1356 1
1324 1388 2
1384 1843 10
1247 1355 1
1037 1477 4
1085 1890 9
1190 1685 5
1034 1646 5
1932 1015 3
1511 1223 10
1459 1028 9
1053 1143 3
1081 1386 9
1622 1437 1
1554 1021 5
1037 1451 2
1034 1799 9
1820 1608 8
1383 1196 2
1721 1538 3
1298 1925 2
1649 1756 8
1798 1791 4
1267 1105 3
1826 1877 5
1329 1546 1
1691 1241 10
1786 1565 1
1798 1921 9
1102 1057 2
1909 1828 8
1138 1294 4
1394 1524 5
1608 1525 3
1298 1192 1
1241 1471 1
1161 1631 4
1025 1007 3
1037 1300 9
1192 1125 6
1297 1406 5
1323 1098 10
1685 1863 7
1939 1035 3
1898 1671 8
1675 1380 2
1436 1836 3
1275 1072 7
1480 1633 1
1213 1723 9
1418 1234 10
1394 1678 2
1307 1194 8
1863 1767 9
1723 1218 1
1559 1505 4
1932 1407 10
1624 1568 2
1175 1969 7
1680 1860 3
1798 1430 2
1007 1595 10
1678 1853 1
1438 1533 1
1218 1990 6
1388 1204 1
1909 1106 3
1492 1144 8
1388 1296 8
1568 1913 2
1980 1378 5
1300 1153 9
1015 1959 7
1582 1992 1
1178 1842 6
1012 1357 5
1143 1662 5
1327 1521 5
1455 1116 6
1264 1894 5
1157 1345 5
1602 1259 6
1353 1797 8
1353 1010 1
1276 1002 3
1035 1616 2
1328 1048 1
1925 1731 8
1389 1162 7
1149 1965 7
1491 1049 6
1052 1198 1
1480 1442 10
1659 2000 10
1459 1770 7
1607 1208 8
1297 1159 8
1053 1172 1
1500 1653 6
1672 1967 4
1094 1661 8
1980 1712 9
1756 1257 7
2000 1158 6
1756 1135 5
1913 1748 6
1125 1290 1
1501 1188 7
1811 1412 2
1582 1979 4
1981 1385 9
1615 1362 10
1461 1782 5
1139 1955 7
1932 1027 2
1669 1851 2
1756 1408 3
1478 1741 2
1057 1635 9
1123 1068 2
1608 1183 8
1098 1415 8
1680 1922 8
1772 1019 3
1025 1396 9
1196 1588 10
1365 1876 2
1335 1914 2
1987 1336 8
1780 1742 4
1034 1490 6
1717 1493 8
1184 1508 6
1330 1775 4
1365 1728 1
1198 1427 5
1157 1432 7
1742 1284 9
1876 1231 1
1442 1663 9
1264 1465 4
1178 1076 5
1275 1510 3
1657 1585 3
1143 1593 7
1496 1369 7
1279 1061 1
1719 1167 1
1655 1026 8
1238 1373 5
1028 1948 6
1404 1679 10
1323 1080 7
1037 1481 7
1685 1217 8
1979 1118 2
1438 1985 1
1859 1199 6
1378 1402 7
1267 1056 9
1697 1265 6
1087 1341 7
1324 1883 8
1119 1977 10
1835 1765 1
1675 1926 8
1034 1411 10
1925 1629 5
1712 1091 1
1102 1912 3
1248 1611 3
1728 1302 6
1926 1844 10
1871 1337 10
1472 1570 5
1188 1082 4
1217 1641 1
1853 1563 3
1594 1207 2
1563 1132 4
1993 1674 2
1057 1738 10
1157 1332 9
1247 1935 4
1799 1612 2
1381 1288 3
1737 1117 4
1294 1970 4
1082 1391 2
1190 1456 2
1383 1475 4
1328 1531 3
1973 1821 8
1028 1637 6
1719 1812 2
1378 1632 7
1662 1001 8
1391 1004 1
1261 1739 4
1007 1397 1
1530 1895 4
1330 1164 3
1098 1740 8
1118 1424 2
1970 1146 2
1297 1949 1
1092 1777 4
1472 1650 7
1610 1503 3
1039 1747 9
1546 1509 9
1302 1134 2
1569 1268 2
1980 1417 8
1053 1831 1
1085 1689 9
1790 1014 10
1588 1878 7
1641 1351 5
1418 1889 5
1098 1882 5
1953 1128 2
1188 1479 7
1052 1903 9
1330 1567 2
1146 1950 5
1927 1829 3
1359 1996 3
1697 1016 9
1226 1314 10
1739 1023 2
1674 1579 9
1820 1590 8
1836 1066 3
1199 1753 7
1531 1814 9
1569 1690 7
1054 1800 5
1182 1954 8
1525 1312 5
1013 1867 9
1241 1206 6
1004 1919 1
1125 1520 1
1476 1338 2
1379 1239 5
1607 1050 3
1883 1224 9
1708 1703 3
1355 1692 4
1608 1084 9
1747 1215 4
1010 1497 10
1296 1532 8
1835 1783 9
1646 1910 7
1947 1447 3
1296 1600 3
1914 1070 8
1524 1283 2
1373 1403 7
1144 1293 2
1358 1352 10
1524 1983 5
1973 1940 8
1930 1539 6
1507 1974 7
1493 1541 4
1956 1142 7
1584 1587 7
1503 1881 4
1169 1711 2
1206 1700 5
1118 1696 5
1406 1978 4
1471 1419 3
1002 1240 3
1407 1280 10
1937 1321 2
1939 1220 4
1061 1707 5
1990 1274 4
1162 1154 3
1288 1005 7
1694 1331 6
1064 1628 9
1867 1868 7
1102 1453 5
1927 1077 5
1419 1838 7
1878 1736 2
1238 1788 1
1630 1233 10
1376 1695 5
1500 1601 6
1532 1309 2
1508 1020 9
1493 1609 1
1821 1038 9
1265 1454 4
1199 1032 8
1662 1586 6
1125 1405 9
1072 1757 6
1532 1431 4
1178 1750 10
1204 1090 1
1692 1326 9
1016 1774 10
1738 1022 8
1497 1263 4
1748 1527 2
1438 1155 10
1395 1873 10
1213 1574 5
1050 1535 7
1465 1292 8
1016 1244 8
1347 1495 7
1867 1857 4
1331 1885 1
1980 1804 7
1109 1562 4
1772 1899 10
1267 1858 10
1774 1634 6
1496 1827 1
1474 1156 6
1996 1664 1
1224 1410 8
1183 1440 5
1495 1133 7
1616 1063 8
1442 1306 4
1867 1964 4
1925 1177 6
1584 1870 10
1028 1006 4
1019 1986 4
1635 1310 10
1326 1340 5
1216 1917 1
1479 1467 4
1141 1837 4
1067 1924 8
1835 1148 7
1149 1301 5
1737 1448 6
1329 1972 10
1690 1813 6
1226 1272 9
1276 1011 6
1430 1260 7
1070 1555 8
1932 1212 8
1424 1375 2
1066 1249 3
1195 1304 6
1914 1545 8
1659 1784 9
1143 1789 6
1984 1725 5
1694 1113 8
1177 1988 5
1324 1313 9
1792 1942 6
1765 1897 4
1794 1073 5
1203 1425 4
1290 1334 10
1554 1553 8
1797 1929 2
1940 1763 6
1530 1945 2
1086 1227 4
1401 1030 9
1921 1865 1
1813 1250 3
1019 1905 5
1326 1683 2
1828 1444 2
1134 1498 5
1698 1808 6
1973 1666 1
1983 1126 2
1313 1891 7
1328 1597 1
1227 1619 7
1247 1147 9
1119 1017 9
1178 1856 5
1876 1096 7
1007 1769 5
1640 1246 7
1004 1892 1
1352 1718 5
1256 1062 1
1813 1370 10
1934 1484 6
1816 1457 7
1844 1186 1
1659 1140 10
1559 1923 6
1800 1963 1
1178 1840 6
1757 1625 6
1432 1805 4
1930 1114 5
1153 1771 9
1882 1879 7
1386 1807 6
1088 1613 2
1827 1720 1
1373 1245 9
1229 1764 8
1675 1946 2
1945 1504 8
1699 1598 6
1783 1197 9
1274 1817 9
1873 1042 2
1167 1904 7
1143 1644 2
1223 1258 5
1156 1693 7
1023 1755 3
1478 1654 3
1655 1270 9
1402 1561 4
1188 1262 3
1022 1995 7
1471 1960 4
1695 1620 5
1192 1884 8
1942 1033 6
1546 1726 9
1246 1778 10
1105 1578 7
1664 1129 5
1266 1806 4
1700 1171 1
1821 1374 9
1266 1943 8
1475 1024 2
1685 1083 2
1965 1051 1
1112 1414 10
1839 1303 8
1669 1645 5
1237 1130 4
1748 1734 8
1999 1349 1
1616 1688 1
1359 1702 9
1188 1181 6
1113 1103 7
1661 1463 10
1092 1991 6
1607 1957 1
1671 1544 1
1899 1079 6
1056 1361 6
1153 1549 8
1418 1485 4
1373 1743 2
1353 1366 9
1037 1377 5
1896 1557 8
1917 1254 10
1257 1920 10
1365 1854 4
1750 1517 10
1995 1639 3
1377 1709 6
1584 1202 10
1294 1928 4
1737 1998 9
1430 1152 4
1323 1665 7
1625 1108 2
1279 1543 1
1588 1434 8
1877 1251 3
1972 1473 7
1657 1542 8
1865 1556 5
1920 1122 1
1234 1350 5
1873 1443 3
1663 1342 5
1943 1766 4
1881 1446 7
1369 1540 4
1686 1127 1
1213 1089 2
1975 1160 2
1913 1174 7
1977 1643 8
1157 1888 5
1954 1558 4
1815 1228 9
1892 1043 5
1770 1363 3
1353 1059 8
1537 1516 5
1408 1822 9
1263 1176 7
1886 1009 7
1229 1045 1
1306 1536 1
1696 1252 8
1764 1242 9
1296 1677 4
1543 1915 6
1303 1841 3
1397 1833 7
1220 1104 8
1919 1514 3
1883 1732 10
1784 1107 2
1896 1847 10
1912 1528 6
1107 1488 5
1062 1566 6
1423 1221 10
1586 1564 5
1685 1348 9
1679 1823 6
1480 1651 9
1977 1982 8
1867 1318 5
1226 1273 5
1540 1621 5
1632 1399 5
1811 1121 10
1468 1809 2
1217 1560 1
1347 1519 6
1753 1277 1
1677 1667 9
1983 1866 6
1932 1676 4
1904 1179 8
1786 1230 4
1620 1069 5
1595 1706 1
1589 1236 10
1948 1499 8
1061 1548 4
1563 1421 5
1485 1670 4
1766 1253 1
1771 1409 9
1760 1941 7
1859 1136 5
1045 1571 9
1560 1997 8
1386 1393 8
1570 1627 6
1230 1673 4
1060 1681 4
1685 1382 3
1992 1489 1
1561 1962 3
1050 1428 2
1868 1933 9
1166 1801 6
1610 1931 10
1894 1596 7
1158 1795 1
1667 1874 2
1975 1185 10
1428 1075 8
1769 1065 1
1378 1682 2
1199 1422 8
1048 1187 2
1002 1512 6
1312 1371 10
1299 1071 6
1640 1818 10
1877 1724 10
1443 1487 2
1890 1040 2
1760 1058 4
1760 1906 5
1326 1952 9
1788 1901 2
1817 1286 2
1565 1583 9
1758 1506 6
1995 1976 7
1700 1944 7
1437 1078 3
1896 1642 6
1822 1346 2
1480 1745 6
1173 1170 3
1066 1606 9
1491 1325 3
1234 1523 9
1910 1958 9
1270 1225 4
1865 1200 7
1559 1577 9
1653 1305 4
1351 1819 7
1999 1751 8
1369 1111 1
1439 1165 3
1184 1618 10
1125 1773 3
1207 1733 2
1369 1235 10
1362 1701 3
1056 1907 1
1145 1470 9
1227 1319 7
1907 1951 3
1643 1413 5
1519 1730 4
1215 1529 9
1087 1214 10
1844 1368 3
1086 1647 4
1565 1308 10
1932 1099 7
1280 1727 10
1585 1869 7
1236 1163 6
1506 1802 10
1976 1205 4
1722 1494 5
1606 1576 5
1283 1648 7
1023 1046 7
1548 1900 9
1052 1210 7
1025 1887 1
1338 1875 3
1710 1971 5
1548 1855 6
1046 1849 3
1693 1343 8
1403 1746 6
1096 1458 6
1763 1201 2
1498 1387 1
1546 1522 6
1494 1278 3
1747 1768 2
1458 1704 4
1155 1041 10
1646 1285 4
1815 1824 3
1254 1744 5
1698 1787 7
1827 1100 10
1410 1759 1
1382 1189 6
1266 1880 9
1703 1315 4
1551 1469 3
1971 1850 9
1859 1916 3
1604 1316 8
1605 1902 2
1467 1994 8
1363 1832 6
1277 1120 8
1402 1433 5
1685 1573 3
1697 1450 6
1170 1211 2
1616 1209 9
1607 1271 4
1870 1803 6
1459 1095 9
1778 1131 10
1477 1793 8
1783 1400 8
1051 1580 4
1574 1502 9
1479 1074 4
1543 1547 6
1209 1452 9
1834 1936 10
1404 1255 3
1298 1687 2
1929 1390 9
1830 1124 7
1418 1518 3
1237 1810 4
1413 1908 2
1006 1137 6
1649 1232 8
1142 1018 1
1431 1938 9
1794 1047 10
1210 1333 6
1687 1658 2
1080 1684 1
1486 1550 7
1957 1243 6
1758 1660 4
1963 1093 8
1454 1852 9
1211 1462 7
1902 1110 5
1724 1466 2
1280 1636 7
1872 1036 10
1587 1779 5
1049 1445 5
1712 1101 1
1423 1515 3
1422 1845 1
1085 1320 1
1880 1861 10
1194 1716 1
1208 1581 9
1238 1713 5
1467 1364 8
1185 1354 7
1357 1311 3
1270 1754 7
1483 1008 1
1279 1287 10
1041 1526 4
1767 1317 2
1782 1464 8
1352 1714 6
1230 1097 10
1479 1762 10
1071 1055 5
1505 1193 6
1667 1222 1
1179 1575 3
1668 1482 7
1865 1003 9
1946 1825 7
1276 1614 3
1297 1360 6
1969 1281 6

