2000
28805 1 4 100029072
7275 3 5 500082120
13520 20 6 300083100
13824 12 10 500006220
27389 1 6 300064200
18645 3 4 400073436
12651 3 2 100030692
15509 1 4 200056164
899 1 9 100031922
2265 15 3 100001190
22331 1 10 500024330
13350 2 11 100007204
13902 6 9 300021012
21539 1 6 300023970
29613 1 7 700047439
16103 1 2 100005234
3595 1 10 500143690
18096 3 6 200014278
30364 1 3 300039981
20585 1 6 300069678
24412 4 3 300057144
10939 1 1 100021182
30321 1 9 900017739
3754 1 2 200061422
7315 1 8 800165064
29672 4 6 100016652
17016 1 9 900267309
12896 1 3 300097725
15791 1 5 500087110
6063 3 8 400017528
8063 1 2 100002598
29313 9 11 1100042856
30871 1 11 1100113718
28426 1 8 800238488
2740 2 10 500118730
18197 1 3 100003035
17813 1 11 1100351175
3425 25 2 200022550
7872 6 4 200056500
3904 1 5 500015905
27668 1 7 700204505
14517 9 8 800186472
30495 3 1 100019157
26250 2 4 200029556
5021 1 5 500096435
28427 1 2 100032668
11714 1 4 400024868
13680 90 10 100006290
5391 3 10 100020900
9499 7 1 100011765
20199 1 5 500055070
18736 1 5 500159405
2078 1 2 200005638
10809 1 7 700189588
24374 1 2 200053702
32464 1 10 1000079130
18702 2 6 300022728
23939 1 6 300044472
20512 1 7 700013979
19823 1 7 700039389
29359 1 6 200006322
8267 1 9 900188901
32372 4 2 100029580
15312 1 11 1100113949
2203 1 10 200029170
12742 1 5 500141805
5954 1 11 1100289597
3363 1 10 500073320
19887 1 4 400089164
24566 1 11 1100181467
32500 2 10 500004610
12566 2 7 700128156
711 1 4 400062044
14804 1 6 600195246
5801 1 6 300091026
17180 2 3 300048126
2493 3 2 100015224
11970 7 7 100001489
31700 2 9 900262314
9467 1 11 1100053823
10402 2 2 100028822
18223 1 1 100003982
7701 1 2 100002928
155 1 3 300079011
26942 2 5 500066440
25227 1 5 500146765
18263 7 11 1100208494
15629 1 2 100012948
20678 2 4 200011228
9837 3 1 100030314
29226 2 7 700196882
13018 2 4 200023900
27612 2 1 100005718
2818 2 11 1100087032
2658 6 2 100016478
11149 1 11 1100340692
27339 1 5 500163740
12472 1 2 200005702
29680 20 9 900274860
30850 1 1 100012889
18947 1 2 200011150
27435 1 6 300050214
29695 1 2 100030462
11504 1 2 200008542
17106 3 1 100032177
11599 1 11 1100016357
22610 1 11 1100360239
18228 2 5 500042470
100 2 7 700035546
17118 2 11 1100065648
30941 1 5 500024980
21856 2 5 500070130
21757 1 7 700035280
772 1 7 100028327
28577 1 11 1100079266
24835 1 5 500083170
27508 1 8 800135560
26697 1 10 100023500
8908 4 2 100009344
11834 2 5 100001710
12531 1 6 300003990
14782 1 2 200015122
32016 16 5 500053840
6647 1 9 900003600
29420 4 1 100005148
12651 1 11 1100223421
28738 1 8 800178088
9104 1 11 1100240757
27998 2 5 500058660
19447 1 8 100018808
7735 5 7 700084175
28042 2 11 1100090904
17737 1 4 400130988
11672 2 11 1100223410
17371 1 2 100031708
16806 2 8 400030360
11119 1 5 500055065
18493 1 7 700071862
17042 2 10 100001250
25644 12 4 100023420
9036 1 7 100004233
12025 1 6 300096426
25554 6 10 500119830
17015 1 9 300093939
10838 1 1 100021899
17075 1 6 600044874
13057 1 4 100022528
18624 4 2 100013836
15225 1 11 1100199826
9227 1 4 200061276
2443 1 7 700182084
27439 1 3 100013040
27341 1 2 200005626
5775 11 2 100031294
10567 1 9 900267813
11807 1 8 800153288
5529 3 2 100019394
16670 5 8 800063000
268 1 9 900040689
14768 8 10 100022200
25228 4 8 100018248
30619 1 7 100019906
30606 2 1 100025270
17554 2 9 900111276
3642 2 10 500144110
31190 5 10 200056710
22653 1 5 500073665
25104 2 10 500133290
16340 4 2 100003628
21430 2 1 100017142
16352 4 10 500111660
32602 2 7 700193186
25131 1 11 1100004686
19115 1 9 900235062
8110 2 5 500046730
7191 1 9 900056250
15591 1 3 300028218
1107 1 11 1100048477
15277 1 7 700196826
2602 1 3 300090093
18947 1 5 500132230
21098 2 6 300095826
14223 1 5 500141720
16580 2 9 900043938
908 2 4 200013772
20471 1 2 200063234
4938 1 2 200028790
3754 2 1 100019138
9626 1 8 800047896
15283 1 2 100011428
12727 1 10 500080410
14279 1 2 200045758
8333 1 9 100009440
15292 2 2 100024566
17774 2 2 100007002
18932 1 5 500025105
14220 20 3 300066720
30331 7 10 500010420
16351 1 11 1100212355
13573 7 11 1100129107
1851 3 3 100017597
11475 5 7 700156555
7860 1 6 600191742
29208 1 4 400086380
28859 1 2 100019280
16778 2 4 200050268
13159 1 8 400049688
17945 5 6 600024270
9447 1 4 400069508
23036 2 1 100025758
16670 1 3 100016511
27545 5 9 900115155
19403 1 5 500118165
1021 1 1 100001421
3278 2 5 500027090
12240 45 3 100018125
1128 3 6 200063754
3342 3 2 200026770
15247 1 10 1000056030
20207 1 4 400071172
14502 2 8 200051752
30403 1 4 400127428
6972 4 9 900075528
7083 9 8 200064600
409 1 7 700206444
13427 1 10 500138310
12622 1 11 1100061237
15878 2 7 700228382
6136 2 9 900124146
7714 1 9 900239463
11257 1 2 200033166
5471 1 5 500144020
3290 2 11 1100181104
17579 1 7 700018403
4488 1 4 400048652
2492 1 7 700049021
18099 3 5 500130015
4912 2 7 700185458
18933 3 10 200031750
22613 1 7 700063070
32397 1 3 300056487
27078 1 3 300065583
24268 4 8 200052648
10084 1 3 300027099
14730 1 8 800235704
7516 2 7 700029526
3393 13 9 900079011
27948 1 3 300038277
31385 1 1 100019314
2284 1 2 200046878
1678 1 8 800198760
30280 1 4 400003388
10359 3 2 200028126
7141 1 5 100030115
31378 2 1 100028130
5941 1 8 800085688
25577 1 1 100013021
4567 1 3 300001542
18599 1 2 200034166
21793 1 10 200023050
18999 9 4 400037580
16224 1 3 300048087
29379 3 10 500037120
4596 4 1 100030172
24555 1 8 400072184
8278 2 5 500046910
11985 1 9 900214551
1950 2 5 500096030
8138 2 7 700165844
4917 1 6 600122010
12881 1 6 200064162
7843 1 8 400091464
27155 5 11 1100091080
28106 2 8 200035592
5166 2 3 300033546
27621 1 1 100001135
20470 1 11 1100035827
22304 2 2 100000006
24799 1 11 1100234993
25008 3 1 100031721
30551 1 9 900274806
4778 2 3 300058590
15552 1 11 1100094523
11 1 1 100020581
4804 4 5 500044860
10418 1 8 800204168
12466 1 5 500103005
4156 4 5 500006520
10675 25 10 100014450
6145 1 1 100021962
31984 1 6 200036430
14236 1 8 800183400
11519 1 9 300060225
31951 1 3 100008357
3636 1 6 600134286
28061 1 2 200036654
5029 1 1 100028894
22764 3 4 400019940
28938 6 2 100010112
8472 3 5 100029075
31674 2 5 500102810
26927 1 9 900201537
24435 1 11 1100052877
6363 1 11 1100351681
2992 1 9 300005271
13343 1 1 100015090
17597 1 2 100003554
23410 1 9 900047583
4041 9 5 500038785
15840 5 8 800054600
21408 3 1 100023033
10804 4 9 900038556
4059 1 9 900155736
3423 1 10 200002790
2717 1 1 100004935
23441 1 11 1100351923
22853 1 9 300064131
28353 1 6 300090684
17043 39 4 200052684
8346 2 9 900287208
14640 1 4 400045612
7944 12 11 1100178420
9122 1 11 1100348777
465 1 5 500089930
25354 1 5 500146095
19718 2 9 100001664
7236 12 10 500116980
7986 1 3 300039501
16192 8 11 1100126808
7046 26 1 100026550
13993 1 1 100025728
32641 1 5 500042540
7738 1 2 200059898
4280 1 3 300025401
26706 1 6 600034938
31445 1 11 1100080586
2972 1 9 900036153
7901 1 8 100024488
14320 1 9 900148131
3172 1 7 100005927
15802 2 3 300037578
12852 2 11 1100030558
21886 1 9 300070053
6032 1 4 400032796
23899 1 4 100018432
28708 1 1 100010753
156 6 6 100009734
27698 1 10 1000238770
8626 2 3 100001640
5034 2 4 100016452
22830 2 6 300051834
5669 1 1 100016701
31897 1 4 400012036
4868 1 2 200030054
30261 3 3 100028079
17430 2 11 1100158708
21263 1 6 300075990
31389 1 11 1100215831
24300 1 2 200004218
20874 6 2 100019226
32244 4 4 100015508
10555 5 1 100022100
16934 1 9 900069021
16432 1 7 700201103
3842 1 10 1000047730
22888 2 11 100012726
2022 3 3 100005519
11368 4 6 100002876
5646 6 10 500042790
9245 43 7 700002891
6464 64 4 100010688
2323 1 6 600127734
25216 1 11 1100275099
26805 1 6 600146022
31343 1 2 200057606
11932 1 8 800060424
32016 1 8 800229560
17936 1 6 600001422
4918 2 8 100032168
2374 1 11 1100206965
21955 1 7 700024808
4357 1 7 700103432
16762 2 3 300083412
29367 13 9 900164889
25124 11 9 100009899
29709 1 1 100026565
4640 10 1 100023930
708 3 6 200061990
10182 2 10 500010160
9261 1 1 100013197
15396 6 3 100012626
25471 1 2 100025682
28408 1 9 300040785
22308 3 3 100014411
14842 2 8 100004536
29822 2 6 300092736
6602 1 5 500006895
26325 1 11 1100323411
7465 1 10 500019920
18797 1 11 1100268785
23360 1 10 1000303790
19958 2 2 100004810
30756 12 1 100025880
20438 1 4 400020364
19157 1 4 100025008
27130 2 4 100002504
31339 37 5 500050190
10287 1 2 100016612
4147 1 8 200063208
11835 1 6 300089994
6882 1 8 800233496
32292 27 9 100007649
9008 2 10 500102290
13419 9 1 100015848
27760 1 4 400094812
27686 2 7 700129654
23563 1 11 1100095403
22076 1 2 200005398
30940 5 3 300049215
13875 1 9 900197271
20454 1 1 100023605
15437 1 2 100024496
15843 3 4 400030692
26599 1 10 100006350
13703 1 5 500000260
3672 1 3 300008127
10397 1 3 300038115
8643 1 3 300068382
20042 2 5 500078470
12441 1 5 500063945
11025 1 2 100031002
8636 1 7 700207851
3946 1 10 1000076810
14977 1 6 300031602
18453 1 2 100016684
21254 1 10 1000103830
1904 238 4 200060420
4763 1 9 900224532
12651 1 10 500000840
28962 9 8 800012088
15354 1 10 200064350
23485 55 11 100005565
21529 1 1 100003824
2597 1 9 900135090
31665 5 7 100018100
8051 1 4 200006300
28424 2 9 900004086
27723 3 11 100016466
24708 4 3 300090612
25000 4 4 100002812
4064 8 2 100015960
19131 1 5 500039965
32297 1 3 300085134
2453 1 7 700160419
4642 2 1 100002444
9627 3 2 100017990
30934 2 5 500117080
19439 1 3 100028199
31878 22 5 500045480
16727 1 9 900118215
58 1 9 900143991
587 1 8 800066568
22678 1 6 200029962
14637 1 5 500132560
27330 1 11 100031239
7124 26 3 100032426
24715 1 8 200033192
30972 12 9 300077100
27913 1 2 100030656
4912 16 3 100008336
8039 1 8 100029232
10829 1 3 100011330
10655 1 10 1000241610
5551 1 3 100005522
24402 2 11 1100057090
24737 1 8 800008136
5374 2 5 100000080
18357 3 4 400074108
569 1 6 300048006
4349 1 4 400114876
27081 1 5 500142815
21097 1 11 1100329648
8357 1 8 800108760
8371 1 1 100011031
10566 18 9 100025334
9886 2 2 100003460
2776 1 6 600054342
6003 9 3 100003698
25630 2 3 300067962
8449 1 10 500051180
2094 3 9 300050127
16529 1 10 1000117190
18259 1 10 100008460
31620 6 2 100021494
28849 1 11 1100135608
18327 1 7 700051786
10625 25 11 1100183975
14345 1 9 100029006
31997 1 9 900061992
7182 2 3 300023502
5208 1 1 100021505
28754 2 4 200052004
26710 2 10 500129480
10376 1 3 300042759
1625 1 6 200045634
14120 4 7 700135548
16646 7 8 800241400
10480 80 4 100025120
26831 7 1 100007894
30410 2 11 1100342386
764 1 6 200053830
11286 9 6 200047446
30225 13 1 100012094
30872 1 3 300092739
22690 2 5 500068110
3189 1 9 900189954
3061 1 1 100028578
511 1 2 100019494
7678 1 7 700026551
27719 1 8 400089128
9879 3 5 500118870
12967 1 7 700059206
524 1 4 400025276
202 1 3 300088065
32587 1 10 500021840
4059 1 1 100017868
25177 1 10 200021690
14548 1 10 1000150290
3039 3 4 400129548
26936 1 11 1100008547
15587 109 7 700104384
2708 1 9 100012905
23061 1 7 700021259
664 2 7 700091294
21552 6 9 300042162
29866 2 6 100028640
863 1 8 800257080
12096 4 6 300039108
25005 3 5 500117205
32362 2 4 200033436
13533 1 5 500113105
19017 1 2 100002920
29256 3 6 200038914
17260 1 9 300060279
1939 1 7 700074522
14412 1 10 1000271410
18768 48 10 500004480
22103 1 1 100029315
9454 1 10 200049130
24144 1 4 400075660
25995 5 4 400101580
1774 2 9 900169974
29561 1 3 300026256
14840 35 5 100026185
1177 1 5 500137755
22363 1 6 600074022
18395 13 8 100020128
1768 34 2 100021370
16520 14 1 100028026
11450 1 11 1100123101
22036 2 4 200008276
7543 1 3 300068985
9143 1 3 300047385
1768 8 5 100032520
24312 4 8 200026840
30363 3 8 800227656
20207 1 3 100014531
19341 1 1 100024723
21995 1 9 900108684
272 1 3 100027233
3518 1 4 400034004
28775 1 1 100004539
31454 1 11 1100335071
13258 2 11 1100217712
29974 1 5 500047935
4312 4 9 900189756
9353 1 1 100010034
2461 1 11 1100182556
26662 1 7 700044485
15026 2 9 300083328
14058 3 1 100004871
21034 26 4 200015972
8056 1 2 200022466
32321 1 4 200043196
509 1 6 600083022
1036 2 8 400041672
3660 3 2 200024538
3482 1 11 100006291
1212 2 11 1100129074
31811 1 11 100015993
16947 1 10 100012760
30498 13 1 100007843
20569 1 7 700073255
22240 2 8 400065176
6382 2 8 400122984
18272 1 1 100026545
1977 3 5 500152035
19697 1 6 200051550
26760 3 7 100012311
7687 1 7 700160370
14132 1 2 200019278
17327 1 7 100013564
30130 1 7 700155253
574 1 10 200036670
139 1 1 100022734
30950 10 8 200058760
21598 1 11 1100112145
562 2 6 100014594
22314 2 2 100017578
30884 1 6 600038634
3742 1 3 300026127
27102 3 9 300028905
18591 1 9 900285552
18468 12 1 100018572
11709 1 3 300080019
7448 2 3 300031134
3417 3 7 700218708
29180 1 9 100015677
414 3 7 100003953
24799 1 9 900225855
23972 1 10 1000058330
24453 1 5 500056640
16980 2 11 1100100826
8164 1 11 1100017435
18148 4 2 100020288
11146 1 10 1000088230
26627 1 11 1100316239
30294 102 7 100021404
32017 1 11 1100045111
23093 1 9 900152019
21750 2 8 400088296
4337 1 8 800225992
25714 2 6 300083376
8757 1 2 100031156
11776 1 2 200032614
11080 2 11 1100256806
20381 1 4 400114596
13108 4 8 200009848
32023 1 1 100031095
14674 2 2 100005926
11694 1 6 600176010
9591 3 11 1100143506
31277 1 11 1100360261
2099 1 9 900016443
9414 1 5 500043245
32470 1 5 500049165
5713 1 11 1100032340
25163 1 6 100015362
21702 1 11 1100100727
30943 1 2 200014786
9478 1 11 1100292897
644 1 1 100018119
15949 1 9 900012825
29765 5 2 100009800
16355 1 10 500127630
25303 1 7 700044975
2543 1 1 100024032
17806 1 2 200010370
16492 4 11 1100273548
12832 1 7 700082425
11190 1 8 800166392
18172 11 9 100006533
27695 1 6 600135954
32035 1 7 700212996
7901 1 9 900229239
23483 1 8 400069128
12065 1 5 500107820
22237 1 11 1100204655
13771 1 10 1000169970
20556 1 2 200021602
57 3 2 100013496
3087 63 2 100017792
14925 15 2 200060190
17457 3 4 100029240
19533 3 7 700127967
11784 1 5 500161555
23063 1 7 700056735
2265 151 7 700224448
813 1 4 200064052
178 2 4 200037116
7037 1 8 800124552
8653 1 5 500128755
8958 6 3 100019322
6111 1 7 700009030
22125 1 1 100002631
21019 1 2 100006664
24024 14 11 1100016610
12245 1 1 100021011
28080 8 5 500004280
25347 17 4 200038388
13729 1 7 700102977
3351 1 6 600156786
17505 15 7 700056525
4064 1 4 400100124
10795 1 11 100022604
28532 1 9 900033975
11181 1 3 300047655
17240 2 2 100016734
21900 4 3 300049224
25685 1 3 100004166
17612 2 6 300081678
4550 5 7 700041405
4797 1 4 400106420
1091 1 8 100024776
4927 1 2 200052314
7399 1 3 100024293
2678 2 4 200033428
26550 9 2 200063538
15179 1 11 1100103235
19652 1 6 200060178
16968 1 11 1100068673
24357 3 6 100019382
10421 1 5 500044515
2527 1 3 300065538
2555 7 6 300098064
14922 1 4 400097308
6590 10 5 100018690
25760 1 6 600136662
25385 1 7 700033544
10932 3 3 100028631
19041 1 2 100016960
22017 1 11 1100091806
16155 1 10 1000071970
3474 2 8 100028432
15307 1 4 400118796
1400 7 8 800240056
12003 3 4 400109484
10430 7 1 100005563
21530 1 11 1100010747
16420 1 6 600107898
25018 7 7 100025373
9992 2 1 100013878
21082 1 10 1000056010
3387 1 8 800060296
3483 1 10 500027440
24516 2 1 100018870
21180 10 3 300037650
2995 1 11 1100104093
7711 1 7 700190708
13717 1 1 100030208
24344 1 8 800237304
1327 1 6 600042606
17819 1 6 600068634
6267 1 1 100001891
18341 1 6 600011130
25132 1 2 200043054
19575 1 8 800259032
30491 1 8 100006904
16375 1 1 100031194
27499 1 3 300018873
15057 1 6 300004998
11085 3 9 300089943
31800 1 8 800231816
1184 2 10 100004890
14418 18 8 100024560
11755 1 4 400065724
19114 1 1 100023487
19548 3 11 100004685
15951 1 2 200013170
7639 1 9 900109494
25948 4 9 300012588
19768 1 7 700131019
30754 2 7 700145404
26189 1 2 200034154
30764 4 4 100001808
11330 2266 1 100025772
28106 1 9 900118863
4203 1 8 400037896
5884 4 6 300017436
172 1 3 100005219
21697 13 9 900266445
3069 9 5 500129460
8248 1 11 1100282711
16562 2 9 900221940
8989 1 7 700224595
31629 1 2 200000630
18311 1 4 200057252
28620 27 5 500135445
16618 2 10 500150660
20394 6 2 100000788
17615 5 10 200053710
31252 1 7 700204827
29638 2 8 200041784
15736 1 4 400041588
25455 1 3 300045126
26873 11 11 100017522
24765 1 9 900036342
23672 2 6 300065010
28088 1 3 100030677
23845 1 9 100023426
16486 2 5 500125510
30616 2 3 300052110
12460 4 2 100004956
31147 1 10 500129210
8509 1 2 200041994
23933 1 6 100016892
5113 1 9 900046098
11380 1 7 700215509
21571 1 5 500057260
15376 1 10 1000233970
568 2 3 300033642
32746 2 7 700059388
24532 2 2 100016846
21318 19 1 100018109
7521 3 4 200049828
25062 1 10 200012170
5319 3 11 1100184954
2867 1 7 700005320
31634 1 7 700096929
3031 1 8 800138216
8651 1 11 100018226
14673 3 1 100026003
26624 2 4 200060548
30772 1 10 1000255030
16640 416 10 500113120
8461 1 4 100005392
25661 1 10 1000075630
4387 1 2 200062770
23509 1 11 1100299816
31634 2 11 1100123002
26027 1 4 400128380
1130 1 5 500111745
16673 1 9 900122697
4825 5 5 100032365
2880 1 6 600025074
26773 1 4 400090828
18819 27 3 100024983
15344 1 9 900157257
18299 1 2 100009932
8040 1 9 900165159
1533 1 6 600146238
15498 1 8 800052392
15014 2 4 100022764
8582 2 11 1100279312
21711 1 1 100028095
26567 1 8 800057368
14669 1 4 400108284
8034 1 2 200062738
30865 5 11 1100104390
32325 1 6 300020208
15102 6 1 100001958
9062 1 2 200025638
3475 5 10 200004510
7527 1 5 500026465
11585 1 1 100005634
8546 1 6 600119826
31097 1 11 1100324247
18915 3 10 500011740
26330 5 1 100027685
7991 1 4 400032284
12561 159 2 100025310
24977 1 5 100018560
14141 1 2 200027370
25283 1 6 600172266
28791 1 5 500154460
114 1 6 600121302
20049 1 7 700170023
20750 1 6 200003766
16747 1 7 700085484
9470 2 7 700167986
30825 3 7 700110264
27318 2 9 900088488
27633 1 6 600045090
8115 15 11 1100226105
27263 1 11 1100255277
4503 57 2 200011518
11562 1 9 900157383
6618 6 1 100027182
6835 1 10 1000042910
959 1 3 300028485
20594 1 4 400072548
16283 1 2 200012794
24834 3 11 100026135
14224 14 9 900098010
1722 3 6 200002242
22851 1 2 100026266
23626 2 10 500102720
1334 2 10 500152230
6182 2 8 400112904
24531 1 4 200012116
22398 2 4 200039500
18763 1 1 100016694
19434 41 10 1000081430
22733 1 5 500064415
11045 5 7 700224315
27848 8 7 100029832
8801 1 9 300004335
1338 2 1 100026932
22296 4 3 300032724
32303 1 8 100030688
15726 2 3 300024726
12287 1 5 500049485
20603 11 8 800217704
18422 1 8 800155432
4887 1 1 100011653
10081 1 7 700093632
16380 30 8 400067160
4150 2 2 100006922
18014 2 6 100018008
11733 3 7 700104762
11338 2 2 100032118
28051 1 11 1100067320
16994 29 5 500074695
28172 2 4 200010604
19672 1 4 400039948
23918 1 1 100017883
29623 1 7 700099911
15934 2 4 200027428
211 1 10 1000166590
1865 1 9 900018099
15362 2 9 300007728
16054 23 3 300017865
9825 5 8 800121160
22905 1 3 300013521
31703 1 1 100031780
8093 1 6 300089370
19995 15 2 200035650
27410 1 6 600035178
20182 1 11 1100116919
6667 1 1 100017624
1739 1 9 900265230
20239 1 6 100021818
22019 1 1 100019178
26698 2 2 100015164
15721 1 11 1100234300
17601 1 7 700149842
11366 1 4 400075828
18797 1 2 100015914
27987 1 5 100029265
29049 3 9 100029897
25059 1 5 500052080
23569 1 7 700046725
7372 1 6 200054754
3960 4 10 500070980
6235 5 10 200003550
23665 1 2 100026418
25015 1 1 100029697
15894 3 1 100016637
7938 1 1 100021703
4528 2 3 300073578
27284 19 3 300018873
24370 1 8 800029176
10242 9 11 1100346093
30305 1 9 900079893
18363 1 1 100001219
11737 11 5 500131445
29777 1 3 100001718
26715 3 8 800061144
28886 2 1 100005096
31289 1 10 1000280930
4559 1 2 100009636
27579 3 8 200015160
17060 1 5 500015355
14023 1 4 200056516
1955 1 8 200063336
19769 1 1 100015278
28907 1 5 500064415
17070 3 7 100015629
3286 1 4 400034084
12207 1 2 200021894
10430 5 8 800076680
7546 1 6 200038758
9520 16 9 900193968
20710 1 3 300020151
24304 1 4 400041260
28678 2 1 100019506
16466 2 10 500051110
4514 1 10 1000118190
1752 2 6 300057342
5795 1 3 300095931
14101 1 8 800133720
3313 1 8 200036616
11590 2 5 500034360
6281 1 5 500158185
17185 1 2 200053822
19119 1 5 500031530
13252 2 10 500097990
14465 1 10 500074790
19664 1 3 300001809
22877 1 2 200033794
10256 1 1 100000283
2771 1 10 1000295690
11076 1 7 700084847
23331 7 5 500147480
29657 1 11 1100081191
15469 1 3 100013904
12998 2 10 500064520
21026 1 2 200039022
24762 1 1 100021957
30549 1 2 200055118
11617 1 10 500109530
14334 1 7 700219975
11379 1 1 100026509
4177 1 3 300082755
6590 2 8 100026032
11435 1 6 300061572
10606 2 7 700044100
27091 1 4 400002668
19522 2 3 100003248
18551 1 5 500096440
10097 1 10 1000318930
14378 2 2 100032406
20069 1 3 300017775
23896 1 9 900191061
8351 1 3 300024561
4838 1 9 900085995
6229 1 7 100028943
13175 1 8 800057032
26292 1 5 500011685
32651 1 4 200021908
203 1 6 600156546
3324 12 10 500153640
19584 1 1 100014929
24954 2 4 100001708
32556 6 6 100028670
32027 1 6 300007212
1956 2 10 500042530
31515 1 9 900156627
7139 1 6 600053550
24158 2 1 100005390
18060 5 3 300024285
27727 7 8 800079672
11004 4 10 500160320
29748 2 1 100029406
13996 1 7 700045227
23060 2 8 400070568
11525 1 2 100011784
954 3 3 100021785
30462 6 2 100013052
11129 1 9 900246870
29217 1 10 200012570
28616 1 9 900231417
12987 9 3 100012122
1989 1 6 600170478
23405 5 5 100009260
9278 2 9 900249426
24664 1 6 600030834
482 1 11 1100194139
22166 2 3 300026928
23696 1 8 800038984
24771 1 9 900011700
7439 1 2 100031166
28602 14 7 100023616
4496 1 7 700163345
31454 2 11 1100001782
5829 3 6 100027062
5503 1 10 1000012570
6778 2 9 900239256
28476 42 7 100026822
8681 1 1 100021084
27506 1 4 400054196
19781 1 4 400068020
8218 7 5 500007655
32563 1 7 700047054
18082 1 4 400035500
10791 3 2 200014242
2464 2 1 100028442
7901 1 11 1100301741
12411 63 4 400051260
24169 1 2 100017978
1624 4 3 100000644
14224 1 7 700219149
3047 1 7 700062475
10860 10 7 700177730
7150 1 11 1100260667
32395 1 9 900062406
14498 1 10 1000271930
30460 1 8 800003528
19497 3 6 200061042
27924 13 8 800245576
20701 1 5 100000890
9683 1 10 500052380
9769 1 5 100024320
16163 1 5 500016970
23831 1 4 100017456
26992 8 10 500013560
5091 1 3 300031602
5964 6 6 100017174
6711 3 10 1000326270
12314 2 4 100023116
8153 1 1 100005903
29677 1 8 400065960
11756 2 10 500005670
28206 3 7 700008141
12061 1 5 500024240
24985 1 6 600130866
25929 9 9 100017450
21424 2 1 100016978
27527 1 1 100029115
5828 1 8 800045944
22939 7 4 400043644
14609 1 9 300052827
23092 1 4 400039212
25774 2 1 100002180
6029 1 4 400121820
20285 1 5 500150115
23107 1 9 900188523
10644 4 11 1100326216
9343 1 5 500039860
24295 5 6 300004260
1995 3 4 400095756
12309 3 5 500081520
32290 5 2 200005450
8984 1 11 100019513
16159 1 1 100002428
10209 3 6 200056986
28759 1 1 100012437
2806 2 1 100010642
15429 1 5 500037070
9128 4 7 700052444
23881 1 5 500129220
28369 1 9 900259128
4787 1 11 1100100485
18497 1 4 200008764
21449 1 10 1000248890
1139 1 11 1100044000
31051 1 1 100025750
6426 14 2 100019248
4073 1 3 100021527
7847 1 2 200060978
9881 1 10 500160920
3551 1 5 500044455
16859 1 1 100001166
1034 2 5 500151020
14667 1 1 100020842
23917 1 5 500105315
14091 3 8 800172456
26897 1 5 500015940
26864 1 5 500062355
10745 1 10 1000036430
16762 1 5 500057305
22874 1 9 300084435
31476 3 10 1000284270
31355 1 3 300001344
31068 9 5 500047245
7223 31 1 100012200
14299 1 7 700134631
11616 24 9 300059784
13557 3 4 400106772
24696 18 8 400097592
23741 1 4 400091300
20592 9 3 100026297
21168 12 9 300035916
15224 4 6 100032276
17666 1 10 1000231010
2557 1 8 800220024
12672 33 11 100020261
18282 1 8 800057128
18525 1 8 400046104
32589 3 5 100021425
29563 17 6 300043608
27876 1 1 100003805
2318 1 7 700121247
25672 1 1 100004099
26292 7 7 100024757
9131 1 5 500003905
11859 1 3 300057573
8292 4 1 100030732
12376 1 8 800225128
14017 1 3 100024173
18222 3 10 1000283730
13521 1 6 300027048
5643 1 9 900112788
22444 2 2 100013602
20830 1 8 800212808
20448 3 5 500009685
388 2 2 100012958
3336 3 8 800151432
8343 1 11 1100176055
14777 1 10 100031450
6759 1 6 600156822
18511 1 8 400089096
8707 1 10 500141880
1597 1 10 200058330
4706 2 9 900171018
12007 1 3 100006872
14334 2 9 900208098
14391 1 3 300020226
32650 2 7 700010836
25196 4 8 100026000
10764 117 8 800103096
16842 21 11 1100118789
24823 1 2 100019606
21566 2 2 100008792
25886 7 8 800147768
3606 2 2 100000574
10653 3 10 1000050990
28750 1 8 800051608
2053 1 11 1100309903
44 4 8 200064664
28012 4 9 100027512
11044 1 7 100025835
30774 2 7 700153706
4916 1 8 800032312
3243 1 10 500160680
16180 1 10 1000228690
31423 1 10 200012390
2012 1 6 200064822
31121 1 6 200004150
9570 2 6 300065892
3465 1 8 400084232
19203 37 2 100027724
29733 3 2 100022760
5331 1 2 200032718
31952 1 1 100000793
421 1 2 200060078
22615 5 5 100006320
5621 1 11 1100097108
28895 1 6 600036126
26121 3 3 100003275
23134 2 5 500145620
29905 1 9 900103338
28687 1 7 700140903
25129 1 9 900253746
19796 1 1 100024025
7823 1 9 300010950
4353 1 9 900229905
4962 2 9 900150660
20495 1 8 400039976
13897 1 4 400108180
22810 1 7 700074823
9052 1 10 1000198390
31809 3 11 1100293359
27924 12 8 200047944
831 1 9 900007209
8763 1 1 100021727
29650 5 4 400024940
26955 1 5 500118740
10961 1 7 700179221
19973 1 11 1100338855
26748 1 1 100028089
18719 1 9 900188793
5867 1 3 100018671
29526 42 6 100015398
31144 4 7 700063700
3163 1 10 200039530
8666 2 6 300060690
21314 2 6 300008784
1160 580 7 700199780
29052 1 11 1100148467
30941 1 10 500114470
14987 7 4 400087828
17013 3 11 1100141229
4592 1 8 800110552
12317 1 4 400114676
13827 1 2 200017922
20874 6 9 300036024
18861 1 8 800236168
26351 1 2 100017192
4163 1 9 900132327
897 1 1 100022248
13813 1 10 1000106530
30792 1 7 700002107
1164 4 3 300038484
3789 1 7 700206794
22375 25 1 100019025
29568 6 6 100026750
21244 1 5 500030045
32247 1 6 600091026
9034 2 8 400071320
22859 1 6 100017264
8693 1 5 500135955
31037 1 3 100008144
4117 1 9 900002520
22772 1 4 400058516
22730 5 7 700072345
18024 3 3 100023771
26945 5 7 700097020
2523 1 10 1000081190
24492 4 1 100012976
6893 1 4 400024540
30290 1 11 1100150007
23856 3 1 100015269
28883 1 8 200022648
7239 3 8 800055384
16675 1 10 500093660
17392 2 10 500031370
26351 1 1 100012357
10899 1 10 1000302370
1905 3 1 100013886
17696 1 3 300078993
13521 3 4 100031316
20844 1 9 900046935
9130 10 11 1100051590
73 1 8 100002920
29269 1 8 800189656
31496 1 7 700029519
30967 1 5 500144215
22579 1 4 200038636
10898 1 5 500041665
16787 1 1 100021529
11910 1 8 800061848
16869 1 1 100017043
22340 2 7 700081942
31435 1 7 700141064
17948 1 7 700189903
29659 1 10 1000034510
13688 29 4 400019388
23004 142 5 500101990
23003 1 9 100013805
29065 1 11 1100242902
24441 1 4 200039708
17277 3 4 400081380
3408 6 1 100019418
12048 1 1 100011715
22523 1 6 100027434
12363 1 1 100013384
32192 1 6 600077778
18751 1 7 700168952
29318 137 10 1000249330
14692 2 3 100024014
15795 135 4 400130820
3532 2 11 1100099902
17700 50 6 300043050
11079 1 8 800008744
10176 4 2 100024828
20435 1 10 500147890
3917 1 1 100024950
15083 1 3 300042048
5274 6 1 100023144
17551 1 8 100017824
16914 2 4 200047652
14621 1 5 500006020
16474 1 3 300089577
25686 1 3 300001161
5512 2 3 100000086
24606 1 1 100007881
27406 2 1 100022348
3034 1 4 400004644
22391 1 8 800003704
6013 1 6 600188718
130 2 8 400012056
22942 1 9 300079683
24387 3 6 100008834
18993 1 7 700127855
21326 2 4 200051292
949 1 8 800236280
21274 2 2 100004484
11001 1 7 700103432
14112 1 2 200034098
8642 1 10 200054990
10847 1 10 500130370
760 4 2 100001108
1610 2 6 100015506
10028 1 7 700060235
6485 1 8 800152728
26251 1 7 700228389
24206 1 8 800177816
2464 4 3 300092676
21006 2 5 500073130
27757 1 5 500104405
8488 2 7 700152782
20427 1 8 200035112
18070 2 10 500120320
17166 6 9 300026826
540 6 9 300070026
1112 8 1 100013400
22619 1 4 200001796
16431 1 4 200020660
12994 2 11 1100247214
18728 8 8 100012520
8416 1 10 1000079270
18114 2 8 100004416
29582 1 8 800251720
1744 4 7 700167188
16290 1 7 700164899
7936 1 8 800075656
6436 1 11 1100129481
29784 3 6 200018466
22857 1 8 800135720
7371 1 6 600041766
20635 1 7 700138481
29489 1 7 700225736
13330 2 6 300062292
12357 9 6 200063502
12048 2 6 300022590
31606 1 1 100024029
7547 1 3 300035217
15536 16 4 100004800
22637 1 7 100014607
5222 2 5 500140660
1328 2 10 100016410
20871 1 5 500082260
18811 1 9 900264816
5409 1 3 300007614
31029 1 5 500113040
8670 1 9 900130437
4390 2 10 500133180
10658 1 11 1100099033
28501 1 9 900139887
22006 1 4 400122644
1295 1 1 100015913
22525 1 2 200062046
1994 2 8 400057720
4900 50 3 300093450
15703 1 9 900171756
473 1 11 1100236467
13612 1 6 600013146
21987 3 9 300001221
25513 1 7 700051905
7727 1 6 300033366
30110 1 8 800140056
31286 1 4 400127540
8584 4 9 900098820
10052 2 6 100026642
2359 1 3 100006818
3651 3 4 200038524
14811 1 1 100005887
30947 7 2 200020898
20910 3 6 200000958
19245 1 6 300097554
6582 2 11 100020712
6879 1 9 900134325
18250 2 6 100014036
20529 9 1 100022067
27753 3 11 1100025795
13256 1 8 800088536
12040 2 1 100009466
31748 1 8 800007384
32462 1 1 100013685
8172 2 5 100010770
32268 4 9 900049356
106 2 9 900030816
32206 1 6 200016966
26769 3 1 100006134
5709 1 9 900147429
3098 1 5 100020225
23604 21 9 300053691
6000 30 8 400127880
18555 1 9 900061263
9937 1 2 100027300
27575 1 9 900241596
8820 3 8 800149704
18228 14 8 400002904
7093 1 4 200027460
30017 1 5 500071235
27571 79 11 1100044506
30567 3 9 300022956
3563 1 7 700194117
23684 1 11 1100276089
4524 39 4 400040004
18951 3 1 100002711
4987 1 10 1000146190
6847 1 6 100027542
3010 10 2 100022780
2804 4 7 100016840
29282 22 5 100023220
7372 1 7 700088977
20216 38 6 300013914
20773 1 2 200033258
23544 2 9 900271278
20589 1 1 100024993
30446 2 3 300043896
31770 2 5 500116610
17028 4 5 100023940
27863 1 9 900210654
12060 5 8 800057000
27265 1 3 100019403
9501 1 5 500122955
17023 1 6 600092490
22605 3 6 100007454
22054 2 7 700187418
28099 1 11 1100274384
7716 3 3 100003425
9821 427 9 900038286
288 1 4 400012892
15805 5 9 300063195
2844 2 2 100021450
12854 1 2 200056966
8249 1 11 1100074228
17461 1 6 100019868
227 1 5 500157780
15368 2 9 900187110
11933 1 8 400049128
31505 1 1 100027096
18400 2 11 1100254342
6599 1 9 900205155
5830 1 7 700188937
26131 1 4 400009348
8570 1 8 800151816
3561 1 6 300095364
23718 2 1 100019770
12339 1 4 200027068
32602 1 2 200007570
609 1 5 500108170
13590 6 9 300048552
17212 4 9 900185544
22018 2 10 500015060
25558 1 3 300079407
13951 1 7 700038983
13733 1 3 100012209
22158 2 6 300000522
6440 14 10 500017630
3782 1 4 400046092
10929 3 6 100023378
7113 1 3 300057018
21284 2 10 500135170
27260 2 2 100005278
201 3 11 1100051667
5746 2 3 300076428
12421 1 8 800042056
31045 1 4 400052732
27160 10 6 300062550
17615 5 10 100009060
29230 5 5 100029655
15240 1 10 1000322570
19304 1 9 300084543
371 1 9 900263394
15270 1 8 800191624
1369 1 11 1100073931
32059 1 11 1100047344
30028 1 6 600178650
7124 4 6 100031484
25251 1 6 600022662
19245 3 7 700048083
30959 1 1 100025379
23035 1 11 1100056958
18585 35 7 100022335
19849 1 9 900153846
28966 7 11 1100058729
17143 7 6 200025210
16478 1 4 400126812
31017 1 3 300089661
29370 3 1 100027269
29369 1 11 1100168795
30450 1 7 700011361
402 2 8 200033608
14717 1 11 1100099033
22016 4 4 100004004
24159 1 2 100029154
26959 1 2 100027052
16027 1 1 100020237
24664 8 4 100008632
19492 4 2 100028872
23693 1 11 1100220143
31266 9 5 500121765
12888 4 9 900109548
16609 1 8 800075032
12791 1 8 400088744
7118 1 3 300009837
11287 1 8 800060728
17732 1 3 300028191
11731 1 10 500027010
18201 3 6 200011218
10223 1 10 500148670
2099 1 9 900254592
25437 1 11 1100150579
7810 10 6 300006840
22901 1 7 700065233
10810 115 3 300022005
20579 1 9 300003516
10781 1 7 700052731
3255 1 10 500005070
25142 26 2 100000004
3873 1 3 300020016
25947 1 8 400087000
16824 1 4 400041692
26434 1 11 1100335203
14943 1 11 100029116
26 2 4 100024544
24616 4 7 700032844
19425 21 2 200016054
24519 1 6 300000072
7919 1 8 800005352
32616 1 5 500098445
13933 1 1 100015788
7307 1 6 600021726
9906 1 2 200061034
32445 1 3 300092871
8895 1 11 1100337491
16439 1 4 200053468
24395 1 8 400007176
27090 30 2 100025700
6431 1 11 1100172524
4563 3 2 100011606
31163 1 10 200045390
25971 1 10 500042570
1646 2 10 100031090
4924 4 5 500090420
17772 1 11 100011857
8327 1 9 900159273
8593 1 1 100027879
24259 1 7 700161805
8381 1 9 300012435
1359 1 6 300047730
2591 1 7 700129479
31495 1 7 700111986
28872 8 5 500039960
9949 1 10 500134640
3150 2 1 100026002
16655 1 1 100015603
11382 1 4 400012372
9942 3 6 200043654
13851 1 2 200030726
12458 2 4 200025324
18118 2 1 100028268
3947 1 9 900221643
10680 2 5 500135230
20235 3 1 100020402
1112 1 7 700215649
23956 1 11 100006291
22842 2 7 700199990
27551 1 1 100007226
2112 1 11 1100186219
14223 1 3 300012960
6019 1 2 200063690
26418 2 4 200051644
9224 1 9 100010817
2968 1 2 200008146
10860 1 4 400098868
22849 1 3 300052356
14085 1 11 1100015708
4842 3 4 400076292
18998 2 10 500012120
12193 1 7 700222677
10463 1 8 800057080
29941 1 4 400018844
14898 1 10 1000078130
9296 1 2 200027070
19291 1 1 100011395
1760 5 7 700068915
26287 1 9 300021822
9627 1 5 100026785
12139 1 7 700214158
25409 1 2 100004104
13348 4 3 100002768
3184 2 7 700024402
14711 1 11 1100018854
22043 1 3 300044298
27550 2 4 100010284
15620 1 2 200035414
236 1 11 1100144309
22807 1 7 100011030
28779 1 10 1000102070
3497 1 7 700055377
18181 1 1 100009062
7174 1 11 1100062513
11015 1 5 500121045
4072 8 8 100015112
4313 1 9 900139239
21911 1 4 200017252
21830 2 3 300092766
6117 3 6 200045010
12453 1 5 500088215
22612 2 5 500036630
5058 1 4 400024388
7668 4 7 700040908
19035 27 9 100013103
10210 1 11 1100020603
2183 1 5 500144365
22135 1 11 1100011396
8042 1 6 600153690
2681 1 10 1000075810
19196 4 1 100018952
7162 2 9 900106254
11727 1 10 1000137910
21153 3 4 400080108
28948 2 7 100029370
1936 8 7 700158424
28251 1 1 100017319
23854 1 3 300057945
5558 2 1 100004278
21359 1 10 1000053530
15942 1 2 200031050
32637 1 8 200016920
2153 1 1 100024736
25546 1 3 300062433
16372 1 9 900046143
25072 2 9 900284454
4675 1 9 300052413
4590 15 6 200018010
16134 1 11 1100013827
678 3 10 200006250
31763 1 4 100015136
5536 1 4 400098004
25508 28 8 200019736
23679 1 3 300042672
16844 1 4 400034220
10421 1 9 900171261
16648 1 3 300009867
28239 1 11 1100336446
7988 4 7 700145180
16626 3 11 100026333
2894 1 5 100012565
7777 11 1 100008128
25038 1 8 800001832
31781 1 4 400060164
122 2 4 100007908
13870 2 10 500142660
11268 2 6 300097326
6787 1 3 300007428
20682 3 9 300025737
29278 1 9 900063585
5528 1 10 1000078690
9028 4 10 500114260
4669 1 1 100027969
25342 1 4 400064572
21836 4 2 100032212
3964 2 8 400073976
2915 11 6 300000954
6147 1 2 100023488
24527 1 2 100029160
5948 1 10 1000011890
24935 1 7 700110033
22015 5 9 900205155
10219 11 1 100017544
31977 9 9 100028007
30041 1 5 500134005
20257 1 6 100011120
27628 1 9 900045477
29403 1 11 1100121440
31936 1 2 200018218
7282 22 1 100004476
15443 1 2 200059998
30521 1 2 100019498
8543 1 4 400002860
29518 1 9 900041391
10171 1 10 100014200
16915 5 9 300036780
13382 1 4 400080164
21280 20 2 100010060
14347 1 5 500120035
8641 1 8 800158216
16412 2 7 700058226
10081 1 11 1100192104
11484 1 7 700089103
24954 2 10 100008340
1707 1 5 100025035
6610 2 7 700053242
7980 4 9 900017172
5687 1 3 100019610
13740 6 9 300070854
4344 3 11 1100287683
31300 100 10 100004100
28105 7 2 100015048
24275 1 5 500127530
5848 1 7 100026059
30182 1 1 100022009
23609 1 11 1100199474
32541 1 7 100019857
9204 3 8 800058024
32187 3 8 100016448
17247 1 2 200033558
8537 1 5 500069255
2693 1 4 400090044
12795 5 7 100014145
28869 1 3 300066654
26613 3 6 100019562
32249 1 2 200055986
27997 1 10 100018490
3517 1 3 300026775
2570 1 9 900082431
29359 1 2 100032090
31809 3 6 200050614
24000 64 11 1100008448
4009 1 4 100017616
20977 11 2 200059090
28955 1 5 500016805
26378 2 5 500139760
22886 1 9 900283347
15922 2 1 100010650
16930 5 4 400042460
24946 1 3 300070047
16165 1 9 100006731
25480 10 4 200048020
7225 1 11 1100121198
1934 1 4 400021428
21028 4 4 100014672
4203 9 11 1100281743
5917 1 2 100021612
9735 15 9 300078225
3656 4 6 300021036
4783 1 10 1000169830
14032 4 3 100023660
1337 1 2 200005086
1708 1 8 800145688
5311 1 2 200017106
26181 1 2 200010854
2318 2 5 500119790
22887 9 1 100001322
30491 1 2 200032254
22348 2 8 400116360
8987 1 7 700052003
30365 1 1 100017172
25107 1 9 900177903
29631 51 8 800010072
29435 5 11 1100176715
1736 2 4 200011620
3013 1 10 1000274590
19436 2 3 300067914
12523 1 4 200027364
31815 105 7 100023945
28244 1 2 200018082
11845 5 6 300039810
16038 9 2 200018898
7207 1 7 700094192
27241 1 3 300019758
21575 1 10 1000131710
31363 1 9 900199134
2608 2 10 100017450
4591 1 10 100022890
20648 8 3 300055944
12492 2 3 300092394
9266 2 10 500036330
5898 3 3 100027023
10947 3 5 100000440
18272 4 11 1100328460
14481 1 5 100007525
6999 1 9 900056484
21319 1 2 200025082
32651 1 3 300082485
25614 2 11 1100113388
23402 1 2 200020478
24094 1 10 1000220570
27172 4 9 900063828
8920 2 4 200010196
29317 1 5 500090205
11675 5 4 400097220
27112 4 10 500092620
24786 2 3 300026382
12949 1 11 1100005258
31464 1 9 900071631
24598 14 1 100025520
5414 1 11 1100321519
19569 1 11 1100088583
26542 2 9 900061128
24395 17 2 100003724
13577 1 2 200020630
17493 1 4 400005188
1285 1 10 500160910
158 1 3 100013985
2512 1 7 700139615
28316 1 5 500040285
31645 5 2 100024630
14079 1 3 300073749
13875 125 10 200015750
28860 444 2 100029204
16685 47 9 900105084
15564 6 5 500130570
30432 1 5 100017305
647 1 2 100015320
1820 10 10 100020630
30645 1 8 400064584
27203 1 4 200027100
27552 1 9 900215307
20077 1 10 200063630
28369 1 5 500020805
27539 1 9 300050685
31035 1 7 700194838
19696 1 5 500061305
12032 1 3 300021243
19743 3 10 500153610
26648 1 3 100008531
4006 1 10 1000206290
14722 1 4 400088332
32218 2 2 100026016
32449 1 4 200003388
1652 2 2 100030086
22744 2 8 400050136
26149 1 4 400121548
21507 1 4 100007912
25867 1 8 200033944
30682 29 3 300074397
2012 1 6 200051334
32169 1 1 100025554
1302 6 1 100027518
22297 1 9 900117189
11682 1 6 600179322
9087 1 2 100020478
13733 1 8 800134280
15478 2 4 100013920
13680 1368 5 500010840
12934 1 10 1000240590
9177 1 2 200048110
30979 1 6 300057942
16987 1 7 700083118
11380 2 8 400041416
18640 1 2 200040166
24857 7 8 400098328
24997 7 6 200031258
20334 2 11 1100066374
2259 3 6 200046462
4794 1 4 400107004
28423 1 9 900101088
4616 8 2 100018360
28606 2 4 100016480
9768 1 6 600146706
17469 1 9 900093528
12157 1 6 100005474
13999 1 3 300000597
9413 1 11 1100250635
32721 1 8 100009472
16426 2 11 1100344498
32497 1 7 700053172
25133 1 6 300089472
28459 1 1 100022770
6736 1 2 200020506
28202 1 10 1000244870
5009 1 9 300045051
26585 1 10 500149190
30474 1 3 300008751
6083 1 5 500003915
16726 1 4 400051292
7195 5 10 100032440
6028 1 5 500048035
24472 1 5 500131955
28398 6 5 500070870
14001 1 6 300021378
26269 1 1 100026133
16864 2 5 100006950
5365 37 10 1000256890
18920 2 1 100014538
21079 1 6 100029336
11358 1 10 1000262290
18830 1 10 1000047910
24034 2 4 200044124
23068 4 1 100001832
21704 1 3 300029133
13056 24 4 100017864
10789 1 11 1100314842
3291 1 1 100023643
14455 49 3 300021708
8331 1 2 200003846
18022 1 7 700108269
29572 1 5 500079935
12624 3 6 200008350
26000 1 2 200002486
24215 1 11 1100184943
9160 5 9 300050505
19442 1 2 200043858
21216 12 11 1100330220
13870 2 8 100030824
30485 1 3 300049446
19232 2 10 500035270
27235 1 6 200013054
1719 3 6 100032018
8657 1 9 100003347
1136 1 10 1000076630
10477 1 2 200047962
1436 4 3 100002180
9941 1 11 1100020977
564 1 4 400021340
604 1 2 200054566
7474 2 4 100011504
25388 4 5 100032100
5800 2 3 100032258
27638 1 7 700089887
9479 1 7 100004898
11788 4 6 300004392
19549 1 10 500036770
4353 1 1 100017257
9579 3 1 100013307
18709 1 9 900147753
24549 3 1 100019445
3490 2 5 500145070
29244 6 6 100018986
7368 8 1 100009816
11967 1 1 100032428
19450 2 2 100006474
10486 2 5 500153820
32073 1 8 800185432
18308 2 9 900024174
24446 2 3 100005252
24058 1 8 800193576
29528 4 6 300023844
1875 1 5 500031380
31382 2 2 100008432
1309 11 5 500038715
17805 15 1 100025400
28793 1 8 400090584
23161 1 5 500098840
24947 1 3 300002793
15827 1 10 500022580
9828 7 9 900188919
17735 1 11 1100146564
2140 2 7 700152698
26407 1 10 500014790
15049 1 11 100028764
30312 3 5 500023905
17360 2 8 400003032
16273 1 6 300096390
14356 1 5 100009275
5411 7 5 500008635
24551 1 8 800102056
6753 1 6 300093150
5392 1 9 900128601
4481 1 2 100032592
12203 1 6 300073314
11950 2 5 500001420
32214 2 4 100012604
868 7 5 100011555
21793 1 7 700046858
3595 5 4 200057340
7674 2 8 200048696
26594 1 4 400129284
6292 1 3 100002333
32652 4 7 700192612
22516 4 1 100027500
22759 1 4 200057732
23332 2 10 100016630

