100
15 1 7 322
81 1 23 1127
91 1 8 664
4 1 38 2622
90 1 17 1343
90 6 65 780
1 1 4 196
91 7 59 4543
91 1 60 1020
40 2 25 1050
39 1 93 6789
64 1 46 3450
76 1 74 5254
49 1 61 1525
93 1 29 2233
25 1 98 882
16 1 2 2
39 1 15 210
16 4 61 4148
85 1 74 2294
6 2 7 322
21 1 70 140
12 4 34 1496
67 1 83 5644
71 1 16 240
32 8 50 2200
97 1 64 960
63 1 8 136
82 2 62 2976
21 3 64 2880
43 1 5 130
24 6 83 3486
16 1 14 1134
12 12 54 216
94 2 3 78
42 1 43 3655
26 2 70 210
96 6 1 66
17 1 53 848
12 1 40 200
49 1 97 2231
24 1 87 6177
64 1 51 2091
68 1 71 4189
70 5 71 1065
31 1 21 42
83 1 45 1035
35 1 14 238
32 2 35 1190
55 1 75 6150
78 1 93 651
15 5 89 445
82 82 18 738
26 2 85 4590
50 1 29 2291
56 1 73 2701
33 3 12 156
16 2 51 2346
15 3 33 627
98 1 57 741
43 1 77 2002
86 2 51 4182
41 1 31 2790
62 1 5 235
11 1 67 1742
10 2 62 2046
89 1 90 90
78 2 78 390
45 9 18 54
76 1 75 75
1 1 55 4070
7 1 84 420
45 1 31 2294
91 1 88 3256
29 1 93 2604
54 2 36 1548
37 1 75 6450
69 1 73 4088
35 5 68 5100
47 1 61 3904
91 1 33 2112
10 1 17 1411
78 1 51 969
43 1 51 3876
98 1 18 1098
88 1 98 9310
83 1 58 3306
65 1 95 3135
83 1 8 80
38 2 41 3280
46 1 21 357
38 2 87 5394
69 3 90 360
35 1 68 272
40 2 3 78
80 1 34 1802
68 1 87 2871
96 3 13 585
91 1 52 2860
73 1 89 2670

