5
200
149135 449930123 492
149135 449930123 2460
149627 449930123 2460
150119 449930123 2460
150611 449930123 2460
151103 449930123 2460
205067 405594767 475
205067 405594767 1900
205542 405594767 1900
206017 405594767 1900
206492 405594767 1900
568524 175537549 175
568524 175537549 350
568699 175537549 350
954200 183547964 324
954200 183547964 2592
954524 183547964 2592
954848 183547964 2592
955172 183547964 2592
955496 183547964 2592
955820 183547964 2592
956144 183547964 2592
956468 183547964 2592
462102 70897562 562
462102 70897562 2248
462664 70897562 2248
463226 70897562 2248
463788 70897562 2248
766556 219058748 288
766556 219058748 2016
766844 219058748 2016
767132 219058748 2016
767420 219058748 2016
767708 219058748 2016
767996 219058748 2016
768284 219058748 2016
456615 16113819 46
456615 16113819 368
456661 16113819 368
456707 16113819 368
456753 16113819 368
456799 16113819 368
456845 16113819 368
456891 16113819 368
456937 16113819 368
866488 149248387 523
866488 149248387 1569
867011 149248387 1569
867534 149248387 1569
888798 280474254 456
888798 280474254 912
889254 280474254 912
923104 228812536 372
923104 228812536 744
923476 228812536 744
363380 128784652 604
363380 128784652 1812
363984 128784652 1812
364588 128784652 1812
316526 347330369 583
316526 347330369 4664
317109 347330369 4664
317692 347330369 4664
318275 347330369 4664
318858 347330369 4664
319441 347330369 4664
320024 347330369 4664
320607 347330369 4664
146234 364689281 737
146234 364689281 2211
146971 364689281 2211
147708 364689281 2211
121706 646597655 867
121706 646597655 5202
122573 646597655 5202
123440 646597655 5202
124307 646597655 5202
125174 646597655 5202
126041 646597655 5202
625677 6378549 9
625677 6378549 27
625686 6378549 27
625695 6378549 27
841694 664702850 899
841694 664702850 3596
842593 664702850 3596
843492 664702850 3596
844391 664702850 3596
607097 3827426 399
607097 3827426 2394
607496 3827426 2394
607895 3827426 2394
608294 3827426 2394
608693 3827426 2394
609092 3827426 2394
674708 183507809 499
674708 183507809 998
675207 183507809 998
714823 145593949 602
714823 145593949 3612
715425 145593949 3612
716027 145593949 3612
716629 145593949 3612
717231 145593949 3612
717833 145593949 3612
7434 303068508 974
7434 303068508 3896
8408 303068508 3896
9382 303068508 3896
10356 303068508 3896
268272 207447996 246
268272 207447996 1476
268518 207447996 1476
268764 207447996 1476
269010 207447996 1476
269256 207447996 1476
269502 207447996 1476
441728 403499488 560
441728 403499488 1120
442288 403499488 1120
144798 33982413 189
144798 33982413 945
144987 33982413 945
145176 33982413 945
145365 33982413 945
145554 33982413 945
428208 625765822 653
428208 625765822 1306
428861 625765822 1306
457611 100801611 592
457611 100801611 2368
458203 100801611 2368
458795 100801611 2368
459387 100801611 2368
342543 79889448 477
342543 79889448 2385
343020 79889448 2385
343497 79889448 2385
343974 79889448 2385
344451 79889448 2385
689566 844427412 901
689566 844427412 6307
690467 844427412 6307
691368 844427412 6307
692269 844427412 6307
693170 844427412 6307
694071 844427412 6307
694972 844427412 6307
28645 769133436 859
28645 769133436 2577
29504 769133436 2577
30363 769133436 2577
354004 365153299 945
354004 365153299 6615
354949 365153299 6615
355894 365153299 6615
356839 365153299 6615
357784 365153299 6615
358729 365153299 6615
359674 365153299 6615
351136 37821816 65
351136 37821816 195
351201 37821816 195
351266 37821816 195
969237 47959039 58
969237 47959039 348
969295 47959039 348
969353 47959039 348
969411 47959039 348
969469 47959039 348
969527 47959039 348
559728 636603301 979
559728 636603301 7832
560707 636603301 7832
561686 636603301 7832
562665 636603301 7832
563644 636603301 7832
564623 636603301 7832
565602 636603301 7832
566581 636603301 7832
44676 8642342 22
44676 8642342 88
44698 8642342 88
44720 8642342 88
44742 8642342 88
495052 366748362 878
495052 366748362 7024
495930 366748362 7024
496808 366748362 7024
497686 366748362 7024
498564 366748362 7024
499442 366748362 7024
500320 366748362 7024
501198 366748362 7024
679287 316131539 508
679287 316131539 1524
679795 316131539 1524
680303 316131539 1524
679287 78403577 245
679532 78403577 245
200
385352 200563122 481
385352 200563122 962
385833 200563122 962
174091 504609341 649
174091 504609341 3245
174740 504609341 3245
175389 504609341 3245
176038 504609341 3245
176687 504609341 3245
227019 150015193 622
227019 150015193 4354
227641 150015193 4354
228263 150015193 4354
228885 150015193 4354
229507 150015193 4354
230129 150015193 4354
230751 150015193 4354
74332 733198097 877
74332 733198097 6139
75209 733198097 6139
76086 733198097 6139
76963 733198097 6139
77840 733198097 6139
78717 733198097 6139
79594 733198097 6139
470858 142153574 147
470858 142153574 441
471005 142153574 441
471152 142153574 441
522922 18010939 571
522922 18010939 2284
523493 18010939 2284
524064 18010939 2284
524635 18010939 2284
914583 122493770 631
914583 122493770 1262
915214 122493770 1262
402965 141675236 329
402965 141675236 987
403294 141675236 987
403623 141675236 987
747187 208940949 842
747187 208940949 2526
748029 208940949 2526
748871 208940949 2526
481776 6673206 10
481776 6673206 70
481786 6673206 70
481796 6673206 70
481806 6673206 70
481816 6673206 70
481826 6673206 70
481836 6673206 70
855104 372062864 385
855104 372062864 1540
855489 372062864 1540
855874 372062864 1540
856259 372062864 1540
306172 660427772 800
306172 660427772 4000
306972 660427772 4000
307772 660427772 4000
308572 660427772 4000
309372 660427772 4000
210708 164274699 493
210708 164274699 1479
211201 164274699 1479
211694 164274699 1479
500127 127802445 361
500127 127802445 722
500488 127802445 722
991174 9298921 63
991174 9298921 441
991237 9298921 441
991300 9298921 441
991363 9298921 441
991426 9298921 441
991489 9298921 441
991552 9298921 441
386396 96126236 140
386396 96126236 560
386536 96126236 560
386676 96126236 560
386816 96126236 560
708480 379688375 595
708480 379688375 2380
709075 379688375 2380
709670 379688375 2380
710265 379688375 2380
367541 1943045 42
367541 1943045 336
367583 1943045 336
367625 1943045 336
367667 1943045 336
367709 1943045 336
367751 1943045 336
367793 1943045 336
367835 1943045 336
400887 813724497 990
400887 813724497 3960
401877 813724497 3960
402867 813724497 3960
403857 813724497 3960
736890 441734490 912
736890 441734490 5472
737802 441734490 5472
738714 441734490 5472
739626 441734490 5472
740538 441734490 5472
741450 441734490 5472
589096 231040875 289
589096 231040875 578
589385 231040875 578
634552 767682144 824
634552 767682144 1648
635376 767682144 1648
483362 839131742 916
483362 839131742 7328
484278 839131742 7328
485194 839131742 7328
486110 839131742 7328
487026 839131742 7328
487942 839131742 7328
488858 839131742 7328
489774 839131742 7328
978433 118303065 148
978433 118303065 1184
978581 118303065 1184
978729 118303065 1184
978877 118303065 1184
979025 118303065 1184
979173 118303065 1184
979321 118303065 1184
979469 118303065 1184
567996 95902026 594
567996 95902026 4158
568590 95902026 4158
569184 95902026 4158
569778 95902026 4158
570372 95902026 4158
570966 95902026 4158
571560 95902026 4158
419588 325541283 655
419588 325541283 3930
420243 325541283 3930
420898 325541283 3930
421553 325541283 3930
422208 325541283 3930
422863 325541283 3930
135065 22660789 26
135065 22660789 182
135091 22660789 182
135117 22660789 182
135143 22660789 182
135169 22660789 182
135195 22660789 182
135221 22660789 182
388080 473631977 497
388080 473631977 3976
388577 473631977 3976
389074 473631977 3976
389571 473631977 3976
390068 473631977 3976
390565 473631977 3976
391062 473631977 3976
391559 473631977 3976
532735 286217875 741
532735 286217875 5928
533476 286217875 5928
534217 286217875 5928
534958 286217875 5928
535699 286217875 5928
536440 286217875 5928
537181 286217875 5928
537922 286217875 5928
905492 410207595 691
905492 410207595 2073
906183 410207595 2073
906874 410207595 2073
157099 69533148 97
157099 69533148 582
157196 69533148 582
157293 69533148 582
157390 69533148 582
157487 69533148 582
157584 69533148 582
323009 444469985 864
323009 444469985 2592
323873 444469985 2592
324737 444469985 2592
370283 487072301 778
370283 487072301 3112
371061 487072301 3112
371839 487072301 3112
372617 487072301 3112
911184 145083498 198
911184 145083498 396
911382 145083498 396
911184 2312529 19
911203 2312529 19
200
887320 13425612 52
887320 13425612 416
887372 13425612 416
887424 13425612 416
887476 13425612 416
887528 13425612 416
887580 13425612 416
887632 13425612 416
887684 13425612 416
787930 284065210 429
787930 284065210 1716
788359 284065210 1716
788788 284065210 1716
789217 284065210 1716
522165 94821387 167
522165 94821387 1336
522332 94821387 1336
522499 94821387 1336
522666 94821387 1336
522833 94821387 1336
523000 94821387 1336
523167 94821387 1336
523334 94821387 1336
72171 421917385 634
72171 421917385 3170
72805 421917385 3170
73439 421917385 3170
74073 421917385 3170
74707 421917385 3170
646207 771149683 916
646207 771149683 6412
647123 771149683 6412
648039 771149683 6412
648955 771149683 6412
649871 771149683 6412
650787 771149683 6412
651703 771149683 6412
887985 281303627 559
887985 281303627 1118
888544 281303627 1118
302415 13272411 39
302415 13272411 117
302454 13272411 117
302493 13272411 117
228323 82564555 88
228323 82564555 176
228411 82564555 176
544711 294321271 330
544711 294321271 2640
545041 294321271 2640
545371 294321271 2640
545701 294321271 2640
546031 294321271 2640
546361 294321271 2640
546691 294321271 2640
547021 294321271 2640
766215 676433895 904
766215 676433895 7232
767119 676433895 7232
768023 676433895 7232
768927 676433895 7232
769831 676433895 7232
770735 676433895 7232
771639 676433895 7232
772543 676433895 7232
911619 2288748 13
911619 2288748 78
911632 2288748 78
911645 2288748 78
911658 2288748 78
911671 2288748 78
911684 2288748 78
472998 736405798 800
472998 736405798 4000
473798 736405798 4000
474598 736405798 4000
475398 736405798 4000
476198 736405798 4000
705555 85427871 914
705555 85427871 4570
706469 85427871 4570
707383 85427871 4570
708297 85427871 4570
709211 85427871 4570
956999 127015330 161
956999 127015330 1127
957160 127015330 1127
957321 127015330 1127
957482 127015330 1127
957643 127015330 1127
957804 127015330 1127
957965 127015330 1127
810510 77736534 168
810510 77736534 504
810678 77736534 504
810846 77736534 504
39271 234753663 341
39271 234753663 2728
39612 234753663 2728
39953 234753663 2728
40294 234753663 2728
40635 234753663 2728
40976 234753663 2728
41317 234753663 2728
41658 234753663 2728
64983 601304105 814
64983 601304105 1628
65797 601304105 1628
186862 48148582 226
186862 48148582 1808
187088 48148582 1808
187314 48148582 1808
187540 48148582 1808
187766 48148582 1808
187992 48148582 1808
188218 48148582 1808
188444 48148582 1808
628981 331673716 735
628981 331673716 3675
629716 331673716 3675
630451 331673716 3675
631186 331673716 3675
631921 331673716 3675
791508 184467036 424
791508 184467036 1696
791932 184467036 1696
792356 184467036 1696
792780 184467036 1696
612302 38206320 101
612302 38206320 808
612403 38206320 808
612504 38206320 808
612605 38206320 808
612706 38206320 808
612807 38206320 808
612908 38206320 808
613009 38206320 808
927152 1254658 2
927152 1254658 14
927154 1254658 14
927156 1254658 14
927158 1254658 14
927160 1254658 14
927162 1254658 14
927164 1254658 14
410971 217768111 735
410971 217768111 2205
411706 217768111 2205
412441 217768111 2205
172068 154847589 679
172068 154847589 2037
172747 154847589 2037
173426 154847589 2037
657016 3030108 4
657016 3030108 20
657020 3030108 20
657024 3030108 20
657028 3030108 20
657032 3030108 20
923881 190725727 702
923881 190725727 2106
924583 190725727 2106
925285 190725727 2106
573084 13070668 68
573084 13070668 136
573152 13070668 136
272034 182182048 803
272034 182182048 4818
272837 182182048 4818
273640 182182048 4818
274443 182182048 4818
275246 182182048 4818
276049 182182048 4818
508759 98775599 140
508759 98775599 280
508899 98775599 280
615045 60115222 121
615045 60115222 242
615166 60115222 242
435118 137979707 683
435118 137979707 4098
435801 137979707 4098
436484 137979707 4098
437167 137979707 4098
437850 137979707 4098
438533 137979707 4098
837945 513318384 729
837945 513318384 2916
838674 513318384 2916
839403 513318384 2916
840132 513318384 2916
35563 293163105 709
35563 293163105 2127
36272 293163105 2127
36981 293163105 2127
629617 671752636 939
629617 671752636 1878
630556 671752636 1878
629617 149671129 188
629805 149671129 188
200
532803 421734199 938
532803 421734199 1876
533741 421734199 1876
758493 51413363 107
758493 51413363 214
758600 51413363 214
706495 10760279 26
706495 10760279 182
706521 10760279 182
706547 10760279 182
706573 10760279 182
706599 10760279 182
706625 10760279 182
706651 10760279 182
948835 718335019 876
948835 718335019 3504
949711 718335019 3504
950587 718335019 3504
951463 718335019 3504
987254 484539254 640
987254 484539254 3840
987894 484539254 3840
988534 484539254 3840
989174 484539254 3840
989814 484539254 3840
990454 484539254 3840
48815 43736503 583
48815 43736503 1166
49398 43736503 1166
748008 6843100 46
748008 6843100 322
748054 6843100 322
748100 6843100 322
748146 6843100 322
748192 6843100 322
748238 6843100 322
748284 6843100 322
280458 155923940 662
280458 155923940 1324
281120 155923940 1324
734249 67126763 558
734249 67126763 2232
734807 67126763 2232
735365 67126763 2232
735923 67126763 2232
74687 279500015 497
74687 279500015 994
75184 279500015 994
73386 431561937 601
73386 431561937 4207
73987 431561937 4207
74588 431561937 4207
75189 431561937 4207
75790 431561937 4207
76391 431561937 4207
76992 431561937 4207
460860 7871523 27
460860 7871523 54
460887 7871523 54
645158 315504953 355
645158 315504953 710
645513 315504953 710
166208 50657378 90
166208 50657378 180
166298 50657378 180
599963 651760891 814
599963 651760891 1628
600777 651760891 1628
586839 320701900 413
586839 320701900 1239
587252 320701900 1239
587665 320701900 1239
532380 14136505 215
532380 14136505 645
532595 14136505 645
532810 14136505 645
387220 730972040 812
387220 730972040 4872
388032 730972040 4872
388844 730972040 4872
389656 730972040 4872
390468 730972040 4872
391280 730972040 4872
759580 49683385 105
759580 49683385 840
759685 49683385 840
759790 49683385 840
759895 49683385 840
760000 49683385 840
760105 49683385 840
760210 49683385 840
760315 49683385 840
199749 126574049 533
199749 126574049 3198
200282 126574049 3198
200815 126574049 3198
201348 126574049 3198
201881 126574049 3198
202414 126574049 3198
339455 134192693 927
339455 134192693 2781
340382 134192693 2781
341309 134192693 2781
727960 753390490 915
727960 753390490 6405
728875 753390490 6405
729790 753390490 6405
730705 753390490 6405
731620 753390490 6405
732535 753390490 6405
733450 753390490 6405
758169 543176553 912
758169 543176553 4560
759081 543176553 4560
759993 543176553 4560
760905 543176553 4560
761817 543176553 4560
265643 134755115 208
265643 134755115 1040
265851 134755115 1040
266059 134755115 1040
266267 134755115 1040
266475 134755115 1040
49377 292825513 457
49377 292825513 2742
49834 292825513 2742
50291 292825513 2742
50748 292825513 2742
51205 292825513 2742
51662 292825513 2742
700917 34773267 130
700917 34773267 390
701047 34773267 390
701177 34773267 390
55426 446820658 856
55426 446820658 1712
56282 446820658 1712
604628 462299524 877
604628 462299524 4385
605505 462299524 4385
606382 462299524 4385
607259 462299524 4385
608136 462299524 4385
150928 54047173 985
150928 54047173 6895
151913 54047173 6895
152898 54047173 6895
153883 54047173 6895
154868 54047173 6895
155853 54047173 6895
156838 54047173 6895
671268 192073666 242
671268 192073666 1210
671510 192073666 1210
671752 192073666 1210
671994 192073666 1210
672236 192073666 1210
974410 494506173 673
974410 494506173 5384
975083 494506173 5384
975756 494506173 5384
976429 494506173 5384
977102 494506173 5384
977775 494506173 5384
978448 494506173 5384
979121 494506173 5384
26718 2957751 157
26718 2957751 785
26875 2957751 785
27032 2957751 785
27189 2957751 785
27346 2957751 785
861297 233140757 244
861297 233140757 1708
861541 233140757 1708
861785 233140757 1708
862029 233140757 1708
862273 233140757 1708
862517 233140757 1708
862761 233140757 1708
131393 6279437 18
131393 6279437 126
131411 6279437 126
131429 6279437 126
131447 6279437 126
131465 6279437 126
131483 6279437 126
131501 6279437 126
497310 292577625 933
497310 292577625 4665
498243 292577625 4665
499176 292577625 4665
500109 292577625 4665
501042 292577625 4665
578150 247188441 361
578150 247188441 1083
578511 247188441 1083
578872 247188441 1083
578150 243543572 406
578556 243543572 406
200
333056 215291033 299
333056 215291033 1794
333355 215291033 1794
333654 215291033 1794
333953 215291033 1794
334252 215291033 1794
334551 215291033 1794
11042 4101531 221
11042 4101531 1768
11263 4101531 1768
11484 4101531 1768
11705 4101531 1768
11926 4101531 1768
12147 4101531 1768
12368 4101531 1768
12589 4101531 1768
291097 775701304 957
291097 775701304 2871
292054 775701304 2871
293011 775701304 2871
309104 155360352 199
309104 155360352 1194
309303 155360352 1194
309502 155360352 1194
309701 155360352 1194
309900 155360352 1194
310099 155360352 1194
131531 323835769 869
131531 323835769 5214
132400 323835769 5214
133269 323835769 5214
134138 323835769 5214
135007 323835769 5214
135876 323835769 5214
116823 8004639 8
116823 8004639 16
116831 8004639 16
366980 16204044 332
366980 16204044 1660
367312 16204044 1660
367644 16204044 1660
367976 16204044 1660
368308 16204044 1660
457191 633196391 800
457191 633196391 5600
457991 633196391 5600
458791 633196391 5600
459591 633196391 5600
460391 633196391 5600
461191 633196391 5600
461991 633196391 5600
150039 7006389 258
150039 7006389 774
150297 7006389 774
150555 7006389 774
976512 465785414 542
976512 465785414 3794
977054 465785414 3794
977596 465785414 3794
978138 465785414 3794
978680 465785414 3794
979222 465785414 3794
979764 465785414 3794
593346 21027290 764
593346 21027290 4584
594110 21027290 4584
594874 21027290 4584
595638 21027290 4584
596402 21027290 4584
597166 21027290 4584
917750 253368890 498
917750 253368890 2988
918248 253368890 2988
918746 253368890 2988
919244 253368890 2988
919742 253368890 2988
920240 253368890 2988
106077 85820987 430
106077 85820987 2150
106507 85820987 2150
106937 85820987 2150
107367 85820987 2150
107797 85820987 2150
959486 301923966 320
959486 301923966 2240
959806 301923966 2240
960126 301923966 2240
960446 301923966 2240
960766 301923966 2240
961086 301923966 2240
961406 301923966 2240
889238 922782408 935
889238 922782408 7480
890173 922782408 7480
891108 922782408 7480
892043 922782408 7480
892978 922782408 7480
893913 922782408 7480
894848 922782408 7480
895783 922782408 7480
44650 249700249 477
44650 249700249 1431
45127 249700249 1431
45604 249700249 1431
501822 481352712 962
501822 481352712 7696
502784 481352712 7696
503746 481352712 7696
504708 481352712 7696
505670 481352712 7696
506632 481352712 7696
507594 481352712 7696
508556 481352712 7696
589476 119234116 160
589476 119234116 800
589636 119234116 800
589796 119234116 800
589956 119234116 800
590116 119234116 800
102165 618315684 721
102165 618315684 5768
102886 618315684 5768
103607 618315684 5768
104328 618315684 5768
105049 618315684 5768
105770 618315684 5768
106491 618315684 5768
107212 618315684 5768
19743 69539487 444
19743 69539487 3108
20187 69539487 3108
20631 69539487 3108
21075 69539487 3108
21519 69539487 3108
21963 69539487 3108
22407 69539487 3108
448989 48929826 211
448989 48929826 844
449200 48929826 844
449411 48929826 844
449622 48929826 844
771584 75057334 850
771584 75057334 5100
772434 75057334 5100
773284 75057334 5100
774134 75057334 5100
774984 75057334 5100
775834 75057334 5100
58328 187393715 223
58328 187393715 1338
58551 187393715 1338
58774 187393715 1338
58997 187393715 1338
59220 187393715 1338
59443 187393715 1338
215977 396968602 435
215977 396968602 2610
216412 396968602 2610
216847 396968602 2610
217282 396968602 2610
217717 396968602 2610
218152 396968602 2610
404412 55574788 367
404412 55574788 734
404779 55574788 734
361001 87893705 504
361001 87893705 2520
361505 87893705 2520
362009 87893705 2520
362513 87893705 2520
363017 87893705 2520
95040 265651200 855
95040 265651200 4275
95895 265651200 4275
96750 265651200 4275
97605 265651200 4275
98460 265651200 4275
742531 103835483 296
742531 103835483 2072
742827 103835483 2072
743123 103835483 2072
743419 103835483 2072
743715 103835483 2072
744011 103835483 2072
744307 103835483 2072
779544 149185710 667
779544 149185710 4002
780211 149185710 4002
780878 149185710 4002
781545 149185710 4002
782212 149185710 4002
782879 149185710 4002
113674 42886586 182
113674 42886586 910
113856 42886586 910
114038 42886586 910
114220 42886586 910
114402 42886586 910
113674 226883698 706
114380 226883698 706
