5
200
12598 696555274 762
12598 696555274 5334
13360 696555274 5334
14122 696555274 5334
14884 696555274 5334
15646 696555274 5334
16408 696555274 5334
17170 696555274 5334
484804 51204724 80
484804 51204724 400
484884 51204724 400
484964 51204724 400
485044 51204724 400
485124 51204724 400
873767 246103807 302
873767 246103807 1510
874069 246103807 1510
874371 246103807 1510
874673 246103807 1510
874975 246103807 1510
882457 43642285 612
882457 43642285 3060
883069 43642285 3060
883681 43642285 3060
884293 43642285 3060
884905 43642285 3060
30485 127985539 181
30485 127985539 905
30666 127985539 905
30847 127985539 905
31028 127985539 905
31209 127985539 905
648252 54631090 494
648252 54631090 3952
648746 54631090 3952
649240 54631090 3952
649734 54631090 3952
650228 54631090 3952
650722 54631090 3952
651216 54631090 3952
651710 54631090 3952
309488 181338899 243
309488 181338899 486
309731 181338899 486
473890 414624990 550
473890 414624990 1650
474440 414624990 1650
474990 414624990 1650
548341 389512821 670
548341 389512821 2010
549011 389512821 2010
549681 389512821 2010
779756 215268628 494
779756 215268628 1482
780250 215268628 1482
780744 215268628 1482
524875 354967439 959
524875 354967439 7672
525834 354967439 7672
526793 354967439 7672
527752 354967439 7672
528711 354967439 7672
529670 354967439 7672
530629 354967439 7672
531588 354967439 7672
354773 160519373 186
354773 160519373 558
354959 160519373 558
355145 160519373 558
682139 34278214 295
682139 34278214 2065
682434 34278214 2065
682729 34278214 2065
683024 34278214 2065
683319 34278214 2065
683614 34278214 2065
683909 34278214 2065
930623 43487563 862
930623 43487563 6896
931485 43487563 6896
932347 43487563 6896
933209 43487563 6896
934071 43487563 6896
934933 43487563 6896
935795 43487563 6896
936657 43487563 6896
857532 89514360 348
857532 89514360 696
857880 89514360 696
357407 72258323 402
357407 72258323 1608
357809 72258323 1608
358211 72258323 1608
358613 72258323 1608
403850 25370506 64
403850 25370506 384
403914 25370506 384
403978 25370506 384
404042 25370506 384
404106 25370506 384
404170 25370506 384
997875 19423485 45
997875 19423485 180
997920 19423485 180
997965 19423485 180
998010 19423485 180
804297 568131342 615
804297 568131342 4305
804912 568131342 4305
805527 568131342 4305
806142 568131342 4305
806757 568131342 4305
807372 568131342 4305
807987 568131342 4305
323012 54215288 444
323012 54215288 888
323456 54215288 888
795867 310309093 473
795867 310309093 946
796340 310309093 946
332968 150809960 932
332968 150809960 7456
333900 150809960 7456
334832 150809960 7456
335764 150809960 7456
336696 150809960 7456
337628 150809960 7456
338560 150809960 7456
339492 150809960 7456
343349 247039274 595
343349 247039274 2380
343944 247039274 2380
344539 247039274 2380
345134 247039274 2380
734018 31089590 93
734018 31089590 558
734111 31089590 558
734204 31089590 558
734297 31089590 558
734390 31089590 558
734483 31089590 558
349657 842720203 921
349657 842720203 1842
350578 842720203 1842
52969 133681394 665
52969 133681394 3990
53634 133681394 3990
54299 133681394 3990
54964 133681394 3990
55629 133681394 3990
56294 133681394 3990
166396 6706024 17
166396 6706024 34
166413 6706024 34
552963 218314752 289
552963 218314752 2023
553252 218314752 2023
553541 218314752 2023
553830 218314752 2023
554119 218314752 2023
554408 218314752 2023
554697 218314752 2023
449633 406208623 455
449633 406208623 3185
450088 406208623 3185
450543 406208623 3185
450998 406208623 3185
451453 406208623 3185
451908 406208623 3185
452363 406208623 3185
773882 308571461 981
773882 308571461 5886
774863 308571461 5886
775844 308571461 5886
776825 308571461 5886
777806 308571461 5886
778787 308571461 5886
93009 247559359 365
93009 247559359 2555
93374 247559359 2555
93739 247559359 2555
94104 247559359 2555
94469 247559359 2555
94834 247559359 2555
95199 247559359 2555
192265 38409283 114
192265 38409283 684
192379 38409283 684
192493 38409283 684
192607 38409283 684
192721 38409283 684
192835 38409283 684
820281 495378297 816
820281 495378297 4080
821097 495378297 4080
821913 495378297 4080
822729 495378297 4080
823545 495378297 4080
820281 502877781 700
820981 502877781 700
200
236136 109111784 392
236136 109111784 3136
236528 109111784 3136
236920 109111784 3136
237312 109111784 3136
237704 109111784 3136
238096 109111784 3136
238488 109111784 3136
238880 109111784 3136
374202 797037299 821
374202 797037299 2463
375023 797037299 2463
375844 797037299 2463
858296 189310232 272
858296 189310232 1088
858568 189310232 1088
858840 189310232 1088
859112 189310232 1088
493960 542604155 935
493960 542604155 6545
494895 542604155 6545
495830 542604155 6545
496765 542604155 6545
497700 542604155 6545
498635 542604155 6545
499570 542604155 6545
136089 157253413 644
136089 157253413 3220
136733 157253413 3220
137377 157253413 3220
138021 157253413 3220
138665 157253413 3220
128357 27375983 98
128357 27375983 686
128455 27375983 686
128553 27375983 686
128651 27375983 686
128749 27375983 686
128847 27375983 686
128945 27375983 686
181195 14037928 99
181195 14037928 495
181294 14037928 495
181393 14037928 495
181492 14037928 495
181591 14037928 495
690978 412361523 755
690978 412361523 5285
691733 412361523 5285
692488 412361523 5285
693243 412361523 5285
693998 412361523 5285
694753 412361523 5285
695508 412361523 5285
476083 31386106 369
476083 31386106 1107
476452 31386106 1107
476821 31386106 1107
391164 9173154 93
391164 9173154 279
391257 9173154 279
391350 9173154 279
978860 120886008 316
978860 120886008 948
979176 120886008 948
979492 120886008 948
935437 592476373 677
935437 592476373 3385
936114 592476373 3385
936791 592476373 3385
937468 592476373 3385
938145 592476373 3385
542731 83698032 571
542731 83698032 1713
543302 83698032 1713
543873 83698032 1713
32749 219525019 369
32749 219525019 738
33118 219525019 738
128722 259734412 555
128722 259734412 4440
129277 259734412 4440
129832 259734412 4440
130387 259734412 4440
130942 259734412 4440
131497 259734412 4440
132052 259734412 4440
132607 259734412 4440
938689 75584329 153
938689 75584329 1071
938842 75584329 1071
938995 75584329 1071
939148 75584329 1071
939301 75584329 1071
939454 75584329 1071
939607 75584329 1071
681210 67708980 459
681210 67708980 2754
681669 67708980 2754
682128 67708980 2754
682587 67708980 2754
683046 67708980 2754
683505 67708980 2754
295597 316100772 703
295597 316100772 2812
296300 316100772 2812
297003 316100772 2812
297706 316100772 2812
19166 724998 83
19166 724998 498
19249 724998 498
19332 724998 498
19415 724998 498
19498 724998 498
19581 724998 498
692077 463347541 501
692077 463347541 1002
692578 463347541 1002
540720 526637216 664
540720 526637216 1992
541384 526637216 1992
542048 526637216 1992
571634 840651259 875
571634 840651259 3500
572509 840651259 3500
573384 840651259 3500
574259 840651259 3500
472512 262034339 331
472512 262034339 2317
472843 262034339 2317
473174 262034339 2317
473505 262034339 2317
473836 262034339 2317
474167 262034339 2317
474498 262034339 2317
995549 446042077 794
995549 446042077 3176
996343 446042077 3176
997137 446042077 3176
997931 446042077 3176
151355 108190307 168
151355 108190307 840
151523 108190307 840
151691 108190307 840
151859 108190307 840
152027 108190307 840
256943 78822571 818
256943 78822571 4090
257761 78822571 4090
258579 78822571 4090
259397 78822571 4090
260215 78822571 4090
481193 287980776 703
481193 287980776 3515
481896 287980776 3515
482599 287980776 3515
483302 287980776 3515
484005 287980776 3515
132811 519846028 831
132811 519846028 4155
133642 519846028 4155
134473 519846028 4155
135304 519846028 4155
136135 519846028 4155
196376 482924468 924
196376 482924468 4620
197300 482924468 4620
198224 482924468 4620
199148 482924468 4620
200072 482924468 4620
680081 136323096 355
680081 136323096 1775
680436 136323096 1775
680791 136323096 1775
681146 136323096 1775
681501 136323096 1775
560691 81734421 330
560691 81734421 1650
561021 81734421 1650
561351 81734421 1650
561681 81734421 1650
562011 81734421 1650
117059 490140149 835
117059 490140149 4175
117894 490140149 4175
118729 490140149 4175
119564 490140149 4175
120399 490140149 4175
402425 131642561 804
402425 131642561 1608
403229 131642561 1608
769849 242454443 349
769849 242454443 1047
770198 242454443 1047
770547 242454443 1047
700109 104727605 328
700109 104727605 656
700437 104727605 656
700109 357918033 359
700468 357918033 359
200
561910 542598834 572
561910 542598834 1716
562482 542598834 1716
563054 542598834 1716
309652 99538132 104
309652 99538132 728
309756 99538132 728
309860 99538132 728
309964 99538132 728
310068 99538132 728
310172 99538132 728
310276 99538132 728
505912 98407345 959
505912 98407345 7672
506871 98407345 7672
507830 98407345 7672
508789 98407345 7672
509748 98407345 7672
510707 98407345 7672
511666 98407345 7672
512625 98407345 7672
250052 163475408 818
250052 163475408 5726
250870 163475408 5726
251688 163475408 5726
252506 163475408 5726
253324 163475408 5726
254142 163475408 5726
254960 163475408 5726
489455 357374139 481
489455 357374139 3367
489936 357374139 3367
490417 357374139 3367
490898 357374139 3367
491379 357374139 3367
491860 357374139 3367
492341 357374139 3367
163410 299873625 645
163410 299873625 3225
164055 299873625 3225
164700 299873625 3225
165345 299873625 3225
165990 299873625 3225
233688 28643058 345
233688 28643058 690
234033 28643058 690
60290 15727514 654
60290 15727514 4578
60944 15727514 4578
61598 15727514 4578
62252 15727514 4578
62906 15727514 4578
63560 15727514 4578
64214 15727514 4578
305859 57934663 197
305859 57934663 1576
306056 57934663 1576
306253 57934663 1576
306450 57934663 1576
306647 57934663 1576
306844 57934663 1576
307041 57934663 1576
307238 57934663 1576
255951 38256751 200
255951 38256751 1400
256151 38256751 1400
256351 38256751 1400
256551 38256751 1400
256751 38256751 1400
256951 38256751 1400
257151 38256751 1400
238524 389289561 963
238524 389289561 6741
239487 389289561 6741
240450 389289561 6741
241413 389289561 6741
242376 389289561 6741
243339 389289561 6741
244302 389289561 6741
734009 185852061 469
734009 185852061 1876
734478 185852061 1876
734947 185852061 1876
735416 185852061 1876
991994 164614970 704
991994 164614970 3520
992698 164614970 3520
993402 164614970 3520
994106 164614970 3520
994810 164614970 3520
365134 6787409 53
365134 6787409 212
365187 6787409 212
365240 6787409 212
365293 6787409 212
183555 477083279 679
183555 477083279 2716
184234 477083279 2716
184913 477083279 2716
185592 477083279 2716
943188 200578388 320
943188 200578388 1600
943508 200578388 1600
943828 200578388 1600
944148 200578388 1600
944468 200578388 1600
294970 73364596 246
294970 73364596 1722
295216 73364596 1722
295462 73364596 1722
295708 73364596 1722
295954 73364596 1722
296200 73364596 1722
296446 73364596 1722
369818 36273259 61
369818 36273259 305
369879 36273259 305
369940 36273259 305
370001 36273259 305
370062 36273259 305
201618 6150792 21
201618 6150792 105
201639 6150792 105
201660 6150792 105
201681 6150792 105
201702 6150792 105
937632 744209082 969
937632 744209082 3876
938601 744209082 3876
939570 744209082 3876
940539 744209082 3876
399780 111601920 813
399780 111601920 6504
400593 111601920 6504
401406 111601920 6504
402219 111601920 6504
403032 111601920 6504
403845 111601920 6504
404658 111601920 6504
405471 111601920 6504
369937 506621845 566
369937 506621845 3962
370503 506621845 3962
371069 506621845 3962
371635 506621845 3962
372201 506621845 3962
372767 506621845 3962
373333 506621845 3962
368783 279952007 692
368783 279952007 4844
369475 279952007 4844
370167 279952007 4844
370859 279952007 4844
371551 279952007 4844
372243 279952007 4844
372935 279952007 4844
506369 147845369 918
506369 147845369 6426
507287 147845369 6426
508205 147845369 6426
509123 147845369 6426
510041 147845369 6426
510959 147845369 6426
511877 147845369 6426
518578 9763176 407
518578 9763176 2849
518985 9763176 2849
519392 9763176 2849
519799 9763176 2849
520206 9763176 2849
520613 9763176 2849
521020 9763176 2849
150259 204566601 481
150259 204566601 962
150740 204566601 962
997022 514174736 973
997022 514174736 2919
997995 514174736 2919
998968 514174736 2919
100692 64809164 188
100692 64809164 752
100880 64809164 752
101068 64809164 752
101256 64809164 752
290896 330433863 857
290896 330433863 1714
291753 330433863 1714
978602 479725070 852
978602 479725070 5964
979454 479725070 5964
980306 479725070 5964
981158 479725070 5964
982010 479725070 5964
982862 479725070 5964
983714 479725070 5964
426650 23168174 234
426650 23168174 468
426884 23168174 468
426650 95791514 584
427234 95791514 584
200
750158 461916750 512
750158 461916750 4096
750670 461916750 4096
751182 461916750 4096
751694 461916750 4096
752206 461916750 4096
752718 461916750 4096
753230 461916750 4096
753742 461916750 4096
615179 137354691 434
615179 137354691 868
615613 137354691 868
778102 476849247 671
778102 476849247 2684
778773 476849247 2684
779444 476849247 2684
780115 476849247 2684
612846 241173551 605
612846 241173551 1210
613451 241173551 1210
942838 132257723 221
942838 132257723 442
943059 132257723 442
944790 873401102 938
944790 873401102 3752
945728 873401102 3752
946666 873401102 3752
947604 873401102 3752
741795 196175059 844
741795 196175059 1688
742639 196175059 1688
548395 531152260 957
548395 531152260 3828
549352 531152260 3828
550309 531152260 3828
551266 531152260 3828
732757 48441701 232
732757 48441701 1392
732989 48441701 1392
733221 48441701 1392
733453 48441701 1392
733685 48441701 1392
733917 48441701 1392
59049 256939666 959
59049 256939666 5754
60008 256939666 5754
60967 256939666 5754
61926 256939666 5754
62885 256939666 5754
63844 256939666 5754
223087 798162997 810
223087 798162997 3240
223897 798162997 3240
224707 798162997 3240
225517 798162997 3240
89790 53229541 893
89790 53229541 5358
90683 53229541 5358
91576 53229541 5358
92469 53229541 5358
93362 53229541 5358
94255 53229541 5358
950588 599126882 894
950588 599126882 6258
951482 599126882 6258
952376 599126882 6258
953270 599126882 6258
954164 599126882 6258
955058 599126882 6258
955952 599126882 6258
611384 147078947 187
611384 147078947 1122
611571 147078947 1122
611758 147078947 1122
611945 147078947 1122
612132 147078947 1122
612319 147078947 1122
644174 796149584 963
644174 796149584 7704
645137 796149584 7704
646100 796149584 7704
647063 796149584 7704
648026 796149584 7704
648989 796149584 7704
649952 796149584 7704
650915 796149584 7704
42607 857442247 894
42607 857442247 2682
43501 857442247 2682
44395 857442247 2682
202955 112602592 571
202955 112602592 3426
203526 112602592 3426
204097 112602592 3426
204668 112602592 3426
205239 112602592 3426
205810 112602592 3426
909051 691020088 847
909051 691020088 6776
909898 691020088 6776
910745 691020088 6776
911592 691020088 6776
912439 691020088 6776
913286 691020088 6776
914133 691020088 6776
914980 691020088 6776
710581 7259350 27
710581 7259350 189
710608 7259350 189
710635 7259350 189
710662 7259350 189
710689 7259350 189
710716 7259350 189
710743 7259350 189
910093 371079468 625
910093 371079468 4375
910718 371079468 4375
911343 371079468 4375
911968 371079468 4375
912593 371079468 4375
913218 371079468 4375
913843 371079468 4375
261785 360524135 569
261785 360524135 3414
262354 360524135 3414
262923 360524135 3414
263492 360524135 3414
264061 360524135 3414
264630 360524135 3414
392840 5359989 23
392840 5359989 46
392863 5359989 46
849309 32990301 163
849309 32990301 326
849472 32990301 326
926507 72916283 216
926507 72916283 864
926723 72916283 864
926939 72916283 864
927155 72916283 864
641959 618018631 851
641959 618018631 5957
642810 618018631 5957
643661 618018631 5957
644512 618018631 5957
645363 618018631 5957
646214 618018631 5957
647065 618018631 5957
910640 400373140 625
910640 400373140 5000
911265 400373140 5000
911890 400373140 5000
912515 400373140 5000
913140 400373140 5000
913765 400373140 5000
914390 400373140 5000
915015 400373140 5000
916374 172397067 193
916374 172397067 965
916567 172397067 965
916760 172397067 965
916953 172397067 965
917146 172397067 965
706529 439228049 456
706529 439228049 3192
706985 439228049 3192
707441 439228049 3192
707897 439228049 3192
708353 439228049 3192
708809 439228049 3192
709265 439228049 3192
855429 204652644 405
855429 204652644 2025
855834 204652644 2025
856239 204652644 2025
856644 204652644 2025
857049 204652644 2025
424924 601911973 687
424924 601911973 1374
425611 601911973 1374
309710 607378254 893
309710 607378254 6251
310603 607378254 6251
311496 607378254 6251
312389 607378254 6251
313282 607378254 6251
314175 607378254 6251
315068 607378254 6251
398144 788502962 909
398144 788502962 4545
399053 788502962 4545
399962 788502962 4545
400871 788502962 4545
401780 788502962 4545
539780 254479550 630
539780 254479550 1890
540410 254479550 1890
541040 254479550 1890
539780 90895428 116
539896 90895428 116
200
737696 1249426 146
737696 1249426 1168
737842 1249426 1168
737988 1249426 1168
738134 1249426 1168
738280 1249426 1168
738426 1249426 1168
738572 1249426 1168
738718 1249426 1168
364921 60947036 253
364921 60947036 759
365174 60947036 759
365427 60947036 759
655448 193245986 217
655448 193245986 1519
655665 193245986 1519
655882 193245986 1519
656099 193245986 1519
656316 193245986 1519
656533 193245986 1519
656750 193245986 1519
696917 189922833 398
696917 189922833 3184
697315 189922833 3184
697713 189922833 3184
698111 189922833 3184
698509 189922833 3184
698907 189922833 3184
699305 189922833 3184
699703 189922833 3184
360472 222263162 710
360472 222263162 1420
361182 222263162 1420
363841 400109042 563
363841 400109042 2252
364404 400109042 2252
364967 400109042 2252
365530 400109042 2252
789961 398116309 603
789961 398116309 3618
790564 398116309 3618
791167 398116309 3618
791770 398116309 3618
792373 398116309 3618
792976 398116309 3618
708701 1500719 2
708701 1500719 14
708703 1500719 14
708705 1500719 14
708707 1500719 14
708709 1500719 14
708711 1500719 14
708713 1500719 14
527627 13568877 125
527627 13568877 500
527752 13568877 500
527877 13568877 500
528002 13568877 500
319895 575220275 948
319895 575220275 3792
320843 575220275 3792
321791 575220275 3792
322739 575220275 3792
918097 72371162 367
918097 72371162 2569
918464 72371162 2569
918831 72371162 2569
919198 72371162 2569
919565 72371162 2569
919932 72371162 2569
920299 72371162 2569
962730 29648030 602
962730 29648030 4214
963332 29648030 4214
963934 29648030 4214
964536 29648030 4214
965138 29648030 4214
965740 29648030 4214
966342 29648030 4214
361016 438755175 457
361016 438755175 914
361473 438755175 914
135216 94217061 115
135216 94217061 460
135331 94217061 460
135446 94217061 460
135561 94217061 460
789401 303983113 541
789401 303983113 2164
789942 303983113 2164
790483 303983113 2164
791024 303983113 2164
123067 43783525 81
123067 43783525 243
123148 43783525 243
123229 43783525 243
282178 567989164 693
282178 567989164 1386
282871 567989164 1386
137138 14624104 386
137138 14624104 2316
137524 14624104 2316
137910 14624104 2316
138296 14624104 2316
138682 14624104 2316
139068 14624104 2316
765079 239415439 260
765079 239415439 1300
765339 239415439 1300
765599 239415439 1300
765859 239415439 1300
766119 239415439 1300
365728 135000886 477
365728 135000886 1431
366205 135000886 1431
366682 135000886 1431
262928 145712854 298
262928 145712854 1490
263226 145712854 1490
263524 145712854 1490
263822 145712854 1490
264120 145712854 1490
460800 407957967 693
460800 407957967 2772
461493 407957967 2772
462186 407957967 2772
462879 407957967 2772
46923 745919014 887
46923 745919014 5322
47810 745919014 5322
48697 745919014 5322
49584 745919014 5322
50471 745919014 5322
51358 745919014 5322
548131 36999403 38
548131 36999403 266
548169 36999403 266
548207 36999403 266
548245 36999403 266
548283 36999403 266
548321 36999403 266
548359 36999403 266
259497 29440145 628
259497 29440145 3140
260125 29440145 3140
260753 29440145 3140
261381 29440145 3140
262009 29440145 3140
1412 359933572 973
1412 359933572 3892
2385 359933572 3892
3358 359933572 3892
4331 359933572 3892
628537 102097422 487
628537 102097422 1948
629024 102097422 1948
629511 102097422 1948
629998 102097422 1948
272049 357381681 704
272049 357381681 1408
272753 357381681 1408
251855 1983855 250
251855 1983855 2000
252105 1983855 2000
252355 1983855 2000
252605 1983855 2000
252855 1983855 2000
253105 1983855 2000
253355 1983855 2000
253605 1983855 2000
967422 156728597 575
967422 156728597 2300
967997 156728597 2300
968572 156728597 2300
969147 156728597 2300
194022 266239606 424
194022 266239606 3392
194446 266239606 3392
194870 266239606 3392
195294 266239606 3392
195718 266239606 3392
196142 266239606 3392
196566 266239606 3392
196990 266239606 3392
499725 20082909 824
499725 20082909 6592
500549 20082909 6592
501373 20082909 6592
502197 20082909 6592
503021 20082909 6592
503845 20082909 6592
504669 20082909 6592
505493 20082909 6592
807322 175597102 372
807322 175597102 1488
807694 175597102 1488
808066 175597102 1488
808438 175597102 1488
807322 4746691 327
807649 4746691 327
