5
500
653759 281201039 873
653759 281201039 1746
654632 281201039 1746
876200 380091875 401
876200 380091875 1604
876601 380091875 1604
877002 380091875 1604
877403 380091875 1604
664243 381214084 399
664243 381214084 2793
664642 381214084 2793
665041 381214084 2793
665440 381214084 2793
665839 381214084 2793
666238 381214084 2793
666637 381214084 2793
369139 395173939 950
369139 395173939 3800
370089 395173939 3800
371039 395173939 3800
371989 395173939 3800
785649 12173268 71
785649 12173268 213
785720 12173268 213
785791 12173268 213
942724 344681908 408
942724 344681908 2448
943132 344681908 2448
943540 344681908 2448
943948 344681908 2448
944356 344681908 2448
944764 344681908 2448
790699 316127175 364
790699 316127175 1092
791063 316127175 1092
791427 316127175 1092
289870 3049893 553
289870 3049893 1106
290423 3049893 1106
820073 32435209 32
820073 32435209 128
820105 32435209 128
820137 32435209 128
820169 32435209 128
99003 601887701 686
99003 601887701 1372
99689 601887701 1372
196619 3762401 243
196619 3762401 1944
196862 3762401 1944
197105 3762401 1944
197348 3762401 1944
197591 3762401 1944
197834 3762401 1944
198077 3762401 1944
198320 3762401 1944
968856 360923178 889
968856 360923178 1778
969745 360923178 1778
209962 19483402 480
209962 19483402 1440
210442 19483402 1440
210922 19483402 1440
361419 91479251 269
361419 91479251 1883
361688 91479251 1883
361957 91479251 1883
362226 91479251 1883
362495 91479251 1883
362764 91479251 1883
363033 91479251 1883
249122 44690954 271
249122 44690954 1084
249393 44690954 1084
249664 44690954 1084
249935 44690954 1084
257043 48485886 129
257043 48485886 1032
257172 48485886 1032
257301 48485886 1032
257430 48485886 1032
257559 48485886 1032
257688 48485886 1032
257817 48485886 1032
257946 48485886 1032
963247 23935546 59
963247 23935546 236
963306 23935546 236
963365 23935546 236
963424 23935546 236
312764 235553562 578
312764 235553562 1734
313342 235553562 1734
313920 235553562 1734
918049 108472930 203
918049 108472930 1218
918252 108472930 1218
918455 108472930 1218
918658 108472930 1218
918861 108472930 1218
919064 108472930 1218
364500 104027598 466
364500 104027598 2330
364966 104027598 2330
365432 104027598 2330
365898 104027598 2330
366364 104027598 2330
708820 111618920 140
708820 111618920 420
708960 111618920 420
709100 111618920 420
599551 303813322 711
599551 303813322 5688
600262 303813322 5688
600973 303813322 5688
601684 303813322 5688
602395 303813322 5688
603106 303813322 5688
603817 303813322 5688
604528 303813322 5688
393451 89989291 240
393451 89989291 1680
393691 89989291 1680
393931 89989291 1680
394171 89989291 1680
394411 89989291 1680
394651 89989291 1680
394891 89989291 1680
640510 296074114 666
640510 296074114 1332
641176 296074114 1332
217476 117585478 698
217476 117585478 1396
218174 117585478 1396
187654 507677069 655
187654 507677069 5240
188309 507677069 5240
188964 507677069 5240
189619 507677069 5240
190274 507677069 5240
190929 507677069 5240
191584 507677069 5240
192239 507677069 5240
794526 8183688 9
794526 8183688 63
794535 8183688 63
794544 8183688 63
794553 8183688 63
794562 8183688 63
794571 8183688 63
794580 8183688 63
247227 172679450 277
247227 172679450 1385
247504 172679450 1385
247781 172679450 1385
248058 172679450 1385
248335 172679450 1385
829093 220423765 396
829093 220423765 1188
829489 220423765 1188
829885 220423765 1188
270693 43608211 266
270693 43608211 1862
270959 43608211 1862
271225 43608211 1862
271491 43608211 1862
271757 43608211 1862
272023 43608211 1862
272289 43608211 1862
118049 130208651 426
118049 130208651 2130
118475 130208651 2130
118901 130208651 2130
119327 130208651 2130
119753 130208651 2130
196477 505482382 817
196477 505482382 2451
197294 505482382 2451
198111 505482382 2451
725953 8712379 87
725953 8712379 174
726040 8712379 174
248680 329791530 938
248680 329791530 6566
249618 329791530 6566
250556 329791530 6566
251494 329791530 6566
252432 329791530 6566
253370 329791530 6566
254308 329791530 6566
216303 239474562 621
216303 239474562 1863
216924 239474562 1863
217545 239474562 1863
787509 396270779 455
787509 396270779 910
787964 396270779 910
839222 471414570 958
839222 471414570 5748
840180 471414570 5748
841138 471414570 5748
842096 471414570 5748
843054 471414570 5748
844012 471414570 5748
118582 86143012 270
118582 86143012 1350
118852 86143012 1350
119122 86143012 1350
119392 86143012 1350
119662 86143012 1350
137058 661014 47
137058 661014 329
137105 661014 329
137152 661014 329
137199 661014 329
137246 661014 329
137293 661014 329
137340 661014 329
509074 196278252 751
509074 196278252 2253
509825 196278252 2253
510576 196278252 2253
935455 610269565 945
935455 610269565 3780
936400 610269565 3780
937345 610269565 3780
938290 610269565 3780
308645 155575805 174
308645 155575805 348
308819 155575805 348
448067 74015417 75
448067 74015417 450
448142 74015417 450
448217 74015417 450
448292 74015417 450
448367 74015417 450
448442 74015417 450
283517 720367172 837
283517 720367172 5859
284354 720367172 5859
285191 720367172 5859
286028 720367172 5859
286865 720367172 5859
287702 720367172 5859
288539 720367172 5859
207108 573840524 584
207108 573840524 2336
207692 573840524 2336
208276 573840524 2336
208860 573840524 2336
425630 130605064 206
425630 130605064 412
425836 130605064 412
824913 20168053 934
824913 20168053 5604
825847 20168053 5604
826781 20168053 5604
827715 20168053 5604
828649 20168053 5604
829583 20168053 5604
202900 534728770 930
202900 534728770 6510
203830 534728770 6510
204760 534728770 6510
205690 534728770 6510
206620 534728770 6510
207550 534728770 6510
208480 534728770 6510
159360 142537834 217
159360 142537834 651
159577 142537834 651
159794 142537834 651
77619 658402923 936
77619 658402923 7488
78555 658402923 7488
79491 658402923 7488
80427 658402923 7488
81363 658402923 7488
82299 658402923 7488
83235 658402923 7488
84171 658402923 7488
975247 272473353 274
975247 272473353 1096
975521 272473353 1096
975795 272473353 1096
976069 272473353 1096
683428 97866952 116
683428 97866952 812
683544 97866952 812
683660 97866952 812
683776 97866952 812
683892 97866952 812
684008 97866952 812
684124 97866952 812
72497 445910037 655
72497 445910037 3275
73152 445910037 3275
73807 445910037 3275
74462 445910037 3275
75117 445910037 3275
16127 415882439 524
16127 415882439 1572
16651 415882439 1572
17175 415882439 1572
461651 493869839 494
461651 493869839 3458
462145 493869839 3458
462639 493869839 3458
463133 493869839 3458
463627 493869839 3458
464121 493869839 3458
464615 493869839 3458
975595 62639950 97
975595 62639950 679
975692 62639950 679
975789 62639950 679
975886 62639950 679
975983 62639950 679
976080 62639950 679
976177 62639950 679
155941 524081871 670
155941 524081871 4690
156611 524081871 4690
157281 524081871 4690
157951 524081871 4690
158621 524081871 4690
159291 524081871 4690
159961 524081871 4690
141758 6184678 130
141758 6184678 650
141888 6184678 650
142018 6184678 650
142148 6184678 650
142278 6184678 650
852556 37606703 461
852556 37606703 3227
853017 37606703 3227
853478 37606703 3227
853939 37606703 3227
854400 37606703 3227
854861 37606703 3227
855322 37606703 3227
743053 90711709 488
743053 90711709 3416
743541 90711709 3416
744029 90711709 3416
744517 90711709 3416
745005 90711709 3416
745493 90711709 3416
745981 90711709 3416
37506 109938458 236
37506 109938458 472
37742 109938458 472
432109 751132299 914
432109 751132299 1828
433023 751132299 1828
94995 553945737 678
94995 553945737 2712
95673 553945737 2712
96351 553945737 2712
97029 553945737 2712
65302 306800107 585
65302 306800107 1170
65887 306800107 1170
327734 127157234 282
327734 127157234 846
328016 127157234 846
328298 127157234 846
914276 616110472 674
914276 616110472 2696
914950 616110472 2696
915624 616110472 2696
916298 616110472 2696
559542 533433366 588
559542 533433366 4116
560130 533433366 4116
560718 533433366 4116
561306 533433366 4116
561894 533433366 4116
562482 533433366 4116
563070 533433366 4116
831856 238027682 463
831856 238027682 1389
832319 238027682 1389
832782 238027682 1389
217633 536103589 684
217633 536103589 1368
218317 536103589 1368
700018 465723250 576
700018 465723250 3456
700594 465723250 3456
701170 465723250 3456
701746 465723250 3456
702322 465723250 3456
702898 465723250 3456
106112 214814034 286
106112 214814034 2002
106398 214814034 2002
106684 214814034 2002
106970 214814034 2002
107256 214814034 2002
107542 214814034 2002
107828 214814034 2002
370342 77350014 308
370342 77350014 1848
370650 77350014 1848
370958 77350014 1848
371266 77350014 1848
371574 77350014 1848
371882 77350014 1848
936064 155198536 332
936064 155198536 996
936396 155198536 996
936728 155198536 996
348793 256580473 265
348793 256580473 795
349058 256580473 795
349323 256580473 795
821581 411829718 713
821581 411829718 3565
822294 411829718 3565
823007 411829718 3565
823720 411829718 3565
824433 411829718 3565
13913 117345738 725
13913 117345738 4350
14638 117345738 4350
15363 117345738 4350
16088 117345738 4350
16813 117345738 4350
17538 117345738 4350
697371 68675106 885
697371 68675106 6195
698256 68675106 6195
699141 68675106 6195
700026 68675106 6195
700911 68675106 6195
701796 68675106 6195
702681 68675106 6195
532106 104342543 107
532106 104342543 749
532213 104342543 749
532320 104342543 749
532427 104342543 749
532534 104342543 749
532641 104342543 749
532748 104342543 749
736908 632710978 637
736908 632710978 4459
737545 632710978 4459
738182 632710978 4459
738819 632710978 4459
739456 632710978 4459
740093 632710978 4459
740730 632710978 4459
553026 331907376 775
553026 331907376 3875
553801 331907376 3875
554576 331907376 3875
555351 331907376 3875
556126 331907376 3875
227696 552851521 775
227696 552851521 4650
228471 552851521 4650
229246 552851521 4650
230021 552851521 4650
230796 552851521 4650
231571 552851521 4650
854274 217554394 455
854274 217554394 3185
854729 217554394 3185
855184 217554394 3185
855639 217554394 3185
856094 217554394 3185
856549 217554394 3185
857004 217554394 3185
978517 26338657 205
978517 26338657 820
978722 26338657 820
978927 26338657 820
979132 26338657 820
785129 51703493 889
785129 51703493 5334
786018 51703493 5334
786907 51703493 5334
787796 51703493 5334
788685 51703493 5334
789574 51703493 5334
152033 276409553 630
152033 276409553 1890
152663 276409553 1890
153293 276409553 1890
376870 38887708 298
376870 38887708 1490
377168 38887708 1490
377466 38887708 1490
377764 38887708 1490
378062 38887708 1490
376870 423255282 719
377589 423255282 719
500
548237 5880235 203
548237 5880235 1624
548440 5880235 1624
548643 5880235 1624
548846 5880235 1624
549049 5880235 1624
549252 5880235 1624
549455 5880235 1624
549658 5880235 1624
127973 417968403 574
127973 417968403 1148
128547 417968403 1148
249672 133717767 951
249672 133717767 4755
250623 133717767 4755
251574 133717767 4755
252525 133717767 4755
253476 133717767 4755
789627 96795027 300
789627 96795027 900
789927 96795027 900
790227 96795027 900
790667 300361871 717
790667 300361871 3585
791384 300361871 3585
792101 300361871 3585
792818 300361871 3585
793535 300361871 3585
772273 161857587 377
772273 161857587 1508
772650 161857587 1508
773027 161857587 1508
773404 161857587 1508
226347 63898947 300
226347 63898947 900
226647 63898947 900
226947 63898947 900
781630 6972940 235
781630 6972940 705
781865 6972940 705
782100 6972940 705
844612 145571137 255
844612 145571137 510
844867 145571137 510
642146 405787298 864
642146 405787298 6048
643010 405787298 6048
643874 405787298 6048
644738 405787298 6048
645602 405787298 6048
646466 405787298 6048
647330 405787298 6048
444372 180084404 286
444372 180084404 572
444658 180084404 572
37489 667149038 757
37489 667149038 2271
38246 667149038 2271
39003 667149038 2271
182463 2611983 16
182463 2611983 32
182479 2611983 32
612017 102969649 898
612017 102969649 7184
612915 102969649 7184
613813 102969649 7184
614711 102969649 7184
615609 102969649 7184
616507 102969649 7184
617405 102969649 7184
618303 102969649 7184
33185 56476157 316
33185 56476157 2212
33501 56476157 2212
33817 56476157 2212
34133 56476157 2212
34449 56476157 2212
34765 56476157 2212
35081 56476157 2212
959006 226405742 848
959006 226405742 5936
959854 226405742 5936
960702 226405742 5936
961550 226405742 5936
962398 226405742 5936
963246 226405742 5936
964094 226405742 5936
424507 26694534 203
424507 26694534 1015
424710 26694534 1015
424913 26694534 1015
425116 26694534 1015
425319 26694534 1015
967356 273427132 346
967356 273427132 692
967702 273427132 692
287586 313817231 379
287586 313817231 758
287965 313817231 758
345538 51436706 59
345538 51436706 236
345597 51436706 236
345656 51436706 236
345715 51436706 236
213684 371166459 695
213684 371166459 1390
214379 371166459 1390
827323 209597013 842
827323 209597013 5894
828165 209597013 5894
829007 209597013 5894
829849 209597013 5894
830691 209597013 5894
831533 209597013 5894
832375 209597013 5894
196292 427939646 438
196292 427939646 3066
196730 427939646 3066
197168 427939646 3066
197606 427939646 3066
198044 427939646 3066
198482 427939646 3066
198920 427939646 3066
2417 93361637 178
2417 93361637 1246
2595 93361637 1246
2773 93361637 1246
2951 93361637 1246
3129 93361637 1246
3307 93361637 1246
3485 93361637 1246
893236 19216822 233
893236 19216822 1165
893469 19216822 1165
893702 19216822 1165
893935 19216822 1165
894168 19216822 1165
535681 342491225 527
535681 342491225 3689
536208 342491225 3689
536735 342491225 3689
537262 342491225 3689
537789 342491225 3689
538316 342491225 3689
538843 342491225 3689
878655 548054240 695
878655 548054240 4865
879350 548054240 4865
880045 548054240 4865
880740 548054240 4865
881435 548054240 4865
882130 548054240 4865
882825 548054240 4865
167147 580609340 729
167147 580609340 5832
167876 580609340 5832
168605 580609340 5832
169334 580609340 5832
170063 580609340 5832
170792 580609340 5832
171521 580609340 5832
172250 580609340 5832
803484 64598229 465
803484 64598229 1395
803949 64598229 1395
804414 64598229 1395
169141 121227325 661
169141 121227325 5288
169802 121227325 5288
170463 121227325 5288
171124 121227325 5288
171785 121227325 5288
172446 121227325 5288
173107 121227325 5288
173768 121227325 5288
661889 62285264 125
661889 62285264 875
662014 62285264 875
662139 62285264 875
662264 62285264 875
662389 62285264 875
662514 62285264 875
662639 62285264 875
768189 167787873 541
768189 167787873 3246
768730 167787873 3246
769271 167787873 3246
769812 167787873 3246
770353 167787873 3246
770894 167787873 3246
94066 581444066 770
94066 581444066 6160
94836 581444066 6160
95606 581444066 6160
96376 581444066 6160
97146 581444066 6160
97916 581444066 6160
98686 581444066 6160
99456 581444066 6160
107151 37963263 732
107151 37963263 4392
107883 37963263 4392
108615 37963263 4392
109347 37963263 4392
110079 37963263 4392
110811 37963263 4392
826140 531234161 533
826140 531234161 1066
826673 531234161 1066
620827 76544155 416
620827 76544155 2080
621243 76544155 2080
621659 76544155 2080
622075 76544155 2080
622491 76544155 2080
688301 241974731 670
688301 241974731 2010
688971 241974731 2010
689641 241974731 2010
619799 78168035 124
619799 78168035 868
619923 78168035 868
620047 78168035 868
620171 78168035 868
620295 78168035 868
620419 78168035 868
620543 78168035 868
421933 386512843 765
421933 386512843 5355
422698 386512843 5355
423463 386512843 5355
424228 386512843 5355
424993 386512843 5355
425758 386512843 5355
426523 386512843 5355
203068 4846955 379
203068 4846955 1137
203447 4846955 1137
203826 4846955 1137
147582 383927752 617
147582 383927752 1234
148199 383927752 1234
589276 319537120 382
589276 319537120 2674
589658 319537120 2674
590040 319537120 2674
590422 319537120 2674
590804 319537120 2674
591186 319537120 2674
591568 319537120 2674
114318 17155078 55
114318 17155078 165
114373 17155078 165
114428 17155078 165
557304 1619904 2
557304 1619904 8
557306 1619904 8
557308 1619904 8
557310 1619904 8
7522 919539082 948
7522 919539082 6636
8470 919539082 6636
9418 919539082 6636
10366 919539082 6636
11314 919539082 6636
12262 919539082 6636
13210 919539082 6636
383345 197863125 820
383345 197863125 1640
384165 197863125 1640
113087 135894718 491
113087 135894718 2455
113578 135894718 2455
114069 135894718 2455
114560 135894718 2455
115051 135894718 2455
309599 289395187 451
309599 289395187 1804
310050 289395187 1804
310501 289395187 1804
310952 289395187 1804
194341 111733375 573
194341 111733375 3438
194914 111733375 3438
195487 111733375 3438
196060 111733375 3438
196633 111733375 3438
197206 111733375 3438
599214 465711978 643
599214 465711978 2572
599857 465711978 2572
600500 465711978 2572
601143 465711978 2572
234192 599583312 640
234192 599583312 1920
234832 599583312 1920
235472 599583312 1920
500443 167712051 424
500443 167712051 2120
500867 167712051 2120
501291 167712051 2120
501715 167712051 2120
502139 167712051 2120
850808 252131164 316
850808 252131164 2528
851124 252131164 2528
851440 252131164 2528
851756 252131164 2528
852072 252131164 2528
852388 252131164 2528
852704 252131164 2528
853020 252131164 2528
60324 161348861 599
60324 161348861 4792
60923 161348861 4792
61522 161348861 4792
62121 161348861 4792
62720 161348861 4792
63319 161348861 4792
63918 161348861 4792
64517 161348861 4792
897234 5307178 28
897234 5307178 112
897262 5307178 112
897290 5307178 112
897318 5307178 112
976135 54016717 63
976135 54016717 252
976198 54016717 252
976261 54016717 252
976324 54016717 252
103287 46803798 897
103287 46803798 6279
104184 46803798 6279
105081 46803798 6279
105978 46803798 6279
106875 46803798 6279
107772 46803798 6279
108669 46803798 6279
239457 253158747 790
239457 253158747 3160
240247 253158747 3160
241037 253158747 3160
241827 253158747 3160
42750 746470620 801
42750 746470620 4806
43551 746470620 4806
44352 746470620 4806
45153 746470620 4806
45954 746470620 4806
46755 746470620 4806
92496 21593264 262
92496 21593264 1310
92758 21593264 1310
93020 21593264 1310
93282 21593264 1310
93544 21593264 1310
582259 581893227 668
582259 581893227 3340
582927 581893227 3340
583595 581893227 3340
584263 581893227 3340
584931 581893227 3340
765926 445421870 824
765926 445421870 2472
766750 445421870 2472
767574 445421870 2472
889381 214710896 227
889381 214710896 681
889608 214710896 681
889835 214710896 681
516876 272037778 443
516876 272037778 3544
517319 272037778 3544
517762 272037778 3544
518205 272037778 3544
518648 272037778 3544
519091 272037778 3544
519534 272037778 3544
519977 272037778 3544
629319 22736625 453
629319 22736625 3171
629772 22736625 3171
630225 22736625 3171
630678 22736625 3171
631131 22736625 3171
631584 22736625 3171
632037 22736625 3171
595110 196665978 486
595110 196665978 1944
595596 196665978 1944
596082 196665978 1944
596568 196665978 1944
661338 47046633 55
661338 47046633 110
661393 47046633 110
708057 154899825 372
708057 154899825 2232
708429 154899825 2232
708801 154899825 2232
709173 154899825 2232
709545 154899825 2232
709917 154899825 2232
311001 412323693 558
311001 412323693 2790
311559 412323693 2790
312117 412323693 2790
312675 412323693 2790
313233 412323693 2790
613441 135325270 441
613441 135325270 3087
613882 135325270 3087
614323 135325270 3087
614764 135325270 3087
615205 135325270 3087
615646 135325270 3087
616087 135325270 3087
420189 675879166 901
420189 675879166 2703
421090 675879166 2703
421991 675879166 2703
261496 462005 43
261496 462005 344
261539 462005 344
261582 462005 344
261625 462005 344
261668 462005 344
261711 462005 344
261754 462005 344
261797 462005 344
434223 203191134 453
434223 203191134 906
434676 203191134 906
752641 623777883 709
752641 623777883 1418
753350 623777883 1418
135049 7032014 305
135049 7032014 1525
135354 7032014 1525
135659 7032014 1525
135964 7032014 1525
136269 7032014 1525
47979 426517055 653
47979 426517055 3265
48632 426517055 3265
49285 426517055 3265
49938 426517055 3265
50591 426517055 3265
302645 2761889 669
302645 2761889 3345
303314 2761889 3345
303983 2761889 3345
304652 2761889 3345
305321 2761889 3345
308819 18084494 199
308819 18084494 1592
309018 18084494 1592
309217 18084494 1592
309416 18084494 1592
309615 18084494 1592
309814 18084494 1592
310013 18084494 1592
310212 18084494 1592
711040 225259717 591
711040 225259717 4728
711631 225259717 4728
712222 225259717 4728
712813 225259717 4728
713404 225259717 4728
713995 225259717 4728
714586 225259717 4728
715177 225259717 4728
513867 96915547 844
513867 96915547 5908
514711 96915547 5908
515555 96915547 5908
516399 96915547 5908
517243 96915547 5908
518087 96915547 5908
518931 96915547 5908
946059 376305967 847
946059 376305967 6776
946906 376305967 6776
947753 376305967 6776
948600 376305967 6776
949447 376305967 6776
950294 376305967 6776
951141 376305967 6776
951988 376305967 6776
613768 54940628 140
613768 54940628 280
613908 54940628 280
869141 65130497 157
869141 65130497 785
869298 65130497 785
869455 65130497 785
869612 65130497 785
869769 65130497 785
869141 458711034 751
869892 458711034 751
500
789694 182905054 420
789694 182905054 3360
790114 182905054 3360
790534 182905054 3360
790954 182905054 3360
791374 182905054 3360
791794 182905054 3360
792214 182905054 3360
792634 182905054 3360
884814 135955830 444
884814 135955830 2664
885258 135955830 2664
885702 135955830 2664
886146 135955830 2664
886590 135955830 2664
887034 135955830 2664
347187 22053459 108
347187 22053459 648
347295 22053459 648
347403 22053459 648
347511 22053459 648
347619 22053459 648
347727 22053459 648
504024 750077226 987
504024 750077226 1974
505011 750077226 1974
583065 687737337 797
583065 687737337 3985
583862 687737337 3985
584659 687737337 3985
585456 687737337 3985
586253 687737337 3985
291640 237740305 261
291640 237740305 1827
291901 237740305 1827
292162 237740305 1827
292423 237740305 1827
292684 237740305 1827
292945 237740305 1827
293206 237740305 1827
804411 305755337 602
804411 305755337 4816
805013 305755337 4816
805615 305755337 4816
806217 305755337 4816
806819 305755337 4816
807421 305755337 4816
808023 305755337 4816
808625 305755337 4816
997445 53100155 530
997445 53100155 2650
997975 53100155 2650
998505 53100155 2650
999035 53100155 2650
999565 53100155 2650
729205 402471205 792
729205 402471205 5544
729997 402471205 5544
730789 402471205 5544
731581 402471205 5544
732373 402471205 5544
733165 402471205 5544
733957 402471205 5544
50769 292024059 777
50769 292024059 2331
51546 292024059 2331
52323 292024059 2331
629522 28883990 29
629522 28883990 174
629551 28883990 174
629580 28883990 174
629609 28883990 174
629638 28883990 174
629667 28883990 174
335865 20074805 806
335865 20074805 4836
336671 20074805 4836
337477 20074805 4836
338283 20074805 4836
339089 20074805 4836
339895 20074805 4836
874542 127128142 550
874542 127128142 2750
875092 127128142 2750
875642 127128142 2750
876192 127128142 2750
876742 127128142 2750
466911 43911111 488
466911 43911111 1464
467399 43911111 1464
467887 43911111 1464
284522 182467538 204
284522 182467538 1224
284726 182467538 1224
284930 182467538 1224
285134 182467538 1224
285338 182467538 1224
285542 182467538 1224
103542 80869514 644
103542 80869514 1932
104186 80869514 1932
104830 80869514 1932
895052 22045658 74
895052 22045658 518
895126 22045658 518
895200 22045658 518
895274 22045658 518
895348 22045658 518
895422 22045658 518
895496 22045658 518
454504 44105852 338
454504 44105852 676
454842 44105852 676
463846 75081438 343
463846 75081438 686
464189 75081438 686
911676 422718126 754
911676 422718126 3770
912430 422718126 3770
913184 422718126 3770
913938 422718126 3770
914692 422718126 3770
178716 83316828 747
178716 83316828 2241
179463 83316828 2241
180210 83316828 2241
622660 6231124 48
622660 6231124 192
622708 6231124 192
622756 6231124 192
622804 6231124 192
334103 394953539 969
334103 394953539 6783
335072 394953539 6783
336041 394953539 6783
337010 394953539 6783
337979 394953539 6783
338948 394953539 6783
339917 394953539 6783
817662 25100878 151
817662 25100878 604
817813 25100878 604
817964 25100878 604
818115 25100878 604
917199 32685887 812
917199 32685887 4872
918011 32685887 4872
918823 32685887 4872
919635 32685887 4872
920447 32685887 4872
921259 32685887 4872
34153 100338943 194
34153 100338943 1164
34347 100338943 1164
34541 100338943 1164
34735 100338943 1164
34929 100338943 1164
35123 100338943 1164
311796 210571626 445
311796 210571626 1335
312241 210571626 1335
312686 210571626 1335
687878 305168288 390
687878 305168288 1950
688268 305168288 1950
688658 305168288 1950
689048 305168288 1950
689438 305168288 1950
43093 248043069 392
43093 248043069 1568
43485 248043069 1568
43877 248043069 1568
44269 248043069 1568
450803 535387753 674
450803 535387753 3370
451477 535387753 3370
452151 535387753 3370
452825 535387753 3370
453499 535387753 3370
176990 202341407 351
176990 202341407 1053
177341 202341407 1053
177692 202341407 1053
391590 365881926 652
391590 365881926 2608
392242 365881926 2608
392894 365881926 2608
393546 365881926 2608
4924 440405232 698
4924 440405232 4886
5622 440405232 4886
6320 440405232 4886
7018 440405232 4886
7716 440405232 4886
8414 440405232 4886
9112 440405232 4886
310387 131147266 153
310387 131147266 1071
310540 131147266 1071
310693 131147266 1071
310846 131147266 1071
310999 131147266 1071
311152 131147266 1071
311305 131147266 1071
411987 14860386 21
411987 14860386 105
412008 14860386 105
412029 14860386 105
412050 14860386 105
412071 14860386 105
911841 75969831 791
911841 75969831 1582
912632 75969831 1582
717189 440870613 852
717189 440870613 3408
718041 440870613 3408
718893 440870613 3408
719745 440870613 3408
730618 157811944 289
730618 157811944 2023
730907 157811944 2023
731196 157811944 2023
731485 157811944 2023
731774 157811944 2023
732063 157811944 2023
732352 157811944 2023
940465 79653202 543
940465 79653202 3258
941008 79653202 3258
941551 79653202 3258
942094 79653202 3258
942637 79653202 3258
943180 79653202 3258
235801 475817937 841
235801 475817937 4205
236642 475817937 4205
237483 475817937 4205
238324 475817937 4205
239165 475817937 4205
303878 365482593 695
303878 365482593 2780
304573 365482593 2780
305268 365482593 2780
305963 365482593 2780
305701 442111585 786
305701 442111585 3930
306487 442111585 3930
307273 442111585 3930
308059 442111585 3930
308845 442111585 3930
410031 136530615 579
410031 136530615 1737
410610 136530615 1737
411189 136530615 1737
950457 109120891 158
950457 109120891 316
950615 109120891 316
292422 518461497 795
292422 518461497 6360
293217 518461497 6360
294012 518461497 6360
294807 518461497 6360
295602 518461497 6360
296397 518461497 6360
297192 518461497 6360
297987 518461497 6360
503594 46292234 160
503594 46292234 480
503754 46292234 480
503914 46292234 480
209815 773306335 980
209815 773306335 2940
210795 773306335 2940
211775 773306335 2940
587365 369958301 634
587365 369958301 3804
587999 369958301 3804
588633 369958301 3804
589267 369958301 3804
589901 369958301 3804
590535 369958301 3804
327316 584531988 992
327316 584531988 5952
328308 584531988 5952
329300 584531988 5952
330292 584531988 5952
331284 584531988 5952
332276 584531988 5952
556515 70002199 308
556515 70002199 2156
556823 70002199 2156
557131 70002199 2156
557439 70002199 2156
557747 70002199 2156
558055 70002199 2156
558363 70002199 2156
317256 117758062 206
317256 117758062 1648
317462 117758062 1648
317668 117758062 1648
317874 117758062 1648
318080 117758062 1648
318286 117758062 1648
318492 117758062 1648
318698 117758062 1648
202849 391923268 639
202849 391923268 3195
203488 391923268 3195
204127 391923268 3195
204766 391923268 3195
205405 391923268 3195
133866 312199484 998
133866 312199484 7984
134864 312199484 7984
135862 312199484 7984
136860 312199484 7984
137858 312199484 7984
138856 312199484 7984
139854 312199484 7984
140852 312199484 7984
726235 522469121 986
726235 522469121 1972
727221 522469121 1972
464618 73726998 794
464618 73726998 3176
465412 73726998 3176
466206 73726998 3176
467000 73726998 3176
786816 64714281 805
786816 64714281 4025
787621 64714281 4025
788426 64714281 4025
789231 64714281 4025
790036 64714281 4025
76418 141470727 193
76418 141470727 1351
76611 141470727 1351
76804 141470727 1351
76997 141470727 1351
77190 141470727 1351
77383 141470727 1351
77576 141470727 1351
439511 4220527 4
439511 4220527 28
439515 4220527 28
439519 4220527 28
439523 4220527 28
439527 4220527 28
439531 4220527 28
439535 4220527 28
748273 283782094 431
748273 283782094 862
748704 283782094 862
778126 215787370 874
778126 215787370 6118
779000 215787370 6118
779874 215787370 6118
780748 215787370 6118
781622 215787370 6118
782496 215787370 6118
783370 215787370 6118
627510 44666538 111
627510 44666538 222
627621 44666538 222
339302 70201802 108
339302 70201802 756
339410 70201802 756
339518 70201802 756
339626 70201802 756
339734 70201802 756
339842 70201802 756
339950 70201802 756
785943 132620492 539
785943 132620492 3773
786482 132620492 3773
787021 132620492 3773
787560 132620492 3773
788099 132620492 3773
788638 132620492 3773
789177 132620492 3773
135359 572850893 579
135359 572850893 1158
135938 572850893 1158
849693 21279223 22
849693 21279223 66
849715 21279223 66
849737 21279223 66
594604 5988203 167
594604 5988203 1169
594771 5988203 1169
594938 5988203 1169
595105 5988203 1169
595272 5988203 1169
595439 5988203 1169
595606 5988203 1169
839764 60715341 151
839764 60715341 604
839915 60715341 604
840066 60715341 604
840217 60715341 604
942296 71563889 147
942296 71563889 441
942443 71563889 441
942590 71563889 441
924707 4519403 24
924707 4519403 72
924731 4519403 72
924755 4519403 72
786347 795243675 952
786347 795243675 7616
787299 795243675 7616
788251 795243675 7616
789203 795243675 7616
790155 795243675 7616
791107 795243675 7616
792059 795243675 7616
793011 795243675 7616
252767 402587444 753
252767 402587444 6024
253520 402587444 6024
254273 402587444 6024
255026 402587444 6024
255779 402587444 6024
256532 402587444 6024
257285 402587444 6024
258038 402587444 6024
160670 123288590 860
160670 123288590 3440
161530 123288590 3440
162390 123288590 3440
163250 123288590 3440
810921 520033788 753
810921 520033788 6024
811674 520033788 6024
812427 520033788 6024
813180 520033788 6024
813933 520033788 6024
814686 520033788 6024
815439 520033788 6024
816192 520033788 6024
215186 467667521 809
215186 467667521 2427
215995 467667521 2427
216804 467667521 2427
702250 520507438 567
702250 520507438 1134
702817 520507438 1134
83647 165632009 371
83647 165632009 2226
84018 165632009 2226
84389 165632009 2226
84760 165632009 2226
85131 165632009 2226
85502 165632009 2226
292957 375202225 411
292957 375202225 2877
293368 375202225 2877
293779 375202225 2877
294190 375202225 2877
294601 375202225 2877
295012 375202225 2877
295423 375202225 2877
264458 54414982 106
264458 54414982 848
264564 54414982 848
264670 54414982 848
264776 54414982 848
264882 54414982 848
264988 54414982 848
265094 54414982 848
265200 54414982 848
896154 37395474 66
896154 37395474 396
896220 37395474 396
896286 37395474 396
896352 37395474 396
896418 37395474 396
896484 37395474 396
532349 3049748 9
532349 3049748 27
532358 3049748 27
532367 3049748 27
143900 325127068 992
143900 325127068 6944
144892 325127068 6944
145884 325127068 6944
146876 325127068 6944
147868 325127068 6944
148860 325127068 6944
149852 325127068 6944
74623 95851467 163
74623 95851467 326
74786 95851467 326
142982 507589766 591
142982 507589766 2364
143573 507589766 2364
144164 507589766 2364
144755 507589766 2364
142982 447344582 755
143737 447344582 755
500
305333 194886350 279
305333 194886350 1674
305612 194886350 1674
305891 194886350 1674
306170 194886350 1674
306449 194886350 1674
306728 194886350 1674
677338 371680132 569
677338 371680132 2276
677907 371680132 2276
678476 371680132 2276
679045 371680132 2276
297671 87955463 912
297671 87955463 6384
298583 87955463 6384
299495 87955463 6384
300407 87955463 6384
301319 87955463 6384
302231 87955463 6384
303143 87955463 6384
998177 546644197 580
998177 546644197 1740
998757 546644197 1740
999337 546644197 1740
407339 47810564 85
407339 47810564 680
407424 47810564 680
407509 47810564 680
407594 47810564 680
407679 47810564 680
407764 47810564 680
407849 47810564 680
407934 47810564 680
754682 311069951 543
754682 311069951 1086
755225 311069951 1086
708145 5635921 84
708145 5635921 252
708229 5635921 252
708313 5635921 252
79649 389364363 767
79649 389364363 1534
80416 389364363 1534
819632 318710127 481
819632 318710127 2886
820113 318710127 2886
820594 318710127 2886
821075 318710127 2886
821556 318710127 2886
822037 318710127 2886
470189 6868541 27
470189 6868541 189
470216 6868541 189
470243 6868541 189
470270 6868541 189
470297 6868541 189
470324 6868541 189
470351 6868541 189
153445 140933045 208
153445 140933045 416
153653 140933045 416
648654 309699598 508
648654 309699598 3556
649162 309699598 3556
649670 309699598 3556
650178 309699598 3556
650686 309699598 3556
651194 309699598 3556
651702 309699598 3556
126530 9888120 10
126530 9888120 30
126540 9888120 30
126550 9888120 30
763070 7497446 132
763070 7497446 396
763202 7497446 396
763334 7497446 396
193889 199431902 417
193889 199431902 834
194306 199431902 834
484243 438096429 617
484243 438096429 3085
484860 438096429 3085
485477 438096429 3085
486094 438096429 3085
486711 438096429 3085
466180 350374840 460
466180 350374840 1840
466640 350374840 1840
467100 350374840 1840
467560 350374840 1840
644083 114461797 941
644083 114461797 2823
645024 114461797 2823
645965 114461797 2823
828984 347140920 432
828984 347140920 3456
829416 347140920 3456
829848 347140920 3456
830280 347140920 3456
830712 347140920 3456
831144 347140920 3456
831576 347140920 3456
832008 347140920 3456
898008 21625476 54
898008 21625476 108
898062 21625476 108
981804 681114781 929
981804 681114781 7432
982733 681114781 7432
983662 681114781 7432
984591 681114781 7432
985520 681114781 7432
986449 681114781 7432
987378 681114781 7432
988307 681114781 7432
429032 21653144 516
429032 21653144 2064
429548 21653144 2064
430064 21653144 2064
430580 21653144 2064
490973 240293998 347
490973 240293998 1041
491320 240293998 1041
491667 240293998 1041
841925 31002725 284
841925 31002725 568
842209 31002725 568
186733 202289293 396
186733 202289293 1584
187129 202289293 1584
187525 202289293 1584
187921 202289293 1584
379309 522515297 794
379309 522515297 3176
380103 522515297 3176
380897 522515297 3176
381691 522515297 3176
510320 324237544 916
510320 324237544 6412
511236 324237544 6412
512152 324237544 6412
513068 324237544 6412
513984 324237544 6412
514900 324237544 6412
515816 324237544 6412
370298 261814978 805
370298 261814978 2415
371103 261814978 2415
371908 261814978 2415
361893 54596964 99
361893 54596964 198
361992 54596964 198
775587 25577057 74
775587 25577057 148
775661 25577057 148
328265 44037065 80
328265 44037065 480
328345 44037065 480
328425 44037065 480
328505 44037065 480
328585 44037065 480
328665 44037065 480
163661 267086101 340
163661 267086101 2720
164001 267086101 2720
164341 267086101 2720
164681 267086101 2720
165021 267086101 2720
165361 267086101 2720
165701 267086101 2720
166041 267086101 2720
204873 96135159 309
204873 96135159 2472
205182 96135159 2472
205491 96135159 2472
205800 96135159 2472
206109 96135159 2472
206418 96135159 2472
206727 96135159 2472
207036 96135159 2472
227091 105362187 142
227091 105362187 1136
227233 105362187 1136
227375 105362187 1136
227517 105362187 1136
227659 105362187 1136
227801 105362187 1136
227943 105362187 1136
228085 105362187 1136
718083 334009965 627
718083 334009965 3135
718710 334009965 3135
719337 334009965 3135
719964 334009965 3135
720591 334009965 3135
315141 67600284 159
315141 67600284 1272
315300 67600284 1272
315459 67600284 1272
315618 67600284 1272
315777 67600284 1272
315936 67600284 1272
316095 67600284 1272
316254 67600284 1272
742671 79242331 421
742671 79242331 1684
743092 79242331 1684
743513 79242331 1684
743934 79242331 1684
939600 706891360 856
939600 706891360 5136
940456 706891360 5136
941312 706891360 5136
942168 706891360 5136
943024 706891360 5136
943880 706891360 5136
101514 212373196 497
101514 212373196 3976
102011 212373196 3976
102508 212373196 3976
103005 212373196 3976
103502 212373196 3976
103999 212373196 3976
104496 212373196 3976
104993 212373196 3976
537941 290498141 900
537941 290498141 7200
538841 290498141 7200
539741 290498141 7200
540641 290498141 7200
541541 290498141 7200
542441 290498141 7200
543341 290498141 7200
544241 290498141 7200
575643 824357802 909
575643 824357802 1818
576552 824357802 1818
440911 218113324 237
440911 218113324 1185
441148 218113324 1185
441385 218113324 1185
441622 218113324 1185
441859 218113324 1185
779240 8903705 15
779240 8903705 105
779255 8903705 105
779270 8903705 105
779285 8903705 105
779300 8903705 105
779315 8903705 105
779330 8903705 105
470492 190328714 633
470492 190328714 3165
471125 190328714 3165
471758 190328714 3165
472391 190328714 3165
473024 190328714 3165
354478 77959486 78
354478 77959486 468
354556 77959486 468
354634 77959486 468
354712 77959486 468
354790 77959486 468
354868 77959486 468
343621 155459141 896
343621 155459141 1792
344517 155459141 1792
403916 48329834 243
403916 48329834 1215
404159 48329834 1215
404402 48329834 1215
404645 48329834 1215
404888 48329834 1215
278299 456065001 479
278299 456065001 2395
278778 456065001 2395
279257 456065001 2395
279736 456065001 2395
280215 456065001 2395
929933 251228735 351
929933 251228735 1404
930284 251228735 1404
930635 251228735 1404
930986 251228735 1404
611585 122367113 604
611585 122367113 4228
612189 122367113 4228
612793 122367113 4228
613397 122367113 4228
614001 122367113 4228
614605 122367113 4228
615209 122367113 4228
944795 391191743 834
944795 391191743 6672
945629 391191743 6672
946463 391191743 6672
947297 391191743 6672
948131 391191743 6672
948965 391191743 6672
949799 391191743 6672
950633 391191743 6672
388983 39335143 40
388983 39335143 160
389023 39335143 160
389063 39335143 160
389103 39335143 160
258030 20162754 84
258030 20162754 252
258114 20162754 252
258198 20162754 252
823050 603851754 834
823050 603851754 6672
823884 603851754 6672
824718 603851754 6672
825552 603851754 6672
826386 603851754 6672
827220 603851754 6672
828054 603851754 6672
828888 603851754 6672
403068 258908198 377
403068 258908198 3016
403445 258908198 3016
403822 258908198 3016
404199 258908198 3016
404576 258908198 3016
404953 258908198 3016
405330 258908198 3016
405707 258908198 3016
944881 321856819 342
944881 321856819 1710
945223 321856819 1710
945565 321856819 1710
945907 321856819 1710
946249 321856819 1710
500456 25540280 184
500456 25540280 1104
500640 25540280 1104
500824 25540280 1104
501008 25540280 1104
501192 25540280 1104
501376 25540280 1104
696570 163762270 965
696570 163762270 1930
697535 163762270 1930
436190 442949228 781
436190 442949228 6248
436971 442949228 6248
437752 442949228 6248
438533 442949228 6248
439314 442949228 6248
440095 442949228 6248
440876 442949228 6248
441657 442949228 6248
711522 381551760 783
711522 381551760 2349
712305 381551760 2349
713088 381551760 2349
62170 193727014 822
62170 193727014 5754
62992 193727014 5754
63814 193727014 5754
64636 193727014 5754
65458 193727014 5754
66280 193727014 5754
67102 193727014 5754
307164 26332167 291
307164 26332167 2328
307455 26332167 2328
307746 26332167 2328
308037 26332167 2328
308328 26332167 2328
308619 26332167 2328
308910 26332167 2328
309201 26332167 2328
335501 660409235 846
335501 660409235 6768
336347 660409235 6768
337193 660409235 6768
338039 660409235 6768
338885 660409235 6768
339731 660409235 6768
340577 660409235 6768
341423 660409235 6768
739067 415899410 807
739067 415899410 4842
739874 415899410 4842
740681 415899410 4842
741488 415899410 4842
742295 415899410 4842
743102 415899410 4842
629660 334572084 908
629660 334572084 4540
630568 334572084 4540
631476 334572084 4540
632384 334572084 4540
633292 334572084 4540
65859 580541230 677
65859 580541230 4739
66536 580541230 4739
67213 580541230 4739
67890 580541230 4739
68567 580541230 4739
69244 580541230 4739
69921 580541230 4739
682869 545924643 649
682869 545924643 1298
683518 545924643 1298
257085 436404615 870
257085 436404615 1740
257955 436404615 1740
902181 15642061 248
902181 15642061 1984
902429 15642061 1984
902677 15642061 1984
902925 15642061 1984
903173 15642061 1984
903421 15642061 1984
903669 15642061 1984
903917 15642061 1984
287660 313002469 649
287660 313002469 3894
288309 313002469 3894
288958 313002469 3894
289607 313002469 3894
290256 313002469 3894
290905 313002469 3894
999669 292456046 557
999669 292456046 4456
1000226 292456046 4456
1000783 292456046 4456
1001340 292456046 4456
1001897 292456046 4456
1002454 292456046 4456
1003011 292456046 4456
1003568 292456046 4456
808694 325305559 515
808694 325305559 3605
809209 325305559 3605
809724 325305559 3605
810239 325305559 3605
810754 325305559 3605
811269 325305559 3605
811784 325305559 3605
79421 111714021 440
79421 111714021 880
79861 111714021 880
978902 3975662 24
978902 3975662 72
978926 3975662 72
978950 3975662 72
681320 335069624 432
681320 335069624 1728
681752 335069624 1728
682184 335069624 1728
682616 335069624 1728
194748 437517987 999
194748 437517987 6993
195747 437517987 6993
196746 437517987 6993
197745 437517987 6993
198744 437517987 6993
199743 437517987 6993
200742 437517987 6993
80868 238113208 364
80868 238113208 728
81232 238113208 728
852959 156118445 218
852959 156118445 436
853177 156118445 436
210479 28341635 67
210479 28341635 201
210546 28341635 201
210613 28341635 201
569965 208078462 301
569965 208078462 2408
570266 208078462 2408
570567 208078462 2408
570868 208078462 2408
571169 208078462 2408
571470 208078462 2408
571771 208078462 2408
572072 208078462 2408
531713 765478516 863
531713 765478516 6904
532576 765478516 6904
533439 765478516 6904
534302 765478516 6904
535165 765478516 6904
536028 765478516 6904
536891 765478516 6904
537754 765478516 6904
553762 73517920 417
553762 73517920 2085
554179 73517920 2085
554596 73517920 2085
555013 73517920 2085
555430 73517920 2085
553762 774606622 885
554647 774606622 885
500
326209 261055041 728
326209 261055041 1456
326937 261055041 1456
352585 1982903 2
352585 1982903 12
352587 1982903 12
352589 1982903 12
352591 1982903 12
352593 1982903 12
352595 1982903 12
840306 269254704 307
840306 269254704 921
840613 269254704 921
840920 269254704 921
600572 191104242 245
600572 191104242 1960
600817 191104242 1960
601062 191104242 1960
601307 191104242 1960
601552 191104242 1960
601797 191104242 1960
602042 191104242 1960
602287 191104242 1960
944651 14687047 19
944651 14687047 76
944670 14687047 76
944689 14687047 76
944708 14687047 76
98229 371679639 901
98229 371679639 5406
99130 371679639 5406
100031 371679639 5406
100932 371679639 5406
101833 371679639 5406
102734 371679639 5406
70345 26510815 45
70345 26510815 225
70390 26510815 225
70435 26510815 225
70480 26510815 225
70525 26510815 225
425980 11954862 239
425980 11954862 1195
426219 11954862 1195
426458 11954862 1195
426697 11954862 1195
426936 11954862 1195
488633 31579217 84
488633 31579217 588
488717 31579217 588
488801 31579217 588
488885 31579217 588
488969 31579217 588
489053 31579217 588
489137 31579217 588
383832 176921784 222
383832 176921784 1776
384054 176921784 1776
384276 176921784 1776
384498 176921784 1776
384720 176921784 1776
384942 176921784 1776
385164 176921784 1776
385386 176921784 1776
378086 55763570 588
378086 55763570 3528
378674 55763570 3528
379262 55763570 3528
379850 55763570 3528
380438 55763570 3528
381026 55763570 3528
782709 572617077 831
782709 572617077 6648
783540 572617077 6648
784371 572617077 6648
785202 572617077 6648
786033 572617077 6648
786864 572617077 6648
787695 572617077 6648
788526 572617077 6648
489968 229508080 911
489968 229508080 3644
490879 229508080 3644
491790 229508080 3644
492701 229508080 3644
832763 139283656 371
832763 139283656 2968
833134 139283656 2968
833505 139283656 2968
833876 139283656 2968
834247 139283656 2968
834618 139283656 2968
834989 139283656 2968
835360 139283656 2968
15192 8191168 281
15192 8191168 1405
15473 8191168 1405
15754 8191168 1405
16035 8191168 1405
16316 8191168 1405
933663 49440902 187
933663 49440902 748
933850 49440902 748
934037 49440902 748
934224 49440902 748
109606 139219262 604
109606 139219262 4832
110210 139219262 4832
110814 139219262 4832
111418 139219262 4832
112022 139219262 4832
112626 139219262 4832
113230 139219262 4832
113834 139219262 4832
628864 402270447 887
628864 402270447 6209
629751 402270447 6209
630638 402270447 6209
631525 402270447 6209
632412 402270447 6209
633299 402270447 6209
634186 402270447 6209
18215 193667943 292
18215 193667943 2044
18507 193667943 2044
18799 193667943 2044
19091 193667943 2044
19383 193667943 2044
19675 193667943 2044
19967 193667943 2044
108800 303972108 749
108800 303972108 2996
109549 303972108 2996
110298 303972108 2996
111047 303972108 2996
730492 609790876 648
730492 609790876 4536
731140 609790876 4536
731788 609790876 4536
732436 609790876 4536
733084 609790876 4536
733732 609790876 4536
734380 609790876 4536
299862 263534286 508
299862 263534286 3556
300370 263534286 3556
300878 263534286 3556
301386 263534286 3556
301894 263534286 3556
302402 263534286 3556
302910 263534286 3556
236346 449122406 490
236346 449122406 1960
236836 449122406 1960
237326 449122406 1960
237816 449122406 1960
154627 118979411 281
154627 118979411 562
154908 118979411 562
128447 407224591 442
128447 407224591 2652
128889 407224591 2652
129331 407224591 2652
129773 407224591 2652
130215 407224591 2652
130657 407224591 2652
97148 208515050 847
97148 208515050 5929
97995 208515050 5929
98842 208515050 5929
99689 208515050 5929
100536 208515050 5929
101383 208515050 5929
102230 208515050 5929
591304 162251400 664
591304 162251400 1328
591968 162251400 1328
927513 75084267 849
927513 75084267 1698
928362 75084267 1698
84601 971075033 992
84601 971075033 2976
85593 971075033 2976
86585 971075033 2976
898296 62903679 99
898296 62903679 792
898395 62903679 792
898494 62903679 792
898593 62903679 792
898692 62903679 792
898791 62903679 792
898890 62903679 792
898989 62903679 792
724419 740658267 776
724419 740658267 6208
725195 740658267 6208
725971 740658267 6208
726747 740658267 6208
727523 740658267 6208
728299 740658267 6208
729075 740658267 6208
729851 740658267 6208
456399 130120661 182
456399 130120661 1092
456581 130120661 1092
456763 130120661 1092
456945 130120661 1092
457127 130120661 1092
457309 130120661 1092
640893 762347608 763
640893 762347608 2289
641656 762347608 2289
642419 762347608 2289
93720 67942776 594
93720 67942776 1782
94314 67942776 1782
94908 67942776 1782
340546 49540521 275
340546 49540521 1925
340821 49540521 1925
341096 49540521 1925
341371 49540521 1925
341646 49540521 1925
341921 49540521 1925
342196 49540521 1925
862639 287260975 784
862639 287260975 4704
863423 287260975 4704
864207 287260975 4704
864991 287260975 4704
865775 287260975 4704
866559 287260975 4704
649777 112806241 552
649777 112806241 4416
650329 112806241 4416
650881 112806241 4416
651433 112806241 4416
651985 112806241 4416
652537 112806241 4416
653089 112806241 4416
653641 112806241 4416
581098 349859933 751
581098 349859933 1502
581849 349859933 1502
101102 58511696 471
101102 58511696 2826
101573 58511696 2826
102044 58511696 2826
102515 58511696 2826
102986 58511696 2826
103457 58511696 2826
357274 269532874 720
357274 269532874 2880
357994 269532874 2880
358714 269532874 2880
359434 269532874 2880
872286 82398366 320
872286 82398366 1280
872606 82398366 1280
872926 82398366 1280
873246 82398366 1280
775416 611596696 656
775416 611596696 4592
776072 611596696 4592
776728 611596696 4592
777384 611596696 4592
778040 611596696 4592
778696 611596696 4592
779352 611596696 4592
68206 141705207 779
68206 141705207 4674
68985 141705207 4674
69764 141705207 4674
70543 141705207 4674
71322 141705207 4674
72101 141705207 4674
409893 862342893 940
409893 862342893 5640
410833 862342893 5640
411773 862342893 5640
412713 862342893 5640
413653 862342893 5640
414593 862342893 5640
718263 781841235 994
718263 781841235 1988
719257 781841235 1988
504008 166619008 500
504008 166619008 1500
504508 166619008 1500
505008 166619008 1500
515094 88698560 889
515094 88698560 3556
515983 88698560 3556
516872 88698560 3556
517761 88698560 3556
160178 297557498 748
160178 297557498 2244
160926 297557498 2244
161674 297557498 2244
235751 176080439 614
235751 176080439 1842
236365 176080439 1842
236979 176080439 1842
756497 264690097 280
756497 264690097 2240
756777 264690097 2240
757057 264690097 2240
757337 264690097 2240
757617 264690097 2240
757897 264690097 2240
758177 264690097 2240
758457 264690097 2240
686862 190280197 755
686862 190280197 3775
687617 190280197 3775
688372 190280197 3775
689127 190280197 3775
689882 190280197 3775
804561 152527821 540
804561 152527821 3240
805101 152527821 3240
805641 152527821 3240
806181 152527821 3240
806721 152527821 3240
807261 152527821 3240
578206 519603761 901
578206 519603761 6307
579107 519603761 6307
580008 519603761 6307
580909 519603761 6307
581810 519603761 6307
582711 519603761 6307
583612 519603761 6307
486081 225093878 703
486081 225093878 2109
486784 225093878 2109
487487 225093878 2109
958591 846767487 928
958591 846767487 3712
959519 846767487 3712
960447 846767487 3712
961375 846767487 3712
50264 329208899 345
50264 329208899 1380
50609 329208899 1380
50954 329208899 1380
51299 329208899 1380
163292 70526060 488
163292 70526060 976
163780 70526060 976
395629 335321689 834
395629 335321689 3336
396463 335321689 3336
397297 335321689 3336
398131 335321689 3336
129283 497302520 913
129283 497302520 3652
130196 497302520 3652
131109 497302520 3652
132022 497302520 3652
742207 18224023 88
742207 18224023 264
742295 18224023 264
742383 18224023 264
50942 733090199 807
50942 733090199 2421
51749 733090199 2421
52556 733090199 2421
872473 303749689 772
872473 303749689 2316
873245 303749689 2316
874017 303749689 2316
537421 426347546 871
537421 426347546 5226
538292 426347546 5226
539163 426347546 5226
540034 426347546 5226
540905 426347546 5226
541776 426347546 5226
270783 151995078 365
270783 151995078 1460
271148 151995078 1460
271513 151995078 1460
271878 151995078 1460
967880 461573960 579
967880 461573960 2895
968459 461573960 2895
969038 461573960 2895
969617 461573960 2895
970196 461573960 2895
877866 12655528 26
877866 12655528 208
877892 12655528 208
877918 12655528 208
877944 12655528 208
877970 12655528 208
877996 12655528 208
878022 12655528 208
878048 12655528 208
154518 146876380 287
154518 146876380 1722
154805 146876380 1722
155092 146876380 1722
155379 146876380 1722
155666 146876380 1722
155953 146876380 1722
423853 725451869 752
423853 725451869 2256
424605 725451869 2256
425357 725451869 2256
546996 160971720 276
546996 160971720 1104
547272 160971720 1104
547548 160971720 1104
547824 160971720 1104
537064 4914187 9
537064 4914187 27
537073 4914187 27
537082 4914187 27
940169 596132945 776
940169 596132945 3880
940945 596132945 3880
941721 596132945 3880
942497 596132945 3880
943273 596132945 3880
250194 356144241 981
250194 356144241 7848
251175 356144241 7848
252156 356144241 7848
253137 356144241 7848
254118 356144241 7848
255099 356144241 7848
256080 356144241 7848
257061 356144241 7848
663482 60576323 479
663482 60576323 3353
663961 60576323 3353
664440 60576323 3353
664919 60576323 3353
665398 60576323 3353
665877 60576323 3353
666356 60576323 3353
494329 151993054 177
494329 151993054 1416
494506 151993054 1416
494683 151993054 1416
494860 151993054 1416
495037 151993054 1416
495214 151993054 1416
495391 151993054 1416
495568 151993054 1416
599281 62226061 180
599281 62226061 720
599461 62226061 720
599641 62226061 720
599821 62226061 720
789774 107167130 188
789774 107167130 1316
789962 107167130 1316
790150 107167130 1316
790338 107167130 1316
790526 107167130 1316
790714 107167130 1316
790902 107167130 1316
428448 46572798 570
428448 46572798 3420
429018 46572798 3420
429588 46572798 3420
430158 46572798 3420
430728 46572798 3420
431298 46572798 3420
737947 32278659 98
737947 32278659 686
738045 32278659 686
738143 32278659 686
738241 32278659 686
738339 32278659 686
738437 32278659 686
738535 32278659 686
254242 868305436 934
254242 868305436 4670
255176 868305436 4670
256110 868305436 4670
257044 868305436 4670
257978 868305436 4670
537454 81928039 95
537454 81928039 760
537549 81928039 760
537644 81928039 760
537739 81928039 760
537834 81928039 760
537929 81928039 760
538024 81928039 760
538119 81928039 760
787204 529467706 746
787204 529467706 2238
787950 529467706 2238
788696 529467706 2238
787204 322327774 907
788111 322327774 907
