1000 1000
33754 99959
71901 99224
35121 84368
64710 91719
12273 74876
14500 79982
5213 52142
15769 54406
33530 87757
44949 85628
41961 53178
20465 67342
10376 68544
21872 90569
27415 96700
56894 79351
47954 73034
73217 63919
19715 66868
59802 98275
39724 94592
4388 73223
65854 81758
45079 97340
62061 62881
39800 86634
30274 60607
47187 79764
55662 54110
44083 92557
58985 97143
60595 66068
46121 69083
6364 86878
4441 54225
14174 77696
73169 72709
89100 95551
55069 97149
71109 83282
56910 94459
37502 76089
87525 83191
60535 93518
70098 54086
42614 66013
21945 76583
68724 80706
86075 80670
50252 90919
57603 62037
51030 83712
99338 88134
2496 98514
7012 90755
71534 95312
865 70311
83807 99580
26428 95854
64278 59403
81662 57072
58311 69770
42803 66798
4376 88623
34824 86662
35743 82362
35404 57455
55900 52045
43253 63938
89146 80870
48351 50954
46888 99206
18770 66182
53955 84067
7739 60482
58074 80577
41475 68886
9358 60511
76121 60123
62209 83151
84712 78674
19721 64084
17427 50188
54855 91018
50366 75989
43647 78119
53734 57369
64283 98209
53932 94711
34052 63489
69174 85047
67421 91349
41212 63013
43981 98918
6863 60293
60979 88523
20492 66182
28040 93697
89022 68737
14948 99098
59597 56601
54456 71669
65480 73142
2186 65423
69679 80056
97432 91646
61066 91579
82204 78335
57982 94155
68665 87030
48724 77922
72770 62016
26694 87460
23484 79076
55 90427
71454 60223
13377 64690
5686 88900
77351 79672
30970 64984
76811 92536
18585 84130
25957 98925
72857 98008
59675 58318
65134 56828
87515 79190
93965 98946
55065 83858
46275 91448
72231 65494
47474 89914
59989 52164
97167 77316
77381 92438
17071 50864
72889 58230
24771 78388
69146 56759
99135 59534
55499 80033
69922 79220
18523 53808
73573 94475
97685 74787
61410 80552
53927 56194
71875 89067
78394 58580
83957 58795
97177 67983
42669 95291
85738 53954
1614 92669
81418 68675
16407 53693
97720 77866
12634 67232
50213 70379
22533 78640
38757 56928
34164 94749
9176 88959
39301 90082
75079 68799
59695 57856
73339 67837
91376 81597
86154 95427
30311 51106
26441 85769
37192 62810
49396 97014
56754 63909
68734 60349
80208 71860
95931 61041
32876 99002
20409 69024
9027 56838
44488 97261
446 93208
87435 86443
93254 55490
17514 67671
41160 55271
86632 79998
68114 85675
60879 66724
51986 53704
53208 92132
69806 53651
62917 60773
70596 62473
7561 51035
11516 95524
64694 61908
86226 72695
20133 72835
25716 89521
19395 53383
97953 53245
77929 81475
58405 69692
39989 97804
1123 84573
58936 67562
58686 61710
89960 59477
21528 86036
41606 62096
65920 77410
61355 70289
74778 81656
64328 96892
51838 52231
16424 93871
6101 83655
32207 53697
65863 82844
91247 86044
81743 60037
37912 74241
72033 50543
2412 55231
41743 53531
42955 77438
66667 59933
8863 99648
2149 59451
74641 81367
89616 96813
3775 85761
1769 59882
76573 93114
40880 59559
34616 78744
34353 51365
79401 91344
16750 55304
32649 57088
25828 82504
82506 58378
79913 50853
50289 52627
97262 54563
36046 90589
32346 77833
98945 91143
8504 75107
1744 99044
59687 72714
88356 54262
25238 58674
33128 94589
65919 60782
16831 82115
57731 54803
16943 54324
23408 57818
36055 75262
24865 50246
7546 82358
44623 92199
91323 75096
98358 67057
18861 51970
45777 70527
68435 73151
91324 79742
29352 52481
41 88018
65340 52411
78223 93691
11766 98478
65866 63686
38651 82492
36272 98890
64291 60614
69037 88350
66725 67693
81382 78450
41789 54477
9153 94498
14523 87479
60840 63969
74071 74064
39113 93158
18652 54107
38044 92511
35316 97657
94589 94925
27342 88731
36513 54298
28107 94202
79948 94355
5646 66655
96767 90859
4839 81082
6713 67362
22748 78197
12292 77122
44785 61219
52579 97337
68738 75728
10204 86513
43587 64644
94371 62833
52005 84552
95264 62020
85488 87681
91293 99949
52893 97781
71271 94069
26682 94764
93444 66024
78240 61362
62598 84521
57138 82026
19163 97209
54855 81004
62632 90438
50510 83759
85721 58324
36940 98304
15328 65665
56196 95321
29912 99620
27383 75021
83170 81264
28221 64419
19845 92745
98700 68335
62187 66964
46674 68423
14416 76715
27067 66494
16321 54375
50400 89025
12794 87165
83025 51645
26118 91914
67445 77743
81011 99368
6267 94523
81594 72548
57146 96521
57299 62625
16584 70459
28034 83818
17186 62363
97489 56910
35848 86987
38179 97713
15849 83286
6291 81941
95445 97008
87149 91197
21141 74689
90419 86815
48692 89798
78245 87453
89802 52556
94385 60474
4084 88969
18697 71198
97572 64126
65520 98791
29993 98694
52370 86424
54670 90681
77419 66909
23772 51520
45706 71738
49078 57971
88670 95420
24487 95817
36309 93387
51513 51551
69728 80689
85816 66755
93216 60453
20961 89295
49509 91294
62432 65047
29499 69967
76890 55382
16270 62016
4187 63583
61924 92412
14450 60908
83737 87924
66563 98606
85928 73699
83443 63074
6374 59278
60432 65574
85348 79311
58323 97576
48697 92856
53086 57621
86911 86951
17815 77601
63340 88508
65155 92022
91618 90641
8560 87352
51244 87556
28103 78476
25900 95415
25531 74942
13506 89980
48213 83724
57 54684
66413 99195
76345 53222
59652 78964
82177 88422
66434 89140
15820 66350
87132 67149
43896 61992
15494 94855
3517 99759
65014 60802
71493 74181
94393 99865
9209 85561
16555 92752
81844 74188
90723 97086
18817 67364
37794 76883
44192 60516
62861 92015
84871 75085
151 93157
78387 82267
56608 86625
75593 70643
60374 86499
28517 51771
64787 68285
30075 88553
79695 86878
97012 71585
2809 58751
20790 78614
49525 54034
77532 70258
57696 75297
95081 73814
23871 82420
89843 75067
88073 88106
34804 85072
28871 59134
19564 79568
33749 83476
7703 57058
94259 90161
83859 63616
36894 67591
54020 93847
2334 99963
15154 76974
26657 68747
34227 71615
16404 66169
63709 88812
5855 51691
85626 97480
78184 70027
77439 97547
87530 95168
25375 92457
22558 92548
95206 93541
62937 66904
62220 91064
29831 70092
58003 70028
20311 78126
23366 99307
49002 97626
73894 57870
85586 62001
22285 69443
97411 82398
92052 63432
17567 80894
99431 81495
59363 71262
15927 92880
76564 81024
20273 82935
88224 70582
79233 89956
3207 53905
77952 52303
22376 86681
23416 60148
44068 74825
88081 58612
78127 55881
59122 53388
13910 77933
35817 69517
85892 69220
28274 55962
62594 55640
1554 60660
43172 51159
92054 84230
16088 58479
14938 65896
54555 56008
62775 53142
405 64935
72804 65957
47338 93101
90575 57591
6830 63529
67222 79529
10839 98805
87880 92294
76745 83688
56952 89967
2923 62870
98999 99212
51714 70031
90176 75809
68641 50451
37594 75473
20156 50007
80279 86203
58674 70075
61444 73441
29948 80202
90928 75654
56864 97761
46921 92752
944 80202
2581 66294
85581 66216
55579 73721
31866 99215
76266 80887
98703 87782
18606 74354
40607 57089
19054 99498
2441 63651
81135 70069
58218 85209
5878 91461
67221 72971
81393 64417
73022 85533
88381 64845
1903 74120
28599 56596
6064 97397
66978 73000
35074 62443
56327 50869
17171 67211
7665 55996
4933 82606
84703 52616
77213 90391
94582 50784
59729 96892
45300 85136
76299 73815
24055 52773
93990 57148
28322 71269
73869 65453
37522 58323
97234 60224
17327 56728
1931 68860
66719 76898
46493 66692
86364 69280
58352 82892
841 89046
89624 63168
99886 71507
96171 92763
60475 94219
92946 52250
6564 73056
447 78357
8460 64200
54284 59173
44788 84617
83480 61555
95781 79499
79279 91029
86381 94631
95794 96746
88415 63004
49713 67157
51338 56196
28592 77393
52395 69131
16960 84503
4703 75249
19395 92168
31438 79343
71652 78979
62597 88675
4083 75474
1455 68780
73225 85554
53696 59024
91409 56386
54434 51512
46761 75140
87004 92764
50288 76725
29593 50777
31061 81983
1005 92689
63809 65474
56837 84793
41370 95293
6942 94287
94162 50941
61518 55870
28936 95079
36404 78094
90026 55523
61464 84309
45664 96615
44842 92497
20570 57567
79550 93868
25081 69299
18436 73002
45699 77189
57052 97828
11057 90562
65224 52548
21446 73782
88956 87298
74657 91914
70724 88928
48899 94997
17820 87400
13358 59609
6865 74251
53447 82470
18260 75328
16023 73276
16472 55143
28320 74725
81493 82247
70221 63685
60946 56789
6161 61814
42046 74930
91611 68779
45499 60464
77659 96394
67775 64688
58682 87061
57647 91781
93757 66358
23360 89901
28954 84040
87852 99399
29706 66615
13000 83352
32412 94342
24295 86369
40197 52830
35740 78484
11812 84456
5020 94686
77259 96113
13191 96153
63785 98313
80773 62003
79447 73643
83673 63604
60314 56247
98376 85048
73572 72550
39001 62463
18024 67842
77258 91649
45987 69431
22731 92281
10587 68381
79973 94037
16896 96340
40137 56966
96703 96724
54573 87224
41392 80174
17253 96650
42473 82432
40781 68584
59708 50097
38378 90474
59428 89179
68655 88611
44983 70856
95917 62496
35487 77158
59766 53729
85403 56022
65766 96052
53515 88965
90958 82413
91287 93404
45667 64860
56543 60760
49802 99418
82580 73791
26684 88097
36517 99916
80125 71579
3076 76199
37068 60007
51929 99908
23648 95457
29438 83732
52140 67977
26102 84084
10562 51135
84011 79452
67498 71924
59027 99439
89506 69670
38181 79835
16316 95500
27880 93774
56196 59822
88833 69754
85868 82631
39151 92867
10796 94193
98927 78895
84244 58595
38736 71860
75120 59068
83736 85027
96003 60125
92620 52333
17071 76296
1697 96863
21849 80520
62531 98174
60530 79210
4010 60170
24828 56190
72264 58528
28100 98237
31262 71853
28923 69004
39851 75863
25447 63625
63011 59063
82700 54656
6956 62846
2783 62166
65860 62048
70932 78246
35379 92328
96105 96751
10563 78597
15252 83437
89259 53322
86720 83850
88397 88505
6869 78188
52388 90226
68184 84558
70115 74864
87380 69986
67005 79467
18427 75320
63849 93440
77606 61036
37171 70323
71318 66168
27345 60726
46911 95346
62623 81278
53476 57825
65624 50649
11969 52750
25363 96429
49760 90164
47387 85823
5251 86905
76357 70204
79959 66104
45739 84392
39431 68013
63977 94228
46994 72236
30021 52386
24276 96906
43885 65378
76366 72047
87151 59345
43870 66203
84839 71407
40693 95668
63473 94418
79320 91121
18676 54096
80034 87567
33193 52966
63675 52503
62916 58361
21193 70750
37275 51621
1932 53712
55923 90987
23371 51627
82983 69158
71937 65406
93573 92798
16398 75697
91277 52945
29578 61138
71346 83342
74366 64132
78130 63584
18058 52104
65059 50675
50334 51293
1070 59110
16195 97198
63265 58667
16417 50428
39509 85257
14068 86992
33687 95510
22830 74570
58885 88806
51266 64798
94721 93713
67471 67756
96374 64166
30247 97843
41130 52014
96468 95040
65548 82044
31895 70522
84931 50362
75060 77837
85721 55386
73872 72973
68648 86817
60721 58652
65459 92552
74114 57069
86673 70981
49380 52861
43464 53986
77182 59289
76558 77743
75847 85727
19015 55866
87270 69099
88757 86500
28384 51147
511 80365
26587 52082
31659 90265
13042 52103
31996 93485
89999 87683
61442 52599
18066 99613
35357 69150
22201 81189
85247 72530
70371 65980
22141 73164
24559 93925
69024 91315
34429 60849
87901 87794
55044 57461
48321 82967
49380 79476
87943 87338
15336 50217
95108 76304
70641 55824
28647 86633
75082 51647
7241 63228
50858 56160
35796 62006
89333 64656
44710 63758
90705 93601
84775 57039
68520 98212
46537 69926
46114 85059
73629 63447
216 56501
27553 63008
31904 94505
80049 67939
2796 68105
85140 73079
65725 76860
29069 83651
58458 66307
95169 85624
22739 58261
27614 70269
62093 51269
25509 52761
8630 66060
2359 90207
16928 74560
96052 94188
2462 62156
72167 74517
12445 52594
91614 73128
94593 51282
49578 80272
27163 72789
18564 86798
73745 67858
57510 56124
36679 65863
60396 64756
31210 93695
86856 63784
25369 76779
13320 96620
91712 88700
65791 97099
59145 78032
98677 80049
94437 95606
39491 56204
25705 94817
87851 68047
20582 68669
51638 50403
77434 60959
35272 75755
7491 88724
56781 82209
37739 66112
77041 73038
88290 99964
49957 55406
16587 99663
33875 75911
13240 64377
48974 82265
64122 53018
54744 90470
14889 93084
74667 65520
34766 65332
17317 67997
64770 99416
91467 88159
76901 88334
48309 79640
27690 81333
45328 84893
46898 79802
4356 94866
85270 61519
31784 62672
22857 86742
50445 95526
25613 53314
46419 52469
51402 70921
18986 91304
54184 89273
18678 63767
11662 90660
12625 75203
81602 97055
16332 71589
53505 89501
21340 80335
90367 52884
4516 65557
72355 74051
1 97967 77365
2 74696 30090
1 10033 55917
1 36836 94681
2 48498 11795
1 4201 85234
2 36884 48723
1 73922 82578
1 80640 85463
2 10215 44572
2 93887 49532
2 23976 45955
1 34152 83250
2 14863 40477
1 26657 67178
2 67428 20916
2 82502 1230
1 67432 75582
2 7488 5602
2 52060 37933
2 67943 42618
2 80250 45269
2 56732 22616
1 13561 71595
2 85764 561
2 56680 39625
1 24261 75484
2 17006 45739
2 88960 32510
1 76892 96325
2 85862 10251
1 81130 59947
2 70097 42657
1 46443 87360
1 63356 71043
1 52980 54710
2 68571 38171
2 30661 41016
1 29523 94477
2 45795 38114
2 22397 641
1 36863 81341
2 45871 24534
1 67222 68164
1 64834 93826
2 32660 21529
1 70830 57947
2 78197 8103
2 22194 21878
2 10307 40963
1 27299 79934
1 24762 70381
1 15647 75310
2 40335 31162
1 12386 58205
1 50266 97913
2 77952 31130
1 52406 60936
1 90635 72425
2 81598 11430
2 18537 13578
1 87315 97853
2 69060 32233
2 50221 22214
1 77240 93269
2 46177 17805
1 77307 53068
2 88255 13432
2 9683 49856
2 71113 8474
1 34690 64699
2 55516 6323
2 37749 43658
1 59962 59856
1 5730 80394
2 39886 44713
1 95089 90097
1 58520 94915
1 8376 88830
2 83201 45045
2 93301 19008
1 65976 65349
1 9633 72148
1 72624 78299
2 95283 4692
2 89995 30079
1 23378 96212
2 57030 513
1 92413 73179
2 3809 33501
2 89168 34124
1 67026 96668
2 41049 9320
2 96648 20600
2 67691 8194
2 47770 17869
1 99412 86881
2 16277 28430
1 70266 65999
1 20118 58084
1 20593 99088
1 22732 63007
2 82052 8877
1 69003 67546
2 43548 5971
1 11416 75422
2 45197 5305
1 23626 78686
1 37928 88928
2 96478 39954
1 98827 78733
1 54628 62988
1 13504 89226
2 1439 46646
2 23762 18585
2 59402 41863
1 31058 84342
1 29403 86639
1 60522 96303
2 475 24271
1 85774 57991
1 5588 72394
2 43293 15760
1 39938 99173
2 8522 3264
1 16737 57515
2 12350 40986
1 27478 63012
1 45693 97713
2 86315 17218
2 53109 27716
1 83020 60538
2 98779 48
2 98789 26559
1 68405 52797
1 34821 79910
1 25806 92126
2 19260 8553
2 22455 12827
2 89672 27622
2 33740 9243
2 53484 26637
2 19883 15971
2 46441 48596
1 50948 95450
1 57165 81309
1 57197 64105
1 82101 78180
2 44927 45047
2 38900 43794
2 48142 28855
1 74779 52007
2 40749 37270
2 5696 39941
1 76854 58398
2 11800 27617
1 27270 69893
1 51966 80989
2 97012 10653
2 57158 15560
2 2364 26491
1 2092 65445
1 39361 63831
1 29302 84903
1 87054 86123
2 64671 17249
2 29676 22541
1 7875 71620
2 18527 29619
2 84086 35486
1 10577 59106
2 31737 23162
2 1051 7200
2 38400 14691
1 6577 94659
1 23825 88608
1 12718 71057
2 97747 48864
2 93717 46289
2 29202 7078
1 75807 56099
1 48968 56223
2 72519 34087
2 3561 28552
1 15085 60323
1 16649 84014
1 36403 91322
2 1618 43794
2 47907 23185
2 4984 21102
2 46360 19456
2 58045 28387
1 58483 99781
1 87034 83102
2 73000 38999
2 36138 8395
2 8414 34319
1 68559 81238
2 91743 42996
2 29196 23100
2 48652 48757
1 93390 98694
1 95147 87278
1 54973 60939
2 43971 49163
2 68717 7109
1 53035 96081
1 25995 89006
1 68991 81847
2 8442 12999
1 57198 68792
2 7417 38476
1 8066 67457
1 64367 76543
1 63530 61937
1 36990 93263
1 1395 54532
2 25853 23295
2 79276 22938
2 42274 47027
1 19832 66109
2 74659 35895
2 48449 31219
1 99682 82713
2 48097 33484
1 50341 78148
2 58904 46433
2 98550 6652
2 37839 26514
1 84865 94540
1 68824 92090
2 71070 48907
2 52288 43517
2 40329 46191
2 90165 29584
2 62117 26506
1 24901 75315
2 31553 12075
1 24418 69097
2 72486 46369
2 84199 11779
1 49458 88367
2 42974 39623
2 5516 14323
2 85100 5056
2 77957 43885
2 4726 49407
1 66800 99515
1 22735 94615
2 35455 43972
1 47233 67676
2 26956 33206
1 32931 62119
2 97253 18392
1 68660 93176
2 78896 25743
1 78303 74871
2 42134 38743
1 85292 92333
1 45615 71989
2 91616 36096
2 41173 42227
2 32651 14167
2 67395 12728
2 69380 33157
1 61474 54587
2 73090 38520
2 78184 43081
2 75604 14441
1 6119 74351
2 58567 4437
1 17145 58916
1 31312 96911
1 60391 66298
1 93547 50358
2 48583 37991
2 87102 34873
1 30183 54927
1 60975 64604
2 85862 46334
1 40298 58586
1 4220 91461
1 20934 64359
2 90668 43529
1 27024 59668
1 31367 77636
1 82591 51260
1 42646 64713
1 70019 93440
1 66352 89073
1 77260 73602
2 10710 26334
1 91522 90837
1 85050 53671
2 75041 4576
1 14522 76457
1 81317 64110
1 81221 58990
1 59713 69636
1 41453 72427
2 16206 46068
1 58892 61049
2 70302 44102
1 14451 65424
2 19027 28889
1 26631 62353
2 53141 5164
2 18364 49750
1 52480 61781
1 32817 58010
1 45236 96332
1 46387 85331
2 40488 12022
1 64825 59907
1 10065 89944
1 19583 94147
1 24746 50152
2 40848 31134
1 77829 73270
2 38413 18491
1 88949 51988
2 23050 13725
2 51423 28336
1 65591 94687
1 66954 90001
1 46905 71403
2 87261 6834
1 34746 63859
2 21526 2331
1 40016 96749
1 48020 60397
1 78097 89972
2 72784 39739
1 18736 60096
1 30402 58920
2 59512 7327
2 32697 16540
2 3097 498
1 5427 84110
2 8519 10642
1 61540 65614
1 9727 52559
1 99466 87743
2 3947 35416
1 71642 64440
2 28968 23297
2 95507 38970
2 12357 41903
1 4012 92911
1 64653 65870
1 65396 62415
1 78837 75235
1 60730 52263
2 46145 4917
2 17024 20825
2 56672 33487
1 95641 65746
2 53895 43233
2 49828 17551
1 4964 76738
1 8374 94372
2 91727 33472
2 49469 25705
2 70737 33754
2 41562 45750
2 41400 45739
1 13411 76343
2 6643 31862
2 40546 1385
1 20545 87355
2 71510 45809
2 54982 15742
2 80686 30864
2 64439 23067
1 26540 87640
2 38630 33137
1 29677 97338
1 27890 51481
1 29275 68783
2 70545 7605
2 16354 23028
2 48447 46825
1 45662 69176
2 68728 10044
2 96494 28476
2 29630 4821
1 57513 75647
1 43079 64525
1 89279 90058
1 96883 53778
1 36262 73122
2 83087 21841
1 61786 73133
2 38181 2334
2 83008 21890
1 37828 80886
2 60392 19061
1 47758 57680
1 39273 78130
1 75481 95182
1 60574 64791
1 82415 78248
1 12335 79771
2 31021 36291
1 19262 67061
2 3598 38898
2 22658 34430
1 6119 64379
1 14574 82181
1 60945 83062
1 32129 99874
2 44478 17935
2 79143 18621
1 81785 90119
1 37485 85210
2 26382 30812
1 27163 82624
2 80988 32290
1 30936 51564
2 82636 28002
1 65674 91007
1 83609 64297
2 68581 26359
2 66025 40533
2 46825 2079
2 77637 32886
2 45343 33642
2 77632 7055
2 71317 36587
1 49318 57019
2 19819 34799
1 10690 57812
1 53400 66452
2 60284 12541
2 62362 20530
1 11599 81743
1 95240 62129
1 68646 97182
1 21585 69881
1 84981 53107
1 19779 98524
1 74459 87402
2 93498 17837
1 72390 86385
2 92919 20256
1 25274 82609
1 12188 67550
2 48120 4416
2 63112 43776
2 71749 37157
2 73016 29855
2 48940 42371
2 83129 31929
1 44162 89262
2 30769 10829
2 73422 9133
2 82461 19036
1 86877 86565
2 97004 13372
2 84160 25095
2 14014 38150
1 6385 84861
1 4665 60580
1 45901 82936
2 6729 1295
1 65862 81327
2 51249 40520
1 58129 86413
1 71501 62886
2 12947 40411
2 67449 8706
1 54783 65324
1 65761 80952
1 77526 78930
2 95173 30240
2 95267 11252
1 52138 81119
1 45269 90739
2 39132 9053
2 29542 12531
2 4599 168
2 4615 1818
1 27584 84497
1 23932 92678
2 70523 12910
2 98126 10942
2 80162 41186
1 99093 72151
2 74497 12300
1 3379 73310
1 53546 61927
1 71716 51246
1 64272 76127
1 52230 65751
2 65140 13983
2 42433 30499
1 33618 85731
2 6296 38903
2 18595 30794
1 91071 57207
1 36671 84616
1 6490 62367
2 88015 22727
1 47006 73723
2 60988 39490
1 41486 87694
1 16470 74173
1 21724 85670
2 2517 21220
1 14332 80753
1 3064 55192
1 73310 61870
2 46036 42770
2 65179 10184
1 54668 51812
1 1379 55855
2 19787 24528
1 73703 79005
2 94923 35192
2 74294 3618
2 15196 29466
1 54822 91042
2 97591 10992
1 24126 78506
1 53953 95693
1 1266 78290
1 92145 70535
1 43857 67458
2 95400 8382
2 49017 38293
1 28482 80371
1 70466 51330
2 97810 49513
1 82175 75946
2 86918 13400
2 73028 48952
1 98341 97607
2 95678 8951
2 54059 5722
1 8704 77612
1 57591 72691
2 36489 26343
2 86001 11403
1 1220 99255
1 30972 75597
2 29923 26964
1 32157 55569
1 57459 75749
1 63180 74595
1 93298 62944
2 22106 5814
1 64801 96123
1 92555 92278
1 2959 83097
1 36490 97086
2 63453 11024
2 1465 23123
2 9965 33561
2 81867 39677
1 96216 57894
2 18382 1433
2 76845 10605
2 74775 6265
2 9981 4278
2 64637 19862
1 42012 79812
2 15134 26542
2 98695 1528
2 4723 17619
2 70926 29594
2 38711 34865
1 49315 79595
1 71932 96183
1 92561 98492
1 12422 76475
1 62486 65031
2 5379 49337
2 56906 20192
2 90877 17363
2 70470 12753
2 21686 4358
2 66632 14344
2 2810 17526
1 6424 56863
1 96782 91080
2 43079 2342
1 92415 81716
2 62606 5698
1 96321 68836
1 59073 85354
2 63430 8470
2 44125 30295
1 78002 85063
2 39835 43561
1 39604 77591
1 58297 74674
1 37925 70239
2 93623 1806
1 40435 71417
1 15789 54009
1 74258 96298
2 70904 8212
2 55042 46102
1 98602 61310
1 94144 87297
2 70442 10532
2 89981 30218
1 41786 82309
1 15468 84122
1 1903 90107
2 55207 855
1 13418 84798
1 75871 50329
2 12671 45798
1 79298 92934
2 39829 44486
2 86399 46928
2 78717 3646
1 12094 98285
1 66498 57360
1 17352 81245
1 44437 96094
2 75526 15628
2 37676 5097
2 38016 43167
2 32501 41732
2 79428 10739
2 49425 19726
1 3410 72809
2 14522 35795
1 98548 72303
2 46099 42693
1 11726 75481
2 83174 22909
1 42692 93472
2 776 33633
1 11514 69248
2 97592 38766
1 84442 79963
2 20236 16176
1 6876 67893
1 15920 85188
1 77137 97203
1 50045 94966
2 63666 3322
2 13651 1629
1 39827 84227
2 44944 42673
1 91368 53390
2 23895 48106
1 76318 91503
2 15045 17243
1 68160 95960
1 43893 71202
1 47214 54838
1 65194 60944
1 81279 60363
1 40303 96358
2 58987 43388
1 73444 92810
1 81844 63758
1 15438 55649
1 87621 87956
1 59173 86156
1 13269 69496
2 92600 3699
1 14293 63271
1 6214 87713
1 49601 87385
1 45247 51552
1 13388 90736
2 77251 35481
2 69106 7474
2 82441 30330
2 34597 30726
1 54647 99654
2 23537 40193
1 13797 66561
2 70371 16768
2 17329 9193
2 62213 25061
2 97694 5476
2 71519 34977
1 51848 52172
1 98925 72112
2 59963 33362
2 16507 14579
1 66188 81890
1 32956 95789
1 92148 86768
1 33560 56938
2 39035 16830
1 24012 63172
1 8813 52141
2 19908 28029
2 19621 49490
2 84200 25598
2 60640 41594
2 55156 5034
1 17346 53321
2 25162 5391
1 8343 77620
1 27787 74863
2 85303 9516
1 63332 89233
2 29173 7130
1 4770 79022
2 62715 22803
1 84101 50344
2 55649 36664
2 11039 2219
1 28837 83572
2 6734 22185
2 32602 17049
1 74638 96750
2 31768 10660
2 80304 20216
2 69458 46675
2 32713 17422
2 19376 9675
2 37946 35626
1 21982 74823
1 10519 58483
2 43919 32491
1 14643 90147
1 91654 63411
2 61870 37718
1 58544 79976
1 42317 54918
1 68344 65805
1 70321 56654
2 89763 6631
2 18660 545
2 17503 17545
2 38889 17145
2 95207 25031
1 99276 53692
2 55866 33697
2 60395 5815
2 80612 10645
1 88517 84711
2 11499 46059
2 78396 12896
2 95940 6603
2 13084 44228
2 4467 12847
2 1854 23119
1 85550 53819
2 41364 25002
1 18361 50006
2 19563 37460
2 15621 14533
1 44868 52498
2 1470 33215
1 62049 59221
2 24895 43506
2 98014 29653
2 59626 15076
1 84627 96517
1 31685 97918
1 69144 98936
1 28 65524
2 81396 39680
1 80962 98482
1 99878 82869
1 9735 98460
2 89387 10686
1 70814 92578
2 9881 27254
2 66981 27380
2 39079 29514
2 47395 17562
1 87074 60550
2 69217 2472
2 73409 35182
1 61791 70165
1 22477 78833
1 73671 63067
1 17276 76687
1 94655 93485
1 40520 63467
2 74434 41742
2 12016 19922
1 30839 55961
1 16020 83045
2 62312 8561
2 61904 7765
2 61867 12707
1 5472 82709
2 10051 6803
1 23639 58000
2 15380 171
1 1653 80161
1 63854 52140
1 99296 77191
1 7856 56781
2 31972 4501
1 61031 84726
1 65845 85423
1 89000 84753
1 64771 52640
1 81293 56270
2 53256 38384
2 33141 18470
2 41109 12099
1 99624 67702
1 54125 84079
2 43439 27568
2 57589 39649
1 97498 65734
2 74174 1155
2 60839 35099
2 99222 34422
1 34044 94954
1 96142 90518
2 17888 47055
1 61593 52573
1 5512 94087
1 11512 81356
1 85064 65690
1 52570 73013
2 37668 34846
2 88441 49789
1 90190 66793
2 6767 34733
1 53821 87560
2 55559 33715
2 43953 11669
2 80032 49414
1 45993 98780
1 30835 96727
2 15680 4579
2 81820 48772
2 98862 42187
1 99946 98644
2 42534 9595
2 26248 17432
1 54268 98919
1 53681 74469
2 98427 13663
2 69650 17883
2 74229 24673
1 73000 84652
2 81538 18379
1 1182 74399
2 60776 20375
1 94559 98786
2 47772 41392
2 42278 23632
2 5941 2255
2 23823 43222
2 64847 15023
2 50328 2503
1 85059 96718
1 42876 98780
2 79602 6180
1 32705 86674
1 74097 62671
1 64080 84528
2 82687 2266
2 75908 10934
1 90931 88565
1 59785 80139
1 64291 63880
1 19660 67783
2 25839 28909
1 25361 98376
1 77176 70597
1 19200 83975
1 21465 72278
1 98750 92894
2 4352 10111
2 61555 6477
1 27007 94120
1 82244 96691
2 77505 24958
1 40859 60041
1 99570 75725
2 68705 25259
1 39598 71505
1 18188 96523
1 28298 88874
2 34774 30014
1 20649 94983
1 38275 88801
2 79585 10430
2 91474 2746
1 23000 51334
2 48259 14329
1 31329 92788
2 54898 45653
1 27576 87731
2 23941 49349
1 20131 90845
1 80434 65562
2 57215 15042
2 76312 33726
1 79437 72681
1 43765 89533
1 4847 96578
1 16852 75394
2 62176 46728
1 61524 76942
2 92802 23760
2 66664 8486
1 81706 67797
2 31783 16776
1 57754 86148
2 59188 26949
2 37495 24969
1 15918 52874
2 12646 38563
1 88678 82578
1 78789 76232
2 87275 7443
2 1465 26472
1 84593 67178
1 28131 92952
2 71431 19964
1 46399 94840
1 84363 65561
1 89277 91448
2 72364 47867
1 57563 98405
2 81358 31085
2 7829 10758
2 26895 22136
2 14867 15296
2 34831 32561
2 63254 25365
2 88631 39312
1 44165 74921
1 8383 60845
2 42810 24631
1 23894 97742
2 34651 13615
2 56786 27737
2 38433 26450
2 37345 19646
2 12709 34271
1 2020 77758
1 53899 91654
1 48287 71190
2 22918 47777
1 56579 56958
2 36546 40070
2 64282 9251
1 57083 77950
1 26728 54864
1 77351 85277
1 22645 64024
1 96029 65970
1 54075 82560
2 18203 22369
1 29623 85271
1 86044 88711
2 95294 29115
1 16971 82907
2 49590 30447
1 77036 86990
1 46210 59986
1 62095 94719
1 68855 84709
2 7575 19017
2 21066 6481
1 515 70289
2 45982 47463
2 65194 8684
2 61993 26987
1 24665 93089
2 98624 9806
2 2241 37534
2 89415 27643
2 24783 38178
1 31264 51653
2 98139 41627
2 45601 18735
1 54284 76033
1 97622 96477
1 2343 73680
1 78500 61519
1 16033 83321
1 60027 55054
1 48204 68579
2 15119 26537
1 6745 74853
1 41831 60185
1 82966 90687
1 79825 99266
2 98348 42090
2 99218 26693
1 77702 50821
2 79541 44441
2 73589 18378
2 16478 17097
2 96567 13431
2 30724 24255
1 81282 90073
2 29785 24091
2 21875 15125
