250 800
230 233
95 151
239 243
178 182
26 118
181 186
227 232
181 188
101 161
246 248
238 245
167 174
55 132
39 54
226 228
194 196
20 26
24 116
85 117
243 247
221 222
211 213
222 225
229 236
17 111
169 175
37 141
65 139
13 22
165 169
207 209
169 172
219 221
149 150
191 193
30 116
230 231
48 91
12 110
244 246
193 198
16 63
50 116
216 219
245 247
174 176
180 187
170 175
202 204
165 170
15 93
205 207
49 52
46 55
23 143
39 130
245 249
117 156
29 88
206 212
216 221
240 246
77 154
240 244
172 175
248 249
226 229
95 152
182 186
219 222
43 71
178 185
178 180
226 233
21 152
183 187
180 185
180 182
168 176
49 59
204 208
72 207
197 201
74 154
209 213
175 177
73 107
239 249
165 173
57 128
88 90
219 225
179 187
106 162
165 176
191 199
238 239
118 128
222 224
240 241
94 130
72 130
38 121
195 198
218 225
53 60
203 213
231 235
42 138
178 183
168 175
39 141
184 189
205 212
169 176
217 221
211 212
49 153
194 201
101 149
63 97
229 230
204 213
11 19
29 35
89 143
37 79
220 222
87 130
228 232
129 142
17 149
169 174
38 114
105 110
180 186
38 60
228 229
232 234
19 146
32 66
194 195
214 223
166 171
9 154
179 181
7 149
217 220
214 219
179 188
100 148
240 242
178 187
65 113
184 186
246 247
20 30
196 201
242 248
170 177
165 168
52 118
117 134
40 192
167 171
226 232
169 171
208 213
182 184
71 112
239 248
190 201
79 126
241 244
11 40
243 244
214 221
229 234
96 127
14 29
192 193
216 217
206 207
63 154
230 236
54 61
72 119
217 225
79 128
230 237
128 160
3 115
15 31
17 61
202 205
12 39
26 98
25 39
228 233
244 247
87 122
170 171
191 196
46 127
166 170
89 119
6 16
80 97
208 210
244 250
193 201
241 246
64 83
51 162
166 177
38 85
186 188
242 247
217 222
186 189
62 122
182 189
28 73
205 213
238 244
58 63
173 177
136 144
65 132
178 179
156 245
247 249
217 219
52 79
1 66
8 92
183 188
194 197
85 158
100 136
167 173
216 223
185 187
207 229
231 236
10 77
59 151
50 163
242 244
2 109
69 156
199 201
218 221
101 134
166 175
196 199
202 211
218 220
216 218
18 74
1 109
227 233
240 248
206 211
168 173
165 172
209 210
183 184
217 218
113 158
222 223
7 174
166 173
193 197
91 221
244 249
204 207
60 149
190 200
240 245
167 168
105 131
220 223
1 38
240 250
206 210
71 113
202 207
190 196
168 174
227 236
53 137
4 20
53 118
203 209
103 134
176 177
195 197
44 50
163 164
166 172
245 250
4 119
95 145
241 250
239 242
170 173
165 177
104 130
174 177
192 197
106 164
226 231
35 47
123 132
215 219
191 195
8 101
55 118
34 151
70 129
215 218
62 118
7 12
166 176
33 84
87 90
248 250
190 194
18 62
203 205
243 250
247 248
30 79
167 176
97 107
187 188
41 156
1 139
232 237
34 132
124 148
238 249
11 35
166 174
238 247
10 55
17 114
242 250
12 64
51 102
77 96
56 114
238 242
46 69
218 223
242 246
185 186
195 199
179 185
37 143
181 185
1 133
1 6
52 67
227 234
48 120
181 182
179 182
66 98
206 209
57 62
166 169
243 245
194 200
226 235
108 121
202 203
208 211
179 180
135 146
184 187
62 103
125 139
81 159
228 234
239 246
202 212
229 237
239 245
196 200
173 176
98 156
123 154
165 167
130 157
9 133
249 250
56 144
12 44
242 243
178 181
94 100
1 102
153 164
95 109
54 128
202 209
207 213
30 38
11 128
205 210
118 131
199 200
196 197
198 201
124 135
25 42
226 230
181 183
31 131
233 237
231 237
185 189
79 138
167 172
214 222
197 198
21 31
235 237
111 145
65 80
166 167
214 225
190 198
183 186
74 153
215 225
18 100
204 212
65 94
111 179
143 157
217 224
193 195
171 172
178 189
239 244
38 141
7 91
238 250
223 225
173 174
192 201
190 193
162 163
78 108
102 160
243 246
21 90
204 210
228 235
190 192
33 55
215 216
162 164
172 177
190 199
232 235
219 223
204 206
167 177
204 205
191 201
239 241
56 145
94 119
187 189
105 117
10 121
169 177
182 188
190 195
233 236
165 174
238 243
23 130
195 196
227 228
169 173
223 224
195 200
240 247
215 223
214 215
195 201
1 150
212 213
2 14
241 249
165 171
29 53
183 185
186 187
71 100
1 28
192 196
12 153
170 172
179 183
120 153
228 237
45 153
205 206
228 236
207 211
173 175
1 3
53 133
181 189
205 209
192 200
200 201
41 129
171 176
238 248
202 208
220 221
171 177
28 136
236 237
7 32
167 175
214 220
170 174
227 229
55 68
227 231
244 248
241 248
46 72
110 144
207 208
84 97
228 230
178 184
203 204
13 118
32 126
231 233
8 139
184 185
203 206
37 159
48 54
165 175
168 177
192 199
100 113
231 232
193 196
233 235
101 129
202 213
53 148
110 162
68 130
214 224
229 235
95 159
241 245
219 224
15 83
198 199
88 139
207 210
221 223
6 26
246 250
167 169
35 104
55 79
16 108
59 79
203 208
59 157
218 224
17 35
39 134
197 199
181 187
243 249
246 249
80 119
13 86
239 250
88 147
8 133
245 246
85 149
238 246
76 95
170 176
43 61
51 142
179 186
29 102
76 117
230 235
232 233
202 210
215 221
192 198
234 236
230 232
202 206
245 248
183 189
36 97
231 234
37 93
52 147
49 139
221 225
209 212
190 191
208 209
32 84
5 126
230 234
166 168
227 235
247 250
191 194
193 200
180 189
226 236
100 155
28 116
97 113
10 155
125 135
242 245
69 103
37 120
180 181
113 160
203 212
208 212
28 91
81 99
197 200
167 170
203 211
217 223
196 198
214 216
26 113
216 224
168 170
175 176
240 243
25 161
224 225
192 194
210 211
84 88
81 144
109 129
182 187
180 183
48 163
244 245
179 184
232 236
193 194
90 127
129 130
60 107
234 235
28 92
171 174
238 240
82 88
64 130
78 129
77 103
192 195
105 159
227 237
241 243
234 237
239 240
215 224
235 236
58 103
172 173
105 127
11 66
42 151
50 120
28 64
205 208
25 75
221 224
64 137
165 166
241 242
67 117
168 172
180 184
205 211
146 148
178 186
58 99
180 188
233 234
1 37
226 237
93 132
20 140
86 110
216 225
229 233
216 220
227 230
25 128
203 207
191 192
66 116
36 86
193 199
218 222
218 219
239 247
172 176
35 97
23 28
22 93
182 185
229 232
54 105
81 89
172 174
184 188
171 173
27 94
181 184
10 48
182 183
168 169
238 241
215 220
194 199
243 248
240 249
191 197
209 211
216 222
38 108
9 159
190 197
94 142
23 161
215 222
65 88
179 189
185 188
18 127
2 79
214 217
168 171
101 164
214 218
204 209
226 234
206 208
30 87
5 114
204 211
143 154
174 175
169 170
188 189
46 58
215 217
178 188
207 212
229 231
242 249
194 198
241 247
113 121
18 31
228 231
226 227
191 200
210 212
198 200
191 198
