100 146
1 2 7196
2 3 6728
3 4 6281
2 5 3241
1 6 1906
3 7 8306
2 8 4350
4 9 7947
9 10 1371
8 11 2226
6 12 9897
1 13 3118
8 14 6805
10 15 5754
13 16 8036
14 17 3231
15 18 8032
9 19 9117
15 20 1274
3 21 8508
21 22 1346
6 23 5385
16 24 6289
3 25 9784
14 26 4085
12 27 7342
1 28 7094
19 29 6075
12 30 9414
5 31 2947
10 32 9918
6 33 8434
1 34 4459
23 35 7765
16 36 5766
29 37 6033
22 38 4603
32 39 7764
27 40 9200
16 41 614
12 42 8472
28 43 3042
42 44 6521
43 45 8612
27 46 8273
5 47 2420
20 48 8564
20 49 4444
49 50 6430
3 51 4341
11 52 2381
39 53 8023
11 54 8036
10 55 4060
25 56 508
7 57 5400
52 58 5617
13 59 1369
50 60 4657
1 61 1299
3 62 8699
53 63 612
43 64 4286
58 65 8332
60 66 782
24 67 9035
10 68 178
53 69 4150
33 70 6880
63 71 3475
59 72 2169
21 73 9636
14 74 6045
21 75 7260
2 76 6516
14 77 6093
36 78 6792
11 79 8976
26 80 9623
72 81 1274
41 82 7807
21 83 5981
1 84 6925
30 85 9308
22 86 8023
31 87 9551
24 88 4048
59 89 9038
17 90 1264
42 91 618
90 92 6644
33 93 8176
49 94 3329
93 95 7310
18 96 5827
88 97 5785
19 98 1257
78 99 6444
34 100 8221
35 100 4979
37 100 2291
38 100 6459
40 100 2473
44 100 7837
45 100 5329
46 100 9966
47 100 3124
48 100 540
51 100 4509
54 100 7489
55 100 3767
56 100 3256
57 100 8544
61 100 4331
62 100 5410
64 100 3078
65 100 8103
66 100 4802
67 100 3439
68 100 6598
69 100 2888
70 100 9311
71 100 5579
73 100 7396
74 100 3601
75 100 7972
76 100 3644
77 100 6201
79 100 1726
80 100 9105
81 100 1358
82 100 7352
83 100 2387
84 100 6672
85 100 7673
86 100 9839
87 100 6599
89 100 4118
91 100 3438
92 100 8667
94 100 9745
95 100 9695
96 100 7906
97 100 9301
98 100 1935
99 100 6570
