100
1 28
1 30
1 49
1 40
5 8
1 80
2 77
8 34
6 30
4 42
4 45
1 37
8 92
2 65
9 88
5 39
11 9
8 68
5 64
4 54
14 48
8 98
16 28
5 90
1 13
6 70
20 42
5 40
25 83
26 49
15 82
18 44
21 73
24 35
28 14
28 55
4 59
8 14
11 83
40 62
12 51
30 68
1 54
30 88
39 82
9 52
1 39
44 85
33 4
15 26
21 79
7 37
43 7
7 81
16 25
28 40
51 29
5 45
17 64
24 23
20 93
7 29
60 41
56 73
50 62
10 21
31 90
2 24
25 98
53 21
65 12
29 59
69 88
41 4
53 29
28 66
23 51
26 79
58 95
74 80
9 82
68 61
23 81
69 9
57 82
64 56
10 78
31 41
33 56
47 33
81 58
44 76
82 59
31 9
21 82
79 50
9 46
22 13
73 83
