500
1 40
1 419
1 461
1 421
4 265
1 455
7 256
5 392
4 42
6 39
4 298
6 8
10 476
11 38
15 246
9 436
3 133
3 438
6 343
8 418
9 247
16 375
8 473
20 86
7 439
25 157
22 312
8 152
6 352
17 276
7 497
4 265
28 406
25 444
4 186
18 183
29 143
19 331
22 202
38 265
25 54
42 421
26 180
31 387
17 339
37 252
6 335
28 335
43 346
13 98
43 199
40 370
32 225
27 337
34 401
43 476
14 100
42 317
4 230
52 300
60 433
49 415
30 304
61 349
49 474
62 149
8 359
11 259
25 206
20 169
63 280
36 158
10 265
31 419
18 470
65 305
8 413
45 152
30 259
28 129
23 366
3 112
7 379
29 29
47 388
66 5
44 123
56 332
43 38
87 92
30 96
63 445
83 365
72 418
23 22
58 360
37 213
39 120
20 187
17 7
1 203
92 59
36 376
19 187
104 360
50 250
70 76
74 417
73 317
31 423
59 184
110 475
33 457
102 292
102 131
69 402
62 132
9 258
60 290
103 424
3 360
14 318
47 135
87 231
34 468
43 14
106 195
90 47
28 454
45 75
88 129
65 63
13 131
67 121
65 499
118 435
59 289
66 78
130 234
82 318
107 490
88 11
90 280
123 272
42 45
125 102
110 26
131 157
132 232
27 99
54 223
11 124
100 250
112 279
55 189
85 204
95 190
5 303
47 112
43 167
24 188
11 276
72 383
104 238
158 479
3 445
32 164
65 77
44 52
36 207
62 423
114 162
115 381
65 63
137 209
39 263
39 308
61 430
147 498
107 291
160 414
136 398
29 192
21 431
57 156
93 330
34 33
161 490
27 211
156 212
13 451
176 155
133 84
69 36
13 154
71 203
30 397
139 162
157 15
5 477
164 64
41 107
152 115
84 188
46 83
145 292
16 473
51 30
102 161
46 468
3 365
12 446
153 272
90 439
121 434
213 65
153 50
218 391
55 239
102 472
119 16
216 433
193 175
149 197
54 165
223 424
100 172
133 437
138 206
110 154
165 246
98 86
75 403
209 359
146 54
144 447
143 307
184 40
142 473
92 499
207 315
63 256
158 292
99 166
26 246
94 235
203 320
247 305
178 210
200 213
205 5
90 189
84 229
91 102
14 371
164 398
25 343
193 394
168 314
29 169
247 330
120 126
16 445
248 285
252 366
50 212
249 498
206 80
23 269
175 469
12 300
146 65
16 268
190 276
208 383
34 192
145 340
251 380
47 425
196 233
206 237
222 373
283 416
46 380
144 142
117 315
125 344
63 69
22 271
149 63
263 331
262 80
48 232
8 13
43 364
233 149
11 288
254 252
119 9
86 439
174 152
159 369
272 247
286 39
160 500
153 11
69 328
132 50
130 275
31 164
192 7
42 302
115 359
28 396
189 133
223 421
120 193
124 406
90 367
160 286
147 111
235 245
30 461
290 148
228 139
73 181
192 286
172 463
137 9
80 403
319 17
56 56
239 218
132 300
267 140
153 73
18 216
117 256
170 107
336 416
14 124
265 324
311 389
321 118
17 258
201 441
138 303
341 176
193 145
36 115
67 389
125 423
215 399
349 478
349 136
186 500
257 257
269 76
37 219
146 352
221 489
92 204
307 75
17 185
97 97
215 201
90 140
207 133
257 308
152 427
207 80
197 429
350 462
194 380
369 108
24 384
164 467
202 42
91 271
379 127
46 27
90 358
5 342
65 259
255 421
229 360
259 207
242 150
335 192
189 293
351 166
159 169
365 118
375 358
103 273
254 235
211 260
86 470
233 321
290 431
68 385
176 32
280 228
106 94
335 478
389 254
105 360
127 8
181 99
252 460
266 75
164 266
353 15
68 409
220 133
41 394
162 191
180 484
136 420
226 30
37 70
262 305
18 467
46 76
123 379
339 42
218 39
327 30
125 90
182 217
339 318
264 35
32 181
88 31
374 201
270 250
238 204
73 359
110 230
180 225
240 305
191 383
415 393
389 265
409 56
316 449
92 262
7 12
378 181
127 76
181 270
301 10
238 267
180 304
176 83
447 255
17 245
345 81
366 30
38 59
391 122
62 336
106 337
232 210
121 225
192 399
292 387
182 246
358 441
118 281
42 456
64 174
93 455
105 303
197 97
264 252
334 257
150 173
448 133
41 492
101 434
341 418
364 409
66 255
86 109
251 447
306 378
308 267
467 336
161 101
452 58
332 173
294 316
129 12
430 223
52 303
211 188
380 202
308 174
