10000
1 4516
1 5280
1 9861
1 9692
1 8999
1 2127
1 6377
1 7392
1 5947
1 8507
1 1886
1 9850
1 6996
1 4731
1 2967
1 3571
1 539
1 1287
1 4981
1 840
1 5385
1 5202
1 1762
1 3519
1 7295
1 1188
1 7315
1 4665
1 226
1 1373
1 1549
1 6936
1 1992
1 1096
1 894
1 4578
1 2262
1 6777
1 210
1 7699
1 2298
1 9740
1 841
1 3103
1 7047
1 6511
1 9317
1 3730
1 783
1 9152
1 8919
1 3553
1 526
1 5618
1 4997
1 9568
1 9805
1 2206
1 2341
1 3295
1 9784
1 2949
1 7780
1 9330
1 2324
1 646
1 8434
1 7160
1 6565
1 7729
1 9894
1 3167
1 4801
1 7569
1 7896
1 3163
1 7604
1 1155
1 1198
1 3719
1 7313
1 5919
1 260
1 7006
1 1945
1 1931
1 1296
1 4255
1 2105
1 65
1 1584
1 4189
1 8959
1 6561
1 5691
1 2037
1 9502
1 4977
1 4145
1 6587
1 1611
1 5388
1 3697
1 1631
1 4124
1 7446
1 4259
1 208
1 1645
1 5373
1 2164
1 8743
1 7112
1 8603
1 7034
1 8018
1 900
1 6118
1 2577
1 3054
1 6667
1 6657
1 9300
1 6470
1 5345
1 9623
1 793
1 6695
1 5816
1 2497
1 5391
1 7468
1 2733
1 7259
1 7241
1 2886
1 4881
1 4476
1 3002
1 68
1 4972
1 342
1 3453
1 2236
1 8161
1 2707
1 672
1 8799
1 7258
1 2309
1 4665
1 8988
1 9438
1 8433
1 5823
1 7428
1 119
1 5082
1 7733
1 1243
1 1237
1 911
1 467
1 5251
1 6728
1 3342
1 5726
1 4216
1 6170
1 2464
1 7221
1 678
1 8725
1 8695
1 3895
1 9752
1 2244
1 6096
1 7140
1 4674
1 3764
1 5689
1 4187
1 1495
1 1572
1 9432
1 8883
1 8191
1 3593
1 6463
1 1691
1 373
1 491
1 8010
1 9000
1 9766
1 3142
1 207
1 6098
1 2548
1 5861
1 1733
1 6357
1 1339
1 7144
1 4647
1 7380
1 1008
1 3698
1 6581
1 2287
1 5218
1 774
1 2232
1 5116
1 9479
1 78
1 9281
1 2661
1 1873
1 9112
1 9033
1 8617
1 5428
1 6314
1 5118
1 8453
1 9155
1 5194
1 2141
1 7108
1 5838
1 5344
1 6697
1 1103
1 7961
1 8734
1 251
1 7487
1 1118
1 5290
1 7301
1 1271
1 234
1 7923
1 4046
1 6680
1 6068
1 1354
1 8613
1 4995
1 7794
1 904
1 9021
1 4423
1 4144
1 4812
1 642
1 4892
1 775
1 7524
1 6400
1 9307
1 8505
1 586
1 4157
1 4686
1 7776
1 2398
1 4899
1 1821
1 7976
1 6045
1 161
1 8016
1 2581
1 6635
1 7929
1 8376
1 2598
1 7102
1 6753
1 6338
1 2865
1 1437
1 2613
1 7284
1 7207
1 1418
1 4189
1 9702
1 8745
1 7371
1 8486
1 5880
1 9263
1 9364
1 6033
1 1000
1 5158
1 8348
1 4190
1 643
1 6410
1 9823
1 9014
1 829
1 5987
1 7400
1 3129
1 4898
1 5222
1 7055
1 666
1 9139
1 7342
1 7685
1 794
1 2313
1 7147
1 6641
1 5472
1 3151
1 282
1 7544
1 1517
1 3526
1 181
1 8963
1 7310
1 9093
1 4892
1 1941
1 7357
1 3628
1 4671
1 937
1 8358
1 4381
1 2843
1 9053
1 2538
1 2390
1 4011
1 5554
1 880
1 8571
1 5589
1 6807
1 9912
1 7603
1 9195
1 5238
1 9484
1 1673
1 8946
1 7204
1 5943
1 3214
1 896
1 8315
1 7872
1 1158
1 5518
1 4779
1 3987
1 5333
1 474
1 8885
1 3438
1 138
1 5262
1 6194
1 6795
1 4356
1 6295
1 9200
1 3327
1 8773
1 2589
1 9840
1 7836
1 5203
1 810
1 8640
1 3443
1 644
1 1003
1 7409
1 7790
1 9752
1 2454
1 6424
1 1826
1 5236
1 3102
1 2691
1 2792
1 425
1 4532
1 4982
1 2613
1 832
1 8626
1 1377
1 2137
1 3544
1 6309
1 4723
1 2676
1 4274
1 4111
1 3401
1 7293
1 8021
1 3129
1 8071
1 1318
1 4525
1 4703
1 6132
1 8421
1 9235
1 2303
1 4870
1 7396
1 6816
1 1429
1 2846
1 2545
1 2345
1 6140
1 6639
1 867
1 570
1 9407
1 6286
1 7305
1 1429
1 1546
1 3428
1 7320
1 5777
1 891
1 6877
1 3165
1 2578
1 4910
1 7349
1 9059
1 7015
1 6085
1 8876
1 9968
1 8046
1 2738
1 5164
1 2260
1 9929
1 7285
1 5763
1 1715
1 4076
1 8072
1 453
1 4171
1 6984
1 7524
1 6336
1 9053
1 7767
1 6137
1 8894
1 9963
1 291
1 9824
1 7674
1 3617
1 1058
1 3396
1 2626
1 2020
1 744
1 852
1 6630
1 9369
1 2210
1 8291
1 376
1 8005
1 4844
1 7495
1 3169
1 6905
1 114
1 5136
1 1252
1 1080
1 3502
1 7491
1 6455
1 6177
1 741
1 8683
1 5841
1 3566
1 894
1 4830
1 5117
1 7462
1 1383
1 9856
1 5224
1 1717
1 2247
1 1196
1 8418
1 7779
1 3925
1 713
1 1006
1 785
1 4382
1 3040
1 564
1 9176
1 3183
1 9785
1 3193
1 5614
1 7374
1 7213
1 6515
1 662
1 252
1 5931
1 5701
1 2314
1 6110
1 2924
1 1540
1 4733
1 3775
1 6938
1 6830
1 8218
1 3763
1 762
1 1066
1 4006
1 2221
1 9163
1 8675
1 6937
1 1077
1 2844
1 5050
1 446
1 6280
1 9028
1 1383
1 1932
1 7125
1 1575
1 666
1 5430
1 4010
1 4041
1 1978
1 8804
1 2650
1 2843
1 7755
1 8862
1 9080
1 6479
1 1635
1 5742
1 5404
1 8622
1 3106
1 4096
1 2769
1 3445
1 6874
1 210
1 8921
1 9255
1 204
1 5111
1 7878
1 539
1 7976
1 7208
1 6524
1 7763
1 5131
1 9884
1 3803
1 5437
1 8843
1 5922
1 1930
1 7010
1 5750
1 9945
1 2651
1 2397
1 109
1 5573
1 3761
1 3280
1 6285
1 6638
1 1275
1 9756
1 8504
1 3397
1 7178
1 8599
1 2991
1 7318
1 716
1 3091
1 3030
1 8312
1 7602
1 2871
1 2769
1 2699
1 9146
1 9124
1 4121
1 8114
1 3744
1 3121
1 4301
1 6894
1 7682
1 1186
1 7250
1 7847
1 4993
1 3043
1 2630
1 7997
1 2441
1 4661
1 9411
1 9606
1 5966
1 5816
1 8621
1 6811
1 3350
1 1698
1 7303
1 4839
1 8434
1 1457
1 7742
1 2982
1 7494
1 3811
1 1925
1 1737
1 2906
1 5369
1 6943
1 1087
1 276
1 7550
1 1201
1 8449
1 9134
1 8737
1 6163
1 9206
1 5331
1 7698
1 7628
1 3526
1 1640
1 8539
1 2645
1 753
1 9659
1 1002
1 5566
1 2127
1 7289
1 4533
1 6234
1 3522
1 2845
1 1260
1 4250
1 2222
1 4103
1 118
1 2024
1 701
1 7016
1 4491
1 1208
1 4014
1 3005
1 4478
1 878
1 4621
1 7533
1 6888
1 6782
1 1670
1 590
1 8277
1 2395
1 3825
1 1716
1 9994
1 2371
1 3439
1 5949
1 4932
1 9130
1 2947
1 7331
1 9222
1 9224
1 5867
1 7016
1 2527
1 115
1 6310
1 37
1 9535
1 2567
1 9138
1 8633
1 6415
1 5908
1 4715
1 7973
1 3824
1 4864
1 9800
1 9356
1 7946
1 1514
1 1421
1 1260
1 6138
1 9853
1 6023
1 7873
1 7389
1 598
1 405
1 8819
1 515
1 3368
1 5001
1 6540
1 3862
1 6209
1 8484
1 5504
1 4062
1 7922
1 2538
1 7496
1 4132
1 2371
1 1993
1 6229
1 731
1 5799
1 8521
1 6803
1 3863
1 7031
1 9405
1 6147
1 6203
1 5652
1 4494
1 1045
1 8690
1 9544
1 3587
1 3641
1 5240
1 2734
1 4937
1 7956
1 8126
1 6183
1 5940
1 8143
1 6186
1 4109
1 9257
1 8797
1 9778
1 8245
1 3539
1 1209
1 7837
1 8157
1 225
1 5450
1 3959
1 3911
1 1157
1 5213
1 529
1 316
1 2897
1 3214
1 2874
1 3279
1 9906
1 9840
1 1921
1 2165
1 7730
1 6385
1 4269
1 9305
1 4789
1 2188
1 4218
1 4541
1 5867
1 2626
1 8015
1 4447
1 5075
1 2608
1 8997
1 5240
1 364
1 4958
1 9329
1 2524
1 3025
1 7541
1 7303
1 8212
1 3692
1 7354
1 8417
1 9745
1 4533
1 6808
1 5380
1 6682
1 8289
1 9748
1 3636
1 301
1 6600
1 7891
1 4527
1 3939
1 8824
1 3784
1 9546
1 2294
1 5039
1 4384
1 6595
1 3431
1 6456
1 2241
1 1130
1 2678
1 2946
1 1173
1 991
1 6704
1 8503
1 7870
1 4354
1 1918
1 2906
1 7905
1 6558
1 4605
1 9387
1 6524
1 325
1 5341
1 6307
1 851
1 9378
1 2649
1 8067
1 5531
1 5916
1 1274
1 2789
1 6483
1 7640
1 2105
1 4101
1 9406
1 8352
1 3428
1 3418
1 1217
1 6089
1 2810
1 3629
1 4564
1 4293
1 9436
1 1321
1 9973
1 9665
1 9935
1 9352
1 2782
1 6845
1 5425
1 1648
1 5968
1 1843
1 9622
1 5594
1 9913
1 3599
1 3815
1 6340
1 1322
1 254
1 6453
1 2965
1 6662
1 5004
1 8929
1 1618
1 94
1 2979
1 6111
1 2911
1 6927
1 8193
1 7123
1 9812
1 3751
1 9371
1 7878
1 1683
1 1474
1 5297
1 4892
1 7786
1 1299
1 4666
1 8666
1 6749
1 9365
1 5897
1 2384
1 1937
1 2103
1 5360
1 1262
1 2199
1 9953
1 3127
1 4986
1 2930
1 5344
1 1009
1 9371
1 1464
1 6526
1 2624
1 5195
1 2530
1 1970
1 7251
1 8864
1 6409
1 1042
1 8914
1 2678
1 3943
1 9067
1 4203
1 2165
1 7808
1 832
1 1790
1 3218
1 2047
1 8553
1 9171
1 1374
1 2244
1 4164
1 5512
1 9097
1 5335
1 1074
1 473
1 1101
1 1441
1 4545
1 7857
1 6420
1 7242
1 2555
1 7412
1 3340
1 4918
1 7270
1 9992
1 3319
1 3638
1 776
1 3036
1 1055
1 7666
1 5867
1 2310
1 4513
1 1616
1 9880
1 6586
1 8687
1 9776
1 9463
1 8257
1 5211
1 7885
1 80
1 4674
1 1628
1 1752
1 4606
1 3326
1 6974
1 2405
1 3242
1 2454
1 6978
1 9794
1 5731
1 465
1 6814
1 7203
1 6336
1 2049
1 7256
1 6032
1 6632
1 6631
1 3302
1 6
1 9042
1 2181
1 86
1 3780
1 6735
1 9191
1 3769
1 4201
1 4535
1 4375
1 5717
1 4241
1 3451
1 4318
1 773
1 3320
1 142
1 8587
1 4622
1 3085
1 4832
1 289
1 5072
1 8425
1 2963
1 6786
1 4648
1 208
1 5617
1 3106
1 5647
1 3375
1 8748
1 6574
1 7143
1 9702
1 186
1 9171
1 1637
1 5527
1 6472
1 6973
1 1974
1 4093
1 3639
1 2360
1 6938
1 2719
1 7538
1 2615
1 4378
1 6259
1 9779
1 5046
1 8156
1 9901
1 2491
1 4552
1 210
1 9036
1 6763
1 5943
1 7636
1 9566
1 6898
1 5234
1 9460
1 5564
1 6238
1 7336
1 5104
1 2469
1 8625
1 4939
1 8630
1 4364
1 1186
1 4812
1 9190
1 7742
1 3800
1 882
1 8899
1 5746
1 9128
1 5027
1 8475
1 7079
1 2505
1 2988
1 6230
1 830
1 2051
1 8259
1 9055
1 934
1 1376
1 9303
1 1768
1 8871
1 9573
1 363
1 3463
1 7920
1 3209
1 6732
1 2551
1 7280
1 166
1 9151
1 6679
1 7961
1 2563
1 8666
1 8992
1 9869
1 744
1 2381
1 8338
1 8775
1 4227
1 8046
1 7053
1 7648
1 9933
1 5906
1 8488
1 437
1 3882
1 1192
1 6323
1 894
1 2141
1 3008
1 4455
1 6983
1 9556
1 282
1 1227
1 7338
1 2392
1 5775
1 9240
1 2950
1 8733
1 3642
1 8492
1 9292
1 2212
1 9437
1 3031
1 6797
1 9730
1 7207
1 3926
1 3012
1 3832
1 9587
1 8518
1 4663
1 9513
1 4978
1 7299
1 3058
1 7855
1 4287
1 7549
1 7676
1 1277
1 6332
1 6721
1 7690
1 3258
1 795
1 189
1 3736
1 556
1 4028
1 2083
1 9989
1 6094
1 5623
1 1372
1 5830
1 1697
1 8058
1 2561
1 964
1 9137
1 7883
1 4526
1 197
1 3881
1 9936
1 8120
1 8221
1 1338
1 2100
1 4284
1 9080
1 6487
1 3146
1 3557
1 8886
1 7960
1 2165
1 6753
1 7262
1 6398
1 7438
1 4836
1 745
1 2798
1 4542
1 2280
1 4268
1 6168
1 2044
1 1424
1 3904
1 3238
1 5274
1 6961
1 1170
1 6323
1 9044
1 6504
1 7973
1 3382
1 6614
1 957
1 2161
1 3115
1 1254
1 7509
1 1239
1 2620
1 6165
1 2287
1 5901
1 1959
1 1334
1 9114
1 2466
1 3742
1 4240
1 351
1 7378
1 4458
1 2200
1 7084
1 8812
1 7860
1 4913
1 1919
1 900
1 5544
1 804
1 5585
1 6519
1 1731
1 4403
1 6927
1 193
1 6222
1 7115
1 9026
1 8467
1 1024
1 176
1 8806
1 7683
1 5886
1 976
1 5255
1 2061
1 9814
1 3467
1 6200
1 8624
1 3596
1 9743
1 6423
1 2074
1 7252
1 1688
1 6218
1 4120
1 1034
1 8412
1 2259
1 8691
1 4600
1 9233
1 4251
1 9295
1 4103
1 9472
1 9645
1 8898
1 8306
1 3927
1 3005
1 3330
1 6331
1 8592
1 6788
1 4213
1 9075
1 3218
1 7884
1 490
1 5861
1 8436
1 2763
1 9557
1 7475
1 303
1 6212
1 4464
1 7019
1 9176
1 2689
1 676
1 7411
1 2967
1 560
1 8972
1 3433
1 6612
1 320
1 8279
1 7065
1 7786
1 8026
1 9729
1 2923
1 4039
1 2622
1 775
1 6030
1 9954
1 7731
1 9102
1 1468
1 8795
1 6401
1 9523
1 1452
1 7917
1 8351
1 7153
1 7401
1 1628
1 7031
1 6273
1 6007
1 7939
1 3379
1 6259
1 3445
1 3404
1 9633
1 2088
1 8761
1 7562
1 6704
1 574
1 4416
1 3021
1 3102
1 1666
1 608
1 1844
1 1869
1 4144
1 6413
1 3305
1 6228
1 7315
1 16
1 2613
1 5670
1 973
1 8759
1 7531
1 8426
1 3713
1 8113
1 5220
1 7282
1 4147
1 532
1 1415
1 1301
1 7786
1 6247
1 8238
1 3537
1 1628
1 2621
1 2508
1 3
1 8023
1 5872
1 7550
1 4170
1 8643
1 6631
1 4073
1 8042
1 9860
1 755
1 555
1 960
1 9521
1 8005
1 7554
1 1760
1 3492
1 2080
1 4802
1 5625
1 3112
1 6296
1 9976
1 3874
1 7697
1 6447
1 1611
1 5276
1 1329
1 4536
1 4236
1 6195
1 1528
1 1894
1 4582
1 7663
1 596
1 8219
1 3468
1 9671
1 5489
1 627
1 1396
1 7690
1 9578
1 9529
1 6209
1 9410
1 4133
1 1544
1 3487
1 1630
1 8306
1 2820
1 5930
1 1623
1 2772
1 4686
1 4135
1 4053
1 9355
1 4630
1 4675
1 3428
1 8568
1 3399
1 8946
1 6349
1 5734
1 4406
1 5326
1 2043
1 373
1 410
1 438
1 9321
1 9921
1 8708
1 4341
1 6259
1 8287
1 8802
1 8641
1 4207
1 790
1 3973
1 5513
1 8764
1 4315
1 7108
1 7547
1 9247
1 4371
1 2747
1 7028
1 6897
1 6232
1 6704
1 8136
1 5435
1 944
1 1107
1 3339
1 8581
1 5120
1 1044
1 5567
1 5262
1 8667
1 2865
1 6543
1 3695
1 4439
1 6956
1 8061
1 1577
1 7902
1 7295
1 5255
1 3595
1 5099
1 3837
1 6438
1 5724
1 9561
1 3241
1 8192
1 3479
1 5935
1 1223
1 9746
1 4824
1 3378
1 6096
1 176
1 4976
1 3541
1 1241
1 8288
1 4697
1 483
1 9919
1 7435
1 5700
1 6558
1 6110
1 3217
1 6495
1 482
1 3044
1 7598
1 3354
1 3734
1 2833
1 9994
1 9772
1 5487
1 262
1 5383
1 9810
1 4701
1 9742
1 2368
1 6570
1 872
1 2873
1 2131
1 8743
1 4657
1 5957
1 2672
1 9730
1 4231
1 2258
1 9845
1 6870
1 1900
1 7098
1 7540
1 6961
1 9761
1 4583
1 5855
1 1228
1 2924
1 6050
1 956
1 8616
1 4433
1 1302
1 5358
1 7493
1 4894
1 7265
1 7833
1 2641
1 8499
1 738
1 5862
1 5494
1 9126
1 1903
1 579
1 9440
1 4383
1 4719
1 8688
1 5177
1 9084
1 9865
1 6649
1 7825
1 6121
1 8322
1 2845
1 8540
1 2466
1 8162
1 2772
1 7404
1 3501
1 3724
1 259
1 4272
1 1096
1 3831
1 9525
1 7802
1 5205
1 6040
1 6090
1 5082
1 2301
1 9995
1 1505
1 8863
1 5796
1 6942
1 8650
1 1345
1 7392
1 3258
1 2865
1 1044
1 9619
1 4190
1 1149
1 7500
1 5762
1 2451
1 7644
1 8470
1 6855
1 5496
1 516
1 8187
1 2911
1 906
1 8555
1 3165
1 9191
1 3142
1 8797
1 7886
1 6778
1 7307
1 6543
1 8844
1 2287
1 6613
1 3706
1 8280
1 3825
1 9383
1 7729
1 785
1 3354
1 4579
1 3637
1 2368
1 650
1 1235
1 5767
1 3386
1 9356
1 5083
1 5496
1 7207
1 7561
1 4552
1 9083
1 6386
1 2622
1 8228
1 4047
1 7954
1 3757
1 6232
1 452
1 1757
1 7485
1 6007
1 7789
1 8782
1 2230
1 6117
1 4387
1 1602
1 2013
1 312
1 8744
1 8645
1 3032
1 7126
1 7923
1 9358
1 600
1 6866
1 5585
1 665
1 4279
1 7975
1 8889
1 1040
1 7814
1 1065
1 410
1 5297
1 8870
1 8356
1 7288
1 4854
1 4962
1 4317
1 9683
1 6473
1 2901
1 6708
1 9450
1 7534
1 9565
1 8117
1 7951
1 649
1 4434
1 3591
1 653
1 5906
1 8921
1 9074
1 898
1 3653
1 9117
1 3909
1 3499
1 1792
1 2506
1 2016
1 1156
1 6633
1 913
1 2397
1 6859
1 7416
1 1219
1 3128
1 5344
1 7126
1 150
1 678
1 4684
1 7659
1 478
1 4492
1 4926
1 4220
1 7455
1 724
1 9306
1 8017
1 8583
1 6963
1 8916
1 5076
1 1696
1 6668
1 2778
1 9527
1 4311
1 9240
1 1852
1 8468
1 9960
1 3651
1 2617
1 8505
1 5570
1 4831
1 6994
1 9285
1 2404
1 1102
1 5190
1 9803
1 7559
1 2540
1 6448
1 688
1 9768
1 3318
1 1701
1 2259
1 6249
1 3480
1 3066
1 3306
1 3602
1 7471
1 2220
1 5840
1 6036
1 4785
1 232
1 8668
1 9848
1 5277
1 6952
1 1440
1 3557
1 6791
1 7853
1 8576
1 2841
1 8233
1 762
1 7985
1 2698
1 6284
1 8672
1 3999
1 3923
1 4504
1 9762
1 8396
1 4488
1 2710
1 7647
1 5339
1 2943
1 3849
1 9078
1 4065
1 9453
1 787
1 2933
1 4673
1 1700
1 4053
1 3060
1 8989
1 9421
1 2728
1 7670
1 2158
1 4250
1 1567
1 4182
1 8880
1 491
1 5323
1 2282
1 3747
1 1385
1 609
1 7885
1 4233
1 3212
1 3416
1 5451
1 4350
1 3237
1 8194
1 49
1 8899
1 8046
1 3825
1 2446
1 9112
1 9897
1 5770
1 9738
1 662
1 8799
1 3866
1 4684
1 3895
1 1062
1 1216
1 1019
1 4977
1 2883
1 1575
1 9493
1 8715
1 6227
1 8680
1 2373
1 5274
1 393
1 8518
1 3951
1 1710
1 3076
1 8806
1 9648
1 8508
1 1904
1 4726
1 704
1 7791
1 1052
1 4657
1 15
1 1742
1 3330
1 3791
1 7413
1 4502
1 3830
1 2263
1 4183
1 9646
1 3359
1 9056
1 8494
1 9303
1 5432
1 9420
1 6504
1 7435
1 6904
1 5213
1 203
1 7587
1 4641
1 4060
1 1253
1 2167
1 3346
1 6277
1 9789
1 1149
1 2449
1 5987
1 2702
1 2524
1 1725
1 3094
1 5731
1 4215
1 3119
1 9950
1 1320
1 9704
1 9439
1 6553
1 1368
1 2829
1 1121
1 8967
1 976
1 7803
1 6716
1 3978
1 5394
1 4497
1 85
1 7016
1 94
1 8621
1 5842
1 9513
1 1200
1 5465
1 1082
1 215
1 5421
1 3574
1 4983
1 7838
1 2215
1 5410
1 1517
1 8089
1 8692
1 3120
1 7752
1 4213
1 2601
1 6004
1 8566
1 5389
1 953
1 50
1 9120
1 2123
1 3532
1 6130
1 7527
1 1616
1 6002
1 753
1 4921
1 8509
1 5243
1 6661
1 1761
1 9843
1 7952
1 3339
1 8204
1 7431
1 7088
1 2870
1 5361
1 8755
1 8956
1 6873
1 2581
1 8084
1 7086
1 952
1 9595
1 8549
1 4263
1 5886
1 4142
1 8877
1 1190
1 7662
1 9001
1 933
1 1939
1 8968
1 5054
1 5511
1 1128
1 1383
1 6054
1 6067
1 8053
1 3262
1 5602
1 4310
1 5893
1 2920
1 625
1 2749
1 7251
1 7900
1 2473
1 1908
1 8957
1 9428
1 4390
1 1930
1 7490
1 3911
1 8662
1 6099
1 9601
1 1866
1 1342
1 2814
1 3464
1 2820
1 4064
1 8830
1 2880
1 7762
1 6982
1 6927
1 7165
1 3705
1 2907
1 8283
1 2674
1 5012
1 6811
1 8809
1 9873
1 7213
1 9527
1 6151
1 1023
1 3704
1 1721
1 3266
1 1876
1 627
1 1015
1 4559
1 2337
1 4814
1 8538
1 3256
1 5184
1 6301
1 4023
1 9016
1 4464
1 6517
1 4271
1 4818
1 7959
1 6507
1 6746
1 2783
1 4925
1 609
1 3908
1 4526
1 936
1 6360
1 2420
1 7031
1 108
1 1191
1 7579
1 52
1 9278
1 7952
1 6565
1 3074
1 4546
1 5975
1 6228
1 5517
1 1993
1 2542
1 4735
1 5927
1 9206
1 2819
1 1372
1 6202
1 9097
1 852
1 8175
1 9884
1 1659
1 3348
1 479
1 9496
1 9022
1 156
1 1942
1 5699
1 3168
1 3864
1 6100
1 5175
1 8921
1 5270
1 1165
1 3800
1 7171
1 7989
1 455
1 3147
1 5019
1 6488
1 8027
1 9049
1 4773
1 2741
1 3609
1 1292
1 5160
1 6777
1 9698
1 2062
1 4578
1 6927
1 2777
1 9661
1 9689
1 9277
1 1549
1 8456
1 9179
1 8929
1 6999
1 8968
1 3767
1 3217
1 6114
1 6427
1 4678
1 5398
1 8063
1 7594
1 4408
1 5520
1 8665
1 585
1 9088
1 2827
1 4174
1 1873
1 1946
1 3673
1 9606
1 1776
1 3742
1 308
1 2118
1 5667
1 5968
1 3545
1 1489
1 2894
1 1632
1 1066
1 3578
1 1907
1 5365
1 3865
1 6268
1 3492
1 1700
1 8477
1 4897
1 1746
1 6283
1 9973
1 7619
1 3051
1 9097
1 5156
1 5224
1 5868
1 5955
1 6054
1 9268
1 9451
1 3054
1 6066
1 6938
1 7970
1 6353
1 9087
1 9357
1 7493
1 9273
1 1016
1 7260
1 450
1 9040
1 7837
1 7399
1 1546
1 4530
1 1549
1 7856
1 7237
1 5968
1 7869
1 1055
1 4576
1 8274
1 6264
1 6968
1 1333
1 8665
1 7434
1 6097
1 3133
1 1095
1 9022
1 7597
1 4157
1 5748
1 1434
1 2129
1 5067
1 9337
1 4550
1 5543
1 2129
1 9761
1 2151
1 2314
1 5709
1 939
1 5084
1 4891
1 6507
1 6813
1 8033
1 7780
1 1907
1 8407
1 7899
1 1379
1 6224
1 1204
1 7847
1 416
1 403
1 305
1 8425
1 3268
1 7832
1 8674
1 4259
1 4831
1 5247
1 4665
1 1086
1 2929
1 927
1 7356
1 6356
1 1734
1 3328
1 6358
1 6152
1 1261
1 9464
1 8344
1 10000
1 9244
1 4741
1 7397
1 8656
1 5978
1 1538
1 7558
1 1440
1 8079
1 6372
1 9818
1 7120
1 230
1 8118
1 5148
1 6953
1 2922
1 4363
1 8830
1 6595
1 1217
1 5364
1 8919
1 4450
1 2792
1 7652
1 8130
1 9040
1 8289
1 8204
1 8570
1 8114
1 3140
1 5090
1 8026
1 2817
1 118
1 5336
1 9616
1 8741
1 8544
1 1974
1 9759
1 1018
1 4546
1 768
1 3596
1 5632
1 9059
1 7142
1 824
1 9968
1 3873
1 9325
1 1973
1 9000
1 2619
1 7183
1 2829
1 1933
1 3446
1 5730
1 484
1 8526
1 1891
1 3076
1 2716
1 3764
1 3730
1 4793
1 5021
1 7595
1 9971
1 1891
1 3054
1 8012
1 6884
1 7760
1 6047
1 3186
1 2261
1 7325
1 7784
1 6283
1 8952
1 9115
1 2061
1 642
1 4574
1 9413
1 5473
1 825
1 678
1 7356
1 2449
1 8950
1 2446
1 41
1 7534
1 2056
1 8310
1 9138
1 111
1 1752
1 4072
1 8949
1 3914
1 7366
1 7682
1 1278
1 2126
1 2769
1 4372
1 862
1 8388
1 7400
1 6043
1 7347
1 1436
1 937
1 4749
1 9303
1 4140
1 4574
1 1158
1 7018
1 5857
1 1063
1 2347
1 2195
1 2553
1 3162
1 1363
1 5245
1 112
1 7214
1 9003
1 798
1 3426
1 6464
1 4427
1 1131
1 616
1 3230
1 3037
1 8093
1 2899
1 6875
1 968
1 6195
1 3905
1 1672
1 601
1 650
1 9556
1 2136
1 1838
1 9539
1 6716
1 8346
1 3241
1 5367
1 5387
1 5477
1 2274
1 9098
1 1640
1 808
1 968
1 5122
1 1212
1 3211
1 672
1 2772
1 9238
1 5974
1 7874
1 5498
1 3627
1 1936
1 1481
1 3719
1 3788
1 1774
1 8445
1 6797
1 7113
1 3011
1 1855
1 9797
1 5988
1 8739
1 8545
1 4420
1 3228
1 9913
1 747
1 5987
1 6849
1 3287
1 9980
1 4567
1 1327
1 8247
1 9304
1 3785
1 9689
1 4023
1 3069
1 5748
1 6270
1 8989
1 4345
1 947
1 4367
1 1176
1 1601
1 4598
1 8490
1 2726
1 5234
1 4
1 8051
1 2114
1 3705
1 4987
1 8877
1 7507
1 750
1 3374
1 5089
1 6291
1 5258
1 8068
1 7976
1 9566
1 3622
1 6056
1 6463
1 9593
1 2173
1 7206
1 9530
1 1169
1 3884
1 3544
1 4164
1 8291
1 5491
1 8534
1 8403
1 206
1 8662
1 6582
1 2950
1 3921
1 3868
1 2090
1 2798
1 8124
1 7895
1 7644
1 8322
1 9143
1 6004
1 3235
1 3271
1 8021
1 8932
1 7771
1 8571
1 2224
1 1226
1 6167
1 7516
1 1730
1 933
1 1335
1 694
1 8388
1 8226
1 2839
1 3562
1 7423
1 9564
1 1360
1 7635
1 6191
1 9146
1 1000
1 466
1 981
1 9715
1 7778
1 4962
1 3759
1 1757
1 2198
1 8585
1 1236
1 4190
1 1939
1 1191
1 9614
1 2965
1 1822
1 9479
1 7216
1 5245
1 3133
1 9702
1 4528
1 3485
1 5851
1 5302
1 9930
1 5056
1 1007
1 3756
1 7922
1 4096
1 9780
1 1206
1 1321
1 7283
1 1398
1 426
1 9309
1 370
1 9757
1 4756
1 1038
1 5553
1 5014
1 7373
1 357
1 1141
1 3005
1 935
1 1859
1 3670
1 2211
1 548
1 9225
1 3704
1 1331
1 4728
1 2504
1 7850
1 6616
1 5010
1 5079
1 6283
1 7513
1 5276
1 6658
1 4274
1 6494
1 4243
1 4169
1 409
1 1638
1 488
1 2333
1 1874
1 4160
1 5284
1 8130
1 5154
1 3609
1 9861
1 2466
1 9744
1 5889
1 3062
1 2911
1 5243
1 3922
1 9860
1 1396
1 6123
1 9645
1 4495
1 2459
1 5681
1 2864
1 1376
1 1146
1 6919
1 3213
1 3780
1 3299
1 1206
1 7863
1 4984
1 5494
1 2804
1 713
1 2298
1 4731
1 4050
1 3477
1 9665
1 1440
1 3713
1 2732
1 7989
1 2777
1 2383
1 663
1 7075
1 4943
1 8534
1 2203
1 5254
1 523
1 9741
1 9215
1 1181
1 1639
1 3311
1 8059
1 8634
1 8941
1 7783
1 8581
1 7609
1 715
1 3055
1 1257
1 1905
1 6369
1 7628
1 6452
1 7369
1 494
1 9416
1 8321
1 6111
1 9323
1 3902
1 8556
1 2250
1 7224
1 4425
1 7633
1 7607
1 9867
1 4469
1 5903
1 163
1 8525
1 8582
1 835
1 9615
1 4118
1 4480
1 8955
1 8155
1 1122
1 3868
1 9734
1 2477
1 7344
1 8545
1 2222
1 2769
1 5731
1 8429
1 2640
1 7583
1 3826
1 7385
1 1560
1 17
1 5771
1 2135
1 6609
1 6028
1 7821
1 7761
1 4894
1 3160
1 4386
1 8952
1 5536
1 265
1 1858
1 9275
1 6393
1 1063
1 1393
1 225
1 1071
1 5369
1 4570
1 733
1 220
1 200
1 8797
1 525
1 546
1 2324
1 7523
1 9814
1 5853
1 6819
1 6811
1 1559
1 6617
1 1543
1 5852
1 2326
1 4204
1 4355
1 5914
1 1913
1 8349
1 4969
1 1072
1 6119
1 7777
1 7266
1 1141
1 9232
1 770
1 5829
1 9100
1 108
1 4919
1 7924
1 3255
1 708
1 9840
1 3037
1 8930
1 23
1 3374
1 7884
1 3631
1 1510
1 9249
1 9675
1 5746
1 7968
1 2301
1 8432
1 8403
1 7666
1 9011
1 8890
1 9520
1 1879
1 6714
1 1585
1 9955
1 4351
1 7317
1 2726
1 9817
1 1557
1 5130
1 5828
1 953
1 5547
1 4214
1 1776
1 1535
1 343
1 5575
1 6908
1 6781
1 8916
1 3649
1 2533
1 8267
1 8383
1 4642
1 5681
1 8638
1 1805
1 922
1 1889
1 8640
1 6716
1 3517
1 3489
1 3565
1 4905
1 9294
1 5724
1 9875
1 3266
1 1577
1 7590
1 1004
1 4912
1 8113
1 2552
1 6645
1 6635
1 8596
1 1834
1 9664
1 5728
1 8244
1 6862
1 7096
1 3063
1 7062
1 4886
1 3576
1 7894
1 1659
1 6710
1 5311
1 6767
1 719
1 6645
1 2546
1 1033
1 4934
1 6103
1 5070
1 5479
1 2824
1 1356
1 7709
1 2397
1 4378
1 3765
1 8776
1 4329
1 3886
1 5775
1 3545
1 2366
1 8918
1 452
1 8859
1 2158
1 3553
1 7992
1 841
1 8919
1 8810
1 3581
1 9982
1 5147
1 9073
1 2148
1 8710
1 3314
1 4382
1 7163
1 5935
1 4641
1 2842
1 513
1 2785
1 5108
1 3829
1 6294
1 4523
1 2685
1 8042
1 6831
1 8215
1 9048
1 1786
1 6523
1 2810
1 5656
1 6428
1 8951
1 5165
1 2124
1 848
1 5250
1 4060
1 2924
1 6745
1 5658
1 8488
1 7928
1 35
1 7761
1 4530
1 5454
1 7879
1 1439
1 5717
1 3365
1 9801
1 3393
1 7711
1 4292
1 5213
1 2243
1 9494
1 3126
1 7791
1 504
1 4857
1 4162
1 6558
1 8327
1 8878
1 9363
1 7131
1 5318
1 5015
1 9723
1 7221
1 9204
1 3699
1 3651
1 7602
1 2441
1 8994
1 1776
1 6724
1 9483
1 3877
1 98
1 705
1 3747
1 2036
1 4417
1 3013
1 9404
1 734
1 1003
1 6426
1 875
1 636
1 2526
1 6473
1 2284
1 2654
1 6393
1 864
1 586
1 3715
1 3626
1 5314
1 358
1 7087
1 9532
1 417
1 8700
1 1513
1 9903
1 4947
1 1480
1 6411
1 6518
1 3924
1 27
1 7334
1 8649
1 6382
1 1629
1 5839
1 4758
1 5713
1 2373
1 4944
1 1097
1 8231
1 3794
1 7191
1 2688
1 7752
1 3794
1 4044
1 360
1 7751
1 4899
1 5110
1 9934
1 1345
1 1412
1 793
1 1169
1 5233
1 7239
1 5754
1 1515
1 6650
1 2283
1 991
1 4151
1 3259
1 1644
1 9187
1 41
1 9162
1 9612
1 9877
1 9783
1 9586
1 5554
1 9658
1 8189
1 3456
1 7992
1 128
1 1953
1 7257
1 3584
1 1811
1 5506
1 8969
1 9110
1 3558
1 2762
1 7825
1 6776
1 5131
1 1395
1 5000
1 8660
1 680
1 7424
1 4389
1 9488
1 7720
1 1701
1 4193
1 4893
1 6120
1 7958
1 9781
1 8080
1 2763
1 1021
1 1510
1 4432
1 9305
1 537
1 6210
1 8777
1 2762
1 8387
1 8853
1 9898
1 6579
1 8056
1 1041
1 1570
1 7898
1 3030
1 7401
1 660
1 3241
1 2529
1 9869
1 416
1 2878
1 6515
1 2746
1 5986
1 7664
1 6617
1 1051
1 5246
1 5323
1 3303
1 863
1 6429
1 6193
1 8796
1 6598
1 4327
1 942
1 3109
1 5330
1 825
1 2391
1 4411
1 1469
1 521
1 2363
1 3692
1 5685
1 4068
1 3144
1 7618
1 3789
1 81
1 6882
1 1773
1 3123
1 9943
1 7845
1 8217
1 9020
1 1463
1 8912
1 4904
1 9421
1 3330
1 8832
1 3328
1 3158
1 6512
1 2203
1 5600
1 9527
1 9030
1 5022
1 6702
1 837
1 5748
1 8173
1 1773
1 5227
1 7430
1 4651
1 8706
1 7855
1 2504
1 9438
1 6480
1 9654
1 1130
1 6897
1 5330
1 5747
1 9311
1 5455
1 967
1 9712
1 4971
1 8884
1 996
1 3654
1 3937
1 1870
1 7565
1 9258
1 7522
1 270
1 4999
1 9472
1 900
1 643
1 6330
1 5801
1 7698
1 5786
1 6125
1 7465
1 2682
1 7310
1 9744
1 4364
1 5181
1 3540
1 7343
1 9582
1 9465
1 5275
1 3830
1 1179
1 4333
1 3450
1 2836
1 9527
1 3318
1 4245
1 7482
1 2531
1 4523
1 5494
1 8862
1 9646
1 8500
1 3762
1 4133
1 2815
1 1421
1 4689
1 8260
1 9508
1 328
1 50
1 1463
1 2215
1 3503
1 8075
1 6330
1 5851
1 7079
1 8816
1 2614
1 4984
1 2391
1 4282
1 6859
1 6720
1 9107
1 9294
1 3917
1 8892
1 7068
1 698
1 2433
1 3772
1 6316
1 1662
1 1514
1 4008
1 2443
1 1698
1 7582
1 5524
1 4784
1 859
1 399
1 9569
1 6474
1 1442
1 5400
1 9251
1 8130
1 2720
1 4287
1 3355
1 2529
1 7381
1 7480
1 7775
1 4196
1 3855
1 1813
1 8916
1 8868
1 4481
1 1064
1 2243
1 4849
1 306
1 4529
1 9458
1 3268
1 7699
1 5181
1 3332
1 6197
1 3052
1 3971
1 8637
1 7613
1 1894
1 330
1 8982
1 1966
1 8212
1 2890
1 6568
1 7273
1 3260
1 7345
1 9763
1 223
1 1050
1 958
1 9819
1 3983
1 7290
1 403
1 7998
1 4455
1 1217
1 5872
1 9790
1 2489
1 2078
1 5183
1 5753
1 4917
1 8627
1 8319
1 8477
1 8941
1 972
1 5467
1 4552
1 3471
1 6319
1 267
1 5693
1 4871
1 9227
1 3916
1 2589
1 2369
1 6397
1 3689
1 3227
1 6223
1 858
1 647
1 8234
1 1858
1 8497
1 6998
1 494
1 5788
1 1873
1 6746
1 7623
1 7636
1 873
1 9273
1 5750
1 3605
1 2084
1 4449
1 1678
1 1694
1 3581
1 448
1 7625
1 6071
1 2920
1 8249
1 1167
1 7524
1 4336
1 2200
1 5005
1 5635
1 3414
1 7188
1 3828
1 5185
1 297
1 9309
1 4725
1 3544
1 9723
1 297
1 1815
1 5006
1 4155
1 6499
1 8999
1 4649
1 5551
1 1996
1 5503
1 1229
1 4655
1 6976
1 9090
1 5837
1 2292
1 1136
1 9074
1 1437
1 6229
1 9179
1 7266
1 6814
1 7
1 2887
1 7020
1 7712
1 6802
1 8112
1 7368
1 7233
1 3781
1 4218
1 5458
1 3210
1 7568
1 6000
1 7747
1 4690
1 9549
1 1296
1 9093
1 3704
1 4917
1 7243
1 1321
1 1532
1 5832
1 7008
1 5592
1 7733
1 3246
1 7132
1 2319
1 2088
1 2789
1 4245
1 8247
1 9174
1 5687
1 8408
1 2477
1 8952
1 1863
1 9762
1 4242
1 2112
1 1315
1 5706
1 6702
1 3925
1 1730
1 2793
1 3860
1 7065
1 5891
1 68
1 3164
1 1414
1 1911
1 7482
1 2449
1 7858
1 1910
1 8876
1 750
1 1812
1 4726
1 1238
1 3289
1 9254
1 1409
1 2803
1 9673
1 6634
1 5042
1 7174
1 2120
1 3357
1 5448
1 7337
1 2924
1 7577
1 9429
1 276
1 3342
1 491
1 3810
1 752
1 1263
1 1475
1 8865
1 706
1 6031
1 7534
1 5776
1 5134
1 9790
1 3227
1 6194
1 2150
1 6207
1 211
1 2015
1 6568
1 3029
1 1042
1 468
1 42
1 5843
1 9410
1 1936
1 4885
1 4391
1 7210
1 6835
1 612
1 904
1 8221
1 157
1 2244
1 5031
1 2974
1 3946
1 4817
1 462
1 1031
1 7073
1 2081
1 3063
1 958
1 5526
1 8499
1 9506
1 2313
1 7983
1 9284
1 1222
1 7344
1 9063
1 1358
1 6887
1 527
1 5554
1 9508
1 8225
1 2285
1 1601
1 4646
1 5808
1 6849
1 7050
1 3117
1 4886
1 2037
1 8415
1 7983
1 3893
1 1182
1 3985
1 6275
1 1494
1 576
1 4667
1 7153
1 6405
1 4632
1 8975
1 1215
1 7625
1 8408
1 2821
1 8059
1 5995
1 4527
1 4063
1 6196
1 1980
1 7027
1 4830
1 3861
1 5890
1 2001
1 2128
1 4409
1 5152
1 5484
1 5810
1 4567
1 2286
1 5393
1 1421
1 2494
1 624
1 5010
1 7858
1 7108
1 5854
1 419
1 1357
1 6624
1 8008
1 7267
1 1034
1 4323
1 8408
1 4751
1 4658
1 7839
1 7689
1 5413
1 4823
1 9546
1 1163
1 4711
1 3430
1 3513
1 870
1 9096
1 972
1 9001
1 4165
1 8554
1 9419
1 6173
1 4095
1 363
1 6828
1 4742
1 9452
1 6497
1 4943
1 5250
1 9084
1 4833
1 1797
1 7147
1 2664
1 8366
1 9132
1 7448
1 7602
1 2024
1 964
1 4319
1 2761
1 9179
1 5119
1 6814
1 9458
1 5113
1 6600
1 9770
1 9781
1 8669
1 606
1 1399
1 587
1 7672
1 8987
1 2381
1 7381
1 5309
1 472
1 9336
1 7950
1 6080
1 1634
1 9664
1 4716
1 3978
1 4134
1 8016
1 2905
1 408
1 5046
1 1876
1 2245
1 1894
1 1383
1 5111
1 3878
1 479
1 7826
1 8866
1 7450
1 4468
1 2286
1 8307
1 8425
1 41
1 9667
1 9242
1 2386
1 7161
1 7570
1 3584
1 6322
1 9552
1 3800
1 7269
1 6258
1 7674
1 8389
1 7083
1 9336
1 1640
1 3818
1 6530
1 3971
1 1705
1 3936
1 246
1 2563
1 7392
1 8760
1 4458
1 5479
1 2563
1 1588
1 6629
1 1940
1 3089
1 4607
1 5099
1 2646
1 645
1 7486
1 2302
1 6613
1 7387
1 6974
1 3085
1 3407
1 7862
1 531
1 4080
1 9348
1 4762
1 9993
1 8159
1 5309
1 5020
1 1387
1 6412
1 3109
1 1874
1 8523
1 3015
1 4266
1 4476
1 1974
1 178
1 531
1 7219
1 173
1 573
1 5129
1 2782
1 7943
1 793
1 5513
1 8990
1 7029
1 6036
1 501
1 3094
1 6120
1 3990
1 661
1 6589
1 9697
1 9386
1 194
1 2415
1 794
1 4584
1 4051
1 9817
1 5151
1 4949
1 2622
1 3775
1 8675
1 1416
1 7312
1 8620
1 7768
1 1169
1 1220
1 5208
1 5996
1 8458
1 7551
1 975
1 5608
1 1058
1 541
1 1931
1 5672
1 8961
1 6237
1 5491
1 7625
1 6730
1 8044
1 4216
1 7654
1 6890
1 2097
1 2249
1 3589
1 8340
1 7436
1 1276
1 6450
1 1136
1 8295
1 1680
1 6273
1 2738
1 2103
1 1920
1 5757
1 2946
1 3131
1 9151
1 3910
1 9573
1 347
1 6485
1 2819
1 1351
1 9370
1 451
1 9764
1 9766
1 6256
1 2258
1 3464
1 7796
1 8475
1 1972
1 7734
1 5716
1 711
1 4047
1 6699
1 4017
1 1859
1 3657
1 4752
1 7345
1 1998
1 7298
1 3366
1 2001
1 7618
1 1093
1 4082
1 7304
1 7446
1 6280
1 1629
1 9670
1 1981
1 5384
1 7674
1 1783
1 6473
1 5971
1 7733
1 6673
1 9425
1 6213
1 554
1 7631
1 8919
1 2395
1 8882
1 4636
1 4614
1 7821
1 9548
1 3720
1 3226
1 9648
1 4957
1 8367
1 207
1 9
1 5010
1 6760
1 2902
1 4927
1 2973
1 9588
1 2469
1 2202
1 9472
1 7303
1 9339
1 4970
1 2434
1 4425
1 8993
1 9158
1 3379
1 2741
1 5809
1 596
1 6707
1 1557
1 9432
1 6345
1 9513
1 2132
1 6283
1 4606
1 5151
1 2026
1 8663
1 3221
1 3460
1 6429
1 9465
1 9442
1 3404
1 8138
1 4920
1 448
1 9360
1 6585
1 9352
1 8857
1 6812
1 4196
1 9363
1 3505
1 9264
1 6156
1 5429
1 5292
1 503
1 988
1 7928
1 8942
1 490
1 6526
1 2916
1 4050
1 1388
1 2536
1 9715
1 1191
1 8422
1 6066
1 4297
1 3025
1 1110
1 1544
1 2799
1 2697
1 6569
1 9657
1 468
1 4425
1 3600
1 2618
1 8280
1 8306
1 9425
1 5452
1 9775
1 464
1 791
1 3872
1 6994
1 1466
1 5105
1 7445
1 6834
1 6980
1 1334
1 4485
1 6623
1 3754
1 7125
1 195
1 3280
1 8875
1 8582
1 9093
1 801
1 4281
1 9427
1 4890
1 7647
1 9132
1 8566
1 7021
1 5941
1 8560
1 8281
1 2365
1 1311
1 3429
1 9001
1 1677
1 7139
1 8953
1 4888
1 6787
1 3205
1 8541
1 3323
1 4016
1 9368
1 9628
1 3971
1 2223
1 2424
1 9834
1 3092
1 7303
1 833
1 7283
1 3373
1 8363
1 7249
1 353
1 3566
1 6859
1 1561
1 3943
1 5396
1 222
1 6958
1 3490
1 1079
1 6923
1 6756
1 353
1 5793
1 1897
1 5927
1 6346
1 4003
1 7088
1 5977
1 5062
1 1294
1 4289
1 4889
1 3716
1 2464
1 403
1 6706
1 9367
1 8194
1 2585
1 1871
1 8378
1 4681
1 6581
1 2238
1 9408
1 2387
1 5351
1 5382
1 55
1 6289
1 1109
1 6654
1 7398
1 3714
1 8737
1 4534
1 4205
1 2025
1 4308
1 8250
1 4894
1 8870
1 5451
1 6501
1 9375
1 681
1 9409
1 5853
1 2880
1 6046
1 7392
1 6982
1 6041
1 9658
1 9233
1 1072
1 8033
1 1435
1 9168
1 2594
1 1806
1 892
1 1810
1 7815
1 6511
1 952
1 1706
1 2607
1 801
1 8453
1 9897
1 1823
1 2053
1 9665
1 3498
1 2865
1 8529
1 4344
1 2531
1 4817
1 2600
1 8693
1 6805
1 3922
1 5988
1 8159
1 7729
1 3952
1 937
1 5308
1 9166
1 9457
1 9454
1 765
1 4282
1 2729
1 943
1 216
1 1038
1 4764
1 580
1 1939
1 1504
1 6821
1 929
1 3807
1 1798
1 6816
1 76
1 2772
1 1553
1 8513
1 3902
1 7112
1 3949
1 5039
1 564
1 6716
1 5804
1 3413
1 8326
1 9002
1 1620
1 5248
1 803
1 1043
1 2325
1 5
1 9722
1 2305
1 7923
1 6379
1 3435
1 3920
1 6668
1 9706
1 9595
1 3059
1 6024
1 8674
1 4684
1 3160
1 7870
1 8828
1 9445
1 8729
1 3470
1 939
1 5215
1 3544
1 3191
1 2714
1 784
1 9130
1 1711
1 7129
1 8343
1 5644
1 8658
1 7731
1 1274
1 2215
1 3739
1 4740
1 734
1 7569
1 6642
1 2702
1 387
1 9232
1 4644
1 9912
1 7582
1 2344
1 4142
1 335
1 4968
1 2945
1 6022
1 8875
1 9238
1 4525
1 8966
1 8911
1 3186
1 7969
1 9481
1 1150
1 9031
1 1754
1 8080
1 8037
1 7610
1 3039
1 6597
1 3996
1 6331
1 4604
1 8448
1 6317
1 860
1 6426
1 9783
1 2507
1 7007
1 1387
1 742
1 2973
1 3457
1 8803
1 6858
1 6223
1 3240
1 9979
1 9732
1 6323
1 6912
1 8204
1 3733
1 2629
1 9364
1 2788
1 9487
1 6527
1 1300
1 4592
1 4302
1 5991
1 8687
1 7153
1 5811
1 3031
1 9001
1 7914
1 1671
1 9439
1 2362
1 3111
1 3386
1 9846
1 1350
1 7113
1 908
1 5172
1 9951
1 213
1 1983
1 9302
1 5201
1 6230
1 667
1 942
1 8765
1 1783
1 7391
1 7445
1 8816
1 7430
1 7861
1 3769
1 9795
1 342
1 4999
1 4722
1 995
1 1392
1 9596
1 9934
1 6198
1 9889
1 219
1 248
1 5769
1 2740
1 384
1 2302
1 2088
1 2507
1 6359
1 2612
1 7468
1 5249
1 1676
1 8009
1 4775
1 8146
1 5369
1 3288
1 9224
1 4485
1 1492
1 7084
1 3243
1 4579
1 9392
1 6244
1 8072
1 4774
1 9157
1 2115
1 4919
1 9425
1 2080
1 692
1 6573
1 3317
1 5952
1 2360
1 7013
1 6907
1 5856
1 4124
1 4418
1 2597
1 5250
1 5836
1 5997
1 6239
1 6327
1 9598
1 2309
1 5221
1 3263
1 275
1 5143
1 5642
1 535
1 849
1 6032
1 5747
1 3652
1 1121
1 3558
1 8380
1 7931
1 4138
1 6205
1 9185
1 4371
1 7561
1 5942
1 3814
1 5951
1 4673
1 5732
1 1456
1 4475
1 3384
1 9853
1 7948
1 8012
1 3818
1 4001
1 9962
1 5608
1 5291
1 8387
1 8849
1 2240
1 4509
1 1826
1 7585
1 3963
1 2296
1 9932
1 1667
1 1937
1 4597
1 3322
1 1792
1 739
1 9512
1 7578
1 4864
1 6206
1 3011
1 1157
1 645
1 7032
1 1855
1 345
1 6860
1 4375
1 7875
1 2706
1 5813
1 4915
1 3538
1 9429
1 466
1 7441
1 8447
1 5391
1 5208
1 3706
1 1478
1 3356
1 1072
1 1515
1 1659
1 7990
1 2443
1 7679
1 8762
1 7133
1 2176
1 6725
1 1559
1 131
1 3740
1 2548
1 129
1 889
1 2595
1 457
1 1330
1 49
1 4125
1 5161
1 4892
1 127
1 3604
1 5074
1 1142
1 2522
1 8086
1 3900
1 2924
1 1932
1 5095
1 2174
1 3696
1 7217
1 5084
1 4115
1 8452
1 1794
1 2632
1 7738
1 844
1 6932
1 4790
1 9853
1 1229
1 6177
1 8579
1 9674
1 3393
1 8906
1 269
1 3558
1 4902
1 8651
1 2102
1 7067
1 4842
1 4578
1 6118
1 1140
1 25
1 2964
1 8290
1 8026
1 907
1 9433
1 8826
1 7575
1 6347
1 9385
1 4855
1 3568
1 807
1 3245
1 5074
1 1488
1 3467
1 2883
1 6142
1 6637
1 490
1 8069
1 3868
1 8055
1 342
1 7632
1 2208
1 1855
1 1118
1 301
1 9308
1 6681
1 1617
1 9252
1 635
1 4770
1 9311
1 4174
1 7593
1 1070
1 5137
1 1708
1 2241
1 3208
1 1092
1 9289
1 6904
1 1306
1 1129
1 3705
1 6275
1 3754
1 599
1 3674
1 6644
1 8961
1 7896
1 1843
1 5358
1 2241
1 1812
1 5193
1 2168
1 3251
1 5163
1 7744
1 2689
1 2574
1 2311
1 9400
1 1045
1 7369
1 3248
1 759
1 4254
1 4543
1 1819
1 3454
1 8430
1 9873
1 7794
1 9026
1 9665
1 9065
1 7316
1 1749
1 452
1 6307
1 5175
1 4603
1 9991
1 1717
1 4238
1 2664
1 4088
1 3030
1 6694
1 5492
1 3949
1 5790
1 1592
1 9071
1 3681
1 87
1 2115
1 3670
1 6049
1 3460
1 7233
1 4135
1 2523
1 9735
1 9923
1 2734
1 4463
1 7099
1 4867
1 8258
1 6315
1 5730
1 5191
1 1945
1 1272
1 1656
1 1824
1 7474
1 633
1 7827
1 3465
1 3745
1 5455
1 3473
1 8313
1 2118
1 6490
1 8573
1 6161
1 152
1 605
1 256
1 6700
1 4945
1 3627
1 6230
1 672
1 2496
1 6563
1 2352
1 3844
1 9540
1 4763
1 3750
1 5061
1 6030
1 2709
1 3227
1 1579
1 959
1 3919
1 9673
1 1977
1 3270
1 4734
1 580
1 4445
1 2198
1 221
1 6315
1 2495
1 1604
1 9879
1 7992
1 8313
1 343
1 1269
1 5914
1 6686
1 6993
1 159
1 987
1 3293
1 1400
1 2807
1 4311
1 1096
1 887
1 4244
1 6525
1 2203
1 7267
1 866
1 4543
1 7239
1 1001
1 4465
1 3556
1 7110
1 4593
1 2304
1 343
1 6564
1 6580
1 9428
1 5832
1 3532
1 3880
1 634
1 671
1 6898
1 8410
1 9627
1 23
1 8406
1 2989
1 4128
1 3287
1 4418
1 2055
1 7037
1 1803
1 7896
1 8080
1 2535
1 3584
1 4193
1 5133
1 6224
1 5273
1 559
1 2365
1 2299
1 1964
1 3993
1 9008
1 9505
1 4973
1 760
1 5172
1 2036
1 7786
1 4264
1 6236
1 3640
1 1561
1 4155
1 1873
1 5689
1 142
1 6542
1 8035
1 7265
1 8384
1 819
1 2738
1 5138
1 6582
1 9405
1 5140
1 6720
1 8684
1 2779
1 6355
1 9855
1 208
1 3598
1 6031
1 8042
1 3646
1 6329
1 4646
1 2146
1 2124
1 4813
1 5529
1 2423
1 3800
1 6579
1 6202
1 3920
1 1789
1 540
1 1361
1 6347
1 5528
1 9650
1 3028
1 8571
1 6826
1 5150
1 2397
1 3500
1 6364
1 2834
1 2222
1 6111
1 1470
1 7093
1 5278
1 6311
1 850
1 7234
1 9622
1 7945
1 8643
1 7673
1 275
1 825
1 3402
1 3692
1 7995
1 3548
1 3384
1 3562
1 9112
1 9207
1 2461
1 735
1 5341
1 1345
1 7779
1 6598
1 3242
1 3491
1 4837
1 8892
1 2899
1 8503
1 8267
1 7963
1 6854
1 6914
1 2216
1 7400
1 7147
1 393
1 9664
1 2390
1 3010
1 9794
1 8970
1 9809
1 6904
1 4046
1 4346
1 5515
1 7330
1 6438
1 540
1 5680
1 7711
1 2498
1 1401
1 3160
1 7894
1 7611
1 9442
1 7543
1 1554
1 3170
1 6671
1 2863
1 3469
1 7436
1 1888
1 1022
1 4260
1 7533
1 8718
1 2913
1 1948
1 7218
1 502
1 2153
1 6498
1 6061
1 1737
1 7083
1 3759
1 1778
1 696
1 9339
1 6291
1 4311
1 5719
1 8145
1 7430
1 2359
1 2914
1 5701
1 1134
1 9668
1 5381
1 3219
1 1197
1 792
1 5099
1 323
1 7365
1 6346
1 3520
1 7826
1 1038
1 5262
1 9520
1 5011
1 2538
1 9304
1 3939
1 172
1 2852
1 5915
1 821
1 4087
1 2978
1 7287
1 5148
1 9148
1 9734
1 6646
1 6511
1 4191
1 1552
1 3209
1 3621
1 9996
1 702
1 1558
1 8205
1 725
1 6122
1 5817
1 4639
1 3537
1 4549
1 9185
1 6054
1 869
1 3512
1 7815
1 9708
1 5191
1 3415
1 1722
1 3572
1 5852
1 3563
1 550
1 248
1 4271
1 7340
1 9289
1 1245
1 9064
1 9582
1 7302
1 2332
1 6038
1 9247
1 8158
1 6839
1 7170
1 6463
1 8228
1 4644
1 4693
1 7473
1 8624
1 2711
1 4917
1 6763
1 6511
1 6319
1 3728
1 1420
1 7042
1 6212
1 8290
1 9369
1 9880
1 7455
1 3913
1 8806
1 9436
1 9485
1 2379
1 4425
1 3308
1 7161
1 5646
1 1865
1 1252
1 1599
1 9631
1 7765
1 1635
1 6085
1 320
1 1548
1 2338
1 1370
1 2907
1 1097
1 6313
1 4243
1 3478
1 6323
1 7794
1 2419
1 9665
1 1038
1 7675
1 4783
1 4104
1 7159
1 844
1 6861
1 7339
1 8529
1 3388
1 3701
1 6208
1 3719
1 5437
1 6900
1 1653
1 623
1 8481
1 7216
1 335
1 8483
1 3683
1 3485
1 6498
1 6487
1 2781
1 952
1 6260
1 2463
1 6997
1 2803
1 1294
1 2796
1 9404
1 4072
1 9304
1 858
1 5213
1 9743
1 9007
1 6304
1 8228
1 5784
1 4155
1 4827
1 864
1 8268
1 87
1 8504
1 3928
1 383
1 1458
1 4082
1 6662
1 6411
1 6532
1 9727
1 3134
1 5281
1 7429
1 1600
1 5482
1 3993
1 6892
1 8954
1 3513
1 7710
1 8328
1 4560
1 2477
1 3169
1 8402
1 1887
1 2406
1 8591
1 2820
1 3557
1 8905
1 8217
1 6884
1 8029
1 5923
1 6626
1 1439
1 9138
1 2213
1 7049
1 8466
1 2860
1 8016
1 4046
1 4501
1 2944
1 7729
1 1627
1 3677
1 5617
1 466
1 393
1 3907
1 7085
1 8027
1 518
1 1024
1 9453
1 8515
1 8321
1 8915
1 4795
1 8792
1 2527
1 2053
1 244
1 86
1 3972
1 2829
1 2759
1 7568
1 3852
1 6233
1 7791
1 33
1 3619
1 7736
1 3119
1 2536
1 3965
1 767
1 9481
1 3987
1 7930
1 2889
1 1868
1 340
1 1237
1 7074
1 4865
1 4772
1 1183
1 6975
1 9362
1 9090
1 357
1 4322
1 2492
1 5952
1 8632
1 2030
1 5269
1 5268
1 8331
1 6636
1 5656
1 4579
1 6189
1 7122
1 4301
1 8246
1 3071
1 4182
1 3016
1 6456
1 4372
1 5822
1 8252
1 9434
1 8638
1 2180
1 2074
1 2291
1 2747
1 1303
1 8923
1 6283
1 6771
1 8879
1 8743
1 9175
1 1848
1 8147
1 6061
1 5507
1 6983
1 277
1 5076
1 4129
1 1981
1 2979
1 8411
1 3225
1 3965
1 730
1 2889
1 5366
1 679
1 5088
1 4625
1 4656
1 6802
1 8979
1 3474
1 1681
1 5936
1 8363
1 4558
1 1315
1 57
1 8743
1 9495
1 6225
1 8446
1 2315
1 6841
1 2921
1 9063
1 4753
1 3054
1 8012
1 7462
1 2242
1 3019
1 7
1 4049
1 3412
1 8387
1 559
1 3774
1 5749
1 5059
1 2346
1 3097
1 3146
1 4222
1 2494
1 7140
1 5304
1 3419
1 9410
1 7271
1 3016
1 6132
1 4805
1 9216
1 9476
1 9026
1 3115
1 2602
1 647
1 2330
1 760
1 1308
1 6929
1 8512
1 6552
1 4303
1 5876
1 3317
1 4639
1 4210
1 3088
1 503
1 328
1 7707
1 7755
1 820
1 6662
1 3708
1 7986
1 5073
1 4898
1 1940
1 8846
1 5873
1 5289
1 2175
1 3539
1 6714
1 4606
1 7351
1 9191
1 7047
1 1665
1 6114
1 133
1 8783
1 14
1 2911
1 6137
1 598
1 1823
1 3643
1 3307
1 7099
1 2832
1 7613
1 575
1 445
1 73
1 6448
1 5271
1 1061
1 433
1 4735
1 2086
1 2629
1 9044
1 9294
1 2623
1 4803
1 2976
1 1733
1 8642
1 978
1 7453
1 2823
1 2837
1 2924
1 6663
1 4184
1 2126
1 3042
1 9585
1 9361
1 7443
1 84
1 4673
1 3754
1 4551
1 3150
1 7969
1 866
1 1831
1 6392
1 4998
1 1636
1 4182
1 857
1 6757
1 963
1 4161
1 1819
1 2079
1 3267
1 2360
1 7369
1 5803
1 2637
1 1495
1 8045
1 9551
1 9720
1 7952
1 8570
1 6231
1 7181
1 8065
1 8162
1 1413
1 4091
1 7803
1 6730
1 9107
1 2844
1 9976
1 7036
1 715
1 4625
1 5019
1 1993
1 299
1 1533
1 6932
1 2842
1 2127
1 5098
1 3888
1 4381
1 9087
1 9477
1 7410
1 2471
1 150
1 9982
1 100
1 2081
1 4706
1 4116
1 1605
1 766
1 9304
1 4075
1 9653
1 1018
1 441
1 2343
1 7896
1 2915
1 6962
1 3035
1 8173
1 2554
1 8745
1 5852
1 9547
1 7817
1 2755
1 3973
1 1688
1 4648
1 353
1 2867
1 3930
1 4512
1 8576
1 6034
1 7961
1 1783
1 9740
1 6810
1 9701
1 9458
1 2942
1 7702
1 7892
1 7950
1 7688
1 2545
1 8277
1 9923
1 5854
1 3614
1 6429
1 8939
1 2727
1 5175
1 7139
1 8220
1 3669
1 7980
1 5244
1 260
1 2409
1 8415
1 4589
1 1885
1 6036
1 1478
1 960
1 331
1 4574
1 4147
1 2779
1 4652
1 6691
1 7651
1 9600
1 7075
1 6672
1 6562
1 4974
1 6433
1 7095
1 6205
1 9903
1 831
1 4305
1 2088
1 9287
1 4788
1 2510
1 9528
1 1065
1 2416
1 3341
1 4449
1 7145
1 7996
1 8589
1 8890
1 7566
1 3890
1 2106
1 4103
1 8887
1 9608
1 8244
1 5542
1 9975
1 2111
1 9353
1 4964
1 5560
1 1744
1 7892
1 4040
1 3961
1 4984
1 8589
1 8751
1 5612
1 6434
1 1638
1 624
1 3127
1 6768
1 8247
1 7493
1 2121
1 3956
1 3255
1 5585
1 3695
1 3897
1 6991
1 9450
1 9398
1 5338
1 5031
1 4253
1 2019
1 6838
1 1439
1 1869
1 5184
1 1451
1 6121
1 6367
1 4815
1 2706
1 9592
1 8076
1 9363
1 7381
1 3104
1 8534
1 7293
1 8878
1 2554
1 913
1 7019
1 7219
1 91
1 4869
1 8139
1 2068
1 7097
1 9731
1 4865
1 3262
1 2327
1 4466
1 9091
1 5048
1 6650
1 2057
1 3748
1 3086
1 7177
1 2326
1 5921
1 4346
1 2500
1 9595
1 2294
1 194
1 4859
1 1400
1 6383
1 4940
1 3586
1 5687
1 9400
1 7145
1 2216
1 7367
1 1888
1 6980
1 4299
1 5033
1 6707
1 4414
1 6415
1 6357
1 7801
1 6192
1 6071
1 6324
1 4853
1 1692
1 1392
1 7833
1 7837
1 5764
1 5880
1 6200
1 8958
1 2157
1 8148
1 6938
1 4289
1 4914
1 8670
1 6869
1 9305
1 644
1 3500
1 2267
1 1671
1 8030
1 1475
1 8326
1 7135
1 4774
1 7633
1 5489
1 2238
1 2116
1 3427
1 8433
1 799
1 1936
1 8383
1 5734
1 4611
1 9902
1 5512
1 190
1 6334
1 2488
1 5510
1 9083
1 6705
1 2347
1 316
1 487
1 8699
1 7895
1 4486
1 9942
1 1722
1 9730
1 8922
1 6836
1 2941
1 2080
1 1965
1 4319
1 8339
1 9264
1 5494
1 2227
1 7073
1 6570
1 5952
1 3352
1 2675
1 4416
1 9855
1 2344
1 6585
1 4014
1 9454
1 2091
1 9959
1 4017
1 3409
1 2258
1 8939
1 5297
1 8244
1 9989
1 5594
1 9550
1 802
1 9213
1 3613
1 2521
1 1348
1 8837
1 6387
1 7908
1 5210
1 9843
1 128
1 1519
1 7083
1 9
1 7672
1 4561
1 6464
1 5667
1 580
1 5136
1 7766
1 651
1 490
1 5199
1 2662
1 8106
1 729
1 9729
1 4170
1 6398
1 8254
1 4309
1 6888
1 9413
1 5596
1 8142
1 7068
1 5242
1 7982
1 1973
1 9835
1 637
1 1722
1 897
1 8280
1 6670
1 365
1 9082
1 9421
1 2784
1 2021
1 9511
1 2818
1 4411
1 3185
1 9144
1 6256
1 1447
1 2001
1 6175
1 7386
1 4881
1 7
1 5986
1 7643
1 4411
1 4829
1 6762
1 132
1 8054
1 4828
1 1116
1 9325
1 8396
1 5935
1 1363
1 8206
1 3363
1 6092
1 5133
1 4580
1 5619
1 587
1 8649
1 8426
1 2910
1 4771
1 2054
1 929
1 2112
1 2489
1 8820
1 7391
1 7116
1 5212
1 8669
1 9548
1 4813
1 192
1 8238
1 3616
1 3271
1 8480
1 6397
1 4537
1 1691
1 7048
1 3725
1 5806
1 5363
1 7323
1 6511
1 4719
1 6937
1 5313
1 9916
1 2646
1 3531
1 9194
1 1231
1 2827
1 5767
1 3922
1 8791
1 7959
1 9896
1 8865
1 4713
1 3020
1 5029
1 49
1 8297
1 6836
1 818
1 8144
1 5722
1 4525
1 8775
1 6425
1 2197
1 3891
1 8884
1 7993
1 3959
1 8728
1 5245
1 3496
1 1589
1 9096
1 4098
1 7735
1 6639
1 6494
1 1861
1 5903
1 5884
1 8872
1 9683
1 3092
1 1625
1 5027
1 781
1 9702
1 5998
1 5526
1 8674
1 6395
1 4749
1 5055
1 6852
1 8607
1 5132
1 60
1 5396
1 831
1 4233
1 4193
1 6879
1 9699
1 5150
1 1697
1 6142
1 442
1 9005
1 110
1 2548
1 4776
1 162
1 4641
1 2048
1 3272
1 1313
1 7104
1 3473
1 8273
1 9844
1 3203
1 8944
1 1634
1 2214
1 5636
1 9089
1 4532
1 2092
1 341
1 7662
1 5988
1 3306
1 2876
1 6277
1 9335
1 6542
1 3662
1 5135
1 3040
1 492
1 5150
1 6922
1 4240
1 7990
1 6841
1 556
1 5503
1 9426
1 3686
1 8914
1 7777
1 6301
1 3818
1 4673
1 5881
1 8727
1 3325
1 2680
1 2383
1 2293
1 3692
1 7861
1 5036
1 1761
1 5067
1 186
1 3079
1 5504
1 6098
1 5547
1 2975
1 2426
1 6545
1 7083
1 9524
1 2864
1 7249
1 8965
1 625
1 3638
1 1626
1 884
1 2118
1 2806
1 6548
1 1293
1 9926
1 2941
1 1025
1 6200
1 8267
1 9262
1 3174
1 2993
1 5310
1 9842
1 8081
1 817
1 4140
1 5811
1 6550
1 4026
1 3810
1 6409
1 2785
1 6925
1 9384
1 5300
1 5789
1 9853
1 7806
1 1745
1 1158
1 4059
1 9647
1 6052
1 8823
1 5547
1 347
1 4810
1 2181
1 3108
1 362
1 7744
1 3864
1 3279
1 518
1 5371
1 2297
1 1805
1 887
1 2254
1 6649
1 6767
1 5539
1 7003
1 5842
1 736
1 6303
1 3446
1 5104
1 19
1 4792
1 3186
1 4065
1 7438
1 4710
1 5602
1 4240
1 2911
1 6973
1 7068
1 580
1 4295
1 9603
1 7928
1 906
1 6811
1 3960
1 4448
1 7097
1 111
1 8057
1 6056
1 116
1 1531
1 4136
1 9350
1 4074
1 5846
1 6561
1 3995
1 3009
1 1964
1 6078
1 2134
1 6646
1 207
1 6566
1 572
1 7356
1 2336
1 6957
1 2654
1 2681
1 3064
1 295
1 6614
1 1991
1 4801
1 873
1 8871
1 7337
1 2642
1 2421
1 6399
1 7143
1 1749
1 3284
1 9000
1 8309
1 907
1 5551
1 5557
1 3825
1 1464
1 8721
1 6028
1 1464
1 1509
1 3934
1 4314
1 8677
1 7045
1 8568
1 4586
1 1568
1 1546
1 5628
1 6742
1 2849
1 4176
1 117
1 7099
1 3382
1 5908
1 5241
1 7234
1 9705
1 2360
1 574
1 4264
1 3307
1 7800
1 2980
1 5537
1 3573
1 3535
1 8709
1 7737
1 207
1 4132
1 5528
1 4377
1 4808
1 5843
1 3159
1 9766
1 4798
1 7435
1 5865
1 9350
1 3608
1 990
1 7713
1 3120
1 8448
1 7431
1 3211
1 1882
1 3087
1 3802
1 1708
1 4105
1 9098
1 7006
1 4157
1 7996
1 3299
1 3205
1 6860
1 4935
1 5016
1 625
1 5653
1 7131
1 715
1 7076
1 4824
1 9251
1 4919
1 5462
1 365
1 3072
1 5489
1 9307
1 9766
1 2708
1 117
1 7853
1 4277
1 9696
1 7554
1 4248
1 6426
1 606
1 6763
1 8989
1 3324
1 4690
1 9444
1 5792
1 9796
1 8198
1 1309
1 4831
1 8312
1 9534
1 8989
1 7746
1 6480
1 7033
1 2935
1 9162
1 1759
1 9106
1 2119
1 9068
1 7455
1 876
1 3483
1 4065
1 3199
1 1580
1 3071
1 1907
1 9829
1 8296
1 2679
1 8453
1 1093
1 82
1 2840
1 5042
1 3637
1 3143
1 6960
1 9631
1 6793
1 6709
1 6381
1 3796
1 7314
1 7385
1 3860
1 7336
1 9844
1 2024
1 253
1 4257
1 9578
1 7251
1 7453
1 4863
1 502
1 7491
1 9456
1 1126
1 8929
1 6657
1 347
1 5745
1 8949
1 5315
1 2757
1 3517
1 9855
1 285
1 2457
1 5011
1 2129
1 9220
1 2605
1 3017
1 8753
1 5732
1 8384
1 2636
1 308
1 677
1 2819
1 7986
1 3043
1 476
1 1258
1 5643
1 3979
1 3449
1 6427
1 1337
1 9290
1 5402
1 3584
1 9814
1 6086
1 8729
1 9366
1 2030
1 2008
1 8427
1 2749
1 681
1 7055
1 1241
1 2352
1 5300
1 8649
1 3569
1 7655
1 4897
1 5137
1 6992
1 3805
1 918
1 888
1 334
1 4867
1 4010
1 3621
1 9158
1 7857
1 2989
1 2126
1 4268
1 4563
1 838
1 4507
1 7984
1 1403
1 4320
1 8527
1 8418
1 6697
1 1302
1 2054
1 574
1 7506
1 8490
1 7285
1 552
1 4618
1 5401
1 8058
1 2421
1 5688
1 4138
1 7844
1 1963
1 1590
1 3594
1 1222
1 5070
1 4571
1 7640
1 4722
1 889
1 9209
1 1985
1 7395
1 2802
1 6530
1 2314
1 7776
1 5110
1 8568
1 5975
1 8566
1 2451
1 1164
1 4081
1 4304
1 7374
1 9811
1 5567
1 2396
1 5846
1 6195
1 4071
1 8728
1 3144
1 1387
1 3310
1 5581
1 5730
1 3184
1 993
1 5451
1 8082
1 8440
1 7650
1 3686
1 8826
1 6401
1 4488
1 7307
1 2059
1 7981
1 9108
1 4370
1 1945
1 4158
1 3962
1 2525
1 9018
1 165
1 7799
1 7890
1 5636
1 2720
1 8069
1 7653
1 9275
1 7242
1 3371
1 5239
1 3744
1 820
1 5144
1 9144
1 2725
1 5503
1 8139
1 4140
1 565
1 9584
1 3700
1 7745
1 8638
1 9378
1 1203
1 1821
1 8105
1 9413
1 2498
1 8996
1 1412
1 6713
1 531
1 5508
1 7099
1 9193
1 5683
1 3172
1 9805
1 962
1 7558
1 1155
1 2346
1 1541
1 7253
1 6931
1 6459
1 2611
1 6276
1 5931
1 7501
1 5008
1 6252
1 3705
1 4082
1 2205
1 4306
1 455
1 6997
1 2765
1 2980
1 895
1 5724
1 2631
1 5885
1 9593
1 2525
1 8283
1 7795
1 9857
1 6523
1 6908
1 2240
1 3563
1 1607
1 7985
1 6215
1 7740
1 4251
1 9483
1 4243
1 7843
1 190
1 4331
1 1537
1 9347
1 4896
1 4402
1 6368
1 9944
1 1066
1 9275
1 5063
1 1494
1 1771
1 4504
1 6980
1 1285
1 9138
1 2415
1 8678
1 3238
1 5713
1 3753
1 7416
1 7667
1 2959
1 4567
1 9664
1 3800
1 5603
1 7166
1 4535
1 4235
1 2297
1 6593
1 492
1 3025
1 9097
1 4873
1 4797
1 8765
1 4345
1 7436
1 8265
1 5118
1 1331
1 6416
1 1495
1 8946
1 4255
1 5201
1 2724
1 9415
1 9019
1 6888
1 214
1 6737
1 2285
1 3377
1 5721
1 875
1 8867
1 2553
1 2239
1 443
1 7210
1 2139
1 3178
1 6165
1 3066
1 8831
1 171
1 4866
1 697
1 774
1 2063
1 6564
1 6053
1 5397
1 2441
1 1828
1 8786
1 8398
1 2370
1 2802
1 6732
1 9053
1 3313
1 4088
1 4162
1 2583
1 2258
1 6010
1 1445
1 7171
1 3237
1 7559
1 5816
1 9859
1 7263
1 5203
1 3684
1 8370
1 2146
1 282
1 3354
1 2672
1 4884
1 159
1 4294
1 2160
1 4982
1 2046
1 2972
1 427
1 6257
1 5334
1 8040
1 4967
1 6356
1 3367
1 9581
1 4296
1 7801
1 2421
1 5151
1 5326
1 6065
1 956
1 6515
1 993
1 2649
1 1631
1 3308
1 1458
1 3330
1 7290
1 276
1 8342
1 5221
1 5881
1 2838
1 7084
1 4161
1 5014
1 8451
1 3918
1 7613
1 1345
1 2334
1 6944
1 8438
1 9723
1 9707
1 4972
1 4694
1 9002
1 9454
1 9797
1 7172
1 3399
1 6823
1 8230
1 9214
1 9029
1 6456
1 8763
1 8722
1 2744
1 1140
1 2698
1 17
1 6462
1 9039
1 6172
1 5289
1 6321
1 2361
1 6620
1 6171
1 7680
1 6640
1 4602
1 1398
1 769
1 7324
1 5163
1 3595
1 7341
1 5950
1 9970
1 8387
1 8054
1 8499
1 1695
1 3814
1 184
1 1133
1 1366
1 9985
1 2755
1 5727
1 5134
1 9185
1 1474
1 5058
1 4434
1 4721
1 8620
1 5554
1 860
1 3033
1 1644
1 6254
1 42
1 9678
1 7730
1 3713
1 9363
1 7711
1 4839
1 3985
1 6891
1 4281
1 8639
1 5542
1 3202
1 1799
1 3546
1 269
1 7213
1 5627
1 6605
1 4160
1 9201
1 9264
1 2743
1 4751
1 1015
1 2798
1 8374
1 2424
1 1158
1 9342
1 8572
1 2130
1 3270
1 5792
1 7895
1 3802
1 1520
1 3079
1 6611
1 7349
1 4372
1 4776
1 2441
1 5592
1 4290
1 3451
1 2983
1 8923
1 6934
1 2554
1 6533
1 4197
1 9925
1 543
1 3657
1 5837
1 3812
1 419
1 9717
1 1898
1 6281
1 9699
1 7478
1 4289
1 5661
1 9222
1 2989
1 2207
1 6085
1 9291
1 143
1 3793
1 9419
1 4853
1 564
1 4707
1 3812
1 4474
1 3740
1 4943
1 2629
1 1603
1 6881
1 2477
1 8034
1 9291
1 2621
1 6932
1 8808
1 9962
1 9707
1 192
1 5825
1 7467
1 2572
1 7058
1 7729
1 1815
1 8673
1 1141
1 9532
1 5161
1 8374
1 7804
1 9845
1 8031
1 4027
1 5234
1 314
1 8482
1 8572
1 8846
1 2795
1 234
1 2515
1 4613
1 8856
1 6614
1 1377
1 4806
1 5318
1 5389
1 9545
1 6766
1 5792
1 8298
1 7335
1 4393
1 7708
1 7052
1 4335
1 4800
1 2404
1 2242
1 6759
1 8798
1 1262
1 2223
1 6500
1 5771
1 4227
1 9195
1 9371
1 5579
1 1348
1 2121
1 8526
1 5577
1 1515
1 4235
1 9748
1 7377
1 8354
1 9655
1 329
1 2044
1 1247
1 5357
1 8968
1 4236
1 3815
1 3924
1 1054
1 1798
1 8758
1 6224
1 7255
1 3340
1 2617
1 3799
1 9118
1 2755
1 4081
1 6776
1 419
1 1486
1 4281
1 6445
1 9309
1 9358
1 4213
1 9660
1 8160
1 798
1 2345
1 7337
1 5844
1 433
1 2212
1 323
1 772
1 5576
1 1374
1 7223
1 9618
1 4753
1 4725
1 3386
1 7921
1 305
1 529
1 2131
1 6413
1 3488
1 2601
1 5900
1 7481
1 626
1 1682
1 9872
1 2841
1 197
1 6633
1 6682
1 7429
1 9725
1 5524
1 449
1 7125
1 7643
1 5992
1 5472
1 7526
1 3011
1 8365
1 4052
1 6937
1 6622
1 3667
1 5886
1 6796
1 1632
1 1630
1 5426
1 9238
1 1853
1 9397
1 5208
1 2467
1 3266
1 9942
1 6131
1 3834
1 4822
1 451
1 221
1 8856
1 4752
1 5727
1 5557
1 1251
1 7782
1 5834
1 4490
1 2596
1 4821
1 8108
1 1963
1 6024
1 5396
1 2351
1 2370
1 3541
1 3389
1 8802
1 2613
1 6149
1 449
1 6377
1 5715
1 1985
1 1149
1 1962
1 5881
1 5836
1 237
1 4815
1 7668
1 5987
1 884
1 381
1 1936
1 9289
1 2983
1 4275
1 5076
1 8017
1 8016
1 2507
1 6434
1 9287
1 6451
1 4234
1 9400
1 3174
1 390
1 7664
1 997
1 8781
1 3001
1 4120
1 2175
1 4757
1 5176
1 3359
1 2844
1 9381
1 1158
1 4999
1 5161
1 6308
1 5135
1 7643
1 1201
1 8285
1 5371
1 1294
1 4967
1 8268
1 6616
1 1318
1 1002
1 6898
1 5089
1 7283
1 1111
1 3749
1 6816
1 2582
1 6230
1 8954
1 9296
1 1103
1 7254
1 4089
1 3571
1 2634
1 468
1 6486
1 7977
1 8083
1 4296
1 2021
1 1675
1 7781
1 736
1 2227
1 6769
1 9152
1 6368
1 8799
1 503
1 845
1 5268
1 882
1 8372
1 5608
1 5939
1 4990
1 910
1 1566
1 2137
1 6424
1 3808
1 9057
1 3720
1 8892
1 6560
1 5755
1 3503
1 4412
1 2596
1 2634
1 4705
1 8049
1 3838
1 8774
1 6324
1 5647
1 3555
1 8170
1 6267
1 4345
1 9629
1 8530
1 3588
1 6972
1 4670
1 3666
1 3025
1 619
1 1719
1 2030
1 4097
1 7826
1 4803
1 74
1 4788
1 1158
1 5621
1 704
1 7901
1 1257
1 6077
1 5427
1 7950
1 1374
1 1895
1 7234
1 5602
1 7585
1 1274
1 4127
1 1596
1 3903
1 6691
1 2132
1 4397
1 3747
1 6195
1 4118
1 27
1 9149
1 6495
1 2623
1 497
1 4728
1 5438
1 9359
1 2046
1 4076
1 7014
1 560
1 6042
1 6086
1 2196
1 6524
1 1844
1 7789
1 7317
1 8298
1 7672
1 6187
1 8309
1 4243
1 5178
1 4675
1 4321
1 4899
1 7488
1 225
1 1488
1 3687
1 5214
1 5173
1 4084
1 8850
1 671
1 8160
1 1106
1 6344
1 1949
1 7664
1 4167
1 2725
1 7502
1 8538
1 73
1 1183
1 3554
1 5281
1 2302
1 9241
1 6384
1 3152
1 5330
1 9883
1 2555
1 3589
1 3552
1 6849
1 8847
1 3568
1 110
1 7157
1 2715
1 8373
1 7812
1 5790
1 7021
1 205
1 3713
1 6440
1 2871
1 455
1 5798
1 4994
1 6271
1 2090
1 1426
1 2180
1 6793
1 7925
1 7214
1 1172
1 6655
1 4160
1 1192
1 2502
1 1956
1 7499
1 4716
1 4980
1 4637
1 4009
1 4067
1 5766
1 9440
1 4734
1 4115
1 2363
1 9800
1 7964
1 1397
1 2226
1 8666
1 7324
1 9420
1 9823
1 705
1 7955
1 4654
1 4118
1 6556
1 1805
1 4289
1 1783
1 9982
1 3641
1 8164
1 3146
1 3347
1 3884
1 6188
1 2155
1 1014
1 9324
1 6263
1 3314
1 2301
1 5857
1 4729
1 1922
1 3412
1 1575
1 9726
1 2568
1 2133
1 6073
1 2136
1 3723
1 4185
1 4879
1 8199
1 3429
1 5771
1 5833
1 367
1 4813
1 9071
1 5831
1 2364
1 2686
1 363
1 604
1 4833
1 665
1 3384
1 2519
1 2119
1 8638
1 2066
1 3481
1 4911
1 3874
1 8709
1 6224
1 4044
1 9234
1 7186
1 2755
1 3702
1 2971
1 6186
1 1483
1 9126
1 1115
1 9847
1 4557
1 2891
1 9071
1 3308
1 6015
1 2795
1 4739
1 8075
1 5629
1 4239
1 2118
1 5182
1 614
1 7023
1 2477
1 7894
1 8501
1 7608
1 7416
1 6049
1 4975
1 6842
1 3284
1 7148
1 7134
1 3146
1 3127
1 3874
1 4216
1 3374
1 5265
1 6745
1 1977
1 2812
1 3728
1 1209
1 4235
1 8148
1 6835
1 7625
1 591
1 9647
1 4125
1 65
1 4952
1 2696
1 8383
1 9547
1 8206
1 5797
1 3521
1 2336
1 3358
1 7957
1 72
1 8005
1 666
1 6241
1 7962
1 8602
1 9433
1 7168
1 160
1 9818
1 222
1 8639
1 3764
1 4105
1 4570
1 947
1 8570
1 8302
1 9040
1 639
1 359
1 1939
1 269
1 7008
1 2138
1 1837
1 1092
1 1321
1 8144
1 397
1 2284
1 3328
1 9846
1 3467
1 6864
1 9305
1 588
1 3460
1 7224
1 2940
1 8470
1 4988
1 9156
1 4598
1 770
1 2943
1 3422
1 6760
1 9543
1 252
1 7044
1 8258
1 2660
1 7962
1 5111
1 2520
1 258
1 6200
1 8234
1 5704
1 9076
1 8390
1 8684
1 2497
1 8353
1 7502
1 660
1 7952
1 1824
1 9439
1 6388
1 5999
1 6372
1 1808
1 9907
1 3629
1 7779
1 5747
1 3269
1 6464
1 9570
1 9623
1 2596
1 7301
1 6554
1 342
1 6828
1 6183
1 3087
1 157
1 421
1 9118
1 8700
1 7373
1 9822
1 7407
1 6683
1 4528
1 5014
1 4794
1 7695
1 5433
1 3577
1 5996
1 8129
1 91
1 5858
1 6767
1 6344
1 9833
1 7308
1 1229
1 6075
1 7728
1 5026
1 9806
1 9549
1 1187
1 3855
1 7557
1 1487
1 8108
1 4895
1 801
1 1759
1 9199
1 4846
1 8492
1 2852
1 6841
1 4185
1 5236
1 928
1 5843
1 5783
1 4490
1 8232
1 1683
1 9579
1 9254
1 8772
1 978
1 6139
1 9218
1 8571
1 4425
1 482
1 9291
1 3816
1 9543
1 2081
1 5942
1 3948
1 7652
1 3532
1 7283
1 6057
1 5707
1 9697
1 431
1 3953
1 8804
1 7798
1 5156
1 7205
1 8553
1 8236
1 6561
1 865
1 9100
1 3562
1 2255
1 5868
1 8511
1 2411
1 3228
1 144
1 7629
1 3747
1 1053
1 950
1 4547
1 2386
1 2955
1 4835
1 9103
1 7254
1 945
1 6436
1 8302
1 7431
1 4165
1 1964
1 6048
1 3789
1 3501
1 6221
1 9387
1 5105
1 7882
1 5930
1 5313
1 8322
1 8065
1 5235
1 4454
1 7825
1 6145
1 5231
1 6250
1 9106
1 7293
1 6512
1 459
1 7460
1 2251
1 903
1 608
1 6185
1 5350
1 2354
1 5477
1 4592
1 5803
2 8355
2 3582
2 1565
2 1101
2 6666
2 259
2 1834
2 2944
2 5365
2 2167
2 965
2 9101
2 5132
2 9751
2 1034
2 1039
2 1047
2 6639
2 5489
2 1396
2 2452
2 9885
2 3103
2 9959
2 3675
2 1303
2 9654
2 5213
2 4711
2 7922
2 4415
2 9849
2 2264
2 3253
2 9077
2 7082
2 710
2 649
2 2068
2 9403
2 6767
2 1710
2 7220
2 7263
2 5696
2 2548
2 451
2 470
2 9064
2 5870
2 9117
2 2271
2 8603
2 8600
2 7097
2 6954
2 8875
2 8485
2 3706
2 6944
2 3736
2 6626
2 8672
2 6942
2 2656
2 7211
2 4624
2 7605
2 1014
2 1218
2 8922
2 3553
2 1815
2 6107
2 5717
2 5581
2 8676
2 3582
2 562
3 6852
3 2759
3 9021
3 8703
3 1649
3 7632
3 8177
3 5800
3 7020
3 6202
3 3648
3 209
3 1935
3 8219
3 9872
3 1933
3 9190
3 4965
3 1646
3 1366
3 7616
3 6032
3 7675
3 8750
3 778
3 3606
3 7142
3 9818
3 7644
3 1502
3 1423
3 5063
3 4163
3 1714
3 7374
3 17
3 5212
3 8870
3 2149
3 3415
3 7694
3 3147
3 1760
3 5529
3 66
3 1161
3 2885
3 283
3 443
3 7071
3 4760
3 5955
3 4309
3 5098
3 2237
3 1282
3 1154
3 47
3 2399
3 7664
3 7409
3 3245
3 8115
3 5210
3 7833
3 5841
3 2897
3 4135
3 4974
3 1344
3 2352
3 4184
3 9326
3 6287
3 5861
3 4082
3 9227
3 4841
3 4387
3 8121
3 1418
3 8054
3 2587
3 8722
3 8882
3 2975
3 8944
3 702
3 2997
3 4966
3 6996
3 2221
3 8542
3 7954
3 7248
3 2077
3 8863
3 1508
3 3867
3 1130
3 1627
3 2139
3 9637
3 7640
3 1170
3 3683
3 6753
3 4246
3 3792
3 1945
3 943
3 2780
3 4121
3 7629
3 7317
3 6221
3 5613
3 7268
3 7456
3 827
3 2069
3 7030
3 7712
3 5868
3 2673
3 1934
3 5187
3 5570
3 1238
3 8658
3 3787
3 1397
3 7212
3 281
3 4270
3 8671
3 1727
3 7837
3 2630
3 6671
3 9147
3 9199
3 3919
3 7331
3 5005
3 4861
3 4097
3 4574
3 6082
3 7971
3 906
3 4331
3 6596
3 1147
3 4524
3 9221
3 2349
3 1932
3 4983
3 5845
3 152
3 6403
3 9672
3 2500
3 9955
3 8976
3 7582
3 8060
3 7253
3 5587
3 3417
3 6281
3 4382
3 807
3 7723
3 8939
3 8874
3 4217
3 6125
3 388
3 2994
3 8422
3 8029
3 9343
3 238
3 48
3 5935
3 1059
3 8025
3 8897
3 3112
3 1739
3 2426
3 3036
3 7682
3 5194
3 5254
3 2236
3 8889
3 985
3 3562
3 6494
3 1193
3 4043
3 5032
3 5062
3 1801
3 3853
3 8715
3 8685
3 5836
3 9269
3 5513
3 128
3 6489
3 3922
3 3257
3 9996
3 6476
3 1447
3 146
3 6106
3 5336
3 7861
3 6236
3 9142
3 821
3 5663
3 4890
3 5785
3 2779
3 6988
3 2648
3 1498
3 8099
3 8591
3 7418
3 7862
3 4309
4 9369
4 2058
4 8512
4 9527
4 3203
4 9580
4 8602
4 677
4 9943
4 4718
4 4460
4 560
4 9296
4 6778
4 9693
4 2036
4 158
4 588
4 7642
4 4306
4 393
4 1535
4 6805
4 3215
4 9092
4 7577
4 472
4 4754
4 2563
4 8138
4 2909
4 1171
4 1361
4 4955
4 7479
4 8643
4 995
4 6282
4 5714
4 7098
4 5082
4 7338
4 5073
4 9964
4 6889
4 9442
4 5689
4 6671
4 8525
4 5438
4 4066
4 9868
4 7165
4 2654
4 9368
4 519
4 564
4 8516
4 2997
4 5931
4 1264
4 4096
4 1748
4 7000
4 7304
4 9890
4 6305
4 4287
4 6550
4 4104
4 2120
4 6280
4 2500
4 8588
4 3090
4 50
4 4579
4 3167
4 9487
4 2260
4 7962
4 8958
4 3570
4 4062
4 8069
4 3997
4 4531
4 3457
4 3177
4 4876
4 7599
4 2620
4 8692
4 4209
4 3915
4 7086
4 1487
4 2334
4 1656
4 6763
4 8853
4 8774
4 8522
4 1266
4 8567
4 5222
4 4885
4 4381
4 402
4 1224
4 3236
4 705
4 8008
4 132
4 7425
4 6547
4 4845
4 6080
4 6782
4 2680
4 3712
4 779
4 8279
4 1380
4 7421
4 2811
4 718
4 5037
4 2665
4 754
4 3743
4 7846
4 7439
4 8285
4 3902
4 1735
4 7464
4 4789
4 8147
4 3874
4 1562
4 8635
4 5029
4 2939
4 8200
4 9671
4 5330
4 5456
4 2625
4 150
4 1136
4 3359
4 6482
4 9132
4 1719
4 215
4 6012
4 2998
4 9294
4 2379
4 9771
4 3549
4 7842
4 8651
4 4875
4 5326
4 3228
4 8434
4 4844
4 8686
4 7212
4 4887
4 8020
4 5702
4 9317
4 9353
4 233
4 7140
4 8630
4 5522
4 8137
4 2922
4 2982
4 5630
4 878
4 5427
4 2148
4 72
4 5651
4 393
4 3356
4 1692
4 7624
4 9583
4 3006
4 9736
4 4050
4 9943
4 3614
4 8756
4 1363
4 8191
4 9802
4 7082
4 2159
4 198
4 4681
4 2077
4 7082
4 9602
4 9282
4 2096
4 276
4 1868
4 7927
4 2751
4 9082
4 8976
4 7643
4 5768
4 1398
4 4883
4 6572
4 1650
4 755
4 1548
4 4671
4 4192
4 5689
4 8623
4 8951
4 2550
4 5409
4 3700
4 6446
4 4396
4 1314
4 8525
4 6310
4 7147
4 1486
4 2224
4 3179
4 3684
4 7013
4 20
4 7873
4 9389
4 874
4 4337
4 8933
4 4224
4 6879
4 4316
4 1430
4 9552
4 5696
4 9840
4 3644
4 3159
4 8901
4 3572
4 5132
4 8562
4 9488
4 8230
4 1455
4 4666
4 5017
4 2014
4 9582
4 4545
4 3639
4 12
4 7186
4 2306
4 3304
4 1414
4 7949
4 7896
4 9548
4 3466
4 8537
4 9283
4 9408
4 2512
4 2721
4 2586
4 223
4 4014
4 2945
4 4043
4 4906
4 1160
4 8341
4 4647
4 2944
4 2890
4 1059
4 3261
4 1755
4 5487
4 9256
4 8650
4 7254
4 4265
4 9330
4 4103
4 115
4 1975
4 6310
4 4083
4 6303
4 1252
4 8972
4 5973
4 6242
4 2580
4 6687
4 518
4 6006
4 9952
4 6892
4 1969
4 950
4 17
4 1256
4 579
4 3045
4 443
4 6717
4 2699
4 1662
4 4722
4 8921
4 9224
4 581
4 5766
4 333
4 2056
4 7701
4 730
4 9142
4 7096
4 8611
4 3052
4 4029
4 7987
4 3174
4 6089
4 6321
4 5493
4 1466
4 770
4 9781
4 9385
4 9152
4 8883
4 5683
4 2070
4 369
4 1807
4 9636
4 2097
4 6931
4 6982
4 2669
4 9660
4 2168
4 6010
4 5858
4 8958
4 3422
4 3832
4 7023
4 8885
4 4482
4 6219
4 6181
4 9358
4 7031
4 8214
5 843
5 8659
5 4510
5 4878
5 3992
5 8119
5 8081
5 9242
5 5148
5 172
5 8790
5 751
5 9709
5 1860
5 4440
5 9808
5 4123
5 6422
5 8114
5 3168
5 8794
5 1832
5 506
5 8400
5 824
5 7718
5 6062
5 5191
5 6259
5 5032
5 3642
5 545
5 5932
5 6713
5 942
5 2626
5 207
5 7465
5 2920
6 7164
6 239
6 1118
6 350
6 791
6 9490
6 2065
6 1360
6 8955
6 4764
6 2327
6 8557
6 6002
6 808
6 5503
6 9496
6 9532
6 1195
7 8757
7 7255
7 5144
7 7975
7 9552
7 9929
7 4176
7 981
7 2419
7 707
7 677
7 9658
7 4153
7 8811
7 4518
7 6612
7 7589
7 3917
7 4036
7 6617
7 1790
7 4862
7 2948
7 1780
7 2537
7 1341
7 5246
7 8387
7 9564
7 7061
7 4948
7 4141
7 2781
7 894
7 1876
7 3766
7 9890
7 8975
7 5829
7 3210
7 5289
7 5411
7 7719
7 9898
7 1459
7 4817
7 3830
7 6267
7 5754
7 9699
7 3226
7 3947
7 2478
7 1690
7 6332
8 2830
8 5161
8 3004
8 9188
8 6311
8 9186
9 8106
9 8236
9 9588
9 217
10 8456
11 7109
11 6092
11 245
12 3625
7698 9053
7698 2342
7698 3495
7698 4911
7698 2573
7698 1586
7698 7962
7698 5975
7698 1081
7698 6130
7698 3651
7698 2492
7698 2821
7698 3177
7698 7252
7698 2203
7698 4193
7698 7134
7698 8661
7698 274
7698 1700
7698 7822
7698 958
7698 1657
7698 8294
7698 9138
7698 5471
7698 6843
7698 4481
7698 1433
7698 9885
7698 2503
7698 1687
7698 3792
7698 1209
7698 9269
7698 2673
7698 7559
7698 5435
7698 2323
7698 3718
7698 7231
7698 3541
7698 8838
7698 2029
7698 3760
7698 5331
7698 631
7698 8588
7698 9263
7698 7463
7698 3199
7698 7119
7698 8370
7698 5666
7698 6258
7698 6667
7698 8525
7698 743
7698 3173
7698 5314
7698 9033
7698 3215
7698 8033
7698 2552
7698 4937
7698 8153
7698 5421
7698 69
7698 4944
7698 132
7698 8892
7698 1582
7698 6702
7698 4871
7698 1768
7698 7874
7698 7492
7698 6797
7698 7777
7698 466
7698 7870
7698 7569
7698 2950
7698 4866
7698 7327
7698 2454
7698 665
7698 4656
7698 9811
7698 8788
7698 4479
7698 6873
7698 5242
7698 8516
7698 3827
7698 2759
7698 1797
7698 4581
7698 583
7698 2999
7698 1669
7698 8551
7698 3429
7698 3775
7698 5924
7698 9210
7698 1497
7698 1919
7698 7195
7698 4129
7698 6874
7698 2893
7698 9620
7698 3181
7698 9483
7698 15
7698 2451
7698 6595
7698 2523
7698 6632
7698 627
7698 9096
7698 9482
7698 3898
7698 2890
7698 3579
7698 3023
7698 9608
7698 6112
7698 8628
7698 8843
7698 3555
7698 3619
7698 4162
7698 5729
7698 1820
7698 5402
7698 2014
7698 3109
7698 4278
7698 1718
7698 9828
7698 5444
7698 3735
7698 6257
7698 9298
7698 2829
7698 461
7698 4060
7698 9272
7698 6736
7698 67
7698 9939
7698 5479
7698 8331
7698 2978
7698 217
7698 5958
7698 4041
7698 4694
7698 8252
7698 3614
7698 1346
7698 2097
7698 3250
7698 9817
7698 7030
7698 6562
7698 8690
7698 6240
7698 8954
7698 293
7698 2435
7698 6403
7698 3888
7698 2592
7698 4291
7698 217
7698 5993
7698 6059
7698 4339
7698 2993
7698 467
7698 6137
7698 7322
7698 7538
7698 9856
7698 1540
7698 3639
7698 2756
7698 1507
7698 4668
7698 1614
7698 4895
7698 8341
7698 2883
7698 3653
7698 2994
7698 3351
7698 2302
7698 2272
7698 7689
7698 1719
7698 8577
7698 3593
7698 7025
7698 3649
7698 1570
7698 1694
7698 7063
7698 8689
7698 9916
7698 549
7698 7204
7698 9614
7698 4107
7698 8490
7698 6505
7698 8199
7698 1780
7698 5710
7698 9256
7698 2943
7698 2729
7698 7053
7698 4954
7698 5920
7698 7572
7698 4312
7698 6130
7698 763
7698 7624
7698 7174
7698 8318
7698 7884
7698 772
7698 5556
7698 4000
7698 8065
7698 2816
7698 8470
7698 7304
7698 5066
7698 8889
7698 2956
7698 1276
7698 734
7698 6131
7698 1276
7698 5450
7698 4428
7698 3199
7698 117
7698 7887
7699 7560
7699 4591
7699 8369
7699 1065
7699 3543
7699 7832
7699 7617
7699 6875
7699 4666
7699 4404
7699 4199
7699 9709
7699 2774
7699 1477
7699 5046
7699 4434
7699 596
7699 6210
7699 3371
7699 8765
7699 594
7699 8504
7699 4917
7699 1702
7699 6093
7699 2760
7699 4674
7699 8755
7699 9639
7699 7594
7699 7817
7699 7024
7699 7108
7699 7051
7699 8950
7699 1432
7699 1651
7699 8115
7699 5488
7699 1055
7699 441
7699 8115
7699 5912
7699 1853
7699 4365
7699 7552
7699 8990
7699 993
7699 7440
7699 7292
7699 259
7699 3126
7699 8534
7699 3508
7699 9161
7699 6889
7699 155
7699 5202
7699 3830
7699 9628
7699 7935
7699 6228
7699 2795
7699 9357
7699 4613
7699 679
7699 2330
7699 9645
7699 8350
7699 154
7699 9762
7699 4245
7699 843
7699 5154
7699 8443
7699 8365
7699 7370
7699 9295
7699 9659
7699 8644
7699 7356
7699 1325
7699 9043
7699 7367
7699 7945
7699 351
7699 7548
7699 2961
7699 4624
7699 4537
7699 7772
7699 263
7699 3175
7699 222
7699 1726
7699 8442
7699 1603
7699 9143
7699 3304
7699 4416
7699 6227
7699 6613
7699 2512
7699 1006
7699 2944
7699 9149
7699 8514
7699 406
7699 7979
7699 8668
7699 2490
7699 1422
7699 2457
7699 3282
7699 7528
7699 1286
7699 3287
7699 8763
7699 9456
7699 7481
7699 7669
7699 4437
7699 9197
7699 9228
7699 2967
7699 3382
7699 6934
7699 8399
7699 5886
7699 293
7699 2066
7699 475
7699 1330
7699 5580
7699 7701
7699 3865
7699 884
7699 6911
7699 1435
7699 7130
7699 9170
7699 3730
7699 7318
7699 3200
7699 6336
7699 8053
7699 7817
7699 35
7699 4041
7699 1380
7699 4388
7699 2673
7699 7205
7699 4022
7699 7480
7699 7619
7699 3983
7699 4835
7699 3978
7699 301
7699 5620
7699 29
7699 3419
7699 2053
7699 2133
7699 5209
7699 2991
7699 4638
7699 8256
7699 2521
7699 5574
7699 8254
7699 543
7699 8502
7699 8380
7699 7943
7699 9279
7699 774
7699 6697
7699 8676
7699 1835
7699 7188
7699 9647
7699 425
7699 1926
7699 3344
7699 8111
7699 1299
7699 6533
7699 6350
7699 9154
7699 2482
7699 3850
7699 4360
7699 9347
7699 1516
7699 7411
7699 3065
7699 7464
7699 2242
7699 5543
7699 2405
7699 8866
7699 9828
7699 4494
7699 1041
7699 1992
7699 4105
7699 3336
7699 3336
7699 6401
7699 3181
7699 1598
7699 8249
7699 758
7699 7016
7699 5847
7699 1592
7699 2028
7699 9164
7699 9212
7699 2841
7699 7001
7699 1732
7699 307
7699 6779
7699 2281
7699 6512
7699 8201
7699 3079
7699 3824
7699 672
7699 8674
7699 7748
7699 480
7699 7682
7699 2759
7699 6892
7699 9583
7699 7291
7699 6249
7699 115
7699 7441
7699 9286
7699 3397
7699 9894
7699 2812
7699 3694
7699 5741
7699 5772
7699 9267
7699 4083
7699 1880
7699 5047
7699 2552
7699 2076
7699 242
7699 8383
7699 5711
7699 5399
7699 4838
7699 6348
7699 1843
7699 4281
7699 3256
7699 7852
7699 9691
7699 6799
7699 90
7699 4281
7699 226
7699 6239
7699 6890
7699 8641
7699 9917
7699 4398
7699 731
7699 5163
7699 2447
7699 9628
7699 4333
7699 1775
7699 7119
7699 6041
7699 6597
7699 9737
7699 9588
7699 7137
7699 4283
7699 6480
7699 7579
7699 1177
7699 3859
7699 7174
7699 5651
7699 725
7699 9522
7699 9388
7699 6815
7699 8217
7699 6499
7699 8049
7699 2845
7699 6378
7699 8930
7699 2138
7699 1941
7699 8844
7699 5514
7699 3785
7699 1318
7699 1081
7699 8103
7699 4696
7699 1174
7699 1474
7699 9589
7699 8766
7699 6255
7699 9071
7699 5652
7699 833
7699 4376
7699 7840
7699 7211
7699 2872
7699 6076
7699 6698
7699 7891
7699 5749
7699 3411
7699 1223
7699 637
7699 6409
7699 9998
7699 8624
7699 1308
7699 3038
7699 9126
7699 576
7699 4165
7699 8354
7699 2791
7699 9181
7699 2506
7699 9210
7699 2815
7699 269
7699 8815
7699 6305
7699 7139
7699 9217
7699 2211
7699 7819
7699 9338
7699 4429
7699 5867
7699 6876
7699 1713
7699 4590
7699 8501
7699 8429
7699 4481
7699 7964
7699 7632
7699 4169
7699 1599
7699 4328
7699 1630
7699 5643
7699 5306
7699 2298
7699 419
7699 1830
7699 302
7699 8832
7699 6288
7699 7722
7699 2961
7699 6707
7699 6144
7699 4507
7699 2136
7699 2605
7699 7840
7699 7785
7699 8953
7699 650
7699 1823
7699 789
7699 552
7699 744
7699 2854
7699 7690
7699 9966
7699 9607
7699 2189
7699 1301
7699 4353
7699 2461
7699 2298
7699 9334
7699 3971
7699 4906
7699 7370
7699 4499
7699 1302
7699 9078
7699 2439
7699 2645
7699 4822
7699 12
7699 9816
7699 2765
7699 6821
7699 138
7699 122
7699 1568
7699 9816
7699 8726
7699 4689
7699 344
7699 5659
7699 5387
7699 9790
7699 1941
7699 97
7699 8695
7699 2707
7699 8496
7699 6126
7699 9915
7699 3605
7699 7184
7699 5065
7699 9311
7699 4799
7699 3717
7699 6676
7699 5246
7699 8644
7699 4102
7699 206
7699 2910
7699 5293
7699 661
7699 4423
7699 2083
7699 5293
7699 207
7699 6758
7699 7853
7699 7112
7699 7547
7699 4927
7699 9443
7699 9952
7699 4894
7699 6829
7699 6320
7699 4892
7699 7648
7699 8920
7699 5298
7699 6862
7699 2595
7699 8123
7699 7282
7699 1034
7699 3768
7699 9172
7699 4508
7699 7484
7699 4277
7699 6190
7699 816
7699 3268
7699 5330
7699 2230
7699 1755
7699 497
7699 1084
7699 9977
7699 95
7699 601
7699 3912
7699 3466
7699 1145
7699 9147
7699 4298
7699 6343
7699 907
7699 2772
7699 2761
7699 7246
7699 2711
7699 4321
7699 6721
7699 1834
7699 2018
7699 1927
7699 7587
7699 1173
7699 2133
7699 9111
7699 2332
7699 2588
7699 1079
7699 7403
7699 3188
7699 7280
7699 1048
7699 6477
7699 4487
7699 4865
7699 4950
7699 8593
7699 5064
7699 7376
7699 1203
7699 8961
7699 8108
7699 6272
7699 2199
7699 9008
7699 5819
7699 6230
7699 6144
7699 3753
7699 3009
7699 3931
7699 4884
7699 8279
7699 1523
7699 6134
7699 1405
7699 6999
7699 8663
7699 8037
7699 7171
7699 7170
7699 396
7699 8798
7699 4426
7699 9381
7699 1523
7699 1754
7699 4351
7699 9086
7699 9726
7699 6412
7699 9955
7699 4610
7699 8480
7699 1210
7699 2592
7699 5866
7699 4656
7699 6472
7699 9011
7699 6112
7699 7073
7699 3679
7699 5805
7699 8357
7699 2662
7699 9696
7699 4122
7699 7505
7699 6655
7699 3275
7699 5472
7699 5555
7699 1261
7699 876
7699 6130
7699 9972
7699 4594
7699 6500
7699 6742
7699 9524
7699 3120
7699 5574
7699 3420
7699 4199
7699 8827
7699 9110
7699 5680
7699 5026
7699 1366
7699 226
7699 6711
7699 2884
7699 182
7699 780
7699 7140
7699 1075
7699 4592
7699 5219
7699 5402
7699 174
7699 6652
7699 2544
7699 8167
7699 5152
7699 9784
7699 9376
7699 4758
7699 2021
7699 6734
7699 1447
7699 8645
7699 1031
7699 3460
7699 7467
7699 3388
7699 3941
7699 1401
7699 8242
7699 2612
7699 5499
7699 9779
7699 6851
7699 6453
7699 4123
7699 9948
7699 2488
7699 5860
7699 8600
7699 7130
7699 1369
7699 3871
7699 4188
7699 7223
7699 8234
7699 8489
7699 676
7699 1600
7700 9645
7700 7983
7700 625
7700 4419
7700 2791
7700 3827
7700 6519
7700 739
7700 6929
7700 7011
7700 6510
7700 5287
7700 6884
7700 8025
7700 1168
7700 7525
7700 7179
7700 668
7700 7179
7700 9823
7700 2562
7700 4677
7700 4626
7700 1528
7700 1703
7700 2800
7700 3918
7700 6400
7700 3677
7700 9451
7700 6867
7700 3165
7700 5296
7700 537
7700 2388
7700 288
7700 6173
7700 1327
7700 8268
7700 8023
7700 1020
7700 7696
7700 3883
7700 5604
7700 1691
7700 9026
7700 7701
7700 5129
7700 9259
7700 6874
7700 3556
7700 5478
7700 3269
7700 2686
7700 8134
7700 2174
7700 1778
7700 75
7700 8703
7700 2127
7700 3691
7700 5366
7700 3683
7700 8041
7700 6981
7700 3454
7700 2531
7700 1075
7700 6773
7700 9663
7700 7153
7700 7230
7700 5423
7700 7919
7700 4720
7700 3259
7700 6416
7700 471
7700 4697
7700 1163
7700 9029
7700 7239
7700 645
7700 387
7700 8142
7700 8430
7700 1931
7700 7259
7700 2014
7700 213
7700 3317
7700 367
7700 2023
7700 8908
7700 3324
7700 3258
7700 3802
7700 8435
7700 3307
7700 847
7700 4732
7700 2297
7700 3433
7700 2576
7700 2149
7700 9991
7700 5570
7700 2648
7700 4531
7700 7544
7700 5467
7700 519
7700 2521
7700 8516
7700 903
7700 2843
7700 5819
7700 97
7700 8081
7700 2641
7700 1599
7700 3114
7700 1649
7700 6358
7700 2624
7700 1516
7700 7049
7700 464
7700 1876
7700 6821
7700 6983
7700 1296
7700 2386
7700 233
7700 7556
7700 50
7700 7830
7700 6028
7700 8464
7700 6948
7700 484
7700 4272
7700 7446
7700 8808
7700 8427
7700 5430
7700 3773
7700 2717
7700 9013
7700 4598
7700 5862
7700 5336
7700 5637
7700 6289
7700 7955
7700 5963
7700 9973
7700 4619
7700 2169
7700 9297
7700 7885
7700 8798
7700 8636
7700 7631
7700 4446
7700 1257
7700 4730
7700 7236
7700 6795
7700 398
7700 4089
7700 6759
7700 1527
7700 1846
7700 3991
7700 6748
7700 2110
7700 6918
7700 2385
7700 8323
7700 3191
7700 5473
7700 1565
7700 5544
7700 665
7700 8033
7700 7778
7700 949
7700 3960
7700 6176
7700 4100
7700 5312
7700 3985
7700 4162
7700 3504
7700 4822
7700 8929
7700 6088
7700 9517
7700 8713
7700 8144
7700 5986
7700 3335
7700 3334
7700 6083
7700 5492
7700 812
7700 9686
7700 1039
7700 7244
7700 6705
7700 5187
7700 8889
7700 7534
7700 7673
7700 40
7700 5126
7700 5118
7700 3461
7700 7177
7700 5712
7700 2929
7700 4038
7700 37
7700 8910
7700 9627
7700 9239
7700 58
7700 4053
7700 2816
7700 7555
7700 7960
7700 4571
7700 5204
7700 4518
7700 9457
7700 9020
7700 1035
7700 8491
7700 989
7700 5558
7700 6745
7700 6054
7700 5276
7700 9091
7700 966
7700 3308
7700 4644
7700 350
7700 4167
7700 9525
7700 3384
7700 5733
7700 5200
7700 4389
7700 8642
7700 6910
7700 3853
7700 392
7700 7285
7700 4563
7700 1869
7700 7236
7700 9928
7700 1674
7701 4246
7701 8486
7701 4414
7701 5915
7701 3217
7701 7751
7701 9856
7701 2419
7701 5977
7701 2174
7701 1846
7701 7890
7701 2245
7701 6909
7701 4262
7701 4805
7701 5091
7701 5840
7701 9634
7701 9543
7701 8899
7701 6273
7701 6062
7701 3062
7701 9761
7701 5599
7701 44
7701 4182
7701 3199
7701 8753
7701 1682
7701 2344
7701 5683
7701 2164
7701 4777
7701 4404
7701 7398
7701 2066
7701 3731
7701 8813
7701 4572
7701 3084
7701 5336
7701 6575
7701 1589
7701 9270
7701 9973
7701 2305
7701 6883
7701 17
7701 3811
7702 6873
7702 458
7702 443
7702 7716
7702 9436
7702 7824
7702 9478
7702 6311
7702 6630
7702 6417
7702 1858
7702 9410
7702 5464
7702 5063
7702 6757
7702 7698
7702 994
7702 2544
7702 232
7702 4060
7702 8703
7702 2807
7702 869
7702 8150
7702 7477
7702 8300
7702 8590
7702 469
7702 6825
7702 662
7702 3536
7702 217
7702 7128
7702 1971
7702 9268
7702 5088
7702 1277
7702 9233
7702 3501
7702 8429
7702 9226
7702 8109
7702 5652
7702 7266
7702 4209
7702 7127
7702 9281
7702 935
7702 2883
7702 3890
7703 9139
7703 636
7703 7217
7703 310
7703 3712
8525 6710
8525 4406
8525 3525
8525 936
8525 7709
8525 4195
8525 557
8525 4722
8525 8261
8525 6129
8525 1237
8525 9494
8525 9518
8525 3502
8525 769
8525 4172
8525 524
8525 7626
8525 6194
8525 113
8525 629
8525 6404
8525 6312
8525 7489
8525 4482
8525 7591
8525 3019
8525 6607
8525 8417
8525 8637
8525 167
8525 3273
8525 5367
8525 909
8525 9297
8525 6739
8525 991
8525 1384
8525 9040
8525 1085
8525 4407
8525 2230
8525 777
8525 6391
8525 2533
8525 8994
8525 1024
8525 8475
8525 3525
8525 2135
8525 2487
8525 5417
8525 7271
8525 1675
8525 8123
8525 8526
8525 1071
8525 1028
8525 3370
8525 4607
8525 8909
8525 1188
8525 8204
8525 5338
8525 2229
8525 2974
8525 2143
8525 5094
8525 3880
8525 3765
8525 1858
8525 7126
8525 2692
8525 5092
8525 5361
8525 711
8525 8342
8525 5716
8525 7360
8525 6863
8525 6886
8525 9065
8525 1255
8525 703
8525 9394
8525 8856
8525 5877
8525 9812
8525 8023
8525 4959
8525 7592
8525 170
8525 7602
8525 5053
8525 4278
8525 5450
8526 3929
8526 7433
8526 5419
8526 1699
8526 2563
8526 5906
8526 621
8527 413
8527 7329
8527 3147
8527 8493
8527 55
8527 9324
8527 7399
8527 3657
8527 981
8527 4478
8528 1484
8528 4709
8529 7203
8530 9382
8530 4700
8530 5871
8530 1302
9789 3297
9789 737
9789 1444
9789 3950
9789 4017
9789 8546
9789 6140
9789 5682
9789 6519
9789 3113
9789 7273
9789 5678
9789 8934
9789 8113
9789 4284
9789 7956
9789 4510
9789 3370
9789 9386
9789 1799
9789 7412
9789 6567
9790 5285
9790 8216
9791 2834
9791 2604
9791 5562
9909 1986
9936 7537
9936 7064
9937 5809
9938 329
9939 3149
9941 4152
9942 1916
9943 9262
9944 5593
9945 6624
9946 1062
9947 1929
9948 5970
9949 901
9950 1077
9951 7691
9952 7827
9953 4145
9954 3292
9955 5889
9956 6602
9957 234
9958 7189
9959 3385
9960 5055
9961 2284
9962 6774
9963 2264
9964 6604
9965 6372
9966 6691
9967 5528
9968 3282
9969 4816
9970 5804
9971 3254
9972 8793
9973 827
9974 4068
9975 6267
9976 4363
9977 3255
9978 3868
9979 2948
9980 9582
9981 5007
9982 226
9983 757
9984 6732
9985 5367
9986 9674
9987 5973
9988 2882
9989 6574
9990 9434
9991 3616
9992 5188
9993 3064
9994 4367
9995 137
9996 5098
9997 1056
9998 548
9999 3482
