150 300 12
14 108 11930
120 115 1778
52 23 9845
19 65 10616
118 141 3168
49 138 9975
23 32 4354
5 20 2916
114 42 11792
5 47 11785
84 112 12058
8 81 8482
4 34 443
135 52 2430
39 19 6897
53 67 2417
124 141 566
114 145 4595
107 11 11971
26 15 1842
90 150 2510
13 7 11
50 11 8408
12 47 6011
90 85 2447
106 40 11052
64 65 8275
105 28 10831
15 36 1097
18 114 10272
119 105 2756
31 118 9167
23 17 249
48 80 7706
26 19 5119
74 27 4828
38 142 1634
143 96 9063
148 58 8512
111 136 3854
117 62 267
84 47 12207
3 94 11036
82 37 3530
3 117 10815
81 85 10805
72 118 3552
17 131 10302
28 128 5803
108 140 2402
104 107 1757
32 92 1106
132 94 702
31 78 2003
7 132 5249
56 62 4150
44 133 7857
77 51 8281
104 130 4871
143 87 4061
114 92 3187
101 123 8895
135 104 8582
112 36 1872
125 42 9051
7 149 10232
25 42 3498
10 119 5467
125 124 162
22 116 7048
59 132 11289
5 82 7150
122 25 6837
7 135 6514
100 77 2836
98 131 6479
140 18 5633
10 6 722
133 124 3853
1 79 11045
34 74 12250
17 92 10004
135 116 7167
63 24 6201
70 124 1940
83 71 11083
120 112 11379
68 121 7968
141 104 7890
137 6 11688
41 39 8429
1 55 12319
102 91 1527
77 4 2947
89 73 6481
26 58 6544
146 79 10041
133 147 5713
28 137 2638
97 25 8178
147 117 5685
120 117 2468
87 69 550
70 145 3025
25 83 7235
5 11 3670
108 6 11152
120 139 1450
4 68 12321
44 66 1409
88 63 7620
73 84 2996
112 20 713
143 90 7936
28 16 9347
37 73 6887
5 30 11637
54 11 1112
149 129 3617
87 93 2064
9 26 5059
22 98 5771
14 89 4533
93 104 1535
129 78 11593
35 9 10884
86 59 2822
29 15 1619
52 13 5026
56 79 624
134 66 10029
81 9 4972
19 5 2991
24 137 5318
102 115 3279
110 48 11195
71 23 2655
137 9 8668
149 24 12297
52 132 2471
60 115 10049
44 45 1880
139 115 1415
78 138 2484
48 89 2800
53 101 4826
142 73 500
12 59 10138
83 109 3283
33 10 9396
114 122 272
110 15 9468
123 24 9534
111 70 8112
101 80 11700
103 39 4964
25 73 10055
135 115 5468
94 31 832
5 129 11012
126 42 6550
42 50 10311
96 75 3141
130 35 10799
61 37 12083
44 140 9019
70 66 6454
108 103 1682
129 46 191
109 56 11268
21 101 3003
101 148 10138
40 110 3276
110 3 7108
6 2 1854
108 49 5106
98 7 5752
136 93 4517
138 76 3126
13 78 6264
123 20 7723
22 129 6857
60 99 11801
118 2 7920
75 51 3852
121 4 430
28 141 6817
107 26 1012
126 110 3538
104 45 2306
105 6 2928
106 100 6945
135 38 1529
22 4 3575
142 7 1644
20 50 11633
123 104 299
148 33 1267
9 134 7347
106 46 11538
13 75 6947
112 80 10224
44 29 7177
32 106 3408
51 5 11107
75 11 2232
124 43 3499
71 92 1672
47 93 5365
29 99 1539
145 44 4968
14 13 2798
57 9 11386
67 139 6931
110 2 7880
37 3 489
84 88 4161
78 132 10029
112 124 3654
49 141 6423
57 81 3690
100 82 6718
96 119 6078
149 23 8780
81 65 441
105 45 2133
69 134 363
69 128 3261
70 112 8676
15 80 5580
32 24 2014
11 98 6816
121 142 4981
67 17 9796
64 85 11323
115 88 11546
76 57 10220
42 110 9551
117 17 12286
45 28 955
8 57 10254
30 48 9341
97 116 9963
2 137 12112
19 126 10102
74 105 7976
80 136 2490
87 65 1243
130 148 4632
82 51 10189
141 121 10782
71 144 9617
44 115 8971
123 124 5401
118 26 692
101 88 3944
150 113 1936
50 124 9817
21 110 9454
74 39 4722
41 26 4022
128 11 12038
142 130 9622
139 31 2186
51 124 6154
103 139 7782
123 29 1449
47 58 11405
68 49 10950
41 65 1966
33 92 11609
64 49 4454
102 86 5641
119 77 377
144 148 847
132 142 3290
10 63 3854
67 144 4111
105 148 4815
122 89 3209
102 40 7918
134 60 9000
117 53 4576
53 86 11106
14 95 6739
21 63 1431
12 123 10244
108 93 2535
127 12 9180
57 64 3676
30 77 9461
80 37 6292
81 28 8003
32 128 6467
43 135 7061
106 77 10402
85 113 11309
50 78 1300
30 34 11711
61 116 6216
