800 2000 10
464 722 994370
25 1 213213
426 95 360036
651 408 9972
326 668 599958
239 413 829426
154 465 791602
324 721 614287
362 111 892420
122 93 606552
443 557 979781
408 581 37654
443 558 740054
367 761 535348
676 286 604908
502 76 191975
455 582 294339
342 105 670355
761 18 322276
465 491 945586
597 134 236078
650 541 10586
704 535 983518
403 101 958476
510 777 61988
37 30 692673
775 484 287149
730 377 947282
605 690 900986
142 706 20555
571 54 628245
757 703 234778
274 158 86070
701 561 542157
288 622 613009
513 658 898585
461 185 777366
94 114 524602
279 270 270930
385 411 908771
629 181 561028
559 489 207481
228 315 885784
784 215 368693
193 55 675205
729 567 410227
47 579 798436
200 672 617820
729 502 538733
700 86 916154
127 714 662964
408 472 564297
143 252 630737
387 587 329451
392 331 651618
570 612 142872
605 658 12238
25 57 63216
709 785 759439
63 236 485540
178 715 294777
26 674 782690
363 16 733114
565 754 232117
182 345 305503
653 114 82634
442 271 978445
9 295 286654
247 555 15510
538 169 468646
114 347 554834
756 724 318748
621 638 484221
737 403 453388
639 136 594941
424 789 100438
468 782 380103
273 791 232373
582 589 791419
780 327 595974
765 792 78542
312 747 418440
84 119 696316
223 55 26553
763 246 771307
752 669 65843
407 689 569383
779 161 294164
550 295 819754
75 626 421943
568 590 102621
160 453 640212
475 88 850111
179 310 465429
286 624 234636
528 576 946881
662 182 717501
425 512 524941
531 613 655854
425 687 642100
645 455 468677
408 614 174066
470 288 626070
299 18 792557
86 303 643266
118 382 805841
18 243 348016
511 220 198949
364 750 591013
415 726 315625
291 122 485112
308 529 694366
329 199 394531
85 49 765570
502 134 350387
742 251 920290
310 620 573823
58 330 847666
670 245 68685
647 659 572986
158 501 782511
475 8 316232
605 336 330712
574 772 159710
560 25 817710
401 767 506643
624 628 722445
641 685 666265
77 107 895746
262 753 66743
724 462 821353
155 136 628254
18 292 694213
80 65 645301
189 176 274072
784 129 256497
380 304 398415
596 144 47842
342 572 920078
684 385 606136
788 308 421640
241 462 368053
406 31 623388
106 110 614879
129 299 108095
177 634 453423
191 213 571151
384 9 67806
14 350 274701
101 585 776872
141 572 663656
193 365 717563
733 770 771176
763 75 155206
58 203 545716
680 732 276766
182 122 854999
787 58 519211
287 423 452019
710 523 65520
365 215 910104
679 760 839828
654 692 966592
211 654 17313
326 263 120939
643 494 67893
441 227 631024
452 213 725098
470 51 397955
390 760 602377
445 676 460851
272 554 878666
15 759 740225
79 170 185268
569 47 312321
462 690 778536
637 330 520981
134 333 110808
40 3 132172
16 744 343423
67 740 554134
684 564 911610
108 130 166115
575 209 572474
447 777 802243
134 790 433841
315 627 711330
722 760 522412
93 800 869944
315 367 722298
401 785 144993
362 668 48133
76 775 787896
585 743 847225
562 184 302148
551 665 638281
729 676 495395
689 572 463316
688 21 79761
606 214 39627
591 698 553627
458 593 495588
433 169 120016
533 754 800564
280 67 316059
513 169 265394
707 98 926058
375 338 625486
135 225 194857
561 382 519229
140 172 472242
79 630 989739
94 614 811483
210 346 480452
268 178 425557
61 242 17175
70 148 667743
755 74 528192
763 560 114929
792 673 805905
585 12 410287
724 90 662010
558 536 33039
209 745 88052
517 212 87950
91 624 334879
186 693 467120
729 200 496419
10 514 886093
314 505 748604
552 642 90876
162 565 499239
752 322 952929
356 83 121016
305 151 771360
783 594 252723
254 331 314146
672 259 914390
716 268 162589
520 134 286303
195 237 804759
234 750 190200
714 702 948716
129 609 375438
640 113 499872
562 447 231222
307 700 103015
648 123 299345
37 39 864756
291 110 914175
249 304 769860
401 89 358449
316 354 825598
105 34 237051
328 673 680859
350 786 761323
516 644 296969
213 492 787620
520 528 729695
294 370 9285
106 618 374994
154 570 434049
503 438 685690
754 542 82843
364 422 262877
87 771 513501
607 38 571087
579 602 266130
673 321 513021
357 167 990700
502 624 985469
150 777 818439
239 479 196160
234 784 550997
262 348 291091
162 434 916312
400 240 174234
482 370 167871
254 242 745625
554 150 255897
774 203 129215
364 353 135438
524 143 633014
672 376 480245
562 189 397828
73 351 582975
706 302 797008
129 783 369600
505 237 88369
401 342 199363
16 667 711864
605 231 867
371 306 16771
615 177 445265
42 291 369193
169 363 567781
728 621 70883
279 301 449585
200 5 486367
362 757 726955
577 324 645696
195 129 260763
165 499 906945
182 665 780402
574 258 432130
354 426 153220
37 706 376335
21 184 275707
339 383 19207
94 296 868811
541 73 596767
55 267 848643
151 784 727171
552 165 414421
234 738 874285
205 643 20942
539 231 953720
597 603 469625
603 142 970960
165 587 29743
484 327 878038
326 734 744062
648 84 628681
668 188 548664
552 421 981980
245 625 781469
364 716 514911
740 512 769542
500 667 511296
194 383 193837
183 418 93175
245 743 822302
477 590 191035
692 9 622670
271 112 381257
139 357 931629
649 272 910654
142 212 243721
238 263 690184
26 456 785602
401 190 398785
654 434 159202
40 462 915497
309 353 394838
318 623 11647
746 761 156558
551 162 366866
271 655 79938
55 444 798101
408 470 975963
792 422 675970
794 275 776159
642 314 536945
279 174 103358
725 491 507711
35 789 248333
500 539 623046
437 362 146759
489 768 589013
3 375 493809
324 367 22278
35 712 816651
179 553 666525
688 383 311990
398 660 375715
283 694 238958
128 745 833346
486 734 585884
250 422 772997
458 777 52164
687 300 725339
537 334 191305
213 64 641968
202 752 476472
717 349 89654
26 631 525865
571 310 908958
406 347 154855
361 766 310788
337 56 543006
637 512 597645
794 234 952581
547 185 325702
15 85 415356
40 716 941220
162 225 366530
568 572 521384
722 720 348523
687 77 556083
743 121 893572
454 702 237408
85 247 821929
186 345 385714
693 360 287050
665 751 391935
794 113 847402
129 680 907178
203 153 488101
637 39 96020
608 333 763297
767 339 544569
296 775 278422
409 160 502668
259 405 616165
545 269 811724
746 614 619226
723 294 820138
24 48 363569
395 684 938921
43 492 804112
612 10 942396
633 305 44686
453 266 443860
617 76 981972
692 172 590728
717 117 694996
407 391 210361
775 766 141854
48 713 870701
159 755 469336
506 118 314979
392 303 161389
603 307 346845
174 123 257062
501 366 662737
648 282 988508
608 688 81776
413 215 849719
265 262 780436
1 772 969948
131 477 214255
719 420 57924
716 223 263026
177 396 881284
514 449 979806
573 296 435723
301 456 319205
771 68 999444
406 685 840010
306 237 779823
160 367 622994
35 638 344623
213 553 473042
696 729 968464
54 794 329212
576 119 629660
132 771 597507
376 293 926762
737 698 791982
560 203 580218
353 714 244454
527 301 132372
769 513 405361
784 408 893913
395 461 887794
6 237 49739
713 368 884609
626 295 990531
159 232 217223
376 343 345121
381 247 376875
753 774 526741
513 294 852641
378 277 650305
523 224 768312
213 229 219173
22 493 954961
152 671 294880
127 29 754727
799 757 174510
425 337 334052
765 641 372698
157 354 151423
61 283 626916
725 357 283993
249 569 484568
9 590 341948
40 294 969993
366 420 295463
475 770 143043
126 394 576599
376 359 873288
598 67 649128
666 480 825833
210 404 297315
777 204 984071
324 212 452192
716 603 553581
530 169 827826
725 643 975797
523 321 858966
210 248 370560
90 45 553670
322 710 777288
37 119 175367
459 447 548922
650 771 117125
183 238 351288
360 320 62643
509 244 973211
274 318 290205
785 80 347677
406 169 518324
94 490 953569
612 78 313030
286 537 880701
162 738 141147
602 472 952669
44 32 768907
454 92 434378
258 365 59421
735 702 253338
210 307 889417
178 752 133137
760 564 777627
660 49 152904
558 562 759392
427 363 532930
85 406 576153
62 59 684184
634 669 898227
723 155 528192
92 364 10045
428 94 381103
454 405 418655
558 264 330770
749 21 666370
430 799 58931
583 83 376094
318 496 680499
145 329 461710
688 252 9930
684 343 156484
186 322 452399
440 776 851244
9 85 666048
778 33 293863
509 15 875836
602 597 364634
652 466 561869
761 162 385564
290 49 411493
325 732 925696
724 118 817590
767 109 220311
767 118 911486
229 447 76722
64 155 926355
698 308 58721
518 512 17269
481 472 2534
325 314 429096
420 638 341496
761 113 749780
272 432 518697
109 398 615957
31 178 823274
337 242 356073
209 491 240579
677 208 369239
10 240 422550
657 565 378573
105 536 730886
284 497 668676
132 320 644340
88 780 509123
450 586 929072
243 364 255098
285 2 738506
44 503 239182
283 676 258744
47 361 223752
135 588 530256
631 128 586539
502 450 194222
481 274 901510
43 723 948423
740 165 867760
398 1 27675
731 44 556829
626 326 508531
730 725 838806
585 59 416319
276 241 662506
97 742 69385
358 774 985387
332 16 830460
91 308 389934
566 257 657650
146 187 749650
676 13 949693
282 742 94818
600 78 535894
257 705 481552
42 354 946592
180 711 906885
591 595 210859
124 685 721626
173 2 177933
222 147 350989
666 23 996328
283 656 372692
177 455 220185
480 263 69062
224 656 54919
708 35 339272
718 177 856334
296 300 554528
628 24 817965
769 245 157966
296 462 164065
539 745 828439
723 473 989894
184 504 581100
254 727 264562
325 187 142370
659 456 167204
338 751 718581
702 131 186432
268 99 712056
684 746 561452
322 484 684314
167 406 691810
466 141 119834
579 395 449937
548 271 661416
104 481 144802
636 19 660009
667 720 895960
274 539 63290
126 774 29340
439 295 274085
600 13 202920
433 478 519677
321 609 809769
136 708 611763
489 11 813986
498 646 240066
457 65 960884
98 338 310756
637 15 447646
673 453 535620
744 604 919466
420 236 589079
140 109 641908
703 244 342516
640 285 349624
705 782 346786
341 790 536232
248 439 653448
693 275 894137
312 499 819752
578 794 114604
408 413 19560
715 104 105395
31 6 887455
406 197 478099
791 102 87535
657 773 826716
295 510 872241
121 261 312933
171 464 805597
164 375 701374
128 522 702581
231 776 862047
589 26 364029
785 360 215634
86 227 930377
431 83 181350
671 729 602123
4 49 917032
800 219 51692
125 382 817307
657 509 602482
303 292 9403
332 80 820130
317 64 108956
293 502 485315
395 132 204742
469 3 581176
252 358 533905
743 709 165953
241 118 554524
95 409 560588
778 488 380718
647 103 6025
139 604 491339
85 736 212432
553 290 793608
4 647 843864
298 555 526168
651 139 80691
284 731 485548
424 377 637217
693 707 308025
317 553 395264
7 243 755366
439 328 474370
798 80 33857
661 436 754946
428 733 820744
671 583 187250
170 419 544540
586 394 801622
162 286 213198
225 154 430704
742 160 804856
263 150 133099
71 147 910578
168 359 201857
111 787 86644
512 657 114577
251 26 750711
272 163 29881
670 324 512674
525 100 96159
581 41 819064
431 656 140024
608 726 304173
416 94 621472
212 556 419430
388 268 740568
250 518 149224
531 342 680001
756 563 453763
467 287 811238
330 419 631337
353 401 702130
78 560 497985
749 176 85462
178 387 703155
746 326 204511
721 127 293130
274 209 997199
788 165 118340
341 514 386102
311 595 76960
712 531 868865
471 393 964942
198 699 682490
584 761 335819
461 290 729716
588 241 789189
796 180 528662
512 234 754601
342 126 791778
502 436 976644
566 347 863638
707 18 281321
348 215 784465
518 351 507115
634 363 434276
574 502 170917
435 50 904757
635 561 273289
413 103 544274
256 156 562799
245 721 588834
765 179 430333
781 78 804750
696 595 671716
123 780 705218
639 553 473581
148 539 739234
188 726 390483
461 690 568644
411 497 731498
444 741 439653
376 258 78325
677 590 96103
745 485 724532
714 607 783078
246 798 1458
280 497 201562
362 684 395701
557 696 371178
54 306 887067
506 301 436363
430 229 399055
84 457 56464
167 401 193054
45 667 832290
254 112 892097
215 391 92446
267 305 821742
244 413 385977
462 19 329424
376 524 698529
231 506 114829
246 141 525009
51 660 217466
341 704 380266
789 509 751332
434 723 320596
127 542 310938
55 337 629194
678 799 844007
6 726 203225
786 508 146500
195 754 752157
60 4 632650
677 696 512509
361 684 691164
156 669 170072
245 347 667146
639 401 94439
645 630 306776
221 635 223926
672 173 282251
381 719 397159
230 330 141464
290 206 191867
605 118 929715
276 625 214398
573 70 687419
612 708 654165
187 104 533318
464 676 137947
314 547 682934
224 127 799458
87 708 496176
306 549 506905
420 353 728262
769 628 427932
187 753 410156
304 564 502225
21 302 849684
719 765 296539
452 630 46014
709 54 277313
436 492 742591
140 797 590851
754 768 334599
685 737 181352
792 475 817531
169 778 910283
604 350 554046
343 269 88299
756 272 704263
20 181 716893
211 168 39698
661 308 297789
411 613 199386
441 445 706905
468 327 221640
445 325 706960
347 623 41964
167 438 673506
438 530 867413
170 227 338633
207 197 68795
617 361 230552
331 409 453809
316 653 455849
313 529 884560
211 704 442875
377 341 116380
366 422 500144
536 200 355128
425 166 423922
173 670 330080
533 78 375497
493 726 290579
44 594 376505
155 458 543557
629 668 894838
208 244 485941
704 609 53833
631 696 799054
105 672 277653
584 44 787418
432 128 44087
610 620 270916
314 216 437242
223 370 413387
660 199 969044
552 758 599311
784 661 841506
637 492 274914
241 596 967162
10 731 187833
449 363 374277
164 524 211204
157 38 654576
743 612 398343
186 471 810712
648 574 850910
553 557 668020
619 745 729480
580 185 906771
412 194 656518
288 194 792449
644 358 722763
371 514 221686
313 457 182075
176 194 147486
686 42 529108
257 146 812881
136 764 52637
59 543 80133
128 155 140317
576 794 569663
138 189 928608
576 559 455365
250 423 619879
536 599 351887
395 36 104080
476 292 508473
664 779 890219
349 37 556934
665 165 443077
279 292 769183
87 782 393176
603 557 558965
481 6 437475
488 35 427050
515 678 632823
730 656 39393
278 245 596327
495 761 555755
325 252 324937
763 233 234464
566 789 309780
598 347 747255
517 439 690656
67 478 29055
441 192 567841
186 474 747718
64 303 287925
481 306 298121
285 369 599874
69 549 963836
410 155 859953
756 410 391751
746 664 943819
424 504 103885
167 573 929477
640 497 794462
143 570 772125
491 250 305542
364 86 196599
552 155 805768
504 564 241068
606 71 423622
424 16 813183
660 439 231798
89 606 701901
150 797 952425
275 491 974521
44 367 327442
129 86 802497
635 705 945448
750 678 464704
20 260 892061
36 57 263237
26 709 254648
183 333 175536
180 5 890886
670 247 894712
403 290 720431
500 770 742749
699 605 87186
154 554 672690
567 126 198167
603 513 53178
402 90 623634
738 273 928694
775 4 669826
638 225 418183
268 628 977629
169 679 278270
154 129 352191
44 635 581595
578 540 689701
290 525 972555
379 771 265756
203 196 250845
206 778 643171
783 358 930208
162 579 454028
392 770 720596
520 316 74349
706 768 617144
658 545 358106
412 386 668597
120 765 119073
116 519 14595
87 277 63591
694 259 47120
321 420 524630
116 11 280408
417 82 904729
760 340 110645
17 197 522612
165 161 381557
390 280 41942
584 747 366258
526 33 344377
798 727 420205
179 599 954063
586 267 493234
515 683 959996
311 194 178829
522 563 824768
478 279 864517
372 668 754277
581 4 792508
509 529 230054
713 78 710087
727 256 679165
360 394 74963
707 460 650781
336 770 964615
655 43 633609
371 73 48571
247 444 394449
754 224 306669
760 733 283472
446 197 421152
762 124 766830
76 483 877837
457 742 518230
271 629 625441
279 483 277410
401 406 29453
2 204 263125
622 158 536720
445 469 216495
796 114 163179
777 427 796976
214 502 588299
395 158 546733
236 781 632274
397 611 540102
601 212 611337
525 565 194142
796 738 559145
491 382 498854
469 729 243322
644 706 18987
494 471 505013
27 417 809067
652 204 549224
754 601 722804
442 401 963415
535 478 835978
479 25 251294
485 515 516031
158 536 946364
297 379 447092
509 73 817749
775 451 419819
751 302 320588
706 607 112791
472 248 106543
573 94 331296
149 476 608813
664 439 601649
399 331 837806
329 479 609302
753 650 402163
755 437 4089
257 779 671591
320 663 61897
321 196 41017
414 560 607541
90 160 956489
80 366 367904
762 419 768654
793 533 398935
642 174 570887
630 116 692442
160 412 287450
281 732 419864
49 252 281326
389 217 806674
430 658 457185
685 738 709345
539 251 315662
273 243 47632
311 436 698117
304 265 352690
553 425 195205
417 257 615969
494 306 485052
319 246 24855
704 227 225423
770 461 76481
220 92 363402
463 160 811226
450 49 346288
715 406 573792
691 726 605096
499 529 539912
356 583 788758
154 757 360628
380 437 873331
43 758 611730
596 530 182142
621 544 800186
61 193 116345
252 107 301546
547 349 198303
11 48 711028
320 755 741508
147 108 796842
230 40 77598
311 82 951187
53 230 887944
238 402 426073
582 462 856216
79 713 907609
781 12 238467
608 374 39168
515 245 741967
108 391 94721
106 620 768429
92 483 830068
387 535 110501
60 324 973130
627 105 261884
587 536 290345
206 516 665010
173 324 990973
539 390 808146
411 50 937990
39 155 741132
58 246 90904
511 632 115386
40 243 996720
675 422 51443
620 208 395899
29 413 331634
153 137 56950
298 227 799225
239 638 299966
122 228 356015
625 286 561321
10 796 350718
281 387 128502
523 262 320744
774 433 816365
759 13 39325
460 165 711737
36 14 905474
2 604 878852
368 725 693889
89 550 151717
758 559 598754
459 40 145501
403 114 765087
319 439 752100
544 532 880532
260 757 304057
273 408 557693
76 697 627646
5 550 569965
763 660 165118
421 251 310618
375 365 592056
694 355 344156
688 752 741039
419 361 589135
375 5 202194
335 2 734819
231 366 246894
195 371 604846
64 685 216947
281 305 123207
688 680 909409
395 125 663725
634 364 419280
520 783 540831
747 283 999143
300 329 125043
666 374 48825
588 73 538971
472 79 194234
328 239 676466
559 764 267106
235 43 201900
599 425 394085
133 720 175404
393 666 191621
188 518 426303
212 383 940583
335 522 543357
520 545 879429
538 424 855059
443 183 256449
294 769 805212
779 567 773254
534 251 314831
154 644 855550
409 31 927767
191 594 691484
699 480 393018
35 337 835939
459 338 55137
193 749 655131
161 755 457024
280 385 169354
530 286 57088
725 52 652793
307 688 674801
101 105 637392
132 396 659690
331 782 77769
619 440 867257
101 184 913194
649 78 280695
585 717 375376
70 710 230305
473 662 120182
360 453 821288
17 495 707788
764 215 725520
745 623 498202
737 569 842373
120 463 841673
16 663 814349
191 447 956379
448 68 155495
629 92 523756
422 456 566818
468 727 921620
234 528 474383
57 52 552727
177 125 103063
191 425 787535
53 3 310750
51 650 209341
470 405 370940
561 374 136368
564 796 239435
135 463 50290
117 697 103016
396 305 170296
610 481 79947
144 223 347623
46 275 946000
138 677 984402
677 346 694651
596 458 445008
30 574 762181
272 708 359328
87 25 92943
695 633 929991
727 607 871781
149 206 773877
775 608 986722
651 410 925259
548 169 751087
557 302 713282
330 429 431263
238 571 199534
614 513 70821
137 407 145106
717 685 299338
545 385 317545
418 359 281750
428 561 746709
439 795 422671
746 721 665217
183 43 339943
348 556 410763
484 514 72221
753 399 371558
497 783 205454
467 694 3556
94 454 266616
408 314 689286
754 730 232925
363 227 692416
306 762 910736
220 309 497179
440 345 898086
350 297 301799
132 462 938197
25 678 179211
30 363 344905
343 39 506464
624 7 377169
51 694 871932
12 624 222989
320 309 984808
664 508 335200
512 656 573501
57 787 17255
419 363 980917
75 393 727546
138 735 647108
507 559 832299
790 161 709905
130 172 14598
489 43 849174
488 259 65482
740 770 99941
747 378 72597
63 797 902535
408 71 791698
667 561 89690
134 21 576376
646 571 393760
17 144 998689
60 377 104777
670 318 62417
639 466 109908
569 600 174654
565 297 736668
187 386 509875
299 762 962894
469 447 248210
628 293 759783
468 661 802305
797 272 694000
13 141 651176
672 332 224645
126 100 870710
793 216 419310
620 754 759606
313 253 705944
74 721 228657
656 101 415503
112 568 799347
511 564 941960
487 128 851031
655 193 270372
754 302 256125
169 259 315669
152 726 885088
578 647 962058
785 747 893913
97 66 209611
607 630 151570
645 757 518953
176 756 305676
368 432 60730
221 101 408683
76 633 814803
2 290 218044
200 154 965021
498 517 285005
563 86 980301
744 190 744908
701 265 746352
208 546 209279
192 780 4398
292 382 67370
583 10 641449
226 11 465281
798 562 767522
203 259 480028
55 373 402144
514 317 992181
466 569 101171
496 776 32187
446 167 23933
615 10 940712
463 593 188646
495 370 66255
17 368 198617
588 139 401578
512 319 916176
380 241 175890
148 428 698307
124 360 946354
642 623 198799
652 468 518614
796 322 996228
717 90 455475
636 67 682243
757 206 389038
485 270 497976
726 649 115446
632 797 834087
585 472 584914
647 301 876025
415 188 596868
332 278 722754
519 696 404996
476 454 794033
512 723 808360
437 123 923806
620 119 757892
756 142 859157
491 7 251533
791 74 359379
71 41 404045
424 372 935433
620 90 184862
604 117 37557
516 180 80410
321 616 201484
164 435 749607
472 391 104477
4 433 427019
46 642 591377
469 565 970411
640 207 671624
796 675 709180
511 55 305942
31 222 23777
546 209 773383
217 151 877860
220 583 821230
753 558 928958
531 603 797911
269 516 727353
475 448 126863
350 341 489258
756 117 781768
177 252 444550
385 511 751847
535 492 46463
670 201 612634
427 511 293387
230 663 525469
53 484 244314
515 158 634781
525 59 250780
244 14 172720
346 543 634789
192 479 870240
255 214 983550
88 83 950793
226 61 846993
447 290 541103
760 342 478918
340 409 400201
321 191 922310
273 428 269528
465 107 731618
271 672 231519
710 306 182311
488 366 545655
134 656 603110
179 784 82027
88 255 104957
408 446 190241
294 576 459769
273 194 390793
379 64 702457
250 327 990279
555 381 834189
121 290 560276
328 268 694009
76 446 996053
585 86 101188
425 45 743843
545 338 129440
138 611 892767
546 541 871360
425 343 114176
213 97 539302
40 569 26434
143 404 116676
141 791 266924
578 185 94260
622 376 111836
160 343 589181
322 54 973670
62 629 60615
404 730 654191
53 316 81955
173 191 69994
621 685 268393
344 25 979196
555 602 307539
390 776 379723
322 135 97699
391 8 224793
558 421 223246
348 377 335875
703 429 504156
296 601 698871
241 773 526613
588 668 643298
126 422 252474
201 12 962228
651 333 627803
643 724 813089
688 33 29896
114 380 759116
622 634 102692
292 482 722672
505 722 412425
154 61 749197
627 187 516265
454 739 807886
256 589 252249
544 431 922182
391 670 824057
659 784 18489
150 605 676020
774 448 362254
750 504 663535
346 657 364608
162 484 444668
400 489 727606
132 429 593144
114 37 161640
784 125 266031
319 497 645889
475 702 644790
474 236 882715
178 395 533064
386 614 448962
69 220 881123
110 115 637522
406 247 646170
445 712 93350
427 247 364587
267 117 170663
609 591 652759
475 265 13460
739 794 554047
100 379 975593
426 696 841807
540 17 281709
338 566 214114
602 704 824510
48 519 217289
115 307 772307
590 123 138641
80 468 692687
531 47 184632
506 554 26438
571 444 205567
632 245 593685
320 644 862740
627 360 302458
327 434 911287
565 65 801941
396 595 732809
785 299 146007
799 601 512004
553 120 676061
548 556 54231
334 187 773262
512 547 88505
356 765 999791
790 657 566069
54 217 341385
201 175 301333
51 178 287717
651 238 252516
770 420 851020
77 434 97167
172 319 567910
676 30 186848
18 385 182146
38 726 768862
622 332 157519
354 532 311687
423 134 611862
138 336 940391
309 658 428629
227 734 3800
103 135 352233
132 681 321932
69 742 461149
346 212 199138
677 699 762160
760 112 142865
576 781 811287
84 638 123082
266 797 126882
369 484 797028
52 364 118959
120 657 96460
466 69 295597
694 319 574108
206 782 716973
650 483 44611
630 365 809539
467 398 862774
238 215 817836
17 583 242632
575 187 356715
586 658 342230
183 675 451687
242 569 875307
766 326 408425
129 175 695606
67 5 677240
440 471 781956
675 260 13553
459 276 756968
725 403 971502
107 188 674440
593 722 72698
251 164 109724
227 481 836244
184 609 830169
623 675 633544
179 667 313548
483 541 836770
202 551 301382
56 28 504409
95 134 564811
344 278 611751
468 528 940824
711 754 126139
480 137 401020
423 759 326428
722 489 228255
691 172 452921
24 725 334613
433 780 115964
795 75 702743
97 418 404476
121 437 705553
211 348 481280
430 27 656433
79 264 959321
120 384 315122
643 596 532964
567 111 52188
547 453 75820
173 128 696966
142 432 929863
579 111 619935
126 95 436145
504 567 653375
504 198 713384
777 317 517999
492 159 259182
679 277 851329
50 375 559440
216 99 486644
30 241 818324
764 371 855555
108 48 890418
231 369 98064
428 767 121406
625 6 177734
504 282 977229
105 209 53020
320 307 539663
701 99 357986
664 469 729893
324 516 620310
555 478 234725
534 796 115623
29 296 293356
386 276 60381
220 495 468884
428 509 627388
734 447 232860
33 739 731512
53 600 226928
569 476 155251
386 231 718911
9 316 598588
564 697 861336
144 282 733631
579 501 615858
319 480 34752
730 766 26012
241 350 375258
768 402 970748
370 170 702899
81 556 669775
620 116 652757
355 679 151024
737 375 78120
594 153 335554
497 23 875606
461 752 425686
70 545 746803
418 64 469552
468 434 53153
642 66 595275
150 237 573782
774 592 104297
493 80 996527
606 4 794501
628 441 660274
132 43 728734
676 346 688804
792 276 135973
634 341 785124
335 578 875257
308 721 979553
353 352 976080
337 305 286932
517 745 635603
648 339 880688
75 684 569491
365 134 221815
193 9 24207
533 66 162792
586 134 290326
490 486 31249
791 614 318181
296 216 604917
592 104 164185
483 346 503584
366 113 678858
51 671 37175
60 262 306967
125 539 382251
542 676 888513
143 365 109446
723 356 687883
391 203 725297
576 346 914664
159 28 468367
169 394 624265
95 444 1977
213 503 436599
63 179 517660
378 325 921750
294 207 46463
649 703 43537
403 167 161879
749 85 928054
776 701 714165
721 629 695485
717 427 713979
205 150 555791
332 70 618588
208 484 51317
414 372 554810
669 650 826211
387 256 580213
23 20 502113
724 656 300489
552 586 942009
179 728 775877
216 132 286248
755 15 65597
71 222 245218
33 636 987653
643 56 773624
55 442 721473
568 464 630080
608 387 252851
568 491 571106
445 221 119691
292 436 740418
288 743 173702
257 365 532116
709 397 103090
732 239 796525
156 646 345732
636 765 300573
686 572 777388
144 691 967727
634 335 97817
604 178 346837
705 17 411624
20 273 427118
709 181 928283
785 112 502631
667 240 460022
183 28 704455
306 554 732692
669 83 332035
24 260 966358
728 277 894333
747 101 321451
208 282 766085
544 745 268715
154 451 728736
336 478 554170
641 583 803214
389 104 135248
346 218 702668
548 517 363758
232 276 526259
498 19 114092
434 230 2036
139 681 851752
475 358 922273
667 493 725486
255 596 860734
396 207 79753
613 316 640906
681 526 60205
156 217 729236
527 205 699685
609 636 882518
635 546 229780
501 238 955266
308 385 332351
584 145 412103
342 602 254098
210 6 551063
735 793 193695
504 478 857403
708 147 831529
215 755 365084
394 589 483672
11 642 734169
361 501 185158
464 636 524742
513 178 956439
727 387 29040
22 673 161846
624 728 540238
504 635 618315
339 401 611614
10 347 812368
130 357 519709
487 718 925502
781 733 605202
419 445 966637
658 724 910366
103 745 700704
693 120 644577
159 623 195704
572 161 293491
492 523 245443
200 204 764989
101 691 323746
54 671 770415
290 289 517099
608 146 301543
511 601 740218
639 493 477762
7 585 920633
520 427 375975
594 168 33618
797 265 210969
687 279 313821
115 397 21874
722 95 440871
433 247 697441
187 165 691554
19 264 146093
95 604 453528
359 24 198454
189 297 359492
317 764 107601
739 685 777949
579 317 218395
133 140 438641
319 304 21331
63 605 683776
178 337 722194
88 361 288340
276 209 647832
144 172 755432
82 409 49732
661 277 268127
2 215 223119
577 629 683472
722 507 52076
103 442 390559
423 352 677936
250 112 527812
393 636 799595
26 244 849327
238 520 633805
582 488 856923
796 759 617724
625 386 62300
683 544 261774
324 79 771828
657 53 391819
20 302 718570
767 694 403482
493 719 310869
249 157 70312
371 290 9583
47 638 986870
298 462 163980
108 299 393165
538 117 709820
590 639 501676
443 472 854047
457 159 6013
705 667 198803
628 156 208385
674 793 711607
171 6 875586
194 702 785103
44 121 314362
512 548 141300
350 194 64641
373 607 845084
512 615 349323
114 520 455081
51 699 366147
457 572 939103
394 294 753047
248 39 561053
210 82 683354
261 594 31826
101 495 881973
736 68 102518
459 131 329076
339 597 79291
438 647 20962
340 655 162460
138 600 162583
390 48 742428
95 257 884867
720 517 377300
292 169 366245
762 105 233140
237 115 795607
327 5 182137
40 442 591533
99 333 748531
633 471 848385
213 60 315737
631 155 902984
330 426 440840
175 718 103308
66 679 438676
794 51 808380
33 492 765245
112 668 513775
648 80 540495
431 710 106
22 592 150212
129 318 22638
756 383 15707
688 54 231937
748 783 403
333 475 437409
368 51 467536
235 545 862399
667 650 56646
576 14 670228
719 251 241001
236 757 915081
618 693 27836
223 647 465323
740 595 497256
100 127 748438
435 494 81264
785 280 502114
630 146 979810
9 274 457612
780 583 85625
149 27 797525
372 673 262847
663 19 276454
762 145 541244
749 190 622507
733 470 640973
115 615 620782
123 88 594745
684 632 680369
324 611 932995
248 759 368329
247 682 218307
252 544 483332
695 58 80150
2 6 527047
526 738 242436
507 404 620505
404 527 783872
142 519 704759
752 399 158685
263 306 993333
144 437 123531
240 586 530182
297 432 478077
555 591 564830
613 195 162124
216 273 462347
540 234 167106
610 518 550447
208 602 681151
65 484 995013
501 618 858708
639 294 176547
622 675 409643
641 781 527096
717 593 352039
663 361 650985
120 452 804057
519 261 595042
69 20 544711
233 85 4065
540 137 586948
287 327 216365
681 149 840210
129 341 545236
167 257 542816
303 472 214161
359 591 18873
552 309 96924
14 729 70336
78 513 413107
626 253 301191
542 91 459280
304 323 626806
739 451 102954
355 169 462047
115 471 833503
587 381 712374
262 484 782117
549 498 593177
55 575 343058
