500 700 12
320 451 277491
487 29 248697
92 62 497835
66 426 393007
83 465 482273
324 193 137350
306 196 436419
354 181 108443
67 157 313320
162 314 425547
4 486 477749
201 472 111700
35 416 186580
41 481 249993
165 415 104270
14 91 168734
285 396 331778
227 102 198325
46 168 226505
92 182 274514
192 185 168327
243 385 462312
174 271 271636
167 163 209051
436 327 129031
22 341 252297
299 125 440887
124 203 246135
480 248 275236
493 191 309755
172 382 413936
483 477 381621
118 150 477857
20 168 184128
402 456 409790
199 477 153469
437 127 36161
71 102 10637
158 82 185339
413 426 373586
348 449 33628
320 432 126861
177 401 281337
156 421 216339
297 174 165506
265 372 249461
277 309 153289
413 231 192416
251 389 97869
188 301 63450
315 148 412728
28 468 297676
364 496 196959
202 151 382212
60 299 62484
20 64 383157
309 192 112881
76 105 176189
444 207 368271
246 395 431659
325 61 192459
500 88 80959
311 304 478778
22 5 363773
5 64 452775
13 436 155573
393 96 141988
433 171 448180
204 466 101136
214 63 269842
25 387 344236
483 239 390649
112 49 3236
384 422 496039
10 278 85396
434 290 436811
422 35 299746
453 467 360193
88 22 294215
429 236 199681
17 260 172743
165 94 142482
400 205 390220
291 440 145620
38 301 290893
348 234 372170
446 155 305311
138 459 186845
353 46 225664
385 327 290037
479 343 311624
460 7 499235
179 258 450180
150 400 126884
42 437 442175
211 285 332475
374 82 469709
70 71 12215
85 423 408174
122 159 275071
97 138 366397
332 97 42739
11 128 211097
247 277 358355
273 319 13254
100 29 277543
308 402 55327
374 324 211760
399 408 74330
470 29 453605
366 126 49263
457 309 66752
53 171 115849
259 417 119476
13 190 223252
55 289 218070
233 448 492451
344 173 351704
25 72 499027
129 393 176435
244 258 190315
495 66 352292
195 119 161600
170 377 84771
274 241 265039
195 147 144580
497 231 72220
201 74 17667
79 99 42192
365 79 21263
32 322 262655
323 169 132764
275 363 174330
397 385 114800
287 158 312528
367 204 280769
86 201 329767
105 253 498498
296 331 31423
410 48 2873
416 79 382804
179 401 220477
360 27 82645
159 275 117860
187 62 429244
307 428 272753
73 365 366456
422 321 219156
197 468 198908
421 377 321091
76 292 262138
53 323 228716
49 34 89468
408 193 5995
151 231 112121
403 389 140182
211 313 251109
366 87 49826
274 135 37646
364 55 273114
1 483 277490
68 35 346134
35 83 111808
381 343 248841
2 345 388385
35 100 342967
144 310 409707
321 175 402020
466 300 367458
79 163 321092
421 15 298498
406 434 182480
213 469 209866
405 201 463301
142 54 60643
108 89 447487
315 84 412938
186 404 290747
143 369 332774
86 300 221573
83 72 294588
63 477 313954
280 41 8388
80 297 483708
222 438 245908
61 398 439814
498 64 189254
245 249 245337
18 243 190592
442 328 46312
29 262 85611
483 176 135034
370 456 8010
77 35 365402
336 109 439699
149 169 151988
402 166 328885
90 262 396448
181 131 273048
345 73 326142
455 101 376821
341 83 223583
202 304 65258
104 380 111713
154 216 342600
141 216 302208
26 470 454376
325 411 228393
225 444 398655
366 288 330637
187 94 213209
269 434 357310
378 136 93244
91 239 413048
42 392 316779
249 384 50346
476 409 53562
368 86 48383
374 310 263793
363 175 406736
71 361 39875
232 481 232469
476 359 135902
375 301 274537
153 194 30127
499 442 342370
412 269 363254
146 488 438014
438 362 463099
26 76 227908
400 146 74935
368 378 364647
122 205 320628
10 431 40838
137 83 136990
358 433 451683
463 196 303476
231 427 146744
444 335 156631
19 121 436656
17 267 272907
248 450 341627
257 232 259435
245 166 396424
455 99 364458
417 146 167933
393 487 331028
320 117 73611
6 124 30554
126 382 216425
392 8 309941
490 255 396186
424 364 153487
348 460 189570
157 414 396235
90 183 264685
469 427 323331
79 98 165317
485 103 180285
409 80 131908
201 324 372789
238 313 471649
76 236 116755
145 435 319970
379 92 106930
64 33 394695
394 1 430877
62 80 450156
346 64 101253
105 324 309856
245 376 109287
393 113 332110
148 40 196922
117 184 479510
398 414 59944
445 477 319035
173 222 457419
328 135 273420
81 480 373351
288 436 271414
74 181 233089
36 425 51964
309 424 156928
318 41 201467
114 290 375150
500 234 106915
419 407 112392
338 234 263965
188 166 210600
367 393 148931
399 356 42379
323 135 280414
247 101 231722
139 102 178892
280 16 186005
14 259 28504
272 76 328422
357 175 418111
23 457 364798
327 323 115602
205 73 99494
470 248 151701
192 346 360835
435 336 271435
439 115 89888
294 128 15256
216 251 53014
326 108 371089
476 130 416115
77 456 110072
423 161 31246
123 482 254319
458 173 387418
244 459 90763
132 397 11098
387 191 323212
252 258 173692
49 307 95442
30 378 474410
486 476 213339
383 479 51761
340 4 432563
84 462 23325
67 359 50774
305 401 373985
56 158 64028
248 92 159470
55 354 166370
284 192 397900
259 452 336385
404 334 39234
318 26 295212
142 461 206567
267 27 489029
252 331 109739
131 386 47991
100 486 95148
322 40 26091
221 175 431444
457 434 66487
190 189 236938
253 359 465624
320 500 87149
200 267 272961
438 370 218987
280 500 218169
427 452 67406
369 273 467391
165 345 51282
151 301 45957
441 342 242242
416 446 185282
416 117 307640
376 316 148992
362 105 260110
382 384 31331
287 162 26682
30 383 405633
311 47 367257
119 49 293101
360 341 52253
494 256 183946
133 171 483392
476 46 189860
85 259 276028
415 140 367984
97 279 13720
81 308 324733
13 290 327115
414 395 467089
254 340 144948
10 83 40793
32 295 244278
78 322 96753
336 305 225690
328 376 385956
106 109 56552
413 223 165485
382 88 141674
209 270 427315
401 62 123754
147 277 123615
224 450 160944
411 107 386633
238 482 272588
195 90 345492
459 165 10976
341 252 169001
162 252 96315
283 357 361524
197 472 164924
387 118 6258
330 193 75387
462 103 148336
402 193 109442
365 220 472424
29 72 164198
280 386 126038
383 261 222051
240 36 80834
211 294 259530
246 372 2416
59 326 39367
312 18 165161
56 109 153936
275 306 232300
198 343 486681
84 393 455812
196 226 59695
232 255 454786
377 23 231996
408 268 388027
274 178 303398
434 490 100223
221 45 25593
21 172 287701
53 369 214006
364 304 282700
58 352 73444
343 83 445022
190 459 59776
216 218 209650
465 491 249417
188 277 34947
132 497 112936
184 369 457332
41 421 4003
240 285 423224
183 194 448879
204 389 192730
332 430 447812
191 250 46122
182 196 1462
132 158 372501
315 379 421666
207 151 425669
446 435 365244
204 36 314122
15 219 97721
489 52 393650
179 301 140647
212 348 142109
373 182 14609
383 347 300093
261 367 286259
411 462 203466
198 84 334411
30 139 285243
250 5 468279
399 493 492349
398 24 34400
6 87 376552
114 460 37399
58 194 178932
317 454 242131
282 216 230997
192 413 101459
287 294 302394
417 43 26532
265 294 238036
165 191 499381
216 48 189256
467 13 259842
398 71 224653
28 387 185846
377 168 224651
187 211 180367
277 315 499631
319 202 327413
464 434 263678
6 189 250694
53 383 97909
418 387 15227
488 85 95125
226 235 433504
393 453 19232
455 436 222770
15 68 228701
69 97 116882
2 290 98698
191 51 1703
425 277 361108
311 253 210377
395 109 350364
482 340 449941
286 110 283333
221 162 73639
284 29 247442
18 97 281362
215 98 78958
269 140 143600
228 64 306150
104 227 483926
319 121 273179
259 454 12287
443 240 286978
82 312 284439
375 96 10601
236 113 30629
46 179 164077
145 447 197174
81 71 187166
307 101 455630
207 233 165449
150 324 245069
83 136 29507
309 83 56459
45 195 87087
442 225 267515
86 23 481041
231 49 168206
153 179 70286
106 479 437593
196 37 264372
264 38 13456
123 120 280280
81 429 357915
20 325 267997
34 266 149043
74 203 254619
279 285 323641
220 361 21542
50 232 207894
86 39 107590
124 170 268705
243 436 459327
23 284 206408
460 464 56927
386 18 477296
164 302 317289
80 443 338830
440 336 13901
23 277 7950
414 334 162535
83 12 278658
19 419 206753
302 197 77775
480 9 149974
127 394 338789
415 409 393159
244 341 185312
442 93 243754
70 128 458155
403 137 400920
415 389 226002
341 5 340372
135 139 202242
395 451 466898
235 56 494641
367 349 52637
21 419 102229
292 173 330708
145 439 354197
17 476 84437
42 209 392452
398 450 383144
380 436 212625
277 330 451615
270 417 375917
258 283 43973
338 155 254821
398 446 415091
94 90 183764
30 106 244554
334 499 438529
38 453 212737
325 68 187628
7 484 7256
423 308 337877
472 359 221134
369 304 382571
462 393 82686
343 351 327240
357 5 265768
76 71 298097
331 77 439524
60 499 91860
193 203 288167
216 107 271999
466 67 187197
322 71 457511
67 380 271959
216 213 274034
133 468 172114
177 200 471765
267 204 484219
158 365 254004
77 227 116969
499 185 491142
378 70 65709
133 286 202697
246 60 456262
378 379 169824
469 412 157941
213 218 120784
268 74 308550
136 211 278708
134 247 78536
292 496 160596
53 93 20454
229 323 288013
169 183 336244
137 94 456457
201 164 77240
320 237 402141
304 130 197200
366 17 36335
332 132 364469
160 419 403256
388 241 83950
56 275 420193
45 369 393001
97 32 486592
284 72 388732
118 289 134249
86 252 13618
484 447 37229
496 218 332468
383 458 432769
313 335 352961
256 431 129953
103 123 298984
203 240 248770
320 178 199558
45 384 9662
110 133 104393
404 3 476614
90 455 475758
20 290 241013
326 340 427704
66 398 345595
243 59 191266
188 455 74166
80 318 397550
41 302 433280
460 247 426245
462 356 268648
269 368 428089
58 424 64109
302 249 262179
248 314 225370
13 408 388119
179 96 44177
80 27 295483
211 68 458153
456 379 464954
455 192 185200
44 460 397555
4 18 367275
182 171 264698
51 418 362446
170 430 88112
198 460 356019
33 39 454966
185 250 472993
290 190 402912
333 244 144511
293 370 298554
162 67 33057
332 365 46090
101 476 284493
63 342 411014
95 380 447312
279 129 436656
269 185 355919
458 196 332560
53 101 429892
197 341 260684
28 57 455599
104 362 240091
167 203 306230
113 82 269893
466 12 206548
25 321 327099
416 225 388646
404 148 248747
2 28 87340
132 48 281248
213 66 37868
105 31 428570
152 274 356504
164 345 266566
162 260 253957
408 211 235681
163 211 193680
16 238 297371
460 244 78618
461 425 173749
65 455 67033
68 80 423536
388 216 190101
232 172 300117
492 205 298778
54 236 62537
116 106 468199
353 75 487714
33 60 361174
309 444 81636
116 480 377053
360 411 82972
