80 40
3 40 35
1 29 48
1 16 37
1 36 60
17 40 93
34 40 5
26 40 67
34 5 11
32 40 54
30 40 89
14 40 89
1 24 88
35 40 31
22 40 71
27 40 87
1 11 66
1 21 35
1 25 82
15 40 49
1 35 80
28 40 40
1 7 68
1 12 53
19 40 60
9 4 57
29 25 15
1 22 26
1 14 11
16 40 39
1 4 47
30 12 83
1 17 20
1 28 34
36 40 48
1 5 12
21 40 17
11 40 22
20 40 75
10 40 53
4 40 10
9 12 5
1 23 31
39 40 2
12 40 96
1 19 1
1 32 83
18 40 70
1 27 60
29 40 55
1 15 20
1 30 29
32 6 98
5 40 6
8 40 48
5 12 13
1 34 41
1 38 47
23 40 97
1 37 51
1 2 94
1 20 7
6 26 72
9 10 90
24 40 33
30 15 3
2 3 91
38 39 14
6 40 97
7 8 9
1 6 26
13 40 45
1 31 83
1 33 83
1 9 87
31 40 56
1 13 4
33 40 48
37 40 83
25 26 65
1 18 45
