200 150
96 97 1649617
12 13 5154005
126 150 3741641
49 150 8462965
8 9 7402160
16 150 6476265
1 61 8513308
1 125 4749667
1 67 2908696
87 150 36513
117 118 3480288
1 119 746750
97 98 2007673
78 79 8895413
31 32 446731
1 81 1939958
1 60 8788775
118 150 8250269
60 150 3318828
50 51 9481762
33 150 1721439
46 150 8697496
1 88 628948
39 40 811932
149 150 1125444
1 106 6289503
21 150 8835440
133 134 8202336
73 150 3748375
108 109 7685273
81 150 7610967
1 57 2337030
74 75 6821974
35 36 1119493
1 84 3116459
1 18 6172641
1 4 544020
3 150 3414734
100 101 7337985
28 29 4784262
25 26 7029581
94 95 4192778
27 28 3519627
89 90 6226155
23 24 7931842
104 105 4374564
88 150 1235062
125 126 1951590
119 120 2716280
112 150 8059713
1 93 3887940
1 127 6632189
1 89 4787476
147 148 7519765
51 52 5280993
45 150 2507924
47 48 853777
1 34 1464542
1 20 1660602
63 150 5215723
122 123 6340418
55 56 8907504
1 82 6712744
62 150 6581443
114 115 8323120
77 78 5321695
86 150 3524156
120 121 2332352
131 132 1815063
43 44 9754003
1 42 2082835
61 62 5233607
1 112 2925516
15 16 2175250
138 139 5267906
1 137 6432521
9 10 8810433
29 30 1926700
144 145 3304395
1 14 133
132 133 4886509
1 15 1498955
91 150 4761339
93 94 8815760
76 105 9876683
133 42 3321849
1 3 9312244
103 104 86816
20 150 4128969
17 150 4955333
1 111 1467456
2 150 8796159
137 138 7417617
66 150 1826813
146 147 5962571
1 92 7608603
107 77 2921095
1 108 493239
83 150 3691292
59 150 242275
101 102 4191167
129 130 445744
38 39 8397523
1 23 2910456
56 150 711957
1 80 1003946
92 150 1019381
18 150 6333037
58 59 4263691
30 150 7352915
1 21 8144724
116 117 8763755
1 46 7860216
1 85 4830816
1 2 3057720
82 83 9789564
34 35 7782545
1 64 780624
134 135 4881290
14 150 9621845
37 38 6681762
124 150 6256703
141 142 5720923
123 124 9946929
1 63 5236079
102 103 7508093
67 68 8113290
107 150 750545
65 66 8907180
26 150 6412062
140 141 6967269
1 113 5863283
1 74 6438251
53 54 8971013
99 100 1513148
1 70 7034014
130 131 3972838
135 136 1685471
57 58 2518225
40 41 8003785
13 150 7419921
1 47 1297780
95 96 7444323
10 11 3123112
127 128 4614238
139 140 9650631
1 50 8690896
142 150 1797636
79 150 5824809
6 7 3958955
148 149 2172641
52 53 7986041
115 116 3074330
7 8 2911046
106 107 1764081
143 144 8688380
90 91 9993677
32 33 3231055
24 25 4205739
64 65 9947730
44 45 2002328
76 77 8248531
68 69 1456794
75 150 787183
11 150 6741707
145 146 265435
84 150 4692774
1 22 1702817
136 150 6422557
1 12 458190
105 150 3961181
113 114 8293170
1 27 800932
71 72 5542377
121 122 2987472
70 71 5273171
72 73 902227
4 5 7642897
1 87 5035258
1 143 2311833
36 37 9680001
19 150 2476675
41 150 4494185
48 49 128246
110 150 3406778
1 31 818997
69 150 2135220
5 6 5971305
128 129 4505855
54 55 2457012
98 99 7444777
109 110 6606851
111 150 7291103
80 150 8092883
1 19 7468092
85 86 4104746
1 76 1967688
1 17 736716
22 150 6966288
42 43 155979
