100
1 914241
1 639471
5 917713
6 912745
1 234811
1 297728
3 297728
1 6927
5 645391
1 664569
2 914241
1 134689
1 868271
1 842266
5 850426
1 286545
4 1
1 333833
1 274177
1 568845
1 157569
4 13
1 732493
4 7
4 9
5 646117
1 136381
1 473089
1 419305
1 639776
3 473089
4 7
6 234571
1 37685
1 321207
1 496713
1 531105
2 234811
2 157569
1 326601
1 317437
1 791873
1 931097
1 224521
3 317437
1 395823
1 877225
4 19
1 781729
4 17
6 529658
2 931097
1 578851
3 639776
1 112100
5 790233
1 338689
1 481883
1 735265
1 293813
5 143413
3 37685
4 25
4 21
1 679713
1 964201
1 733235
5 569757
1 608769
1 455372
6 314885
3 842266
5 782361
1 586193
1 666945
1 249761
5 739567
1 79651
3 136381
1 288892
4 26
1 176792
6 130671
1 437505
5 489981
3 842266
1 850205
1 509407
1 856047
1 50817
6 291536
1 314153
3 842266
1 237389
5 570526
6 322825
2 608769
6 315843
5 43637
1 184462
