99 99 999
0 12 27
1 73 79
2 75 54
3 77 37
4 46 34
5 50 56
6 95 59
7 15 47
8 87 68
9 25 18
10 5 71
11 0 4
12 53 37
13 44 43
14 12 57
15 30 79
16 93 32
17 22 13
18 33 90
19 95 2
20 65 77
21 58 15
22 31 79
23 86 51
24 24 5
25 34 20
26 94 77
27 89 78
28 14 54
29 57 87
30 19 75
31 29 38
32 26 38
33 51 91
34 92 67
35 10 47
36 79 91
37 19 43
38 64 20
39 86 95
40 47 94
41 33 32
42 76 82
43 81 95
44 74 51
45 56 25
46 0 38
47 37 28
48 81 57
49 11 64
50 27 93
51 41 70
52 22 87
53 87 3
54 93 65
55 18 0
56 77 65
57 95 46
58 40 43
59 78 77
60 75 0
61 67 86
62 77 35
63 29 53
64 76 72
65 6 11
66 27 13
67 25 25
68 30 72
69 85 5
70 21 20
71 87 17
72 36 61
73 83 81
74 98 30
75 41 4
76 35 66
77 52 58
78 14 96
79 32 25
80 77 32
81 8 66
82 38 55
83 9 33
84 14 43
85 28 71
86 2 68
87 51 3
88 98 9
89 42 89
90 82 52
91 9 69
92 44 80
93 62 39
94 70 3
95 3 91
96 2 84
97 4 81
98 4 41
99 89 60
100 47 20
101 60 13
102 41 74
103 54 7
104 43 61
105 3 3
106 40 73
107 45 96
108 42 0
109 37 6
110 20 48
111 51 64
112 19 13
113 89 33
114 27 76
115 43 20
116 7 53
117 49 38
118 78 20
119 95 94
120 9 84
121 52 61
122 93 23
123 47 22
124 84 2
125 95 72
126 21 87
127 27 1
128 70 22
129 73 63
130 20 40
131 3 92
132 92 87
133 84 68
134 44 20
135 95 43
136 87 49
137 20 41
138 67 64
139 77 70
140 91 49
141 0 54
142 3 24
143 68 57
144 69 54
145 18 30
146 14 95
147 9 40
148 8 46
149 65 66
150 44 40
151 97 32
152 18 56
153 60 31
154 79 5
155 72 7
156 6 16
157 82 20
158 69 50
159 48 18
160 96 31
161 66 58
162 84 51
163 16 17
164 35 65
165 56 33
166 89 34
167 88 59
168 61 96
169 50 72
170 52 48
171 44 80
172 68 81
173 50 43
174 31 13
175 47 46
176 66 73
177 90 51
178 40 61
179 17 10
180 64 31
181 10 89
182 35 63
183 76 69
184 7 11
185 29 4
186 42 22
187 77 74
188 5 98
189 64 55
190 19 31
191 35 11
192 86 85
193 2 47
194 5 0
195 0 2
196 89 24
197 26 15
198 18 55
199 59 67
200 89 70
201 65 62
202 93 93
203 41 3
204 1 67
205 43 10
206 98 65
207 54 21
208 62 58
209 52 54
210 65 75
211 46 97
212 44 84
213 89 41
214 75 46
215 20 7
216 38 17
217 42 17
218 1 1
219 8 56
220 58 29
221 80 28
222 54 30
223 63 37
224 56 91
225 77 9
226 92 81
227 68 71
228 10 58
229 86 59
230 34 66
231 14 34
232 2 95
233 12 78
234 58 74
235 31 33
236 74 31
237 96 43
238 91 18
239 19 51
240 87 42
241 2 93
242 73 91
243 77 60
244 55 74
245 39 55
246 8 70
247 86 72
248 75 64
249 90 86
250 96 89
251 51 69
252 8 74
253 80 26
254 22 61
255 55 73
256 12 66
257 63 65
258 84 51
259 95 63
260 81 55
261 15 76
262 50 21
263 57 17
264 65 3
265 9 64
266 70 71
267 60 19
268 17 1
269 52 4
270 41 52
271 49 71
272 95 44
273 37 55
274 73 13
275 69 57
276 51 1
277 6 74
278 54 20
279 91 69
280 55 9
281 56 1
282 36 54
283 3 76
284 65 69
285 8 96
286 37 31
287 91 31
288 61 82
289 81 51
290 78 94
291 39 61
292 18 4
293 43 70
294 1 92
295 91 25
296 77 35
297 91 82
298 71 67
299 6 20
300 59 50
301 81 45
302 4 80
303 20 44
304 90 6
305 87 85
306 61 97
307 10 67
308 34 90
309 80 43
310 6 4
311 68 78
312 88 65
313 69 43
314 43 67
315 92 95
316 44 70
317 17 27
318 65 33
319 67 98
320 27 92
321 61 47
322 54 32
323 3 44
324 11 14
325 32 48
326 26 58
327 57 27
328 14 39
329 4 65
330 3 78
331 63 56
332 11 4
333 15 98
334 91 65
335 44 51
336 44 8
337 10 97
338 48 86
339 54 79
340 84 0
341 7 31
342 57 98
343 29 48
344 21 89
345 26 25
346 85 5
347 59 18
348 97 68
349 53 28
350 72 62
351 94 84
352 15 31
353 12 25
354 46 97
355 98 98
356 9 69
357 40 49
358 2 27
359 3 8
360 42 27
361 26 10
362 65 83
363 43 40
364 44 67
365 46 7
366 87 52
367 34 9
368 79 0
369 45 7
370 52 63
371 24 43
372 30 76
373 50 89
374 72 56
375 1 6
376 36 59
377 33 1
378 16 48
379 68 66
380 66 28
381 64 46
382 68 79
383 23 33
384 76 41
385 98 0
386 67 16
387 92 1
388 67 48
389 76 28
390 67 88
391 25 4
392 44 56
393 28 34
394 86 95
395 6 94
396 47 22
397 53 22
398 42 90
399 14 53
400 28 44
401 47 55
402 96 42
403 16 1
404 70 89
405 54 60
406 25 56
407 52 89
408 13 18
409 22 66
410 21 73
411 82 71
412 18 87
413 69 0
414 50 85
415 72 7
416 55 6
417 58 51
418 81 5
419 24 63
420 61 72
421 30 96
422 54 89
423 85 59
424 84 16
425 54 41
426 54 4
427 44 14
428 40 50
429 29 89
430 44 73
431 36 37
432 5 28
433 31 51
434 74 2
435 25 53
436 40 29
437 25 11
438 32 35
439 74 96
440 32 94
441 83 7
442 48 60
443 84 40
444 14 51
445 92 43
446 83 61
447 77 96
448 39 52
449 12 63
450 47 44
451 59 63
452 4 85
453 56 76
454 1 84
455 37 67
456 1 72
457 72 24
458 81 5
459 93 28
460 51 76
461 13 83
462 31 26
463 8 71
464 5 2
465 95 21
466 80 91
467 28 72
468 88 56
469 56 79
470 92 57
471 16 94
472 22 68
473 13 89
474 34 46
475 14 64
476 61 65
477 78 1
478 49 81
479 23 49
480 3 67
481 8 0
482 96 19
483 78 79
484 51 0
485 84 58
486 74 67
487 18 95
488 93 64
489 8 0
490 1 41
491 74 55
492 84 7
493 0 51
494 92 16
495 94 41
496 61 94
497 15 33
498 63 56
499 33 38
500 87 47
501 0 13
502 81 65
503 30 24
504 62 55
505 42 82
506 43 83
507 80 76
508 0 13
509 39 90
510 13 91
511 36 85
512 12 25
513 47 75
514 3 13
515 38 43
516 13 51
517 57 92
518 45 11
519 12 10
520 67 63
521 10 74
522 1 9
523 93 27
524 64 7
525 84 21
526 81 14
527 21 84
528 30 67
529 17 44
530 71 38
531 73 69
532 44 49
533 73 81
534 82 40
535 0 6
536 86 31
537 15 51
538 18 19
539 37 79
540 2 85
541 38 24
542 4 45
543 95 84
544 51 96
545 46 88
546 25 54
547 72 85
548 32 4
549 57 7
550 25 55
551 75 9
552 38 6
553 43 82
554 86 67
555 48 49
556 63 98
557 92 44
558 56 53
559 62 57
560 69 78
561 4 92
562 51 68
563 6 84
564 26 16
565 87 59
566 62 4
567 8 65
568 19 91
569 83 89
570 86 24
571 7 81
572 57 11
573 34 37
574 70 38
575 47 36
576 64 49
577 77 46
578 23 25
579 44 75
580 49 70
581 73 36
582 82 22
583 10 86
584 19 58
585 75 24
586 86 59
587 95 92
588 84 57
589 70 98
590 65 70
591 17 21
592 73 4
593 15 86
594 69 47
595 92 37
596 55 12
597 4 77
598 30 29
599 80 89
600 33 34
601 46 90
602 84 97
603 5 1
604 48 33
605 71 3
606 98 83
607 10 84
608 20 6
609 58 56
610 50 11
611 75 76
612 22 73
613 90 1
614 87 96
615 70 12
616 44 88
617 67 10
618 8 2
619 45 71
620 80 92
621 38 58
622 1 36
623 73 0
624 8 21
625 76 34
626 21 38
627 95 86
628 82 43
629 96 73
630 42 96
631 88 62
632 15 92
633 6 46
634 46 98
635 67 2
636 25 0
637 25 85
638 55 12
639 74 41
640 59 54
641 31 76
642 75 78
643 98 73
644 4 56
645 57 94
646 85 2
647 70 97
648 54 87
649 77 29
650 82 52
651 74 86
652 95 68
653 62 16
654 74 26
655 57 42
656 91 43
657 46 65
658 60 78
659 33 1
660 29 5
661 14 51
662 77 0
663 26 1
664 52 81
665 21 7
666 48 44
667 1 67
668 40 8
669 16 45
670 47 45
671 2 44
672 5 62
673 97 81
674 58 6
675 55 36
676 57 40
677 82 52
678 91 68
679 80 48
680 8 40
681 22 98
682 12 92
683 62 54
684 14 39
685 29 50
686 64 94
687 29 67
688 2 30
689 38 84
690 43 15
691 74 93
692 30 20
693 32 70
694 97 39
695 62 17
696 25 69
697 39 35
698 1 91
699 88 63
700 96 17
701 68 76
702 94 36
703 48 34
704 9 42
705 19 24
706 34 37
707 17 31
708 55 0
709 51 7
710 98 71
711 33 13
712 87 75
713 61 86
714 46 35
715 34 87
716 68 86
717 65 14
718 98 74
719 56 0
720 42 59
721 40 55
722 89 43
723 45 94
724 86 68
725 79 80
726 18 64
727 24 20
728 21 15
729 45 57
730 91 28
731 37 48
732 66 48
733 93 53
734 36 90
735 4 51
736 72 15
737 78 85
738 3 58
739 55 62
740 64 78
741 84 49
742 34 0
743 36 77
744 91 30
745 34 26
746 16 52
747 45 50
748 63 54
749 75 1
750 31 69
751 16 27
752 64 21
753 23 23
754 85 22
755 72 84
756 17 62
757 49 13
758 10 27
759 9 87
760 28 74
761 25 68
762 84 27
763 77 33
764 53 28
765 1 10
766 49 5
767 84 75
768 37 42
769 94 37
770 7 70
771 40 5
772 1 62
773 3 26
774 95 68
775 18 1
776 68 29
777 11 59
778 14 26
779 9 52
780 52 72
781 20 9
782 93 13
783 83 67
784 4 27
785 76 96
786 35 67
787 27 96
788 96 44
789 41 69
790 76 43
791 87 39
792 47 3
793 10 55
794 87 98
795 95 58
796 90 7
797 85 19
798 23 92
799 13 81
800 74 14
801 81 11
802 97 50
803 48 23
804 7 68
805 28 32
806 44 3
807 35 17
808 94 7
809 31 77
810 86 39
811 3 35
812 69 83
813 30 52
814 49 86
815 29 45
816 78 61
817 22 33
818 5 13
819 10 79
820 62 96
821 95 47
822 90 85
823 64 63
824 86 97
825 56 36
826 64 78
827 20 64
828 41 82
829 27 54
830 18 12
831 56 62
832 3 41
833 25 12
834 32 15
835 0 25
836 64 18
837 54 56
838 45 90
839 44 58
840 96 83
841 2 11
842 93 73
843 44 36
844 14 22
845 37 86
846 53 32
847 75 25
848 31 14
849 12 75
850 11 88
851 17 7
852 21 5
853 31 42
854 56 19
855 51 93
856 64 10
857 3 32
858 43 51
859 7 97
860 48 53
861 30 9
862 74 89
863 51 54
864 44 70
865 19 6
866 16 22
867 26 15
868 28 1
869 96 95
870 9 91
871 53 18
872 71 28
873 96 95
874 71 27
875 4 58
876 12 15
877 73 23
878 48 43
879 63 94
880 43 85
881 94 85
882 34 40
883 48 42
884 52 89
885 25 21
886 59 48
887 37 95
888 85 73
889 78 68
890 93 10
891 49 27
892 85 26
893 20 96
894 25 34
895 31 70
896 20 17
897 24 92
898 18 78
899 81 63
900 77 32
901 54 17
902 14 19
903 53 1
904 75 67
905 90 4
906 12 91
907 70 13
908 61 58
909 75 96
910 17 15
911 36 13
912 19 31
913 39 65
914 98 64
915 73 15
916 13 27
917 6 81
918 34 58
919 6 55
920 18 87
921 33 90
922 80 34
923 91 7
924 86 43
925 89 3
926 64 18
927 41 2
928 59 20
929 52 50
930 69 38
931 46 44
932 4 87
933 88 45
934 27 87
935 59 87
936 63 47
937 39 90
938 66 89
939 65 45
940 16 73
941 91 58
942 47 49
943 18 89
944 96 62
945 69 95
946 61 38
947 32 94
948 95 64
949 15 96
950 29 47
951 62 27
952 6 22
953 79 28
954 96 74
955 21 46
956 3 79
957 26 29
958 95 7
959 31 22
960 80 90
961 95 44
962 30 37
963 22 93
964 87 65
965 27 30
966 81 37
967 53 50
968 16 12
969 82 2
970 75 62
971 29 83
972 3 24
973 39 27
974 44 82
975 45 68
976 9 22
977 89 58
978 86 51
979 30 21
980 26 49
981 24 30
982 42 93
983 55 3
984 20 97
985 88 2
986 36 40
987 57 40
988 88 96
989 10 53
990 94 89
991 92 62
992 42 81
993 83 57
994 62 22
995 9 75
996 66 3
997 49 92
998 68 15
99 99 999
0 59 37
1 86 59
2 83 9
3 9 96
4 91 39
5 28 76
6 35 40
7 69 76
8 21 2
9 15 35
10 73 58
11 19 84
12 67 77
13 64 44
14 8 44
15 79 79
16 2 6
17 92 20
18 49 75
19 76 71
20 61 91
21 71 33
22 15 13
23 24 26
24 70 34
25 70 49
26 29 55
27 48 97
28 70 23
29 5 50
30 83 93
31 74 7
32 22 55
33 36 47
34 16 66
35 82 70
36 89 97
37 47 12
38 64 11
39 10 49
40 40 5
41 83 14
42 41 1
43 91 43
44 86 73
45 31 59
46 29 82
47 44 16
48 34 89
49 33 17
50 29 21
51 48 56
52 90 26
53 50 73
54 85 84
55 28 31
56 94 65
57 52 69
58 80 35
59 50 29
60 45 97
61 86 26
62 15 32
63 18 39
64 51 42
65 12 72
66 61 67
67 84 68
68 43 27
69 17 54
70 58 64
71 21 0
72 47 19
73 56 69
74 74 16
75 72 79
76 71 26
77 82 56
78 12 22
79 40 39
80 81 21
81 70 58
82 73 26
83 33 78
84 4 37
85 15 47
86 43 94
87 90 45
88 96 44
89 24 37
90 90 20
91 46 14
92 6 85
93 52 13
94 25 2
95 68 32
96 1 24
97 37 76
98 9 65
99 93 36
100 53 8
101 23 90
102 62 47
103 16 16
104 96 29
105 29 93
106 16 11
107 85 57
108 70 56
109 28 70
110 98 8
111 9 45
112 8 0
113 55 69
114 62 93
115 21 22
116 20 88
117 29 48
118 63 15
119 48 72
120 66 74
121 65 95
122 24 44
123 61 40
124 84 26
125 93 38
126 57 51
127 80 25
128 57 25
129 43 25
130 63 92
131 66 90
132 64 18
133 91 73
134 72 59
135 16 64
136 12 93
137 22 84
138 98 55
139 53 74
140 29 11
141 39 54
142 22 77
143 86 74
144 27 56
145 93 49
146 44 97
147 76 22
148 50 27
149 93 14
150 88 98
151 8 11
152 28 96
153 5 77
154 77 85
155 81 20
156 0 51
157 31 95
158 75 68
159 79 35
160 91 70
161 48 49
162 54 27
163 21 23
164 83 86
165 32 17
166 7 54
167 90 43
168 11 31
169 92 97
170 47 59
171 40 46
172 64 89
173 88 79
174 47 97
175 42 84
176 26 25
177 53 76
178 49 11
179 66 54
180 95 50
181 96 53
182 68 48
183 82 35
184 4 79
185 71 5
186 3 42
187 44 28
188 70 36
189 65 65
190 14 76
191 16 79
192 67 77
193 34 2
194 12 32
195 77 86
196 11 0
197 95 56
198 90 37
199 14 40
200 13 35
201 29 64
202 22 64
203 80 31
204 80 78
205 81 66
206 31 82
207 21 29
208 87 64
209 98 95
210 66 76
211 37 95
212 93 4
213 93 17
214 80 85
215 22 75
216 11 58
217 34 93
218 20 5
219 88 79
220 39 63
221 77 62
222 50 38
223 88 50
224 75 45
225 23 86
226 17 39
227 81 89
228 30 64
229 86 94
230 94 30
231 15 89
232 11 33
233 19 17
234 44 85
235 93 57
236 93 35
237 64 56
238 92 96
239 62 87
240 88 89
241 33 91
242 50 18
243 64 9
244 47 1
245 43 50
246 59 23
247 62 3
248 42 9
249 36 75
250 61 31
251 19 35
252 26 46
253 93 38
254 23 49
255 92 29
256 17 56
257 62 57
258 12 90
259 97 72
260 70 37
261 48 98
262 15 82
263 60 32
264 67 60
265 80 87
266 1 65
267 39 32
268 21 85
269 65 40
270 70 57
271 66 25
272 7 93
273 25 68
274 67 98
275 67 21
276 71 98
277 98 36
278 4 27
279 81 18
280 63 33
281 88 25
282 36 50
283 12 75
284 67 58
285 38 46
286 19 73
287 85 9
288 96 42
289 92 63
290 41 83
291 62 78
292 2 43
293 69 69
294 24 88
295 20 38
296 25 64
297 21 21
298 21 40
299 3 87
300 21 78
301 68 88
302 82 28
303 31 1
304 84 13
305 67 30
306 6 91
307 89 58
308 44 20
309 91 92
310 16 45
311 73 36
312 1 60
313 8 44
314 2 36
315 10 79
316 79 87
317 21 67
318 16 81
319 7 50
320 0 97
321 91 15
322 5 14
323 3 95
324 24 86
325 68 41
326 86 35
327 92 14
328 43 88
329 53 34
330 35 97
331 36 8
332 23 45
333 62 44
334 61 84
335 82 36
336 77 29
337 94 55
338 9 92
339 7 88
340 66 40
341 36 74
342 11 32
343 62 62
344 21 15
345 33 69
346 18 32
347 94 20
348 28 50
349 4 20
350 28 24
351 61 96
352 98 75
353 80 62
354 34 34
355 75 28
356 41 10
357 79 60
358 64 31
359 75 44
360 68 11
361 82 1
362 47 76
363 55 58
364 49 31
365 5 37
366 41 11
367 85 81
368 34 45
369 20 71
370 34 92
371 17 52
372 92 41
373 9 48
374 94 29
375 18 76
376 60 79
377 50 17
378 83 34
379 27 23
380 13 20
381 17 66
382 62 93
383 89 36
384 82 29
385 84 73
386 66 94
387 7 94
388 87 79
389 24 70
390 64 62
391 20 78
392 68 11
393 63 25
394 46 59
395 18 87
396 60 39
397 76 65
398 30 60
399 23 95
400 17 19
401 84 27
402 46 3
403 76 27
404 71 1
405 43 88
406 37 17
407 97 24
408 73 57
409 70 0
410 5 56
411 55 42
412 27 64
413 10 67
414 16 54
415 50 64
416 11 67
417 6 80
418 35 13
419 32 15
420 91 53
421 41 40
422 22 66
423 10 93
424 77 25
425 44 48
426 11 68
427 52 0
428 49 33
429 24 43
430 46 54
431 47 79
432 96 17
433 20 56
434 37 26
435 26 22
436 2 68
437 62 53
438 76 13
439 25 18
440 53 54
441 79 26
442 64 77
443 46 91
444 9 0
445 95 41
446 32 40
447 69 8
448 44 72
449 65 43
450 23 80
451 17 66
452 35 8
453 73 48
454 32 42
455 78 91
456 64 42
457 40 0
458 85 81
459 23 66
460 66 28
461 24 43
462 33 25
463 26 32
464 57 7
465 43 87
466 11 42
467 93 48
468 96 82
469 3 41
470 10 92
471 19 71
472 13 61
473 51 85
474 25 5
475 48 22
476 26 3
477 90 29
478 64 34
479 94 8
480 43 42
481 92 37
482 84 82
483 42 45
484 21 22
485 38 91
486 67 27
487 45 3
488 96 83
489 45 29
490 40 78
491 74 19
492 20 40
493 10 46
494 33 95
495 64 16
496 37 80
497 59 64
498 11 47
499 15 70
500 30 97
501 70 60
502 21 66
503 34 95
504 6 78
505 67 29
506 64 16
507 30 16
508 49 55
509 25 65
510 0 61
511 13 2
512 14 43
513 0 60
514 36 18
515 42 66
516 94 36
517 74 53
518 37 60
519 44 40
520 41 74
521 96 31
522 30 65
523 36 42
524 60 38
525 64 76
526 8 2
527 36 8
528 15 95
529 83 36
530 69 89
531 85 5
532 97 39
533 75 34
534 8 24
535 52 27
536 49 43
537 27 20
538 74 95
539 23 36
540 74 78
541 4 56
542 1 62
543 29 5
544 50 5
545 35 85
546 11 75
547 42 81
548 61 78
549 48 20
550 4 85
551 59 68
552 27 78
553 12 0
554 9 34
555 77 96
556 54 68
557 64 8
558 86 15
559 44 69
560 15 0
561 35 68
562 31 85
563 95 98
564 7 22
565 56 82
566 43 28
567 62 53
568 60 32
569 87 90
570 30 15
571 87 30
572 78 82
573 64 36
574 7 67
575 37 44
576 20 61
577 53 23
578 79 46
579 22 79
580 97 4
581 27 56
582 49 55
583 30 70
584 53 48
585 10 46
586 12 74
587 25 68
588 77 66
589 34 78
590 60 33
591 77 65
592 93 67
593 74 37
594 75 41
595 36 87
596 76 42
597 36 70
598 46 84
599 16 41
600 34 67
601 51 4
602 41 16
603 53 61
604 97 13
605 93 83
606 26 33
607 46 63
608 46 51
609 65 64
610 72 21
611 30 61
612 10 19
613 94 15
614 84 94
615 64 66
616 89 32
617 24 68
618 74 51
619 62 40
620 68 54
621 91 15
622 44 55
623 41 98
624 0 37
625 23 96
626 22 8
627 32 85
628 27 69
629 92 78
630 31 2
631 25 21
632 36 32
633 69 26
634 40 38
635 15 65
636 46 72
637 66 20
638 98 0
639 9 80
640 27 62
641 43 95
642 84 69
643 54 86
644 52 8
645 98 19
646 9 58
647 94 74
648 62 85
649 51 58
650 75 86
651 36 88
652 12 50
653 32 56
654 49 95
655 88 13
656 14 31
657 2 87
658 66 88
659 5 42
660 32 62
661 63 17
662 98 17
663 54 62
664 94 39
665 19 79
666 1 56
667 56 38
668 64 78
669 55 81
670 26 67
671 88 55
672 64 95
673 3 41
674 57 46
675 27 48
676 11 5
677 11 76
678 19 31
679 15 94
680 62 90
681 89 53
682 39 35
683 14 74
684 1 54
685 75 3
686 9 58
687 14 56
688 71 44
689 30 59
690 28 38
691 9 89
692 41 87
693 25 50
694 11 51
695 59 77
696 0 67
697 11 12
698 69 58
699 26 18
700 32 92
701 90 1
702 26 38
703 78 13
704 33 95
705 27 53
706 94 51
707 36 79
708 0 44
709 61 27
710 8 58
711 97 97
712 70 23
713 7 23
714 64 58
715 51 53
716 63 93
717 13 1
718 12 75
719 19 88
720 83 8
721 10 58
722 51 64
723 38 27
724 65 84
725 89 39
726 42 42
727 56 38
728 62 40
729 6 8
730 81 82
731 84 90
732 64 8
733 96 20
734 29 33
735 26 15
736 43 36
737 22 47
738 26 40
739 42 22
740 59 64
741 14 54
742 32 78
743 80 23
744 45 4
745 74 8
746 94 20
747 47 52
748 67 49
749 4 83
750 19 57
751 5 83
752 10 5
753 59 37
754 87 61
755 87 40
756 26 69
757 3 64
758 2 33
759 23 70
760 93 47
761 37 68
762 76 78
763 32 98
764 67 50
765 9 54
766 59 49
767 27 52
768 50 90
769 13 72
770 3 80
771 63 32
772 89 26
773 11 62
774 22 97
775 54 71
776 66 65
777 86 5
778 64 52
779 36 8
780 69 37
781 79 30
782 80 85
783 25 43
784 96 53
785 88 39
786 76 44
787 60 35
788 66 57
789 61 57
790 77 58
791 8 87
792 48 42
793 27 58
794 50 48
795 56 25
796 87 2
797 7 93
798 5 18
799 19 64
800 16 48
801 10 98
802 6 24
803 94 3
804 4 42
805 30 20
806 44 28
807 70 94
808 40 28
809 1 50
810 22 26
811 56 67
812 52 72
813 81 60
814 56 26
815 60 49
816 48 68
817 14 23
818 69 90
819 98 3
820 34 73
821 74 32
822 98 20
823 17 91
824 44 63
825 77 38
826 97 27
827 5 87
828 80 14
829 87 28
830 55 44
831 47 79
832 50 58
833 2 89
834 34 61
835 1 13
836 85 62
837 17 81
838 4 1
839 2 80
840 20 24
841 72 98
842 25 6
843 1 60
844 84 73
845 86 18
846 69 4
847 86 80
848 29 32
849 62 44
850 71 61
851 69 90
852 11 7
853 36 93
854 60 53
855 98 10
856 92 76
857 44 83
858 94 43
859 78 97
860 90 56
861 62 91
862 67 24
863 97 94
864 3 57
865 81 65
866 81 45
867 22 45
868 82 34
869 16 11
870 71 19
871 66 8
872 42 28
873 58 71
874 72 26
875 18 83
876 49 85
877 29 74
878 60 54
879 29 46
880 80 29
881 44 96
882 35 19
883 55 5
884 79 53
885 74 40
886 7 2
887 7 24
888 32 16
889 74 22
890 17 31
891 79 96
892 36 62
893 63 84
894 33 50
895 26 21
896 67 9
897 24 54
898 19 59
899 28 45
900 49 71
901 74 10
902 9 18
903 39 50
904 71 80
905 58 17
906 71 41
907 47 63
908 32 13
909 63 67
910 60 96
911 94 95
912 41 88
913 9 69
914 50 62
915 48 9
916 98 58
917 14 74
918 70 46
919 72 84
920 26 97
921 28 72
922 31 96
923 29 18
924 65 4
925 46 98
926 6 96
927 36 72
928 18 97
929 65 72
930 91 52
931 90 76
932 86 68
933 64 34
934 35 93
935 8 83
936 9 70
937 97 55
938 66 77
939 67 93
940 73 17
941 18 49
942 12 23
943 30 98
944 74 12
945 10 39
946 18 19
947 96 38
948 5 90
949 90 29
950 45 88
951 22 77
952 52 32
953 5 88
954 40 85
955 86 31
956 72 36
957 51 76
958 93 33
959 33 26
960 85 73
961 44 80
962 65 49
963 36 21
964 25 34
965 18 14
966 26 15
967 96 53
968 19 62
969 70 60
970 56 28
971 17 92
972 59 30
973 38 16
974 30 31
975 12 14
976 60 62
977 5 56
978 56 39
979 68 48
980 25 19
981 34 40
982 0 86
983 32 94
984 3 43
985 46 16
986 11 38
987 73 21
988 37 26
989 39 69
990 24 14
991 72 76
992 67 9
993 67 94
994 2 47
995 48 45
996 83 44
997 91 56
998 44 91
0
