50 30 60
0 34 3
1 44 15
2 31 22
3 35 16
4 22 10
5 7 25
6 13 26
7 44 9
8 43 2
9 41 0
10 45 9
11 40 14
12 2 15
13 16 29
14 27 19
15 32 22
16 37 17
17 17 3
18 5 24
19 19 28
20 1 24
21 10 17
22 8 0
23 11 17
24 21 15
25 19 4
26 27 13
27 45 17
28 33 7
29 0 22
30 33 24
31 11 19
32 0 25
33 7 14
34 31 23
35 5 12
36 17 29
37 14 0
38 6 28
39 38 1
40 24 27
41 19 13
42 8 10
43 31 18
44 11 22
45 36 23
46 36 5
47 2 14
48 29 18
49 49 15
50 3 20
51 15 28
52 13 11
53 23 18
54 3 4
55 49 16
56 16 23
57 41 10
58 37 3
59 24 7
50 30 60
0 47 22
1 13 16
2 34 7
3 2 5
4 16 2
5 13 2
6 20 25
7 29 23
8 8 24
9 11 20
10 47 16
11 1 14
12 29 26
13 39 20
14 31 8
15 25 22
16 46 7
17 27 8
18 24 21
19 21 8
20 42 27
21 31 10
22 23 28
23 9 12
24 26 27
25 36 9
26 2 20
27 16 18
28 48 2
29 12 17
30 42 24
31 41 24
32 45 27
33 17 5
34 19 24
35 3 10
36 40 25
37 6 5
38 46 29
39 37 14
40 11 7
41 0 0
42 1 27
43 4 0
44 6 8
45 27 6
46 32 19
47 14 0
48 28 10
49 19 6
50 12 21
51 3 13
52 11 13
53 28 28
54 36 15
55 0 16
56 6 25
57 36 8
58 47 27
59 40 3
0
