2
1000 5999
631 438
260 873
990 11
602 668
214 571
455 882
778 644
69 760
347 187
135 727
116 189
332 764
661 438
121 246
675 684
90 444
552 138
546 297
541 134
168 204
206 451
229 949
51 58
39 68
419 789
617 751
752 410
231 693
968 103
848 517
269 826
134 283
27 79
659 516
942 939
153 201
432 849
105 417
387 433
322 323
943 115
710 64
808 578
687 441
703 86
508 500
88 865
156 678
125 346
560 18
140 211
974 114
932 268
107 502
863 399
278 212
838 953
856 40
913 987
492 470
415 732
490 291
86 493
268 123
737 934
902 588
501 428
324 940
489 821
240 524
458 142
361 949
578 399
568 258
215 634
472 447
939 28
78 260
346 309
206 670
18 722
383 660
721 506
289 31
73 823
503 63
439 512
912 606
209 802
497 146
111 867
820 542
119 809
20 288
758 972
238 802
933 258
344 629
951 215
387 68
873 24
613 824
363 453
254 979
691 31
411 937
742 210
244 850
686 213
294 471
375 780
57 90
56 335
819 659
548 225
910 734
9 17
515 73
608 46
631 384
409 637
912 155
62 777
581 590
75 30
261 734
569 566
853 868
729 155
34 876
839 851
640 355
965 955
117 869
513 539
506 336
284 905
577 628
492 21
66 670
782 384
568 735
10 25
558 695
79 716
846 439
874 250
28 880
587 466
92 423
762 646
728 577
366 992
88 878
449 938
831 649
386 612
416 172
52 615
610 398
729 623
361 274
795 56
207 400
366 378
951 801
105 240
6 7
484 389
774 249
627 581
731 542
680 952
93 900
896 972
944 678
996 827
44 729
232 244
53 929
932 728
933 656
420 156
667 925
996 605
456 859
637 924
583 189
912 552
23 499
622 961
112 246
160 152
69 499
607 450
199 222
587 148
335 477
165 329
918 949
891 921
273 865
433 675
295 277
55 574
175 635
357 189
351 985
107 390
366 298
181 888
385 638
392 745
567 339
738 858
718 887
100 118
259 150
262 110
702 234
724 588
918 588
290 166
676 85
893 610
448 497
590 396
396 674
90 797
990 106
802 128
213 638
856 360
952 769
407 832
444 192
310 788
13 273
774 35
699 705
825 267
458 107
251 544
974 242
86 683
261 380
704 658
996 591
305 728
455 652
729 50
487 92
78 220
495 543
69 422
68 633
575 896
734 351
347 627
934 521
641 277
737 34
295 117
468 422
127 655
677 431
530 209
5 816
211 299
658 5
398 790
924 962
508 391
310 691
753 170
649 248
255 540
511 554
936 557
584 669
823 242
424 590
890 551
289 591
19 269
858 39
490 358
259 620
203 282
237 264
241 895
946 352
182 40
770 887
59 651
106 792
142 169
528 685
177 718
126 12
896 644
224 607
976 609
936 333
986 608
216 972
120 776
585 702
919 620
495 650
572 299
971 809
15 367
480 521
156 379
35 715
274 470
226 702
258 898
25 323
420 692
769 249
318 195
247 789
659 281
432 916
407 325
10 52
873 642
538 51
232 565
266 696
137 904
950 841
861 724
248 815
919 255
105 798
220 201
965 121
645 150
281 182
653 821
704 245
362 723
658 597
92 125
706 504
59 612
175 632
482 399
658 891
528 844
410 246
368 51
420 852
48 671
306 328
623 24
81 396
782 868
197 318
258 311
866 934
350 65
650 200
354 696
805 817
826 535
321 878
197 391
41 555
989 445
216 732
241 466
586 19
625 870
780 128
643 706
1000 966
911 832
319 880
968 840
252 904
330 740
688 195
236 597
543 878
234 701
443 651
247 419
92 681
539 999
787 46
229 864
528 362
985 447
585 507
34 148
555 663
8 284
696 99
905 256
502 99
773 425
112 204
242 716
206 523
617 137
108 880
856 287
319 386
64 214
140 222
344 561
210 562
155 53
111 505
306 252
717 801
815 811
844 435
137 458
19 124
18 277
115 829
263 367
754 629
343 606
514 486
212 527
278 188
303 886
863 584
141 619
139 14
821 728
711 437
500 907
423 204
670 458
858 588
97 914
202 466
266 700
457 553
792 286
114 405
758 846
894 627
507 992
192 613
645 724
283 546
71 87
17 241
650 509
229 739
52 155
657 50
966 507
711 821
516 762
138 185
864 197
729 26
471 190
407 388
719 196
78 338
473 358
759 737
442 673
319 11
32 110
273 609
260 360
584 754
604 613
799 694
126 295
48 540
957 788
492 683
911 910
838 579
155 222
412 269
604 877
859 8
6 811
561 915
826 336
785 127
576 155
794 994
221 99
575 34
462 583
528 478
242 341
527 378
555 945
253 193
708 798
143 757
819 823
413 766
615 515
703 506
696 969
822 174
687 38
730 766
42 55
846 853
398 415
101 470
203 330
769 88
548 397
347 366
91 231
903 646
605 727
434 875
394 401
12 654
398 54
397 272
409 679
261 556
605 753
68 942
669 419
555 690
516 13
372 646
700 592
55 98
464 479
119 194
125 215
866 860
435 774
757 500
598 781
919 865
664 157
809 486
364 523
927 17
630 785
48 71
736 631
405 207
858 844
620 177
176 174
287 681
364 811
210 308
989 800
722 370
113 838
844 787
757 901
612 993
650 958
858 26
129 701
106 91
834 458
784 211
766 21
397 475
97 640
304 886
207 389
37 742
768 111
467 114
966 354
700 22
354 582
962 464
398 336
626 707
693 918
574 544
848 980
6 474
668 56
590 650
381 454
10 16
314 211
880 798
551 958
935 334
2 316
331 182
250 9
193 984
54 255
78 339
182 594
596 34
904 546
584 108
811 8
329 762
613 649
160 243
630 983
868 829
294 813
718 968
27 50
573 854
611 73
32 67
626 180
622 182
316 892
982 420
895 245
2 460
746 343
683 144
641 878
815 984
215 484
903 476
821 747
535 281
989 938
426 720
272 515
955 177
2 6
103 65
179 888
708 436
345 113
323 942
469 990
59 72
443 917
315 633
772 760
302 555
424 34
634 639
178 754
614 636
824 87
672 223
779 971
306 119
683 785
135 108
811 537
339 879
10 19
731 172
330 762
303 241
736 248
636 719
725 834
335 966
324 947
194 798
707 682
685 186
819 822
820 128
484 698
8 38
756 778
77 371
879 875
44 267
955 502
514 196
661 478
211 477
121 731
524 874
480 75
33 227
798 852
378 747
222 585
904 510
106 453
796 272
645 820
321 726
96 361
683 440
293 351
832 492
838 965
705 163
165 832
923 486
437 85
731 939
239 497
348 496
549 650
321 121
748 972
327 187
4 306
571 796
733 375
63 925
638 45
528 491
22 726
29 527
867 414
354 323
81 60
551 643
896 92
20 153
237 576
62 435
283 947
373 440
631 856
134 333
548 784
588 846
278 522
90 955
417 477
528 817
52 674
687 26
796 818
699 556
506 966
2 379
419 839
299 656
65 756
662 579
313 565
73 179
461 228
913 89
253 421
213 72
453 41
841 896
267 992
740 691
672 164
948 446
984 988
122 62
238 680
524 685
51 325
174 400
162 832
306 117
861 525
437 737
29 396
188 573
284 280
34 583
5 159
170 922
129 879
984 812
98 281
849 693
119 193
185 241
272 631
948 769
221 95
106 881
588 233
210 177
11 503
810 385
109 699
310 234
199 940
967 437
170 628
281 411
860 205
962 639
993 785
775 744
733 931
565 582
938 850
794 54
373 930
116 130
950 68
908 648
924 413
624 730
560 848
483 250
69 588
829 846
41 653
304 274
840 998
448 172
609 748
684 194
820 943
977 732
199 229
160 134
342 691
630 850
857 469
80 644
193 195
433 570
460 339
43 643
457 190
963 948
413 392
278 691
442 864
313 922
543 757
483 260
723 55
548 532
637 102
178 95
561 271
349 553
945 38
453 789
911 719
38 969
27 43
76 280
854 518
108 198
940 292
102 869
378 505
472 824
12 457
528 394
800 907
9 152
725 519
911 933
227 72
751 584
151 720
143 42
559 933
500 730
186 954
718 911
568 389
710 598
139 538
486 239
884 96
657 282
6 874
310 799
121 833
863 889
246 116
514 3
820 782
100 537
816 207
441 773
658 528
428 58
621 356
631 624
147 625
103 248
420 99
554 139
279 768
778 766
89 399
596 206
298 909
567 340
1 377
364 534
930 303
541 6
165 649
157 189
902 179
254 423
678 524
164 431
423 624
263 13
287 454
322 452
543 578
211 887
30 347
102 443
466 286
220 735
96 727
709 322
570 260
319 954
523 13
69 284
430 316
291 582
846 833
286 994
349 536
732 553
57 134
460 46
466 140
200 219
787 714
100 293
65 734
118 929
118 794
940 862
142 675
649 66
982 563
946 600
372 943
95 382
567 602
480 847
843 168
553 863
595 409
885 545
758 753
266 409
251 579
648 536
811 67
165 727
799 223
85 178
560 569
219 931
204 472
544 42
140 932
168 468
576 814
222 949
730 759
650 923
11 61
561 236
59 323
906 204
621 372
273 889
63 671
815 632
121 639
34 866
45 59
752 185
43 284
237 211
58 915
717 966
979 310
25 603
451 968
777 271
131 412
689 534
237 637
823 958
470 550
33 131
443 861
112 256
28 151
28 271
583 437
243 254
269 137
307 630
568 974
464 779
886 383
479 349
151 238
446 171
555 149
171 551
113 547
313 463
678 270
547 605
418 937
281 915
34 103
131 922
298 814
111 98
529 523
262 213
127 447
52 910
491 761
917 461
578 315
103 404
271 403
93 797
521 630
851 274
98 966
517 2
462 836
234 437
592 110
142 654
933 114
363 63
512 136
583 696
673 730
85 294
196 301
305 515
675 330
623 444
317 563
565 648
150 323
396 852
212 74
568 799
478 57
631 40
480 259
669 275
575 46
401 461
602 593
462 913
550 814
827 951
884 608
754 214
31 443
173 215
78 98
282 333
739 507
143 328
103 828
276 552
446 170
297 356
541 523
643 776
819 770
607 65
885 278
175 803
223 180
862 353
354 771
87 823
126 834
570 9
312 610
28 108
418 913
342 249
700 648
64 452
730 968
898 170
806 407
294 101
152 517
741 810
788 737
134 608
269 174
45 436
985 374
437 984
544 45
122 633
251 802
596 274
503 354
58 213
690 142
671 45
970 514
552 339
783 773
145 809
563 212
133 364
271 163
106 671
663 596
685 124
715 305
834 734
160 173
253 932
310 371
362 372
190 564
18 478
17 273
642 201
346 16
383 480
138 792
584 657
620 357
784 115
183 94
77 230
850 431
652 567
53 235
88 245
88 646
485 833
503 110
261 14
689 197
126 39
864 422
139 174
627 899
265 665
951 450
821 683
247 889
139 522
43 76
172 211
719 10
639 295
912 204
622 378
138 755
39 395
924 444
50 813
489 905
945 938
720 201
124 65
586 997
708 272
907 362
289 978
993 786
371 864
294 812
142 170
166 898
896 363
164 163
46 340
712 898
524 533
971 871
344 694
811 297
454 868
204 549
658 124
782 243
55 46
992 949
475 635
649 999
346 659
46 449
178 430
267 240
303 324
30 574
173 671
234 184
231 442
203 664
147 759
516 420
860 338
9 517
625 305
64 779
526 634
243 887
291 293
188 277
720 974
497 269
919 780
191 297
412 480
898 320
554 167
158 198
375 899
139 296
161 759
71 249
484 51
261 279
391 29
577 985
163 367
840 518
896 354
619 564
128 224
929 606
352 432
395 4
262 906
275 794
97 300
224 284
402 462
307 357
141 792
206 498
145 861
922 38
245 882
555 362
759 755
171 964
961 222
223 571
853 307
630 341
296 383
819 464
22 132
866 244
146 331
12 483
815 757
905 158
782 201
151 765
396 501
154 152
267 86
458 629
719 463
909 826
515 767
252 459
340 251
871 108
85 620
549 945
407 696
161 547
572 167
93 260
388 586
880 59
380 607
66 562
391 147
279 162
249 517
631 903
869 946
484 475
138 1000
179 838
791 624
304 864
364 313
51 217
262 687
877 43
248 633
804 575
465 959
701 135
57 223
308 913
563 227
408 737
820 809
154 727
641 747
493 443
6 23
472 424
83 136
52 946
332 152
516 929
697 573
910 534
202 908
91 23
79 555
235 237
662 230
886 572
683 879
438 412
642 934
183 602
932 640
822 918
919 442
567 427
621 986
221 400
319 924
83 88
645 690
136 999
578 817
426 861
817 869
856 939
854 7
498 289
532 878
890 576
109 1
209 72
593 404
467 435
59 860
25 116
245 655
940 652
341 699
719 908
638 206
45 958
729 726
140 391
559 369
350 1000
281 993
148 538
922 98
562 655
20 29
617 123
215 261
9 182
705 773
552 682
604 875
48 884
952 380
713 777
959 207
81 783
553 121
319 49
965 578
776 953
728 345
738 16
522 758
704 922
86 314
124 533
29 76
77 283
382 972
18 634
738 888
103 562
365 242
998 778
102 985
348 437
381 425
261 691
616 492
515 817
139 335
553 645
808 510
955 277
951 907
430 676
125 496
209 634
519 697
889 965
654 754
931 594
904 170
834 866
942 126
96 472
655 117
865 760
474 669
582 307
173 676
510 301
377 721
692 555
276 842
360 550
158 455
670 687
655 369
16 195
808 446
23 682
878 191
687 494
902 985
656 991
917 362
800 691
90 235
97 284
295 916
703 128
453 695
967 783
910 430
615 511
90 763
992 156
156 270
19 125
280 697
61 280
116 45
728 879
122 104
922 414
264 3
529 709
427 810
844 209
98 998
781 782
250 320
17 557
406 212
936 402
300 102
103 923
514 352
941 989
310 90
840 986
116 337
27 52
249 362
934 274
333 686
974 755
329 515
320 454
326 982
327 131
823 27
467 594
347 615
449 508
848 909
638 163
84 312
364 20
122 143
913 262
514 259
522 89
481 956
51 238
568 657
487 936
536 161
803 957
114 195
957 942
176 203
91 364
765 622
497 935
4 321
729 56
323 903
577 599
207 524
555 493
414 299
505 51
232 397
701 429
665 151
726 921
66 140
129 54
846 946
142 385
320 887
875 555
841 854
241 159
6 513
464 297
21 488
390 467
148 61
886 989
963 566
38 106
872 899
387 23
338 421
431 120
708 71
461 217
26 353
114 534
901 489
845 604
428 512
459 968
939 737
406 226
442 351
721 587
644 364
547 964
954 850
622 999
866 807
849 14
311 213
796 158
609 874
450 986
746 888
784 424
851 630
701 781
671 593
281 722
482 955
56 623
13 18
87 321
829 256
706 149
975 996
668 184
571 608
316 796
185 396
913 724
199 40
35 828
939 236
887 439
272 853
22 885
946 443
386 957
462 134
238 325
107 78
534 700
271 291
409 988
758 325
212 290
297 909
132 265
997 7
401 631
991 286
113 793
417 706
78 209
68 88
830 469
456 528
952 922
369 777
621 459
1000 834
693 960
583 667
146 644
436 485
585 200
871 40
543 948
204 316
825 557
191 192
903 683
512 160
573 71
275 864
566 551
580 257
891 441
864 462
195 585
973 644
195 384
22 30
3 916
536 362
364 154
39 620
702 626
508 813
593 501
101 378
979 967
985 412
810 69
33 323
299 382
494 266
172 425
626 397
530 541
814 449
416 894
689 603
166 598
203 977
359 227
160 426
185 285
670 162
665 32
298 539
321 647
588 701
105 802
380 80
725 230
743 253
418 638
189 46
422 67
6 391
559 808
993 395
195 259
382 920
848 173
331 944
17 35
697 196
855 413
878 181
717 350
902 547
321 968
444 211
3 26
616 838
722 797
891 501
293 572
231 847
422 902
544 101
727 20
905 821
579 2
494 872
401 109
189 408
832 667
64 417
816 461
396 146
461 77
345 575
212 716
593 825
885 437
647 117
862 438
543 207
40 963
173 559
411 67
253 585
697 841
240 48
828 295
438 779
23 849
984 572
904 297
205 1000
50 107
297 127
728 67
944 839
170 737
129 922
78 137
597 92
203 495
633 646
43 304
33 308
132 344
686 458
97 992
110 9
163 931
343 922
19 858
136 162
588 808
959 325
769 477
799 806
650 282
119 185
507 27
479 212
844 159
595 789
188 860
631 364
215 190
738 534
207 698
631 256
324 192
110 499
729 97
42 619
194 437
614 324
21 36
151 928
976 774
531 835
888 903
804 570
811 127
827 799
870 507
884 112
66 882
312 950
832 140
15 100
358 842
300 668
92 907
99 337
210 349
302 684
270 197
290 461
616 256
722 354
643 814
853 881
512 751
700 281
242 446
416 195
239 613
169 297
508 341
370 398
907 426
238 788
41 579
132 834
182 486
178 83
434 262
691 167
447 373
519 118
968 410
484 337
394 249
190 817
491 639
479 118
37 724
858 132
439 499
713 402
586 782
575 309
969 981
30 34
421 946
286 307
15 912
803 88
953 310
677 924
111 753
767 75
714 587
2 21
997 158
724 214
812 355
482 178
847 240
512 917
914 128
564 971
582 719
398 972
980 920
80 720
195 895
899 278
688 25
976 165
228 844
838 970
814 702
291 671
694 784
540 848
266 976
351 519
435 153
8 419
804 966
51 440
450 130
734 651
647 767
802 484
186 589
983 371
225 910
3 5
651 133
210 884
276 808
480 485
691 277
914 481
155 205
330 443
166 207
309 587
262 238
905 518
82 753
423 712
528 112
505 436
601 767
281 930
757 176
68 960
945 649
16 805
870 863
297 956
643 842
1000 47
55 992
472 147
368 438
872 725
658 242
181 24
510 883
299 925
999 309
787 718
901 803
925 748
704 375
836 204
480 810
49 857
395 977
751 311
823 307
448 615
382 640
853 821
146 305
460 183
158 756
546 529
52 451
466 513
142 181
357 597
779 355
591 573
790 303
586 624
629 872
776 123
994 454
128 257
353 112
91 354
943 499
608 114
51 378
270 167
525 632
292 363
425 941
140 815
525 849
867 814
533 151
275 575
809 600
554 76
88 418
664 245
223 616
760 127
988 989
909 496
419 635
88 151
333 598
110 423
615 888
95 587
457 16
782 519
725 295
816 632
28 983
163 763
545 991
334 309
615 637
585 602
836 51
132 911
181 187
711 377
7 528
846 201
759 769
22 54
91 689
91 123
823 806
307 617
765 795
117 289
699 590
9 442
174 657
191 682
270 299
430 365
964 341
526 436
436 830
48 644
305 683
517 631
855 451
149 181
846 764
144 539
706 663
50 623
533 509
352 577
175 823
313 270
614 937
124 11
247 386
410 136
441 678
373 654
709 566
273 247
254 308
243 970
746 348
770 692
583 557
64 158
551 928
963 603
129 819
230 562
596 928
852 789
443 635
228 677
473 581
924 577
287 537
466 866
941 785
463 279
101 487
681 125
253 707
101 735
691 846
533 843
413 468
193 320
892 16
646 900
421 216
69 234
266 719
278 74
864 552
236 783
792 893
189 964
453 210
639 85
417 599
656 740
526 664
53 746
826 521
907 626
696 224
602 841
63 955
152 868
183 253
724 744
940 410
725 210
507 457
258 462
323 282
632 620
466 717
75 535
27 15
204 417
208 107
909 140
348 206
317 96
121 475
26 770
404 595
207 627
956 82
456 720
233 655
311 598
369 262
367 922
926 227
55 543
982 902
151 348
395 348
945 952
876 194
741 659
946 602
79 112
54 57
639 188
521 354
212 731
88 393
414 223
938 879
69 119
178 449
84 122
473 179
385 459
746 677
316 581
902 267
389 864
36 53
183 736
683 954
908 273
131 872
781 515
647 717
958 872
150 200
766 314
847 311
230 525
643 348
37 56
76 152
352 534
947 391
280 503
863 303
657 819
469 260
737 371
90 741
621 851
413 35
834 939
141 436
397 468
73 216
32 328
595 913
923 506
681 58
836 124
77 242
130 925
337 27
309 180
398 662
582 381
173 865
954 270
761 779
498 91
71 376
959 934
876 58
176 215
940 795
47 677
1 15
634 659
800 233
520 430
803 768
1 2
85 125
446 432
277 600
672 971
730 221
9 443
355 192
64 190
530 76
105 472
192 937
38 373
330 772
576 784
50 60
86 701
900 832
405 372
220 272
211 904
189 777
815 868
16 534
119 28
227 738
503 505
781 579
6 66
118 848
370 572
12 32
5 601
588 934
311 199
961 410
279 83
45 172
885 736
151 163
357 456
183 542
285 752
25 175
991 546
413 287
790 138
595 53
12 288
637 857
837 172
323 468
743 469
78 6
594 846
639 366
763 659
15 28
994 76
498 834
967 672
756 954
505 138
416 963
875 379
205 212
159 548
564 592
634 899
147 762
957 8
45 536
737 560
848 506
324 479
856 772
689 891
354 387
758 351
338 917
488 957
684 895
90 371
314 748
77 194
655 963
125 923
535 296
652 651
695 887
677 84
603 861
43 937
719 825
654 935
403 712
569 770
991 228
287 451
277 448
166 450
11 12
343 365
188 555
227 438
96 404
942 31
376 244
270 515
404 592
165 847
166 847
345 720
685 271
129 601
68 944
203 387
122 170
136 765
573 113
111 215
37 943
154 369
670 386
805 966
842 152
22 403
367 58
565 569
149 922
188 268
531 787
984 84
95 722
640 610
749 24
414 13
900 682
475 676
997 451
434 67
648 973
667 718
518 678
49 480
49 134
326 480
124 386
537 626
119 183
555 366
633 836
266 941
803 326
872 842
371 792
964 876
110 943
353 967
747 433
309 942
896 449
821 965
339 711
525 399
502 392
631 693
692 826
173 176
244 541
69 75
223 430
644 42
107 658
337 386
65 725
101 98
977 652
68 587
430 361
214 358
54 662
401 47
509 223
289 360
87 362
439 739
671 878
336 282
136 197
38 847
88 276
156 340
943 317
798 854
800 574
989 160
345 796
638 270
236 106
646 67
476 643
758 840
198 379
476 207
140 128
267 676
22 341
134 273
637 264
84 300
346 115
142 974
77 803
164 811
153 151
519 873
136 415
95 342
17 159
291 961
12 218
596 377
992 735
996 277
558 32
88 629
524 602
738 946
810 306
20 123
135 947
919 527
260 491
58 140
888 720
795 542
134 412
54 913
31 673
323 759
565 695
535 708
34 360
817 448
271 543
23 750
340 478
79 877
855 547
763 8
342 114
403 372
273 551
510 381
995 464
473 461
875 913
217 1000
727 256
36 319
213 454
817 439
997 438
624 722
970 719
533 941
756 481
435 116
363 882
827 862
899 971
814 429
352 411
58 63
104 128
570 54
3 285
984 603
291 803
554 848
36 204
761 283
548 980
957 61
445 500
124 221
357 472
767 580
638 451
547 181
529 188
904 158
500 402
516 230
388 670
955 745
278 420
660 123
129 267
556 90
388 309
253 616
268 828
690 212
337 881
201 321
173 693
490 581
285 506
501 235
475 114
759 478
641 787
447 609
963 132
768 426
599 226
258 519
510 922
284 389
322 175
203 120
144 107
737 296
896 394
156 345
189 714
394 608
44 860
65 286
519 185
126 799
439 984
375 631
211 909
437 126
141 441
233 691
391 52
830 254
611 190
732 217
134 661
106 772
717 512
590 596
683 856
328 532
263 941
394 101
305 232
485 192
185 186
27 606
555 742
777 104
792 731
380 541
50 51
110 197
621 571
791 575
569 433
130 134
360 915
929 702
856 362
283 684
101 184
818 419
438 195
631 954
271 504
687 564
268 385
177 471
727 673
607 166
37 636
805 865
684 972
910 487
16 33
888 301
636 452
978 105
317 519
390 615
886 937
340 369
384 635
539 498
928 644
386 708
94 167
831 700
704 917
485 974
464 54
819 747
149 4
5 11
560 125
351 665
228 240
3 891
61 23
389 966
657 204
192 853
367 701
190 300
333 289
276 820
108 166
221 772
98 262
1 327
904 565
913 115
275 813
225 784
714 705
744 857
975 69
13 438
373 275
169 898
263 817
8 317
717 863
100 802
47 871
859 110
224 498
183 348
892 869
971 837
927 41
623 419
320 72
368 661
797 486
566 307
42 817
28 134
844 219
135 171
958 116
287 90
356 525
101 836
475 941
466 991
1 3
687 852
741 481
885 721
320 54
213 112
137 113
646 444
234 915
473 755
993 599
674 283
51 317
369 566
230 264
120 316
562 398
533 265
178 987
231 272
587 763
159 577
77 650
360 743
574 690
132 5
815 314
728 985
230 146
221 614
49 972
914 804
196 902
501 173
398 888
20 157
653 479
85 5
113 141
124 663
235 127
350 483
328 99
47 62
158 252
962 23
438 543
52 144
175 794
481 934
293 167
982 559
197 898
378 158
590 564
210 424
121 268
542 962
451 729
295 571
108 303
386 117
742 616
527 466
501 640
359 682
188 446
511 487
464 908
338 352
524 963
20 770
413 643
322 185
113 411
800 814
120 986
88 548
970 612
648 744
136 520
866 829
851 715
947 819
937 349
246 386
844 872
854 580
318 987
145 339
345 876
974 301
379 574
437 739
168 526
193 221
949 856
37 226
666 772
390 868
328 483
384 66
674 229
468 843
457 467
19 138
744 848
201 342
621 193
577 118
317 414
755 966
452 856
38 44
533 855
538 995
501 509
947 405
935 569
961 668
530 939
425 864
995 394
320 635
428 640
773 653
351 486
810 1000
946 45
13 404
673 662
379 478
418 122
724 795
320 568
588 23
282 162
925 385
838 243
888 943
859 104
408 818
387 210
825 9
935 424
802 416
462 397
227 807
130 640
116 302
855 541
509 849
256 531
603 663
176 543
379 764
104 593
184 318
393 547
586 80
86 513
10 474
811 843
561 991
299 867
65 502
378 216
486 685
265 796
59 865
970 261
313 117
30 657
807 326
106 612
406 677
779 538
876 535
922 67
967 273
7 502
793 875
196 971
934 166
266 398
781 827
125 505
263 884
200 361
411 195
587 474
115 946
488 932
22 711
687 545
444 490
28 92
658 42
319 958
929 117
445 622
76 201
536 617
553 283
408 601
22 579
5 701
543 441
804 237
274 534
77 876
967 613
608 779
641 18
584 225
192 867
550 872
102 469
588 797
360 862
168 717
316 756
221 317
455 754
1000 493
504 230
363 97
426 131
61 712
551 971
69 765
448 730
848 992
696 268
458 392
977 665
816 582
82 337
65 770
562 305
333 365
482 3
216 46
638 20
205 169
207 934
266 806
472 957
411 9
876 577
276 261
641 981
443 857
305 944
854 931
954 328
738 863
881 401
576 566
641 668
627 525
43 894
929 387
79 81
429 279
629 859
635 727
76 49
406 751
54 928
823 272
15 570
314 387
828 865
148 482
64 747
674 284
230 287
328 758
398 427
400 40
449 761
806 764
976 69
82 621
105 186
266 529
347 324
877 141
497 992
428 402
347 894
356 415
674 94
8 502
840 587
938 431
517 755
353 569
87 327
282 535
745 915
763 75
495 926
714 525
80 526
193 820
893 914
135 569
621 385
633 485
525 297
418 775
724 147
197 35
76 77
722 674
327 522
654 807
287 794
42 700
592 820
618 212
465 827
529 60
712 337
176 274
381 860
994 273
643 365
340 39
332 347
224 752
966 796
823 939
945 774
562 506
674 636
844 548
676 844
47 96
379 523
1 46
62 775
146 566
78 985
618 213
79 516
841 371
899 184
120 730
918 110
446 193
598 335
545 672
671 31
989 300
494 539
44 74
301 111
673 56
153 968
52 355
693 367
57 21
158 242
182 767
855 363
968 753
612 623
602 249
346 792
365 630
640 844
463 297
112 704
523 746
339 509
706 473
816 242
211 375
274 737
235 212
758 254
989 839
761 189
448 179
514 551
749 334
257 281
440 882
808 616
54 357
87 145
456 633
268 701
592 862
121 844
464 787
190 982
819 56
857 592
710 662
322 815
62 542
23 69
659 493
59 652
126 222
539 517
796 748
953 109
656 144
264 372
306 669
1000 19
478 909
312 814
627 622
28 928
15 425
469 630
577 657
993 501
330 737
110 313
567 441
181 114
708 743
816 82
351 113
50 888
224 914
114 730
306 667
510 822
188 774
33 324
639 448
18 812
848 103
691 898
125 49
36 391
266 940
13 14
142 831
266 479
910 7
137 846
651 872
414 179
843 509
891 138
203 532
596 71
863 327
280 434
932 66
11 828
195 14
615 736
383 13
401 317
583 970
553 983
591 713
699 526
93 668
135 212
936 75
56 325
141 269
438 337
278 669
685 616
882 539
229 435
935 554
514 130
497 331
380 524
902 93
373 597
674 870
1000 262
103 384
780 608
433 230
258 659
789 995
997 959
273 589
3 195
749 699
775 912
484 14
11 41
961 311
845 118
370 687
181 298
123 976
166 910
91 746
857 235
728 263
289 654
65 532
454 463
785 618
327 953
428 625
243 960
874 995
737 578
379 692
440 366
436 776
774 751
437 519
301 28
446 417
6 8
503 857
397 621
137 973
562 855
866 196
169 416
169 5
932 407
210 268
91 141
709 902
234 102
73 494
567 810
372 564
69 386
369 853
949 559
747 606
430 281
971 865
788 881
354 427
568 478
595 857
646 126
102 803
4 40
470 683
37 204
394 194
692 505
884 958
916 307
522 171
537 686
112 272
63 99
640 709
62 490
107 875
782 569
968 568
643 904
378 348
701 358
699 870
889 879
320 610
172 207
39 535
381 99
817 983
658 255
765 947
586 27
936 624
351 906
43 112
701 438
312 142
948 225
946 332
654 708
561 577
418 188
58 692
345 974
306 680
40 239
243 749
631 804
330 458
30 296
277 561
177 445
663 909
78 730
12 116
436 172
25 130
543 66
323 473
22 216
978 49
43 77
538 213
817 108
631 310
55 108
229 978
755 201
2 29
154 782
961 691
71 683
564 180
463 201
167 180
192 374
141 891
204 331
469 578
298 25
716 713
868 238
530 480
203 504
259 324
839 8
694 175
32 401
105 904
492 975
852 68
543 938
723 482
968 764
630 114
554 652
22 980
17 989
409 932
116 578
424 546
144 199
953 992
989 940
318 901
238 476
148 68
989 235
770 411
410 792
250 769
290 277
852 635
611 221
453 423
886 330
1000 533
630 965
999 682
206 618
224 938
705 720
215 52
297 350
724 177
276 536
344 426
115 570
42 753
844 519
472 183
958 716
771 877
114 530
185 318
830 28
159 854
180 492
598 170
671 908
827 410
9 880
554 941
541 840
184 191
463 960
390 691
99 188
491 214
49 726
750 615
167 942
306 13
435 549
153 371
21 602
13 587
110 955
191 834
627 866
105 177
497 925
447 158
257 728
677 258
237 966
788 510
285 414
282 23
284 713
26 795
754 444
499 872
358 49
259 373
109 992
14 133
20 183
520 621
271 756
836 497
989 37
96 459
469 747
774 98
165 59
420 414
609 25
936 13
96 86
570 726
535 314
613 23
857 227
389 634
231 323
74 336
433 872
573 828
645 560
968 24
399 453
507 188
649 233
681 669
645 475
50 568
598 828
929 968
82 745
98 469
737 742
235 116
517 769
924 997
614 904
866 157
172 908
25 594
177 5
841 680
919 766
487 445
509 838
206 766
213 333
775 431
660 993
111 165
283 616
597 427
754 530
967 696
767 112
984 884
430 389
132 352
267 79
608 328
74 573
539 663
159 11
561 866
34 251
335 750
358 499
133 18
234 182
36 104
172 38
450 333
245 352
241 832
721 260
165 80
277 258
377 469
30 733
468 903
713 863
639 234
663 933
375 363
393 105
901 554
226 633
754 578
770 950
50 250
557 389
359 895
787 702
86 424
15 338
169 791
559 767
878 682
844 303
259 447
109 121
437 600
205 679
169 844
406 230
955 617
855 199
939 315
991 501
71 793
154 835
355 382
828 646
861 912
659 318
7 916
304 133
800 2
175 177
708 96
546 982
381 853
332 275
959 473
78 93
651 120
23 105
112 472
178 479
503 124
445 112
209 378
279 190
659 690
314 532
495 852
54 284
977 51
363 191
314 694
905 392
2 704
191 329
89 508
681 409
133 275
366 656
869 460
200 653
188 676
260 210
68 653
409 291
871 358
147 180
283 971
731 738
446 698
516 812
554 668
386 26
233 434
327 460
291 689
669 723
619 399
212 713
287 959
513 639
502 533
657 536
258 849
197 332
879 311
862 141
969 946
924 200
797 344
226 596
783 492
138 497
809 715
281 862
806 65
347 151
300 226
291 35
126 160
464 919
348 531
55 447
843 530
315 278
19 294
968 752
524 316
267 15
650 793
385 826
934 125
359 426
873 112
549 910
608 91
662 229
4 94
58 123
275 317
133 511
373 24
775 302
494 11
818 691
349 752
22 395
15 465
932 137
157 582
144 510
901 379
267 999
27 145
947 529
887 871
45 295
883 463
52 258
291 413
790 551
446 673
413 995
958 638
894 86
613 741
411 926
932 30
212 468
351 511
752 62
905 867
686 948
505 539
191 718
779 798
199 200
235 305
610 980
268 582
96 350
96 463
635 66
110 53
829 201
91 831
173 884
97 333
786 522
523 687
449 401
532 106
222 694
388 216
591 336
687 437
650 593
911 946
34 310
128 202
955 697
205 258
468 565
408 510
246 983
765 400
813 626
356 139
386 270
890 22
170 620
379 567
369 867
868 959
566 541
289 225
208 351
604 27
977 978
327 719
94 442
952 638
813 276
757 839
689 591
439 441
405 755
756 304
195 434
970 328
606 716
336 33
473 827
358 590
160 839
219 547
492 159
205 533
377 186
265 155
985 369
889 259
267 456
10 838
373 222
414 270
44 139
848 988
792 563
504 903
414 886
608 790
31 308
769 565
219 958
581 55
434 522
738 847
418 808
628 735
914 380
758 795
32 97
338 581
116 770
548 217
892 672
17 84
394 532
220 764
240 674
369 936
132 410
564 853
609 193
73 252
707 675
28 336
984 634
198 34
518 28
673 455
82 282
371 156
463 106
38 576
594 377
567 591
631 561
188 511
759 387
649 911
490 845
81 648
58 641
218 288
768 504
702 957
915 986
992 344
127 419
143 413
832 145
24 835
346 381
836 467
822 16
351 765
925 305
275 412
539 795
201 241
421 43
287 30
733 435
788 867
132 302
241 111
838 644
858 509
183 850
109 131
414 589
69 474
939 566
71 295
111 388
751 908
976 693
961 510
507 777
349 429
905 359
150 101
85 543
402 558
822 20
5 10
45 122
624 55
891 446
904 101
215 736
511 743
664 798
317 200
909 163
792 397
893 35
325 676
65 755
83 911
599 690
14 80
36 407
341 991
284 366
727 810
614 986
842 336
149 217
201 67
338 833
471 165
920 929
60 181
552 628
50 168
398 766
722 434
120 31
593 795
849 198
43 405
844 879
996 24
719 834
12 291
746 661
184 196
89 492
905 607
361 27
191 51
240 484
691 139
369 646
407 809
54 766
140 835
136 354
329 230
427 842
900 606
371 775
16 779
292 833
76 306
782 796
233 659
712 253
802 346
659 390
152 218
938 896
501 946
311 807
680 598
111 161
585 280
802 73
214 445
684 714
391 999
560 557
771 893
588 555
276 223
375 468
948 829
775 391
744 794
664 498
886 738
133 611
905 862
71 601
349 177
733 124
708 548
433 988
813 546
900 554
913 346
454 738
591 423
71 649
123 139
336 846
214 387
675 867
338 649
64 703
557 996
597 813
915 114
626 936
612 112
139 366
983 328
385 844
714 493
225 493
454 453
279 189
929 515
938 149
345 758
565 201
390 504
257 836
874 968
477 842
555 550
61 677
583 964
576 3
930 145
572 587
110 305
229 531
864 978
442 529
509 659
178 799
56 957
568 327
191 332
236 307
74 139
53 251
1000 156
325 769
979 947
453 131
141 375
668 162
50 103
176 386
717 88
882 533
84 229
955 546
889 335
302 706
292 513
297 389
624 505
682 224
63 809
568 894
629 482
387 181
908 69
851 988
785 756
736 793
684 381
873 631
2 71
221 439
944 641
814 885
248 916
597 61
857 233
708 874
18 593
48 322
283 103
569 660
522 861
449 702
351 749
344 490
696 613
902 454
841 192
732 154
538 731
164 988
601 941
856 198
689 876
132 998
346 310
539 900
54 510
93 995
590 295
709 71
207 875
828 123
122 876
797 280
523 737
485 881
100 117
414 980
620 959
862 868
170 829
90 734
662 5
736 787
989 254
469 670
110 649
722 601
765 836
340 591
662 99
160 906
50 394
79 919
647 237
844 926
354 217
252 734
155 486
268 365
903 774
463 370
483 836
154 312
23 109
491 571
201 953
543 25
764 632
233 980
84 612
64 619
496 11
348 131
861 743
547 843
555 71
905 733
937 600
226 65
734 153
446 322
255 768
309 42
819 762
552 539
375 76
677 880
668 835
474 663
332 603
392 561
728 538
523 954
242 967
21 24
763 775
443 544
889 293
930 396
610 746
844 224
607 787
399 879
318 438
75 501
630 783
975 63
61 147
981 162
988 766
477 585
585 933
381 392
208 666
303 299
359 649
189 284
83 573
569 636
252 593
989 650
244 961
384 565
913 670
628 31
71 898
964 413
2 116
335 148
738 811
435 310
34 703
52 743
684 101
343 304
529 805
389 206
361 206
211 297
719 386
487 437
765 951
733 201
24 350
9 91
758 365
639 458
255 352
538 240
430 997
774 37
896 58
903 507
499 924
136 322
386 548
902 129
742 784
307 442
233 26
330 289
1000 746
814 51
11 886
284 479
249 624
941 24
7 602
936 946
762 936
921 320
728 569
322 944
336 531
41 343
242 715
340 629
27 894
879 507
530 471
546 687
894 217
512 624
39 647
685 894
986 319
151 75
390 647
872 801
235 797
158 325
450 16
490 674
663 831
890 684
628 676
932 990
173 993
407 175
341 513
587 949
33 220
472 200
41 447
45 666
720 242
89 833
950 219
946 750
830 975
821 911
270 64
479 596
208 720
246 914
416 191
724 576
114 458
716 181
211 652
928 110
101 503
87 100
1000 953
436 651
932 363
220 484
422 233
386 941
455 270
114 811
327 412
91 417
549 157
776 708
146 988
121 1
886 285
391 466
875 466
1 4
54 668
384 100
652 540
851 321
560 214
209 16
737 907
64 401
357 20
351 399
277 702
798 727
573 595
587 440
597 142
583 559
962 982
874 740
496 985
64 69
125 198
837 66
167 588
406 393
505 108
311 409
981 578
358 111
517 230
549 449
23 350
327 186
216 303
630 222
660 835
737 12
65 146
940 474
439 315
452 93
225 347
72 82
50 557
196 211
34 62
781 771
792 721
860 763
320 394
870 528
911 801
926 438
556 490
180 830
391 84
63 156
375 675
495 892
124 5
624 964
849 312
968 618
93 433
312 131
238 901
12 383
196 4
392 343
975 337
392 555
771 289
284 846
100 623
158 778
24 89
829 641
141 872
94 295
698 566
123 163
422 646
199 400
349 374
494 250
121 297
685 283
610 488
495 698
88 101
120 384
581 907
721 745
83 127
339 771
735 539
999 219
80 297
372 411
510 63
983 878
444 774
956 979
367 604
541 949
119 721
986 380
273 744
475 223
870 264
795 22
630 564
965 574
291 131
193 606
157 376
774 692
513 329
258 852
405 95
913 878
196 506
244 140
279 871
462 145
839 55
748 382
953 17
443 453
824 240
230 572
978 194
120 507
726 193
262 576
310 349
527 279
965 241
54 890
462 953
82 720
454 425
299 357
627 687
244 549
412 465
607 709
16 71
397 935
867 902
424 662
429 846
298 489
194 700
580 836
420 245
698 669
797 423
979 190
14 39
537 158
141 492
206 997
181 597
733 460
661 955
515 289
864 135
868 269
97 553
660 411
613 453
535 400
141 266
62 731
332 630
901 20
681 719
194 926
585 434
808 67
724 130
720 274
238 280
723 39
430 838
439 631
897 987
610 198
522 966
358 807
289 540
157 804
1 57
248 996
373 985
448 208
834 660
572 688
275 659
761 98
114 272
861 634
23 25
280 250
976 521
302 545
779 809
816 768
724 584
659 499
381 831
832 682
187 89
735 570
625 293
909 329
944 34
287 366
996 870
684 448
912 110
966 410
528 499
65 70
91 394
380 896
97 722
672 816
425 893
511 22
44 124
126 999
777 836
169 277
139 914
973 507
30 950
942 259
722 925
102 1000
308 4
778 306
678 402
414 937
603 118
608 740
375 360
842 10
758 443
886 694
474 829
392 689
34 233
803 783
877 714
958 143
332 316
647 978
174 720
817 97
294 622
518 726
359 113
771 444
773 677
601 664
392 454
556 104
636 927
556 581
692 339
207 668
138 751
40 986
610 364
773 848
635 12
67 114
795 906
91 154
603 798
613 169
105 184
512 127
742 136
44 462
913 902
380 879
753 305
433 554
773 169
546 72
376 867
852 289
649 63
677 400
789 752
74 151
544 27
668 590
248 73
246 544
493 635
783 896
11 26
532 558
908 549
928 834
112 697
77 533
513 879
104 984
446 983
559 134
585 699
884 104
414 352
19 436
972 63
643 282
228 122
222 912
535 93
478 278
565 489
697 146
679 236
321 764
975 927
189 587
685 986
432 473
947 45
247 863
29 940
983 341
725 338
173 952
861 395
330 713
902 397
936 418
121 349
260 904
697 825
539 912
349 75
806 946
10 32
83 283
594 163
597 969
411 483
835 992
675 951
380 525
259 795
253 228
290 968
734 445
661 371
99 217
480 830
60 606
145 468
996 406
333 527
842 916
96 256
72 740
279 310
18 757
273 330
29 945
241 385
38 380
332 144
141 384
656 743
105 29
418 991
81 906
169 457
828 893
850 718
38 429
90 658
591 177
844 90
372 270
566 858
981 265
971 197
134 546
483 988
932 852
937 31
727 644
620 823
657 677
610 244
304 195
39 998
459 705
185 359
8 228
51 960
588 833
811 715
708 143
237 980
515 570
939 148
107 169
460 884
332 969
912 605
542 25
5 232
283 322
665 268
922 904
277 924
187 263
20 600
507 492
485 448
892 160
781 999
910 332
869 970
268 831
51 78
234 450
285 232
379 454
13 113
351 888
958 848
170 522
269 731
227 253
854 224
441 851
685 651
68 429
988 2
219 299
853 595
252 608
613 700
999 338
998 70
167 278
826 700
145 232
211 948
159 745
290 770
554 88
609 641
389 775
619 380
643 935
170 76
67 584
544 541
599 946
65 751
342 425
727 754
595 806
445 698
780 336
733 734
648 723
869 397
564 661
787 245
9 112
182 79
502 156
135 156
432 320
431 233
231 914
237 833
320 401
9 412
820 69
750 522
486 802
44 73
381 726
360 852
404 679
686 925
626 300
238 428
46 638
28 884
572 115
853 186
430 23
520 208
563 771
58 346
329 8
3 358
78 128
438 197
374 272
202 983
728 893
997 53
398 669
848 309
1000 748
496 799
912 843
419 100
558 668
84 559
288 73
456 791
665 90
425 651
865 967
762 662
518 911
529 97
180 460
732 309
289 294
376 574
687 325
408 917
104 876
270 339
462 725
377 903
503 198
663 518
999 475
829 830
574 606
606 254
433 934
80 883
127 800
588 371
408 712
714 273
85 517
434 798
821 856
711 255
546 33
989 748
81 713
229 419
657 361
823 472
604 245
90 428
202 96
802 493
484 815
453 527
869 409
870 600
624 593
788 9
15 47
146 868
235 283
302 535
842 312
228 347
198 996
257 533
80 824
977 71
20 37
122 157
132 559
909 996
106 565
10 65
298 750
655 201
847 626
603 966
561 273
213 65
280 326
98 439
247 239
653 112
570 993
272 664
183 489
640 383
745 441
352 460
859 838
4 189
952 895
463 375
456 558
930 566
152 217
87 625
384 658
575 193
120 266
303 476
367 859
214 199
137 452
444 487
46 150
395 581
555 31
216 458
578 807
649 381
364 464
866 54
164 402
731 176
568 887
459 398
684 559
589 613
15 977
909 644
546 922
6 57
711 310
654 376
813 601
846 461
573 897
389 960
266 260
100 353
272 93
430 914
288 78
980 87
168 334
204 667
22 154
389 175
400 721
662 613
264 125
238 244
966 600
460 955
623 116
65 731
52 208
820 620
835 905
205 703
259 473
505 962
894 448
233 328
191 11
607 564
614 267
413 928
852 314
37 236
246 931
460 981
135 507
132 616
779 808
969 301
687 883
101 204
675 11
252 218
254 278
196 61
384 614
116 157
463 878
149 685
319 792
14 20
343 793
240 497
981 768
553 48
517 900
198 177
707 193
604 832
571 46
183 61
175 191
180 886
251 685
51 466
289 603
531 591
61 161
512 602
658 300
275 729
773 243
901 855
763 191
710 167
438 913
278 523
859 933
559 281
667 484
177 844
841 485
756 13
314 240
311 90
745 696
960 207
159 700
331 652
32 86
756 350
943 457
70 258
467 256
608 973
75 208
142 283
356 61
977 131
4 216
848 804
696 194
829 273
492 245
750 277
561 443
994 667
12 135
577 94
130 259
385 488
1 499
472 166
804 646
262 694
209 942
392 889
236 949
32 83
418 604
325 774
106 7
505 342
286 91
153 223
969 394
190 645
73 986
212 751
141 368
674 290
703 371
530 596
989 579
870 68
737 889
254 42
377 456
561 975
820 133
981 593
92 142
466 560
67 710
197 799
571 476
459 279
607 513
144 817
472 134
228 308
986 965
112 849
153 139
676 149
755 890
188 315
572 182
164 226
86 405
92 49
270 347
866 560
61 507
667 888
180 148
220 701
156 518
897 989
138 164
833 39
905 299
445 471
566 867
404 411
561 798
963 962
914 74
159 890
49 190
152 247
699 443
615 744
93 116
316 4
556 812
387 220
779 780
971 575
261 290
389 74
46 603
90 898
46 65
49 904
554 605
479 699
974 241
57 158
247 682
746 129
162 62
868 849
584 570
586 772
282 457
508 925
831 285
177 580
841 119
146 869
799 708
174 155
295 324
170 669
800 169
14 382
332 345
98 26
499 566
634 287
434 644
280 182
7 346
203 391
938 513
300 310
46 24
649 9
579 118
647 306
942 934
781 630
616 426
886 399
282 988
207 747
938 230
886 293
457 733
622 451
176 18
489 325
87 429
297 665
314 430
617 379
75 431
202 309
467 930
343 925
984 496
560 842
930 71
264 281
370 806
564 210
609 21
278 361
669 748
61 446
156 705
945 187
300 799
323 533
973 698
653 691
249 406
220 473
977 558
800 591
157 596
944 144
681 636
134 782
838 199
728 603
7 277
58 543
345 560
463 264
984 686
433 760
958 526
643 786
995 594
50 415
687 916
197 988
567 617
36 115
721 865
884 85
177 771
501 924
274 509
238 54
689 310
720 603
415 84
506 501
974 226
766 328
52 884
205 768
327 956
1 455
219 892
798 192
79 819
629 270
498 611
339 883
197 321
65 39
857 968
33 146
477 881
246 841
523 391
247 610
36 149
217 48
182 201
675 24
537 30
917 20
734 658
572 579
20 887
22 758
928 942
383 531
972 746
331 408
716 847
751 373
22 997
234 976
963 958
739 742
234 432
284 779
510 156
979 771
639 695
79 783
439 214
73 85
37 491
127 620
259 481
817 677
118 671
606 982
855 646
439 752
620 857
196 252
659 458
859 582
315 112
753 294
91 637
238 5
993 108
973 22
83 300
86 95
189 317
282 166
955 166
390 164
586 292
29 917
681 50
752 166
289 303
915 995
990 322
947 137
665 448
240 994
40 594
280 762
208 303
665 962
954 819
882 658
349 494
11 785
764 831
830 241
53 379
696 571
297 67
672 810
308 242
738 838
594 175
416 276
203 239
319 359
100 620
7 323
28 659
309 922
45 120
265 882
196 782
638 335
162 521
30 62
394 525
95 446
799 441
480 425
628 551
284 250
365 718
76 331
323 528
62 989
481 168
777 684
90 913
635 629
629 736
679 551
622 232
540 558
659 734
604 853
599 659
598 478
926 46
681 12
749 150
7 9
24 626
519 497
75 608
952 900
242 244
448 836
257 779
455 777
564 404
154 636
946 614
71 825
750 34
532 979
876 660
220 461
727 424
770 84
271 911
796 363
50 489
404 706
90 890
729 692
160 179
649 971
305 233
482 961
371 651
342 89
191 392
237 225
180 263
677 277
266 142
98 850
108 667
213 247
144 225
921 813
263 891
304 3
230 640
208 423
433 382
522 747
586 327
677 998
279 304
351 321
73 157
269 634
125 345
586 562
796 844
19 64
117 495
574 668
456 854
710 864
42 606
561 673
728 397
509 324
842 517
452 522
49 410
69 253
983 763
934 270
23 623
465 135
214 91
477 161
54 102
133 572
379 755
29 48
805 104
975 303
111 292
192 358
444 578
39 963
79 258
254 592
88 868
693 808
955 403
778 153
382 795
596 971
682 76
136 920
439 954
280 733
154 765
248 800
852 225
836 746
91 459
169 918
74 337
844 956
822 735
20 481
975 374
192 642
549 556
215 309
674 257
821 427
175 379
600 931
271 537
997 30
406 693
132 161
579 990
213 432
634 650
919 353
70 206
792 359
948 994
502 751
317 590
788 377
308 432
867 215
41 34
993 408
330 749
523 457
722 786
308 360
292 337
380 162
54 504
591 379
54 110
80 272
855 876
98 316
209 736
686 77
180 757
624 974
509 695
183 950
200 120
956 178
699 744
937 343
47 575
441 44
731 343
178 522
439 738
616 275
366 889
334 816
769 226
15 155
358 71
684 857
905 945
722 256
343 789
3 50
50 306
175 646
393 1
20 22
585 835
693 117
187 990
897 735
98 684
618 524
976 667
355 172
654 959
37 45
720 968
257 761
867 302
97 225
267 977
10 278
68 910
225 463
182 44
138 554
247 39
370 717
21 374
601 661
413 95
914 645
579 177
982 137
18 31
977 366
410 81
890 613
481 959
103 662
912 935
246 128
54 321
677 938
188 317
414 159
428 766
977 355
603 773
816 727
121 96
463 667
153 279
375 997
750 452
186 150
748 997
186 796
840 382
726 625
962 951
345 460
735 607
982 935
627 202
306 488
283 663
42 733
757 964
195 313
617 845
460 999
804 241
765 790
404 896
941 296
979 942
554 297
259 153
399 977
322 962
914 69
293 630
505 842
294 420
61 529
352 824
760 808
804 404
453 594
856 77
403 568
278 628
325 691
727 981
394 557
548 647
594 436
395 886
414 665
132 21
81 891
521 163
838 290
413 888
607 15
673 827
278 430
774 606
762 923
557 710
236 292
518 920
302 809
842 718
674 911
294 826
109 174
56 926
792 334
960 325
833 66
139 963
264 392
36 403
428 771
189 936
323 686
42 111
268 231
486 557
209 361
835 97
473 9
16 914
537 899
486 714
64 350
393 372
494 611
205 231
260 972
363 966
843 918
37 807
961 834
284 52
581 906
193 327
724 473
268 568
570 597
37 519
707 973
423 473
751 253
48 49
779 377
708 346
912 571
90 835
406 998
533 86
993 579
341 572
674 293
669 174
345 883
732 206
893 616
750 248
502 79
71 370
601 782
100 678
908 874
821 256
505 384
162 401
530 428
973 88
497 503
351 792
128 573
374 329
324 377
473 18
35 42
282 728
189 23
525 758
764 422
212 81
866 726
106 339
568 300
482 826
868 481
210 396
189 204
410 52
14 230
497 782
59 83
116 663
143 247
513 355
502 181
98 705
392 435
303 820
28 85
828 217
469 788
193 599
557 5
702 902
755 318
254 476
940 879
800 506
995 463
411 575
494 66
231 191
632 418
615 382
508 567
331 514
415 229
718 583
811 458
79 126
724 704
408 765
506 64
221 264
854 646
996 814
91 548
353 531
947 961
728 733
687 912
571 661
588 319
91 388
73 129
937 628
983 474
875 912
13 723
822 837
701 823
519 524
276 7
826 494
243 799
361 845
414 31
467 750
149 422
636 150
871 161
291 4
350 577
152 47
910 283
454 127
555 91
2 415
558 381
888 425
755 209
827 182
45 565
244 971
421 599
564 805
556 814
154 688
175 151
853 705
689 749
181 210
149 767
642 622
572 216
415 23
415 428
716 567
714 335
974 421
656 196
80 309
19 409
254 328
585 171
491 493
62 368
769 168
432 284
222 298
971 7
368 469
456 829
604 869
34 541
977 637
11 13
252 273
239 255
306 502
815 493
710 144
266 201
845 968
145 305
87 611
486 827
579 810
710 957
206 981
217 184
610 454
813 93
723 963
642 21
598 713
589 242
597 951
539 754
247 31
917 420
355 953
315 764
184 418
277 665
452 46
149 229
23 893
764 136
691 941
160 64
841 315
8 551
914 612
462 439
897 956
80 685
278 176
22 667
560 339
196 945
355 197
796 249
37 805
691 683
62 960
607 831
486 270
559 993
308 443
583 262
853 918
291 471
188 972
659 749
205 872
670 88
744 472
439 56
208 325
299 481
497 801
792 924
375 582
130 919
202 900
492 50
743 263
12 27
383 512
58 756
946 411
179 30
796 330
279 410
384 220
575 195
776 507
880 918
542 380
222 749
939 43
184 352
332 46
346 940
860 80
409 702
7 99
670 779
403 73
126 112
371 656
219 246
642 250
21 32
858 510
286 890
150 156
636 900
941 4
939 332
268 928
36 328
7 810
365 526
699 469
719 96
355 552
449 904
946 529
937 595
73 178
585 430
299 734
282 995
136 994
486 22
608 334
678 763
48 655
844 750
470 756
82 646
225 265
463 353
567 458
320 622
707 834
36 2
633 505
575 660
105 467
65 287
413 4
463 795
585 96
380 846
15 893
570 281
930 839
564 238
33 428
692 494
801 198
889 702
231 22
767 391
773 37
48 359
882 887
187 843
93 482
560 209
232 822
789 58
503 189
31 84
161 407
402 297
941 223
448 866
451 382
607 278
806 245
587 436
15 969
324 953
550 424
700 975
49 926
88 390
65 534
367 689
887 395
588 695
730 658
893 326
199 665
986 878
351 716
399 297
854 653
674 757
890 874
502 276
434 672
376 868
30 686
433 227
34 634
501 189
185 800
778 10
861 862
855 40
871 676
14 235
463 555
996 702
897 480
238 633
228 940
575 42
439 627
626 660
261 448
98 150
63 725
499 637
703 912
723 2
631 587
665 388
456 441
399 337
684 932
647 189
677 643
822 852
712 283
777 543
272 554
371 846
787 221
656 461
144 352
167 676
50 53
541 268
718 343
540 63
483 292
931 215
832 532
737 922
132 202
232 860
469 752
696 274
127 632
212 648
311 272
207 538
1000 5999
977 598
440 407
142 809
364 390
993 627
729 569
885 944
322 646
57 287
658 761
350 550
492 631
195 301
878 179
875 980
262 454
165 200
492 16
918 465
610 327
609 165
11 26
311 180
73 487
3 52
275 660
418 17
874 23
219 31
866 217
961 676
805 311
770 792
435 767
743 318
537 490
86 162
216 293
296 27
863 858
909 650
564 463
516 717
67 292
326 340
501 216
118 767
143 581
744 983
162 756
11 928
406 161
51 534
928 234
466 755
695 916
817 858
486 821
10 57
811 844
332 967
823 696
351 115
252 269
25 658
60 406
282 55
417 477
298 443
338 349
23 136
703 367
19 208
351 233
895 182
247 482
277 841
327 311
115 654
257 732
235 355
120 278
865 96
5 328
499 687
491 438
707 936
560 577
351 210
302 648
364 683
28 109
99 617
31 223
906 701
988 780
161 417
582 185
626 528
452 225
116 875
234 673
46 902
105 334
142 971
139 723
393 319
107 560
652 790
242 396
466 667
508 907
26 43
832 920
239 716
947 613
304 617
215 37
288 325
850 379
539 324
315 209
768 555
463 537
765 737
495 841
74 243
103 102
37 172
690 3
644 972
104 749
951 546
311 821
204 494
411 420
728 190
728 285
751 986
508 137
27 737
991 83
183 928
948 549
547 725
113 376
253 577
192 883
968 747
182 151
825 759
459 317
589 705
52 176
547 160
691 29
168 281
72 166
676 995
201 881
35 242
183 347
74 376
94 882
403 419
55 244
243 643
655 81
943 333
603 808
91 86
78 96
690 875
886 903
72 431
155 371
929 178
518 494
494 905
38 452
49 784
685 747
373 51
725 443
154 943
282 408
82 104
326 154
418 65
404 1000
249 5
158 176
479 851
4 209
104 351
217 398
142 739
405 531
501 499
8 891
347 544
405 879
37 800
697 647
501 98
231 454
412 772
169 228
644 846
544 156
223 803
33 521
991 587
446 484
143 924
36 123
638 197
730 209
241 330
703 907
20 198
347 414
700 856
508 794
1 9
55 684
588 838
102 171
498 902
492 638
275 304
303 30
626 596
138 221
447 518
766 989
445 499
39 951
877 893
358 974
968 475
866 22
670 740
118 505
450 374
299 381
619 83
507 429
63 602
572 928
626 976
177 180
971 959
47 881
219 434
509 666
128 250
285 367
215 515
39 959
448 918
863 833
909 240
846 490
213 241
143 619
538 3
57 639
67 873
491 606
257 789
581 766
74 912
385 632
617 790
143 986
205 240
880 1
939 694
419 296
962 325
125 746
502 625
382 748
339 331
198 978
822 959
325 46
4 20
903 949
479 921
499 384
648 798
355 883
959 200
269 917
485 918
787 763
575 796
276 110
569 797
482 360
542 514
533 596
601 702
891 186
141 954
425 630
886 1000
177 184
556 652
14 996
852 306
438 462
51 312
510 169
130 814
186 631
382 907
308 840
22 296
793 320
189 666
604 983
283 958
819 73
133 258
500 161
144 880
664 710
545 108
953 493
158 829
47 403
255 123
834 974
522 858
511 299
527 249
329 768
300 159
511 620
70 541
254 752
966 730
80 152
328 348
24 122
67 938
649 344
986 471
920 34
381 494
715 193
12 523
123 236
527 839
191 481
537 403
967 756
473 808
355 547
389 450
80 777
595 198
954 10
70 255
406 380
602 381
201 593
836 220
198 365
747 193
121 301
280 513
994 518
1 785
211 776
191 794
222 665
406 547
846 160
108 48
278 736
953 7
370 561
308 231
215 900
132 384
229 47
368 703
266 375
516 171
82 92
385 875
797 556
748 43
625 818
484 853
523 132
601 163
474 13
181 544
211 572
940 975
168 361
211 373
274 175
59 286
67 214
32 130
281 606
111 884
898 603
989 403
664 981
62 775
33 432
16 38
594 993
163 598
97 453
190 311
563 685
853 792
415 606
482 340
730 653
514 894
562 405
436 177
903 26
30 680
220 357
26 275
955 132
903 841
150 158
603 317
145 697
942 508
4 360
636 97
174 873
281 81
269 236
665 332
33 169
137 471
757 140
818 834
373 426
61 228
526 905
557 710
381 515
91 625
558 120
133 832
265 707
377 547
653 109
2 98
890 507
618 324
232 910
58 892
485 538
854 684
358 968
479 820
144 574
385 889
31 116
152 71
41 117
961 216
317 242
463 696
906 31
354 725
455 469
689 476
800 568
702 977
618 771
612 702
965 468
570 898
848 458
595 655
378 818
568 612
243 708
66 473
206 913
174 783
303 74
88 106
617 418
581 463
40 740
42 55
973 733
947 354
381 624
135 338
70 838
174 203
358 261
823 71
71 202
472 76
383 416
335 164
1000 341
948 814
569 786
784 406
642 657
688 959
153 498
37 56
228 907
951 594
648 696
411 777
235 26
41 493
433 667
888 175
227 938
165 949
766 240
494 18
579 512
583 318
181 12
952 361
666 990
691 558
990 444
85 236
667 924
179 954
50 147
895 72
827 611
469 649
712 407
188 320
208 235
943 471
488 537
588 92
172 176
190 489
697 405
571 607
650 520
173 835
355 841
914 329
581 938
296 695
851 250
52 703
699 219
8 229
51 378
291 527
491 751
718 619
1 39
834 107
276 336
915 734
850 866
917 901
396 143
183 261
490 177
102 144
237 786
186 233
839 337
938 120
65 211
718 963
130 978
261 143
940 500
69 439
385 519
33 787
248 502
162 13
592 888
540 594
487 764
275 395
948 673
682 236
562 933
326 2
88 659
156 381
784 807
127 856
574 956
31 680
101 985
581 219
291 573
874 58
987 476
892 871
73 158
620 781
153 298
616 869
207 915
722 562
674 547
138 215
557 543
393 512
148 463
585 236
529 214
216 591
506 884
438 379
225 882
98 424
831 934
221 761
261 502
836 907
47 546
807 910
850 405
283 135
692 417
791 499
683 368
202 346
174 318
377 404
619 118
970 875
620 342
220 86
96 97
349 633
148 959
310 963
94 852
65 865
840 955
314 342
266 512
393 652
664 56
160 188
225 226
896 152
388 488
136 432
333 105
559 240
772 167
125 768
883 412
665 444
567 114
604 974
727 764
616 992
21 833
266 728
209 253
116 297
788 820
400 240
87 546
313 20
314 638
126 758
681 294
318 505
327 271
360 926
582 856
986 502
389 724
605 1
170 25
391 309
815 12
108 164
499 189
702 212
742 919
153 284
580 230
957 317
954 85
283 5
737 735
499 651
609 545
2 711
871 768
125 448
744 460
808 438
714 833
590 849
659 757
467 676
61 486
601 613
357 935
255 82
647 830
421 784
493 340
308 897
18 335
135 569
79 829
890 24
702 267
447 170
366 548
51 61
118 917
174 697
430 710
763 809
91 709
402 673
755 935
356 85
19 127
754 160
563 544
832 654
57 836
483 888
369 742
97 390
614 604
927 18
935 365
730 54
79 716
834 813
336 679
838 297
66 867
846 265
287 157
533 373
142 965
87 437
13 280
997 1000
361 823
655 787
137 214
341 792
497 720
622 796
948 555
824 990
398 958
825 945
366 979
775 235
599 808
954 409
451 258
493 42
511 861
275 106
577 635
546 836
29 204
189 988
188 429
330 791
587 603
963 67
891 711
490 750
205 563
332 317
394 465
544 127
740 188
470 646
286 48
713 568
551 666
714 85
654 276
339 587
260 390
438 608
498 945
128 390
59 264
607 195
267 822
693 320
865 704
428 33
525 565
409 252
802 56
558 492
76 447
304 82
615 509
369 879
569 743
16 265
217 988
18 509
366 19
647 760
399 755
329 19
641 968
824 464
816 934
104 570
92 52
91 99
263 644
293 784
225 105
548 39
458 439
3 54
516 403
92 916
449 499
569 106
493 474
4 68
114 592
708 771
144 310
189 394
251 993
180 189
861 41
757 715
283 448
269 770
205 975
261 567
287 647
787 340
144 326
879 921
933 414
325 321
242 399
216 560
319 716
728 840
342 91
171 726
134 216
689 378
284 805
143 515
932 542
711 827
868 742
816 241
189 154
646 697
554 309
913 570
477 475
188 291
33 403
737 122
395 977
369 258
405 1
241 438
132 904
451 615
146 422
53 775
317 585
591 20
619 712
866 441
611 958
466 461
855 256
809 572
555 745
720 819
436 919
471 703
139 720
39 534
434 794
268 213
157 26
855 582
654 134
858 716
996 969
210 444
629 449
370 544
880 557
628 222
984 166
148 994
57 662
445 740
175 639
864 783
917 417
671 287
209 727
647 627
866 128
207 263
123 228
14 728
933 952
269 503
475 855
510 489
235 351
123 540
22 724
524 676
88 668
367 943
100 980
158 704
720 504
405 61
228 886
176 174
134 626
972 569
506 392
709 938
516 983
250 634
979 583
366 880
863 531
190 237
333 945
844 481
225 60
371 989
577 393
937 477
927 602
12 575
300 614
268 554
28 89
118 268
257 997
599 544
958 900
946 897
424 496
287 4
441 514
374 332
972 468
370 555
227 403
441 819
61 971
296 280
341 487
673 247
312 63
916 929
603 281
594 894
565 40
646 980
442 642
490 108
952 291
252 923
712 39
956 444
418 603
816 325
331 270
507 721
551 458
703 392
952 765
653 477
615 237
290 607
614 894
886 583
592 57
446 246
45 57
487 1
569 977
100 688
84 196
745 193
886 192
212 486
342 784
399 982
701 23
723 426
738 273
181 645
35 181
398 569
620 133
168 784
416 811
78 105
225 675
589 728
55 528
301 810
979 368
479 724
839 318
317 342
434 20
783 228
209 310
726 102
505 713
471 992
597 771
167 61
375 806
299 594
260 54
829 905
916 905
529 707
138 654
918 240
681 709
55 451
954 133
948 879
719 131
490 931
373 578
878 324
39 256
807 535
715 105
210 216
753 702
856 305
246 24
18 487
808 300
406 498
368 153
14 40
449 709
530 748
489 935
463 676
677 161
429 263
275 529
695 34
205 302
197 506
51 31
881 346
816 493
584 976
263 978
25 99
644 908
763 551
98 553
515 287
791 432
878 891
146 225
485 681
179 132
84 656
67 828
715 490
712 23
471 557
32 753
313 337
989 660
810 562
381 531
597 664
408 307
316 389
491 941
497 394
146 972
619 792
7 648
635 722
515 819
64 485
178 289
11 358
561 113
393 181
285 405
30 208
526 129
325 586
588 901
722 777
15 747
629 676
529 394
663 140
855 457
311 394
399 557
471 83
307 905
249 272
469 3
884 358
170 625
116 94
502 40
275 317
542 843
263 613
567 733
630 367
874 680
967 858
807 338
871 184
833 854
660 184
129 929
740 435
117 269
947 459
702 539
652 656
53 709
134 314
794 390
702 611
881 935
202 290
954 483
524 782
751 231
225 750
223 384
649 523
959 684
25 567
7 343
688 557
577 690
683 829
566 662
560 506
352 104
601 958
469 542
869 885
949 458
906 603
272 132
315 542
66 61
533 663
310 323
553 43
631 610
803 692
127 760
340 34
162 852
134 359
529 699
505 396
784 588
77 605
116 373
100 533
113 582
483 198
215 677
23 483
775 125
574 555
412 502
297 539
254 660
803 465
151 935
549 552
525 823
561 129
994 713
122 842
380 761
115 324
19 69
181 710
361 179
154 219
992 81
125 343
443 927
843 797
14 512
758 245
324 386
12 678
893 905
826 703
650 253
429 847
125 916
167 870
880 412
266 780
951 192
389 860
55 597
326 91
25 519
954 448
125 539
932 355
855 657
300 812
224 848
2 181
231 216
448 510
307 613
550 169
812 615
477 277
138 9
908 876
266 985
96 789
118 98
80 652
943 301
990 835
871 61
984 121
823 837
12 31
431 630
287 325
708 474
972 791
30 364
745 540
350 538
805 909
387 453
657 570
748 433
360 372
58 382
382 810
404 966
357 1
541 282
720 58
482 784
203 956
592 740
914 345
756 357
290 428
105 19
520 516
898 82
222 619
656 783
918 924
534 389
332 652
154 139
951 420
662 987
38 119
288 722
78 235
282 215
641 884
604 191
511 699
280 689
914 9
100 470
510 187
973 835
428 662
172 218
838 555
860 981
34 681
513 312
638 641
373 125
262 175
32 47
330 941
118 922
580 107
252 649
632 261
715 605
879 153
150 179
476 500
471 257
567 524
301 586
367 408
65 687
899 864
740 679
2 20
50 66
521 16
511 778
509 792
538 375
602 612
229 265
52 514
617 42
365 399
451 540
420 500
280 362
357 239
661 815
551 371
264 928
32 74
387 783
93 783
543 930
713 78
890 25
175 632
347 614
879 229
352 843
676 830
650 485
67 926
296 794
315 117
893 474
637 399
679 78
739 415
759 184
384 602
923 525
332 508
284 474
833 901
27 37
31 115
785 137
553 907
437 35
691 338
127 401
893 588
74 444
543 782
37 971
415 479
186 279
604 91
842 665
204 748
346 501
443 793
604 782
167 277
95 778
604 278
631 656
932 509
583 219
844 203
44 293
343 159
631 364
382 334
161 83
718 707
180 759
648 724
961 59
362 841
513 618
748 534
854 853
311 171
477 462
614 273
116 716
914 381
271 867
949 613
523 773
128 974
810 273
322 806
798 914
688 770
372 364
210 226
443 527
397 194
522 428
466 806
540 873
322 420
629 905
679 303
271 333
260 638
305 640
363 352
203 713
297 774
416 925
255 209
779 132
61 568
480 137
41 11
57 534
919 921
10 100
882 373
641 26
503 30
512 967
299 557
916 783
794 607
649 678
425 921
354 322
719 454
535 970
780 510
82 322
801 237
532 130
65 815
252 348
527 90
497 684
313 814
28 287
11 22
3 351
370 873
5 95
299 893
604 834
110 354
766 704
726 559
87 475
891 578
927 215
78 825
423 476
118 245
440 425
172 437
329 13
305 24
780 719
59 65
51 436
400 850
8 138
730 246
98 742
983 731
337 152
9 28
604 672
184 19
803 496
146 253
466 328
329 789
332 654
76 872
9 31
652 670
314 259
85 775
113 789
489 449
753 832
628 840
979 550
754 670
401 588
470 380
500 181
52 930
228 380
215 160
884 154
374 550
166 79
309 435
403 295
120 162
112 998
791 162
250 696
834 790
100 900
392 846
464 53
17 736
304 503
125 284
134 46
872 237
601 627
401 210
24 825
355 680
102 469
682 78
139 558
888 713
111 674
707 851
829 117
357 145
16 32
839 927
105 663
921 734
452 487
233 633
370 169
363 70
495 507
924 401
50 151
118 220
981 32
94 863
783 88
906 560
642 689
383 559
855 822
958 610
851 519
96 352
59 78
198 544
767 67
377 445
100 758
750 132
534 756
7 751
692 325
645 959
134 235
402 479
987 619
587 180
698 632
271 734
269 368
833 371
388 790
298 734
340 432
60 295
701 212
112 409
746 300
446 552
824 991
583 269
654 612
397 820
911 957
946 570
376 330
133 921
92 407
834 114
110 862
753 966
340 989
213 723
696 585
382 222
527 522
20 429
488 588
756 135
109 826
365 746
893 726
430 577
53 133
684 753
913 860
293 692
986 92
670 747
530 344
466 770
313 363
550 768
334 619
276 37
426 248
281 330
549 284
28 504
996 19
616 68
402 503
906 11
230 660
59 683
720 440
63 840
26 739
54 576
92 622
160 809
580 753
941 281
316 962
972 646
198 383
23 469
57 358
535 142
100 644
908 843
336 370
123 177
696 913
695 835
275 58
386 664
151 670
281 907
93 649
66 733
776 455
812 322
339 762
431 575
843 509
501 416
483 179
861 269
856 549
541 19
542 419
708 307
58 392
620 252
563 120
332 983
382 154
23 857
526 705
153 221
14 13
684 544
256 827
103 497
24 936
900 760
708 629
937 173
28 133
398 522
177 205
1 25
774 81
359 34
743 615
683 148
852 802
680 723
472 916
283 932
706 543
442 450
847 995
303 786
868 663
564 886
711 976
142 167
110 696
841 736
136 146
517 5
426 181
218 500
2 103
807 585
212 408
109 856
120 384
754 663
209 222
525 423
503 929
848 460
121 232
28 592
451 952
326 880
236 618
429 160
708 113
118 134
936 938
402 739
43 88
583 765
156 52
35 285
924 825
933 450
270 39
242 332
358 417
6 224
473 481
262 922
460 74
746 451
586 810
958 748
182 714
214 239
55 254
704 701
933 793
390 627
211 727
336 136
586 30
178 992
703 281
368 949
344 264
235 926
146 246
989 29
938 335
734 230
126 368
191 26
659 626
366 524
607 437
364 392
81 148
782 363
360 469
792 169
696 596
521 13
560 942
976 843
927 876
1 21
481 293
423 1000
612 109
388 490
427 504
999 177
497 781
811 514
204 980
668 977
950 475
964 535
960 112
26 440
283 619
80 689
789 524
808 536
888 298
539 825
1 91
268 257
852 393
632 804
386 450
344 207
462 801
277 430
765 766
57 145
974 617
267 572
845 921
661 696
135 705
182 375
958 687
90 388
860 239
905 415
539 54
101 391
885 686
113 744
25 83
206 484
235 309
571 897
439 99
919 524
797 803
122 818
552 550
970 331
199 831
786 243
673 223
593 526
78 771
214 756
373 288
84 708
731 660
320 876
887 528
215 20
756 824
300 211
236 808
984 90
562 766
737 158
207 803
24 208
97 831
719 991
252 446
8 819
238 370
757 129
564 807
320 949
446 264
977 779
804 818
131 357
59 462
693 817
112 266
488 282
621 856
510 576
382 49
714 59
885 360
805 994
25 844
567 575
601 492
853 424
129 175
989 395
848 110
82 498
641 103
195 946
123 503
807 667
516 796
853 12
695 604
552 196
905 757
593 876
931 493
242 442
301 762
978 555
874 493
765 379
341 355
655 800
854 19
165 223
573 688
718 385
713 328
335 802
786 555
537 595
211 195
78 406
52 783
744 350
614 434
281 265
103 535
631 444
156 185
944 977
195 370
568 941
824 893
58 628
15 153
21 126
422 837
537 477
545 902
767 547
652 357
5 61
392 853
279 656
869 596
172 62
35 898
241 818
907 202
594 758
579 30
850 777
225 247
568 609
840 954
986 369
843 597
857 321
323 213
674 605
648 756
139 340
512 163
152 212
108 262
22 201
48 193
592 721
7 963
84 47
615 998
319 587
83 940
877 404
576 318
290 697
705 456
627 89
361 460
662 347
792 103
113 194
486 361
578 199
546 983
266 422
735 563
229 468
750 35
348 12
266 936
405 282
158 170
454 657
859 737
266 864
939 714
752 460
686 195
375 661
963 434
64 822
983 142
339 468
449 897
875 870
857 941
68 555
992 667
47 313
277 359
170 197
149 179
3 12
607 279
935 735
373 369
857 578
127 818
172 600
988 266
765 531
406 413
20 36
585 881
204 690
851 211
177 196
294 302
867 1
254 578
704 973
763 900
391 641
315 699
360 310
948 582
558 366
818 186
859 871
786 840
16 699
690 572
535 777
622 466
487 854
362 851
58 902
147 388
571 96
369 123
700 30
74 590
334 632
186 719
986 534
10 469
902 188
57 313
812 839
68 77
531 182
941 990
176 651
694 40
27 88
55 70
428 104
356 946
735 493
246 482
388 702
412 965
672 410
567 159
277 383
936 965
414 766
448 209
978 801
5 35
350 467
957 75
328 21
89 736
745 822
702 724
352 562
911 998
590 944
899 898
941 668
807 630
27 485
932 294
368 328
345 921
523 376
692 861
175 468
50 989
9 698
442 677
394 772
729 568
473 507
213 255
56 812
704 770
784 828
459 672
460 141
69 266
465 485
787 288
746 423
924 657
915 671
668 131
448 978
788 814
276 273
877 956
695 503
281 133
716 987
593 900
350 268
998 95
179 514
638 992
207 208
785 348
725 912
232 593
813 14
184 952
959 886
885 49
474 352
398 920
152 911
689 692
515 26
696 906
159 359
838 944
723 131
890 426
36 757
978 547
140 20
287 35
118 563
962 742
32 93
406 124
946 300
681 589
604 711
808 758
108 40
466 632
275 830
333 763
226 989
194 632
314 794
54 772
832 492
10 523
304 763
181 246
259 282
364 289
411 870
246 223
73 676
482 457
49 999
644 929
9 273
324 643
6 337
213 574
927 199
643 305
962 805
37 41
315 844
799 733
59 868
809 413
184 895
448 617
365 900
742 656
201 618
338 840
718 734
465 634
285 959
883 933
182 613
656 744
445 941
724 116
433 392
934 781
247 459
48 585
325 821
43 772
539 68
447 241
75 534
779 336
321 737
718 315
56 29
986 774
818 497
997 443
697 292
661 814
70 69
328 842
830 246
826 742
231 113
428 81
748 6
563 192
196 494
217 336
130 728
350 510
31 103
224 850
212 576
7 13
245 419
228 359
765 241
989 433
790 655
88 839
399 100
527 554
426 901
200 336
337 618
82 643
697 784
59 305
374 904
158 964
156 320
933 381
293 279
413 951
687 322
961 987
883 381
761 321
829 742
85 997
455 896
477 948
331 39
926 465
788 605
742 555
44 529
911 123
744 258
640 508
597 325
618 412
565 123
242 69
37 837
277 285
984 348
712 531
177 371
18 698
327 719
1 154
259 633
23 621
267 57
198 557
412 526
233 134
77 799
382 239
153 729
338 293
917 581
28 875
788 647
163 403
487 107
220 937
673 351
494 903
448 471
20 923
78 765
63 113
45 229
169 485
76 884
138 735
354 272
273 792
743 115
298 382
859 517
740 859
864 772
67 869
617 700
817 821
344 836
547 528
32 960
605 203
612 773
204 383
960 50
290 871
464 934
945 347
41 860
305 928
429 342
558 119
396 686
465 8
158 954
812 782
87 263
835 506
229 763
220 260
472 489
823 838
601 408
984 30
118 621
969 724
78 196
270 929
1000 835
889 257
17 273
929 967
472 804
471 25
686 398
459 704
934 884
829 629
925 730
355 941
295 624
169 327
551 385
919 747
812 994
604 868
248 804
244 181
554 134
660 459
68 241
609 99
28 302
821 107
364 744
141 610
900 907
42 717
698 734
958 709
55 41
35 675
529 915
892 160
206 842
725 815
210 161
287 496
699 632
140 372
3 831
475 549
112 931
60 196
236 504
840 681
179 95
376 100
778 316
107 602
48 745
370 624
172 327
602 702
193 904
31 187
376 422
905 405
587 27
201 163
990 875
977 100
445 520
1000 36
845 431
568 33
760 56
9 239
114 213
324 525
503 705
518 215
428 77
55 638
998 374
751 930
63 207
485 585
192 126
307 289
38 598
8 673
1 17
361 683
922 544
419 661
473 510
538 895
414 679
884 289
937 267
341 629
137 81
307 539
308 7
842 614
639 863
370 709
456 375
39 921
113 873
913 615
233 631
385 415
48 163
266 923
956 20
196 923
636 702
87 592
516 367
342 55
121 417
53 140
591 692
280 980
968 39
785 504
927 944
20 34
561 130
176 813
101 822
16 396
845 684
420 587
504 471
11 436
325 165
797 128
690 480
202 8
364 373
426 668
705 685
3 106
571 888
115 33
894 933
688 916
638 61
310 974
32 35
399 247
282 717
304 284
991 978
744 314
280 619
293 219
336 124
620 510
88 32
923 975
382 725
690 142
557 91
275 778
243 787
9 10
494 206
80 986
617 896
512 959
602 950
339 707
761 166
71 192
404 668
520 338
507 710
129 73
44 874
292 397
497 873
107 104
680 904
635 177
503 739
300 610
573 155
495 740
255 724
63 670
489 292
653 380
519 362
134 543
452 260
846 48
892 64
962 628
293 719
190 744
871 735
148 5
81 407
523 655
891 649
98 404
839 196
149 213
108 989
109 278
177 425
764 773
500 343
564 881
58 352
715 959
673 310
199 48
919 853
143 243
46 87
820 504
727 150
678 787
140 197
423 417
19 134
442 594
741 432
983 347
83 583
827 284
103 183
845 264
192 880
131 411
462 867
214 389
908 780
484 649
493 317
48 608
857 781
927 626
2 7
721 289
779 52
462 478
147 548
621 878
26 888
278 343
1 693
533 293
63 150
560 680
933 757
437 39
393 744
98 552
725 530
585 753
736 832
31 567
747 894
927 147
786 594
895 894
143 912
299 654
955 226
932 211
108 103
200 595
644 721
280 604
311 863
213 164
941 69
719 317
658 250
22 523
29 383
741 831
764 94
145 82
354 963
759 488
925 207
350 956
423 187
120 977
366 324
249 78
492 579
521 361
366 814
471 726
798 181
227 290
11 84
491 791
34 481
57 63
931 413
854 639
574 981
292 666
402 337
616 52
1 866
972 816
201 622
26 30
208 636
54 915
408 411
468 781
400 914
529 624
600 802
68 828
555 94
739 73
146 835
26 415
289 177
605 931
50 190
458 470
134 84
114 283
98 888
124 380
889 926
640 933
179 774
678 52
41 909
20 240
852 586
714 39
277 418
4 295
151 918
743 582
381 828
790 82
506 332
783 350
3 48
314 226
548 569
70 505
375 160
916 516
795 953
807 811
526 895
842 780
847 659
596 962
192 309
208 644
318 48
491 518
582 394
66 918
389 924
127 380
245 598
427 769
481 907
536 752
234 189
75 597
675 227
899 75
977 147
247 716
757 900
715 392
915 249
630 536
862 961
708 256
80 776
412 749
879 440
229 220
295 791
771 779
106 608
480 303
636 778
949 561
777 47
80 226
167 176
865 45
363 987
928 342
205 669
936 987
313 850
642 453
494 100
2 30
164 381
177 73
493 49
487 705
351 895
739 478
185 456
842 438
327 1
271 927
763 846
496 999
9 280
554 324
342 644
997 667
559 870
311 497
787 424
774 338
660 725
791 64
372 19
273 688
439 573
711 601
603 304
232 637
802 555
280 201
235 111
996 448
680 881
200 557
188 250
29 75
37 578
728 805
59 391
494 121
642 432
596 171
240 638
761 845
912 533
681 352
527 834
320 417
994 970
357 559
891 932
409 288
756 564
633 761
295 319
234 170
319 209
58 123
217 903
580 424
121 137
147 899
5 105
106 465
486 914
244 646
387 889
604 728
312 223
310 592
985 665
642 858
676 159
187 888
4 259
516 142
410 844
940 21
509 869
581 148
7 474
435 738
570 400
124 992
985 925
954 873
717 908
143 271
653 797
806 249
897 676
317 346
544 515
968 725
860 844
479 219
575 311
89 125
80 229
238 949
119 353
481 769
532 795
79 294
633 454
596 890
173 426
894 905
232 848
437 827
28 507
110 216
430 444
85 84
864 703
312 915
977 363
73 142
735 869
166 697
911 554
32 389
436 102
25 582
196 6
798 248
396 124
28 442
879 166
554 878
4 983
307 137
281 372
244 879
715 850
505 388
204 194
742 193
144 882
508 264
52 322
712 411
884 551
116 252
955 820
381 948
571 977
169 917
317 481
239 264
947 770
864 816
340 828
828 984
103 970
125 952
138 888
154 418
826 673
689 20
118 101
841 740
222 502
134 43
162 804
416 850
253 591
498 628
5 33
407 784
45 81
544 882
927 976
645 423
30 788
636 834
112 582
215 200
237 254
14 126
440 171
655 821
764 750
134 970
296 360
933 622
118 166
618 101
70 173
530 485
590 837
63 818
603 835
34 677
907 504
366 765
516 859
64 536
16 195
829 63
621 765
415 429
170 578
726 727
566 396
889 818
744 265
993 773
915 694
834 202
852 787
126 461
805 477
476 771
759 351
379 327
7 23
340 380
245 730
467 400
711 879
103 801
928 349
280 560
341 542
918 470
65 116
124 229
281 777
382 431
478 83
81 327
642 280
319 842
105 801
793 257
236 584
741 62
409 855
605 773
311 813
556 133
349 410
111 967
450 834
108 665
985 46
453 575
533 72
325 207
335 582
126 600
723 933
234 215
415 615
4 504
298 976
996 54
622 115
92 157
277 249
935 643
207 218
254 276
74 132
848 499
827 304
566 144
530 351
260 932
356 485
187 599
217 66
54 283
819 562
9 19
49 479
537 769
67 919
357 882
88 525
757 742
657 666
207 623
759 684
48 64
724 502
69 386
406 627
186 129
130 257
313 382
866 667
669 222
73 172
128 956
196 303
767 967
291 296
759 484
86 149
339 351
767 892
248 189
392 743
59 417
625 940
184 427
464 621
190 356
335 537
127 434
832 159
991 648
218 476
644 473
12 503
608 308
84 570
701 575
653 544
123 266
150 426
269 569
59 835
591 273
340 242
332 258
227 472
88 549
95 856
427 372
656 58
792 870
130 650
670 94
230 100
998 387
182 306
767 174
533 720
129 516
515 304
163 165
917 237
694 453
434 711
723 464
102 112
384 895
379 799
692 379
364 639
443 949
384 517
750 901
992 498
568 883
27 695
451 285
532 784
926 960
414 619
287 898
973 510
722 265
447 18
673 16
114 822
927 283
803 657
392 787
62 373
861 191
400 464
152 519
187 800
486 49
860 129
218 977
274 514
513 833
542 263
312 87
147 303
262 449
753 452
118 743
315 382
474 718
163 555
382 34
223 911
841 817
951 503
150 507
866 707
407 857
347 632
923 929
38 178
32 752
879 876
611 703
552 493
520 991
73 504
497 67
315 378
29 321
254 64
547 756
311 424
193 702
569 693
136 553
760 185
843 299
906 678
37 163
567 252
82 358
877 275
724 908
767 871
20 299
571 156
215 568
917 224
292 288
263 480
643 516
191 199
780 208
395 918
806 383
492 730
696 71
827 911
38 458
886 962
418 374
460 962
646 325
498 724
692 287
608 26
591 39
812 817
536 758
671 841
433 55
594 487
811 754
545 107
467 596
437 581
430 788
251 110
529 882
871 939
48 50
192 24
508 66
60 59
38 42
996 24
633 260
414 288
441 616
407 239
75 261
463 380
259 8
192 557
138 388
907 980
680 279
227 890
194 623
220 38
952 384
404 707
542 733
239 461
674 650
465 682
493 377
340 329
986 194
760 203
6 274
245 69
607 169
549 798
341 171
170 761
614 424
688 965
617 993
271 357
593 912
907 928
629 229
341 47
41 583
957 283
339 691
51 901
576 717
228 969
548 836
159 197
165 511
555 619
178 457
237 645
849 883
964 936
176 755
527 146
92 17
18 456
448 937
637 675
823 251
482 47
498 986
107 124
72 393
771 707
414 277
968 857
217 535
976 497
744 995
268 719
659 23
326 373
802 878
834 317
877 696
234 896
448 449
55 713
683 728
696 545
845 605
41 5
649 585
312 639
839 887
667 110
175 772
923 948
475 129
529 198
170 956
672 420
19 193
218 727
766 223
20 663
632 163
152 511
691 659
305 580
210 762
55 174
866 283
441 100
280 811
813 822
928 195
267 563
414 538
723 458
132 833
926 344
135 618
932 220
283 593
816 661
779 657
221 193
422 564
89 116
95 111
753 322
957 132
857 843
291 775
441 321
827 776
523 173
412 564
524 967
284 243
197 840
978 671
136 973
496 167
421 489
436 648
762 60
174 304
495 862
703 140
828 107
269 953
463 122
9 141
237 131
927 967
475 965
772 242
829 83
149 770
883 532
266 438
189 819
509 872
942 205
834 217
911 259
994 219
264 641
53 670
487 27
56 632
925 155
422 759
883 528
7 82
368 430
127 345
913 255
695 869
513 970
578 520
777 615
874 400
812 686
801 405
196 394
105 483
621 252
495 465
455 584
686 214
421 104
744 930
366 482
120 258
522 608
271 510
743 917
649 107
14 856
349 632
965 358
296 516
614 932
833 289
166 523
237 880
599 694
625 779
158 125
235 495
768 577
824 759
161 617
444 668
1 2
785 118
686 958
203 688
115 238
211 40
699 668
760 243
436 931
699 570
781 892
717 649
56 973
71 952
731 998
28 64
339 585
792 748
509 677
46 113
463 770
971 240
47 80
64 986
780 903
878 798
549 599
630 194
150 300
93 341
313 121
651 595
428 981
410 322
617 416
485 307
146 948
20 177
665 899
868 428
5 748
342 642
702 247
411 189
471 158
5 54
56 601
706 872
63 930
655 201
30 550
718 54
674 891
589 736
637 981
582 926
965 407
374 203
170 109
45 608
946 101
54 191
740 274
171 829
901 409
418 226
259 414
24 712
536 720
9 804
87 215
985 720
664 355
118 969
287 280
974 226
242 60
877 758
883 526
112 250
107 114
299 837
464 898
130 615
53 714
840 108
536 828
876 247
26 64
415 489
471 564
165 648
240 865
97 149
411 12
462 813
86 97
18 100
191 492
646 966
729 803
545 885
743 161
393 271
297 203
282 681
366 993
940 72
413 573
638 221
79 393
514 917
120 200
657 508
910 132
430 910
361 163
311 601
725 823
915 158
368 60
330 7
593 235
288 804
217 986
481 774
62 460
794 294
20 642
467 652
84 202
398 16
470 491
981 539
804 145
950 713
873 696
192 296
677 408
359 287
71 736
313 76
154 553
879 832
513 763
359 728
8 776
494 726
366 374
815 843
888 8
996 43
397 335
196 851
878 942
103 35
122 356
517 383
183 656
110 242
890 963
836 615
116 390
108 66
281 415
478 85
807 27
13 210
255 186
794 734
476 451
263 11
262 960
34 605
467 394
146 148
627 650
435 470
380 973
853 286
634 531
863 433
714 452
243 294
369 413
671 222
613 751
932 867
465 603
838 756
363 98
195 933
59 542
58 725
63 146
510 608
625 357
493 554
527 388
419 949
716 962
519 744
165 155
863 569
245 321
246 775
941 672
847 878
87 239
480 595
44 897
180 15
836 476
342 360
262 615
814 117
487 884
122 553
172 201
98 317
905 909
105 354
3 844
3 192
493 227
164 167
479 306
856 383
506 394
165 481
265 685
977 643
559 375
713 975
167 475
482 228
483 672
672 210
535 262
170 67
565 625
882 895
391 695
517 218
344 173
97 625
675 201
28 59
114 472
130 89
820 111
381 995
705 700
99 143
482 195
393 492
9 982
324 927
334 808
598 845
43 424
65 9
533 811
129 322
312 541
488 972
334 997
757 273
90 430
602 342
557 154
370 869
919 209
640 715
208 738
475 448
242 176
808 746
586 544
708 383
81 924
574 138
510 642
276 746
579 122
128 440
85 328
647 888
329 638
646 37
173 853
701 864
64 155
900 455
111 671
168 339
638 890
102 352
645 799
587 513
948 460
109 23
510 557
984 722
585 590
403 409
759 229
509 826
372 207
709 52
311 659
82 850
732 821
661 767
242 806
106 160
129 156
544 640
493 137
121 195
479 652
420 732
980 642
52 378
786 500
409 459
722 948
811 923
401 916
177 992
931 763
144 169
109 315
264 266
412 654
410 549
84 706
423 125
110 136
241 732
7 18
425 479
678 878
984 895
286 728
622 862
742 617
129 598
99 230
723 874
45 736
868 492
924 7
998 988
185 698
372 113
635 646
511 472
346 21
853 178
58 589
900 665
405 775
468 638
551 919
141 372
60 307
233 624
35 41
400 492
987 573
721 970
233 864
982 327
755 255
68 374
204 95
644 142
791 100
898 591
261 423
109 168
583 488
186 329
532 644
916 100
442 549
828 228
444 545
134 145
878 638
430 959
737 566
504 122
209 865
592 949
549 769
608 883
615 126
550 412
392 657
731 913
560 332
990 505
449 276
49 741
703 795
488 542
774 294
41 713
973 526
971 17
300 191
689 306
223 613
761 777
787 877
942 840
140 169
6 151
324 848
670 681
99 726
146 161
317 196
185 858
292 911
367 283
68 399
230 750
643 783
141 358
472 526
877 878
3 5
324 373
275 518
277 304
163 217
813 787
161 206
473 654
463 300
554 557
77 934
620 466
110 480
46 451
300 796
504 313
44 384
588 489
358 386
365 387
252 34
687 169
230 572
181 84
777 153
93 771
460 513
191 891
700 762
166 742
28 49
510 89
833 669
121 164
985 509
175 671
543 541
266 502
349 421
904 492
330 197
281 668
3 196
565 616
102 129
895 392
157 601
924 731
108 723
612 375
516 525
69 573
512 515
615 765
4 27
15 733
753 768
948 476
686 312
81 797
688 90
561 5
10 117
257 559
47 983
346 168
202 234
250 901
179 33
55 712
615 613
351 227
925 623
659 261
452 474
136 233
856 451
256 957
157 855
271 711
81 275
464 570
882 694
487 95
71 788
365 773
485 969
219 628
17 690
945 929
663 303
729 663
571 448
908 383
623 590
497 410
57 537
729 413
212 448
496 819
640 740
168 267
102 806
771 725
808 158
191 245
440 327
186 365
237 309
983 915
972 472
812 418
599 449
286 780
694 813
470 477
866 862
190 600
168 582
720 564
654 10
281 932
244 594
304 881
728 482
152 282
125 602
541 963
400 622
146 353
661 512
125 110
968 315
617 835
44 262
351 807
948 517
911 778
289 783
415 754
808 287
926 125
586 399
914 173
265 176
80 387
373 568
153 262
23 204
169 857
1 73
74 742
254 203
426 641
958 789
475 115
149 734
987 409
566 246
542 864
162 551
643 796
933 499
733 620
748 628
142 822
928 570
259 720
910 247
959 674
937 170
264 554
308 844
368 13
168 371
53 159
408 658
677 427
36 45
478 446
139 96
418 533
48 607
180 543
150 212
492 700
45 400
345 23
6 102
477 786
52 687
73 445
233 852
882 614
171 295
615 296
430 620
688 742
579 489
705 18
786 915
887 610
52 220
667 565
36 174
795 146
831 348
463 817
811 160
70 92
842 193
672 677
221 325
901 603
148 657
838 767
398 68
990 776
847 830
934 504
686 897
659 749
473 552
537 990
759 921
31 99
973 881
331 415
221 112
572 615
964 378
68 820
172 252
158 259
812 21
24 308
102 257
835 225
175 224
394 132
902 670
473 31
165 402
831 220
33 592
112 925
804 778
45 841
182 194
865 770
115 224
653 688
253 750
69 15
941 381
723 997
106 220
609 535
54 561
43 542
797 121
885 546
569 219
650 338
553 952
989 932
332 351
508 716
962 692
213 956
277 868
976 508
15 253
396 329
38 457
135 688
933 401
970 986
905 42
471 155
620 617
597 901
374 979
252 980
61 735
616 553
301 152
567 118
190 402
36 72
291 328
209 278
305 334
276 851
356 423
125 56
328 702
192 408
170 596
552 385
116 816
81 84
320 770
314 219
794 353
890 184
859 889
385 823
379 316
265 772
176 381
313 329
999 422
814 602
647 713
981 658
524 398
992 796
714 654
793 61
736 211
216 887
808 409
11 32
954 899
978 809
591 180
942 255
75 86
964 778
35 519
81 290
161 440
573 23
588 951
227 531
553 181
86 118
688 597
562 53
352 426
594 221
327 40
345 568
445 481
671 71
656 829
191 92
752 815
448 583
476 439
312 779
749 826
159 950
898 448
961 123
562 155
234 64
565 167
20 137
53 61
614 676
388 402
53 58
365 828
493 911
838 789
781 248
606 283
346 968
547 766
273 92
922 363
625 176
763 961
939 456
99 189
247 463
369 289
733 548
144 720
228 730
98 852
205 471
572 874
474 35
194 371
475 815
165 660
119 224
205 186
187 91
660 828
489 667
404 998
318 538
861 896
746 128
75 231
783 687
563 689
108 376
729 450
953 122
806 659
910 662
36 497
721 449
269 925
234 699
773 461
23 351
97 799
908 407
503 661
597 52
95 248
504 630
717 538
5 8
931 264
198 412
648 35
109 951
736 526
379 227
395 338
22 954
103 653
719 893
909 384
64 922
466 690
946 63
291 639
31 994
275 217
460 911
6 503
441 411
250 621
874 487
185 915
736 407
89 277
114 60
279 140
382 731
36 690
742 995
825 916
214 88
985 547
802 746
972 999
571 233
626 868
278 154
562 475
839 495
455 560
776 619
816 755
647 116
469 279
102 263
149 120
695 803
627 941
534 121
405 393
37 546
716 81
23 425
328 161
841 795
222 712
798 792
360 711
437 401
543 675
270 23
595 751
512 842
45 690
636 944
583 775
307 851
280 761
527 553
26 791
22 29
368 838
589 520
759 846
153 466
456 602
536 833
492 188
255 798
652 435
146 541
181 341
284 247
681 459
942 798
55 217
901 164
807 842
54 142
496 69
252 996
437 273
92 187
499 138
245 77
389 327
819 677
906 786
441 490
657 877
598 105
775 987
543 564
433 364
201 66
211 157
202 398
834 165
345 337
303 421
282 918
932 171
539 912
60 715
400 525
393 247
711 190
323 970
212 557
830 967
780 336
585 882
92 538
203 551
742 409
235 726
538 15
174 74
986 543
564 360
239 2
252 635
220 327
317 128
376 764
862 109
327 342
452 32
7 53
373 784
560 886
377 132
116 388
265 794
922 911
152 302
500 352
641 984
463 473
775 86
943 735
173 846
368 551
619 405
64 385
988 946
18 17
664 808
510 656
156 429
892 756
296 774
408 304
228 269
461 469
492 561
303 562
699 63
97 139
698 768
480 508
859 274
551 447
438 429
341 816
715 907
900 54
118 335
421 584
878 52
196 453
292 426
861 342
765 80
733 796
254 129
609 373
34 656
310 536
428 940
408 484
672 13
368 423
510 485
912 601
976 457
986 138
293 758
667 533
166 429
230 192
1 3
95 733
457 326
53 998
489 836
665 472
807 235
913 461
8 375
92 982
937 535
73 890
118 835
888 395
714 404
755 968
518 532
930 318
546 572
787 274
359 715
142 988
114 955
736 959
677 793
139 919
477 688
759 233
146 986
856 482
429 668
634 29
228 280
550 959
118 280
791 487
7 62
167 16
878 706
242 860
514 518
317 394
931 364
357 847
373 763
402 287
572 772
695 220
148 698
633 593
882 469
27 693
969 320
223 992
160 740
978 16
8 701
656 811
537 521
96 188
339 330
358 822
46 449
831 372
241 281
519 946
182 186
115 524
567 319
832 155
880 226
727 481
515 292
337 986
439 589
459 959
333 795
976 782
630 50
942 323
688 858
466 9
348 859
807 820
369 3
250 362
95 107
798 909
232 868
933 571
86 741
323 859
248 277
19 381
539 540
12 122
119 593
68 591
857 217
63 311
475 413
698 91
250 477
955 813
878 868
159 541
298 455
888 80
279 352
767 44
248 274
441 349
99 639
301 430
344 739
186 276
706 885
564 668
214 715
79 85
54 933
38 352
686 780
13 415
4 787
478 719
521 456
486 814
524 698
211 737
64 135
568 865
95 275
386 131
93 585
193 642
67 431
428 861
995 920
865 558
109 494
29 987
277 560
912 943
624 166
223 674
107 699
985 459
718 276
187 964
680 478
883 13
305 891
575 993
178 661
44 94
898 231
531 53
106 670
907 524
386 913
59 101
784 157
760 700
799 537
383 518
37 131
104 548
760 849
626 34
640 733
842 147
944 170
641 149
395 836
612 99
549 854
389 497
80 963
271 195
797 962
170 189
30 72
93 19
664 431
339 534
811 310
579 965
854 967
660 726
728 668
911 228
878 675
4 186
520 20
567 229
764 812
298 21
259 43
474 107
350 627
141 155
825 25
947 9
689 392
330 57
5 520
96 324
555 41
288 866
46 532
459 687
785 503
788 724
278 312
443 85
476 883
862 676
647 42
40 250
51 505
341 536
237 156
377 863
585 310
25 595
532 582
120 315
843 805
314 391
146 269
239 972
215 533
517 12
574 358
284 529
298 350
557 559
652 928
675 969
414 127
403 593
929 316
127 424
83 90
445 425
136 834
191 617
13 24
720 238
36 66
10 932
63 870
46 60
577 401
247 338
413 922
34 964
741 73
468 221
962 103
576 591
467 597
147 33
128 865
673 302
795 562
653 259
161 884
609 13
690 921
226 55
606 321
44 742
867 898
733 238
748 632
451 578
88 677
323 881
458 530
624 984
66 322
54 137
973 509
685 912
6 712
157 552
962 174
435 27
539 182
440 682
882 7
775 191
880 44
532 78
543 982
693 863
719 756
151 20
779 935
945 722
398 147
373 421
719 795
349 350
457 905
972 258
501 937
89 603
688 405
211 427
190 20
332 600
951 510
722 853
867 681
464 705
98 573
919 767
285 398
625 605
607 125
533 499
985 179
379 805
185 675
233 331
897 919
334 176
581 356
30 930
675 447
973 934
384 428
715 773
734 612
322 950
101 758
268 105
572 256
864 167
883 154
813 93
77 885
44 71
306 939
498 494
487 535
113 362
698 104
305 797
164 446
979 263
49 567
213 468
67 79
20 871
615 11
211 228
557 640
776 707
495 556
38 664
660 698
707 693
424 906
748 416
804 227
961 167
465 795
219 900
29 196
924 929
597 371
759 952
504 716
377 899
311 289
74 758
811 106
758 863
964 869
76 427
231 441
833 140
987 60
639 581
432 991
204 926
248 983
791 193
80 655
206 411
236 198
367 655
534 271
23 37
26 396
145 293
820 198
270 889
467 363
465 469
583 174
825 641
305 221
459 169
263 415
709 543
57 166
426 90
507 777
808 479
639 159
265 947
191 369
23 367
161 364
421 427
326 518
226 321
185 412
620 253
65 242
707 952
551 717
716 759
432 479
28 67
62 571
705 787
72 944
83 486
991 479
595 668
304 737
457 776
970 587
55 972
170 449
751 426
534 826
266 712
889 68
799 807
543 570
31 527
584 205
666 349
225 591
649 519
368 240
615 470
230 361
271 952
519 983
696 279
373 78
543 423
228 964
952 346
537 826
437 578
74 293
393 155
62 616
87 309
492 47
608 882
877 521
538 399
654 618
49 218
980 369
881 35
974 433
951 424
383 300
629 922
727 891
705 937
164 341
524 929
879 923
808 8
834 343
517 371
589 604
135 505
196 950
22 51
153 998
971 873
926 258
19 267
698 865
966 143
371 449
642 956
949 955
661 341
620 892
691 208
148 182
685 480
32 406
883 853
402 336
341 897
218 643
305 412
372 632
795 38
779 99
285 951
128 259
518 957
312 862
765 563
53 354
650 739
219 810
835 335
128 548
388 531
693 85
531 272
921 485
187 54
627 981
914 807
181 771
553 915
404 690
727 892
833 29
354 451
94 244
137 665
786 140
292 19
348 566
956 103
896 714
661 823
507 189
972 693
391 563
370 758
189 584
281 699
608 805
460 676
49 961
368 528
171 548
381 626
636 266
995 274
545 222
660 604
74 653
569 165
177 659
373 902
512 491
693 213
823 631
688 671
385 924
737 296
816 10
457 460
951 933
816 123
708 430
37 937
380 87
77 775
55 354
449 952
525 112
621 597
790 523
886 806
196 752
88 225
202 158
710 297
702 993
248 902
818 993
206 360
148 379
391 875
122 705
376 696
900 392
568 872
801 755
714 591
107 753
587 728
383 581
319 140
409 639
67 74
453 493
3 4
757 917
156 293
100 669
810 223
894 331
719 486
29 39
7 52
288 426
967 255
25 660
109 679
496 526
589 682
782 702
665 168
567 13
696 54
850 986
261 922
324 76
571 496
16 76
232 653
135 342
352 485
736 931
724 979
118 302
571 609
442 545
155 118
281 20
50 200
407 674
917 524
313 813
505 476
31 588
472 749
309 786
140 723
851 32
194 562
935 832
322 499
297 437
314 647
535 47
128 319
715 936
999 97
39 266
936 537
48 149
747 821
271 767
630 526
521 381
779 531
664 316
260 99
69 612
696 803
371 992
140 817
155 561
725 371
397 964
633 26
103 140
10 489
7 176
429 322
447 761
958 854
296 899
70 376
918 283
683 718
306 528
640 976
468 138
767 805
517 399
526 776
206 907
891 115
855 911
490 698
577 721
403 885
28 159
796 472
348 296
901 975
348 931
44 589
852 871
869 54
533 524
28 46
978 903
209 406
286 204
507 439
874 634
423 320
508 546
209 729
761 511
469 296
898 13
481 532
425 431
514 380
469 386
57 332
612 421
17 875
766 692
278 454
338 925
973 83
446 383
317 506
188 292
374 790
325 833
280 48
300 981
673 637
184 486
194 224
67 366
690 52
692 590
356 644
233 87
359 196
545 64
326 78
119 602
514 604
206 963
9 463
910 208
864 790
717 884
222 550
518 399
740 935
992 738
818 615
29 118
172 941
224 363
911 12
576 481
113 617
976 337
607 925
776 75
541 367
603 969
595 177
574 579
691 984
470 633
275 954
678 586
210 375
617 702
738 696
28 384
426 518
426 559
391 988
544 357
613 290
155 110
96 719
807 549
41 464
876 981
480 589
985 727
692 361
498 789
319 821
965 700
919 778
653 839
321 275
610 553
508 234
384 435
755 777
500 876
12 617
795 618
281 323
910 582
264 198
395 364
281 179
23 394
680 758
362 256
42 89
804 347
603 793
195 979
595 170
94 231
662 757
711 592
140 258
553 872
929 297
627 217
605 665
172 419
664 876
209 555
470 723
53 328
243 997
93 617
637 570
908 917
171 728
148 388
902 930
217 70
397 290
997 693
693 808
843 129
764 688
236 284
94 450
820 214
765 523
87 320
226 439
545 842
349 85
331 885
945 148
718 765
802 969
696 253
906 751
294 344
442 152
70 424
218 17
813 936
650 10
851 939
167 683
851 138
353 763
131 433
381 958
6 588
329 18
366 670
946 909
127 664
39 98
22 338
536 356
72 662
979 454
187 543
292 611
380 899
561 3
286 571
571 719
980 961
215 625
521 719
551 239
859 143
571 622
118 64
337 501
818 55
265 818
698 348
664 31
60 239
613 970
289 897
122 44
763 962
327 518
828 235
214 326
20 672
194 679
321 765
937 382
30 132
605 366
134 610
368 168
798 422
769 866
424 30
632 126
673 1000
67 790
688 502
343 309
349 691
818 247
502 707
926 256
346 295
348 551
405 461
51 424
877 58
233 659
340 502
18 55
47 592
54 238
473 286
369 55
224 881
383 243
128 928
175 517
776 140
438 559
476 202
970 694
857 506
220 271
379 61
310 47
306 575
194 876
418 672
137 969
242 611
104 92
663 946
125 661
184 419
512 917
880 246
705 999
543 984
908 567
92 160
705 877
419 679
317 115
39 225
922 946
687 387
408 265
835 546
93 443
256 714
654 876
868 922
897 2
949 984
160 226
67 951
752 140
343 119
47 485
298 611
355 990
558 833
8 14
5 6
45 914
26 120
786 876
816 345
870 595
180 785
952 431
190 688
574 216
747 108
723 838
421 132
528 530
692 368
248 220
587 538
363 569
99 858
227 439
480 392
863 599
585 488
208 977
785 354
662 514
230 187
158 199
838 876
463 370
254 303
154 459
710 704
137 468
4 16
899 742
348 578
156 251
27 108
834 306
937 972
866 298
349 601
216 227
206 695
191 132
582 872
39 826
91 254
171 242
776 765
447 361
141 512
497 540
930 870
101 100
728 278
812 574
725 9
602 837
391 647
8 537
832 193
927 361
994 836
632 463
184 756
9 917
315 248
438 369
362 202
533 952
944 704
497 552
162 181
534 870
95 766
778 848
285 690
501 89
300 432
78 818
818 865
96 271
839 881
957 44
439 557
563 915
176 182
150 665
66 178
894 641
951 999
302 876
183 944
603 390
841 412
435 830
331 634
371 579
254 321
978 134
807 365
419 160
198 561
241 989
944 655
540 596
894 710
795 960
49 144
369 740
203 279
171 566
2 781
823 784
166 778
907 330
683 975
206 58
852 955
741 378
87 899
143 132
381 724
904 248
601 978
365 991
109 403
234 22
394 188
875 374
794 393
488 329
105 685
560 172
81 532
696 480
623 673
301 584
311 704
559 958
671 725
547 103
635 508
989 381
30 674
321 223
103 472
716 744
241 996
246 169
952 305
213 240
150 470
898 153
371 834
863 344
84 376
787 835
156 878
938 407
93 637
839 362
731 191
384 382
272 469
13 813
740 820
185 810
548 737
531 928
682 207
323 529
511 118
834 856
944 948
389 161
744 625
716 872
303 319
748 63
93 786
629 432
440 654
554 660
465 979
475 302
254 351
498 915
393 232
974 230
248 190
385 886
390 82
283 145
391 318
362 896
926 975
948 447
99 764
564 594
881 237
102 874
652 124
838 791
439 501
345 435
97 195
912 663
451 53
4 310
498 827
28 44
234 470
21 102
909 209
649 120
468 809
194 763
262 131
284 882
230 775
969 582
250 141
511 705
939 298
376 193
806 616
104 462
707 210
756 479
670 765
68 971
825 853
243 666
654 869
703 551
222 200
14 359
293 323
291 421
989 979
756 348
996 832
26 637
229 757
437 326
137 916
688 435
493 729
907 182
854 297
121 429
688 484
753 100
152 865
449 215
457 565
154 26
247 644
291 504
156 24
886 120
26 866
170 141
190 288
905 912
915 340
37 500
291 473
384 323
9 55
44 905
225 172
695 900
235 858
418 836
362 804
421 219
542 406
826 242
70 110
964 762
532 902
440 736
585 701
22 249
958 724
116 2
627 404
389 67
698 681
80 227
999 300
328 375
178 72
241 455
966 201
4 11
537 780
11 668
80 11
307 316
958 552
795 415
218 348
569 660
506 747
26 684
888 961
255 600
30 595
180 877
231 847
885 111
53 270
742 411
605 700
135 838
830 172
958 321
254 342
437 820
767 822
859 762
113 700
914 37
904 584
331 871
777 750
4 271
359 406
201 942
205 914
769 580
143 156
596 480
62 378
57 254
883 744
787 526
70 656
397 839
346 155
642 838
415 861
901 59
152 118
429 536
456 17
176 121
555 769
750 414
514 125
35 299
332 101
179 953
234 947
285 550
141 561
667 932
178 222
659 584
431 514
827 465
107 824
931 220
260 649
452 676
797 594
709 820
892 190
10 600
645 555
135 339
784 583
766 140
774 911
757 895
347 164
385 246
866 480
774 66
218 588
933 50
415 963
657 273
785 803
2 367
589 405
910 250
134 156
47 506
728 423
964 402
55 400
441 625
618 323
360 784
244 648
689 667
101 163
636 506
530 948
164 589
329 379
344 534
831 572
695 490
356 271
67 383
100 832
338 765
359 57
416 713
332 377
607 585
932 155
513 469
690 906
21 437
31 517
192 288
804 957
166 99
178 473
7 121
378 545
754 550
645 765
188 307
934 906
641 878
74 164
298 700
911 274
322 442
785 913
118 411
999 412
628 686
99 161
664 855
208 103
366 567
54 128
88 635
185 206
434 114
403 857
526 51
103 501
149 314
602 472
669 54
815 439
581 952
242 468
954 381
226 496
810 954
1 15
788 698
552 776
912 687
60 581
531 789
415 449
370 57
664 878
988 281
928 75
75 952
745 255
857 6
238 451
773 535
631 750
