50 50 1000
44 36
18 18
13 46
35 41
26 5
4 41
22 16
4 8
38 47
46 15
22 15
1 32
50 5
9 32
41 34
5 47
6 24
3 1
28 6
46 37
44 8
46 9
49 48
6 38
50 16
5 10
15 10
13 21
37 26
11 39
27 44
4 12
6 48
14 33
21 1
13 2
10 31
34 2
8 47
10 18
37 24
35 49
24 18
27 10
13 3
39 24
32 10
26 24
8 19
18 9
7 8
27 48
38 42
40 11
37 9
30 33
22 45
49 34
32 7
48 26
4 22
26 43
37 2
3 3
3 38
39 49
32 45
10 17
1 40
11 50
24 16
40 30
30 26
10 45
33 11
37 47
44 25
9 22
4 25
44 31
29 35
36 50
48 18
19 14
46 36
46 47
47 28
26 10
41 32
40 25
7 15
7 27
21 31
6 17
4 36
41 5
41 48
10 27
6 6
24 48
1 18
24 39
15 18
5 3
36 15
24 13
36 6
15 21
48 48
37 41
35 23
5 18
14 8
10 34
38 26
33 33
7 42
49 40
20 20
18 22
38 24
12 25
12 6
15 45
44 3
38 4
49 29
24 17
35 14
43 41
37 23
15 50
6 7
10 28
43 30
2 8
11 12
46 39
3 4
48 7
14 4
38 18
20 11
5 23
27 9
43 7
24 46
25 49
13 11
8 14
12 48
27 5
17 24
35 44
32 41
21 9
22 49
30 42
32 25
18 5
40 2
5 24
30 11
18 24
33 16
41 12
46 30
11 30
21 19
41 35
36 28
13 45
44 1
46 23
25 6
50 7
29 17
46 2
41 17
39 40
50 6
5 33
12 17
4 48
9 13
12 37
30 50
43 49
27 45
38 6
16 32
25 38
33 41
24 36
3 19
22 25
12 12
34 20
21 44
45 37
43 19
40 27
21 36
25 50
8 36
16 33
34 40
17 3
28 5
1 43
16 43
45 25
35 20
25 5
22 35
16 27
29 25
40 1
22 6
25 35
31 21
29 31
29 41
48 11
43 45
32 3
48 27
46 44
3 7
23 22
38 15
43 6
33 15
7 3
10 49
20 27
12 43
18 7
32 23
47 42
23 19
30 45
28 38
15 28
42 20
41 46
48 46
8 13
2 47
13 42
45 5
25 3
23 12
6 2
15 37
16 46
13 20
45 46
11 3
29 19
30 22
30 19
47 45
9 11
22 14
16 49
4 24
13 50
36 26
38 1
20 6
45 15
7 26
9 39
24 4
46 28
42 23
43 14
36 43
3 14
18 35
20 49
30 27
31 4
48 21
49 21
29 9
36 29
6 18
39 48
14 19
15 26
46 18
25 32
17 32
35 16
11 38
7 36
49 5
32 47
44 50
47 46
35 33
48 39
32 29
1 44
27 15
25 11
33 7
44 37
25 46
27 23
46 6
17 26
32 49
7 20
21 21
14 36
20 22
38 30
35 34
1 46
36 41
38 49
8 5
33 4
45 12
9 20
13 7
24 15
48 33
40 45
14 45
5 40
4 3
2 19
16 35
17 18
5 41
11 46
28 24
29 33
19 35
49 47
35 21
44 30
20 38
39 45
45 35
15 33
50 43
18 48
30 15
38 48
28 32
28 43
31 49
27 33
5 25
30 39
25 7
43 31
41 4
37 37
25 9
30 2
30 44
35 46
19 39
43 15
33 13
50 22
2 15
34 25
45 32
12 16
42 43
34 29
4 21
50 45
25 17
40 4
26 15
15 29
46 14
16 18
45 6
3 34
9 7
19 10
21 11
25 48
45 18
48 23
26 6
43 22
20 5
28 47
21 41
28 19
20 4
20 30
45 3
12 39
16 7
2 50
26 7
15 42
47 8
12 1
18 13
25 22
8 28
19 21
32 39
11 26
28 22
35 36
11 23
1 6
26 42
8 12
18 25
8 32
6 4
49 27
31 29
29 4
36 16
7 34
7 43
46 45
49 41
42 25
49 43
6 13
12 27
10 39
22 43
8 38
25 21
20 45
6 22
10 32
14 25
3 22
33 3
36 30
42 7
49 36
17 41
48 3
17 42
35 31
16 16
14 12
32 2
2 39
35 9
27 19
42 6
37 3
42 45
33 27
22 24
14 1
35 26
11 48
47 13
49 42
21 37
9 25
17 25
41 41
43 11
43 3
25 18
36 19
24 41
13 43
29 39
1 16
23 44
5 8
8 29
38 32
35 6
9 28
45 10
42 33
2 46
21 49
28 28
6 41
17 40
28 26
19 23
47 48
9 49
22 31
41 26
42 31
13 29
10 46
44 42
20 35
24 37
19 34
31 46
20 29
6 12
32 24
37 14
8 42
3 24
9 45
39 39
27 18
28 48
24 14
49 45
24 34
25 43
31 42
1 48
27 39
15 30
19 24
12 5
39 22
19 27
44 41
20 36
41 11
47 49
31 32
49 37
2 35
46 32
11 45
38 39
11 42
19 7
32 44
8 45
30 3
14 43
40 37
14 50
45 31
30 46
3 48
18 36
14 26
45 11
50 29
19 38
30 21
11 25
18 11
48 40
30 1
22 21
26 47
25 39
28 34
40 15
40 32
18 43
40 42
2 2
3 9
8 24
16 48
18 4
12 34
2 13
49 33
30 18
45 29
30 14
13 9
16 2
23 28
12 21
33 28
47 1
14 7
23 37
11 10
14 21
34 18
43 5
50 10
27 17
6 29
27 12
35 37
39 21
31 13
34 13
2 22
47 38
25 27
34 45
21 45
27 34
4 14
22 32
31 36
3 15
1 8
40 40
35 13
33 9
14 35
16 1
13 39
43 33
36 34
26 1
20 47
9 26
22 12
33 31
9 19
6 25
3 28
21 35
15 14
16 44
37 25
2 16
33 42
37 15
11 4
42 10
27 6
15 6
26 39
24 35
45 13
42 27
48 13
12 22
32 15
5 37
42 15
41 8
42 16
48 6
7 22
24 20
33 8
46 10
14 31
9 47
46 8
36 37
28 17
41 3
14 37
40 39
17 48
1 10
9 10
22 9
2 14
6 31
2 42
21 23
7 13
37 7
29 50
27 3
29 6
14 49
6 43
8 50
11 21
12 45
5 16
42 11
44 2
39 8
34 10
25 34
34 35
46 17
23 40
42 49
18 2
39 34
19 37
28 40
26 11
30 13
30 38
9 44
21 4
32 14
29 48
36 23
40 8
42 1
45 49
36 38
40 26
28 1
50 25
5 34
9 34
37 32
38 41
49 6
11 11
9 40
16 17
41 33
1 9
15 44
39 7
31 20
49 31
7 48
2 43
18 10
1 13
41 37
49 25
36 5
47 21
32 1
31 22
25 20
28 9
4 1
39 27
18 31
47 6
21 10
43 35
36 22
27 14
17 9
25 45
27 37
23 10
4 29
21 20
36 18
26 32
38 11
4 5
25 37
17 10
49 15
19 33
4 32
34 44
6 47
16 21
14 47
26 23
44 32
19 32
23 32
46 13
24 40
17 31
32 16
34 48
16 47
2 6
24 19
1 45
9 27
4 28
5 19
11 5
16 34
48 41
20 43
14 3
30 49
6 1
1 20
27 21
29 13
37 19
45 8
10 20
2 9
19 50
47 27
38 21
38 3
20 19
32 35
15 35
1 28
42 46
37 45
16 6
37 44
19 13
33 43
33 22
8 44
14 48
22 20
4 42
24 25
36 13
3 6
13 35
41 40
40 9
6 39
14 41
42 50
29 8
28 29
6 5
23 27
22 11
33 45
19 44
37 36
31 1
15 7
5 13
7 24
4 31
42 28
3 43
8 31
37 1
21 32
39 10
26 33
38 12
6 37
14 6
15 25
11 41
7 11
10 14
2 41
41 38
45 36
10 5
46 26
4 49
1 47
22 29
24 42
7 31
9 5
19 41
17 5
48 1
38 17
1 30
10 21
31 17
42 30
42 40
8 34
29 26
41 21
29 49
50 18
25 16
47 36
41 1
22 3
2 12
20 28
37 35
17 6
41 30
28 41
24 30
44 5
29 45
37 18
47 31
8 9
31 44
30 47
13 44
32 33
22 40
30 6
39 50
46 24
3 16
11 2
6 36
20 2
34 43
3 2
31 3
29 34
5 29
48 44
24 31
1 25
31 40
35 1
27 24
11 49
22 33
10 37
40 24
15 41
44 29
9 29
20 50
38 10
32 30
36 7
12 29
3 29
32 48
29 20
6 46
3 47
23 49
26 25
44 49
9 37
14 11
44 21
34 23
30 8
3 12
31 26
21 15
50 41
28 30
13 19
29 44
20 23
6 28
1 26
2 28
44 43
14 34
28 13
11 7
20 41
42 37
40 12
38 34
8 6
34 1
25 42
26 21
46 4
18 15
28 2
35 30
17 30
17 13
36 45
24 43
37 42
13 1
3 25
46 48
39 33
4 50
8 18
37 40
15 46
35 24
28 39
1 22
44 19
18 3
38 25
17 4
25 24
1 4
29 28
38 8
11 31
9 16
45 16
45 34
39 17
9 18
15 13
7 1
19 8
12 2
9 21
6 10
