100 99 7200
47 16
26 11
95 57
5 93
90 12
57 90
78 87
98 47
55 29
23 57
49 34
92 76
50 86
13 29
49 66
38 20
58 51
95 31
67 18
44 12
14 87
77 50
87 13
46 40
53 48
19 10
52 16
30 52
46 91
21 98
27 30
45 95
81 51
91 23
87 21
2 96
44 28
33 13
55 95
67 72
30 36
32 44
64 96
90 86
92 70
96 19
91 54
21 37
27 20
9 70
13 63
63 85
95 22
62 12
98 4
85 24
63 41
32 20
61 90
26 72
43 2
100 53
62 77
3 24
97 47
57 14
35 78
44 25
100 38
47 45
40 41
81 77
76 90
35 62
51 50
45 10
8 50
72 28
32 70
18 51
7 5
87 56
82 34
15 70
12 35
12 64
72 47
66 33
13 1
63 52
81 57
87 12
19 62
60 26
93 40
59 18
65 49
100 59
86 31
14 88
36 53
66 83
56 95
12 94
42 71
22 29
36 34
53 96
92 73
93 91
77 25
45 34
62 22
3 42
14 6
5 54
67 17
88 76
90 92
51 76
78 83
27 95
68 32
70 95
27 98
74 27
47 99
56 20
76 47
52 87
8 29
47 53
48 35
42 75
42 78
48 4
63 7
71 10
1 38
27 47
47 39
88 93
8 73
36 3
5 37
12 32
38 6
92 75
46 1
100 72
50 31
22 10
51 93
59 75
74 98
30 79
29 15
1 88
22 24
66 85
26 76
17 74
56 28
46 92
47 18
21 60
62 37
23 78
41 19
5 1
93 11
34 93
39 68
63 24
77 27
99 70
82 78
25 10
84 21
52 71
10 23
66 11
10 38
74 84
75 30
40 4
24 46
44 33
69 97
13 89
98 71
59 54
17 55
13 19
11 76
92 87
98 57
66 60
76 74
90 15
72 22
64 11
33 86
91 37
80 1
62 34
92 85
6 82
35 44
37 26
74 67
62 49
37 24
28 18
73 60
11 53
49 79
86 13
1 30
15 36
61 36
78 59
92 95
5 99
13 62
91 12
97 30
66 89
99 50
97 48
48 95
57 36
39 7
7 24
44 18
58 24
35 12
99 62
12 1
51 1
76 86
27 81
79 73
50 25
43 19
6 55
23 77
48 48
42 19
82 24
49 93
74 39
8 9
72 30
88 2
87 40
84 58
64 94
22 81
35 61
95 48
46 37
98 50
38 25
9 78
93 26
32 33
38 22
72 13
76 83
73 33
73 61
79 21
87 24
84 69
49 88
94 6
53 40
55 58
21 82
15 52
57 97
2 66
94 42
8 75
51 15
9 52
42 7
46 38
13 52
41 70
74 25
28 74
59 57
41 3
2 63
21 38
80 32
66 29
8 48
21 90
10 50
76 33
1 45
32 34
34 6
70 77
20 75
37 1
82 73
8 86
74 24
4 65
7 25
48 18
92 41
69 27
33 65
88 59
70 6
64 5
5 64
76 2
68 42
63 48
42 39
98 52
27 12
12 29
59 73
100 65
64 67
17 3
84 66
47 57
8 55
87 3
70 83
66 21
95 32
6 94
93 15
91 69
46 75
81 70
54 19
15 80
6 56
37 17
83 8
54 48
94 36
94 47
69 68
63 2
31 45
94 81
32 50
64 21
87 57
62 96
89 57
34 54
30 96
98 98
94 79
78 56
60 86
29 49
62 48
20 88
13 28
35 20
94 48
57 28
85 78
69 53
12 65
93 55
57 32
21 8
76 42
96 36
63 82
88 35
26 45
86 89
69 43
55 98
66 59
92 97
3 74
86 85
66 75
74 19
68 70
67 35
63 46
91 27
48 71
55 13
55 74
69 98
35 26
80 98
93 31
67 40
4 77
97 39
96 26
37 38
96 5
32 18
8 98
79 59
75 77
63 74
36 61
30 85
83 73
68 57
90 72
6 84
16 16
13 15
90 47
18 20
69 57
41 14
67 10
39 94
77 22
48 77
13 36
59 27
39 92
89 85
45 22
67 51
15 18
24 53
1 33
54 86
49 99
48 78
96 52
2 52
52 67
93 78
7 98
16 62
14 30
42 61
28 1
21 77
37 66
21 40
83 4
25 85
4 53
11 84
16 12
66 13
40 30
25 3
79 79
10 87
20 70
16 32
81 29
81 83
98 89
68 18
84 80
87 65
3 92
81 12
1 76
58 43
49 74
42 46
33 48
57 61
81 71
77 82
52 68
75 7
55 67
74 22
44 32
61 54
83 51
47 72
77 44
61 4
50 21
44 21
70 57
35 7
89 80
42 95
73 80
44 26
31 21
17 36
46 79
37 2
57 84
11 70
37 84
73 81
9 90
77 19
42 54
79 3
46 13
63 45
29 58
73 99
87 22
86 8
39 55
83 32
42 69
35 21
85 85
63 1
98 91
65 26
64 70
51 25
94 83
87 2
66 7
72 21
38 55
10 51
95 16
89 68
88 4
30 22
2 50
44 17
28 3
53 25
21 14
70 50
4 28
25 34
69 48
49 72
69 46
42 65
35 3
64 7
81 38
26 82
10 76
62 74
18 44
77 90
44 45
36 96
98 9
73 98
24 37
74 91
97 89
14 27
1 70
29 4
10 35
42 10
94 88
34 71
86 91
42 98
9 43
46 62
91 99
9 59
91 81
87 67
50 18
23 92
25 2
57 42
38 12
17 69
20 41
31 72
8 53
21 3
52 23
91 61
4 5
84 24
15 91
79 46
89 55
22 85
2 15
73 31
10 61
10 73
43 43
57 53
45 3
56 75
84 33
78 11
91 17
98 11
70 37
53 98
29 83
75 48
18 97
49 71
98 59
3 96
3 48
77 96
35 97
23 73
5 45
73 19
28 95
48 79
100 51
96 50
14 10
88 69
92 44
51 3
90 5
98 23
44 36
90 74
29 68
95 17
39 61
33 50
36 67
66 23
68 99
52 8
24 45
4 52
55 43
75 88
76 28
34 91
67 87
9 94
89 6
93 92
55 88
48 81
35 24
22 11
36 36
81 30
97 92
10 46
29 46
33 61
82 23
42 79
57 21
47 93
30 63
99 73
98 30
63 50
10 42
32 75
65 76
60 48
12 17
78 88
16 56
19 30
28 45
83 30
79 41
74 99
20 36
51 77
100 31
5 26
23 31
79 86
75 3
33 94
31 71
19 81
3 43
4 32
53 19
81 24
59 26
87 61
98 92
11 1
94 44
41 74
8 80
93 35
50 2
3 86
11 16
97 18
45 97
76 76
99 8
54 77
6 98
60 91
53 58
51 52
41 22
23 18
51 31
66 3
92 11
50 84
28 40
12 33
54 45
11 97
67 97
91 77
90 76
20 97
40 26
80 22
62 91
85 90
92 55
94 90
20 46
1 71
22 58
63 55
73 87
80 24
5 58
20 59
70 63
57 93
6 2
54 59
27 8
19 98
84 73
41 5
66 70
40 78
41 41
68 55
13 86
75 36
46 41
11 75
68 8
32 76
14 75
60 24
78 30
5 68
94 35
21 16
77 4
35 33
3 14
65 95
84 85
57 54
14 45
4 84
19 7
30 51
73 22
23 58
21 29
75 27
7 20
84 36
96 8
21 93
61 47
14 22
9 66
13 14
39 52
4 45
74 76
6 29
34 43
16 13
96 80
61 33
15 64
9 22
100 16
30 75
35 35
99 28
21 52
21 54
44 81
95 67
8 61
88 13
33 89
50 99
21 41
36 97
83 72
5 83
15 99
83 17
1 69
97 6
24 75
100 87
96 46
64 98
99 4
23 82
66 72
81 82
67 24
12 72
65 82
13 65
33 60
61 84
1 72
28 72
63 78
77 54
6 35
19 31
84 48
78 28
36 69
87 29
88 50
94 61
20 7
61 62
27 91
85 7
71 51
17 68
38 98
67 14
25 18
63 56
19 59
92 26
18 18
32 6
100 96
48 96
73 91
82 16
36 51
9 79
42 58
81 48
41 81
36 9
17 37
57 69
65 19
58 20
12 21
3 51
85 44
93 1
63 71
91 82
21 18
92 89
11 62
9 37
10 31
54 4
25 59
20 73
47 6
92 10
38 32
62 72
16 29
34 25
29 8
66 9
30 23
26 65
61 61
89 64
75 46
9 81
45 83
52 91
90 53
56 42
38 41
88 11
95 19
7 2
99 58
7 67
33 64
61 44
11 22
61 27
21 70
32 87
47 69
71 94
7 33
11 31
30 47
41 72
66 92
33 84
84 72
53 3
47 12
16 73
26 44
49 82
33 82
77 26
19 90
11 2
59 81
7 22
11 74
41 73
27 49
75 33
21 50
2 80
63 62
43 6
25 46
22 51
25 41
63 5
60 2
60 60
47 14
61 80
81 33
11 94
98 88
25 44
85 21
75 21
47 33
4 74
97 36
74 15
73 58
83 84
81 87
77 83
5 67
64 75
86 88
71 63
41 93
100 44
48 19
50 97
49 90
100 84
16 99
20 49
87 78
56 25
40 96
67 7
19 88
45 58
61 10
12 80
85 14
71 6
17 12
21 96
24 93
93 47
92 5
37 42
91 63
3 33
52 97
67 11
14 20
54 47
93 98
67 69
65 79
44 43
99 88
27 54
73 79
77 11
85 49
10 13
17 8
43 77
77 99
33 74
35 59
37 99
53 63
71 23
53 33
80 69
42 50
13 76
20 62
79 35
65 17
64 50
37 51
44 75
69 17
38 30
99 97
43 86
59 6
40 99
3 54
9 4
43 24
68 38
19 17
13 95
44 54
53 80
25 73
56 34
37 5
69 73
22 28
63 26
47 41
6 75
67 36
57 38
36 4
2 19
32 35
18 27
49 73
19 55
14 43
10 5
27 40
60 5
73 77
37 49
66 4
46 33
54 68
15 89
80 66
97 73
74 21
12 88
21 26
60 23
21 17
55 69
18 91
86 14
23 60
35 32
69 40
82 8
56 60
71 7
69 25
67 58
47 56
28 15
54 53
43 75
96 94
55 72
55 64
57 23
74 69
75 28
99 26
60 45
61 34
12 53
13 99
20 81
80 50
3 83
78 58
74 82
92 79
65 47
4 26
47 46
25 81
73 25
73 43
27 80
8 11
18 70
60 8
72 63
1 74
77 12
1 43
82 13
86 25
43 52
75 2
13 7
76 4
84 9
55 66
56 46
83 21
5 22
81 49
89 43
52 84
3 13
22 2
36 2
58 13
92 39
99 71
2 99
79 70
93 24
2 64
33 36
35 34
58 96
27 4
37 92
4 47
26 34
14 84
68 75
28 90
100 12
85 64
95 62
50 52
48 92
59 77
22 44
53 46
49 17
35 63
14 21
77 7
59 74
93 68
6 34
4 21
13 24
70 90
78 81
43 64
50 63
43 5
76 56
40 2
30 45
40 54
61 49
94 32
53 29
5 38
68 24
63 17
3 37
98 43
21 43
57 63
76 46
18 33
61 72
100 92
47 86
45 75
16 52
65 74
90 16
91 29
100 93
82 36
93 83
45 61
22 62
4 8
44 66
63 90
35 31
40 23
9 42
83 74
63 66
86 45
51 2
9 27
40 29
50 9
67 92
50 44
76 71
93 52
79 85
22 93
82 70
20 67
85 40
96 69
23 83
23 15
76 29
8 92
83 39
51 28
2 17
16 23
5 73
96 27
35 38
93 18
10 22
89 42
53 77
21 59
30 48
3 10
83 93
52 50
41 52
24 7
36 52
43 87
83 49
52 88
63 14
99 22
32 3
18 12
6 15
51 40
18 92
97 90
92 28
32 30
6 67
51 70
28 12
18 99
87 6
24 39
15 21
58 59
99 34
36 26
65 21
20 42
20 6
92 18
56 5
78 45
93 20
69 2
75 42
57 48
97 84
95 98
83 54
79 57
39 33
92 78
67 90
13 60
93 30
49 45
21 15
40 36
21 9
87 91
79 74
37 79
48 99
55 62
32 63
28 81
10 18
81 11
61 23
89 62
67 76
61 94
21 88
90 28
47 55
85 99
94 62
47 70
23 88
92 17
25 28
34 11
6 5
91 62
57 96
83 19
70 46
56 52
64 31
56 47
38 69
42 90
65 89
4 31
71 47
85 63
78 41
63 39
76 63
72 11
25 75
6 54
31 85
36 57
65 85
79 1
10 9
29 39
100 78
78 22
5 17
67 28
87 83
47 5
20 98
97 74
28 63
88 27
49 19
14 36
2 3
79 62
55 37
36 75
98 69
30 11
26 29
70 13
23 44
66 50
30 92
84 23
7 69
47 95
79 92
12 85
46 53
13 91
63 51
67 95
1 55
11 23
26 36
80 43
1 18
39 38
82 99
13 98
77 78
78 39
40 58
62 36
49 68
80 75
73 82
77 36
6 83
37 6
100 82
86 43
51 42
65 37
99 25
52 17
22 8
7 14
12 37
18 29
78 26
32 59
3 46
50 91
17 1
41 39
53 62
72 39
14 29
60 71
23 36
21 81
15 73
63 70
53 54
44 41
22 87
6 41
17 85
38 17
33 76
50 6
88 89
79 40
29 19
94 56
39 63
81 72
84 98
99 57
26 6
75 93
13 35
88 67
35 23
26 16
53 90
77 18
71 2
4 40
56 64
76 81
62 83
84 39
6 99
74 86
99 11
38 43
84 46
54 16
68 53
52 42
39 12
97 82
6 66
32 88
13 78
12 57
10 54
29 60
94 49
8 52
35 53
83 50
48 7
59 35
33 52
49 4
60 11
31 82
53 43
24 38
32 40
1 86
35 14
38 52
18 56
73 37
58 28
33 43
48 56
66 77
62 35
70 67
10 69
40 53
59 44
90 78
72 85
21 99
85 72
88 41
61 35
100 64
37 25
32 54
64 58
24 22
36 90
21 7
10 70
32 23
32 55
68 60
66 28
21 57
82 31
51 99
6 48
4 9
15 94
32 97
88 1
21 47
94 60
90 73
56 30
88 19
68 58
54 50
26 23
18 71
59 90
84 37
34 32
4 83
38 78
49 54
69 80
37 91
41 54
59 84
67 9
17 43
69 42
12 45
6 53
61 1
91 39
7 44
75 35
45 19
74 8
81 36
75 53
33 88
6 49
65 59
69 26
61 98
84 87
64 78
81 78
17 98
96 54
89 79
94 92
51 53
58 76
79 75
91 66
10 65
63 60
1 98
37 18
56 44
72 89
61 53
27 3
37 72
23 85
10 62
22 31
52 30
83 98
73 83
96 29
59 20
86 12
24 89
56 39
59 63
41 68
96 12
17 54
52 35
91 51
38 60
30 24
61 81
42 53
83 31
17 32
87 77
52 62
12 16
26 48
30 70
29 17
10 27
93 9
44 95
20 31
44 82
96 91
11 34
17 88
20 94
72 46
25 78
61 24
39 26
43 79
33 7
76 38
7 21
53 37
80 19
37 46
75 67
79 51
63 42
48 16
9 41
63 44
61 76
40 20
97 45
51 27
86 36
79 38
58 22
67 64
53 51
52 52
66 69
17 10
26 71
81 22
19 93
1 3
22 79
100 39
71 40
13 23
42 27
2 95
83 15
65 25
29 57
93 38
35 11
81 55
17 9
45 16
58 1
30 98
89 47
94 63
61 70
97 51
63 77
12 93
37 21
96 95
93 71
49 2
96 90
25 11
97 79
23 11
1 20
74 85
6 25
96 89
90 84
10 86
21 49
51 91
80 73
92 32
12 66
91 24
39 77
14 68
13 3
89 58
79 10
87 18
79 31
48 29
9 91
90 2
96 66
100 95
24 21
52 56
33 63
22 38
25 43
69 18
100 58
26 91
45 78
85 60
99 63
66 68
24 98
88 92
54 67
27 38
8 84
65 75
8 42
12 69
14 12
5 27
4 38
80 65
70 87
51 96
88 39
39 1
40 18
71 80
77 59
75 78
5 3
53 27
4 82
26 98
55 32
28 29
88 45
61 77
44 42
19 65
95 44
52 22
43 89
90 39
62 87
3 22
97 55
76 64
64 59
40 12
14 77
16 42
59 95
18 35
57 92
87 88
37 22
14 66
24 43
68 82
37 57
91 48
78 3
76 72
62 76
3 78
19 78
32 2
43 65
17 93
19 76
34 66
21 67
18 79
16 65
97 50
12 20
52 95
19 28
98 17
57 51
43 44
31 35
62 43
56 85
44 98
48 52
86 5
40 73
52 78
15 26
74 9
14 80
67 96
21 35
93 16
22 12
27 6
54 21
25 24
99 15
82 76
51 86
86 92
94 28
77 67
18 34
97 27
74 72
95 54
89 52
71 87
27 92
9 30
56 35
62 29
68 15
32 61
47 50
9 39
99 98
43 42
20 5
100 83
95 96
7 70
60 47
92 62
6 10
53 30
18 15
31 61
13 32
50 62
9 76
12 95
45 85
4 62
38 70
76 14
71 78
92 9
73 74
15 85
56 70
50 28
29 18
33 54
43 47
31 22
60 97
64 72
55 99
41 4
50 59
67 5
42 22
38 13
92 80
20 20
8 88
96 43
74 43
20 9
51 59
19 71
82 77
5 14
35 13
65 13
43 28
96 82
18 5
32 58
60 81
79 15
66 81
24 67
51 17
78 34
97 25
64 97
30 30
35 1
14 4
11 33
21 22
22 16
13 79
76 60
29 6
69 11
46 73
34 52
17 24
77 81
85 6
12 46
89 8
30 73
25 32
31 56
80 78
77 62
7 66
20 8
11 82
6 63
6 89
83 35
54 72
99 32
8 35
59 38
81 31
38 19
63 38
59 91
45 48
17 52
48 17
34 13
85 10
53 60
71 97
40 45
85 41
63 93
24 24
7 58
28 91
71 91
27 21
98 72
59 3
37 9
7 18
52 21
84 92
88 77
59 37
23 48
82 62
29 14
38 65
63 11
2 9
56 24
17 47
36 37
57 59
82 51
24 69
64 85
21 10
13 73
16 27
86 95
52 90
78 42
3 26
99 38
62 17
49 20
34 78
36 31
84 56
1 56
1 29
39 74
77 16
8 96
11 61
9 12
62 50
91 78
61 68
72 70
64 34
52 73
74 75
86 56
75 95
82 30
72 79
89 91
58 70
43 91
16 91
70 94
39 58
25 76
91 65
67 65
5 81
11 56
45 1
73 89
6 72
58 19
80 44
69 3
22 47
52 15
76 95
97 15
39 45
9 58
30 90
52 93
86 23
52 2
70 59
91 79
49 38
23 56
13 33
8 45
46 49
44 27
90 95
56 27
16 5
20 90
75 34
97 31
80 91
30 2
100 8
100 50
54 81
28 94
70 74
14 78
80 30
47 84
2 43
40 50
17 91
69 58
92 23
68 16
33 56
9 46
81 95
53 42
70 40
45 99
16 11
51 20
88 18
76 96
19 73
92 43
89 82
34 59
85 3
34 14
59 53
55 4
94 4
24 97
67 6
19 29
96 34
17 16
6 8
85 70
5 96
98 38
72 91
34 47
13 44
75 10
97 20
43 15
38 37
19 92
6 33
63 73
84 25
63 8
88 37
45 42
91 76
34 26
7 75
78 91
38 68
99 67
25 5
74 55
58 54
64 16
57 30
67 62
57 4
81 2
99 60
6 59
55 84
40 24
50 75
90 79
7 56
90 41
7 61
43 12
88 95
56 9
34 41
95 76
78 9
72 58
13 55
25 27
88 36
78 90
77 38
82 39
45 55
16 46
47 81
91 5
61 92
88 84
62 31
35 86
94 86
52 10
80 54
85 38
73 47
43 90
20 16
67 39
1 13
2 51
5 33
12 30
46 46
31 65
3 97
48 3
52 5
9 85
84 51
40 67
54 43
72 96
4 49
100 17
89 1
42 83
82 49
42 3
62 61
74 41
71 28
66 16
70 5
9 98
56 18
86 68
98 2
78 57
74 89
1 95
60 92
37 94
73 24
32 21
31 12
49 57
7 82
45 70
48 10
73 26
82 85
54 79
2 91
23 68
98 55
34 82
92 46
84 96
59 21
73 92
98 7
46 80
90 96
70 92
14 32
72 19
76 61
72 50
86 98
44 58
71 25
10 41
36 58
20 65
82 82
38 16
42 55
42 9
15 48
92 99
61 93
20 38
87 42
8 47
25 30
21 63
36 42
98 26
34 39
43 26
9 25
60 51
57 12
84 68
22 89
42 56
91 8
72 64
53 85
34 3
60 16
65 4
68 52
49 49
96 85
48 63
22 99
10 59
26 46
3 95
75 40
79 90
54 44
76 43
47 26
65 60
7 26
25 29
62 59
45 35
93 85
3 36
93 28
20 66
85 48
10 91
68 64
67 16
94 76
65 5
33 34
14 71
87 75
29 48
58 7
29 54
9 13
35 36
84 27
68 72
69 78
37 62
46 68
85 29
55 53
46 86
34 10
89 97
66 24
28 24
39 31
73 72
3 16
49 92
72 84
47 71
21 11
37 52
55 78
4 25
62 1
71 84
91 33
6 97
16 44
62 56
31 44
73 93
76 35
73 46
37 53
62 82
34 81
14 72
41 62
58 33
25 17
16 4
31 46
91 41
41 90
27 50
32 28
39 36
65 39
38 88
75 96
91 11
91 92
59 29
76 57
30 34
70 56
61 87
91 67
84 49
24 66
8 46
60 33
90 32
90 30
57 18
24 41
34 60
32 31
87 9
50 94
25 92
61 30
15 60
44 85
69 87
55 2
5 84
43 51
8 13
83 34
19 12
24 40
91 91
3 61
75 87
46 39
77 5
69 37
90 93
31 19
57 5
97 12
100 32
22 52
95 20
93 41
6 43
1 39
86 22
42 86
7 6
19 87
68 96
30 35
81 84
8 38
27 23
73 23
21 94
31 78
10 6
16 63
7 41
86 64
92 98
33 19
12 3
29 93
77 17
84 89
12 61
62 33
92 4
69 1
34 68
2 79
18 58
56 66
86 47
19 37
31 74
71 92
89 23
79 63
51 51
24 35
61 42
45 81
46 83
16 36
98 82
31 76
16 70
79 99
69 50
76 55
30 84
79 71
15 78
91 89
30 7
68 69
57 83
7 89
21 71
100 61
44 47
69 14
32 56
44 61
71 22
64 17
71 74
84 81
99 59
19 19
39 51
71 86
71 79
22 66
55 3
97 94
36 14
82 83
87 69
82 80
10 96
15 83
54 64
94 72
83 91
44 67
91 47
3 47
70 39
5 12
12 36
67 52
70 88
27 34
57 1
22 55
88 62
32 65
97 81
100 26
27 17
57 49
7 32
71 75
16 3
70 66
55 52
82 53
68 31
11 48
51 38
21 68
99 82
59 36
92 27
94 77
47 96
5 86
57 77
86 51
16 53
95 73
26 40
80 3
6 31
40 81
2 71
5 25
68 29
84 79
3 50
76 89
98 28
91 56
94 45
93 32
36 13
14 19
19 5
19 61
24 26
66 51
48 33
11 28
18 59
64 15
83 80
85 33
57 68
67 70
52 89
92 59
57 89
58 2
91 97
36 76
42 99
40 9
66 43
75 82
60 1
80 79
64 81
84 88
9 19
88 80
48 22
78 5
92 61
74 32
18 81
99 31
79 54
92 84
61 74
52 44
54 5
70 55
81 97
78 76
69 90
30 33
69 20
95 78
57 52
99 33
26 38
37 47
23 90
48 80
53 21
66 6
23 74
78 20
12 90
93 22
26 75
95 91
40 46
62 97
93 57
29 97
97 49
95 28
87 20
95 88
97 34
99 52
93 66
34 61
69 15
68 6
31 34
19 52
93 48
42 20
59 40
26 62
74 81
69 47
71 14
63 16
9 35
73 6
5 10
29 50
34 62
35 18
31 42
65 1
97 91
17 6
20 83
10 81
5 76
19 94
86 19
7 86
46 26
42 93
30 42
66 86
91 94
62 24
28 30
28 84
89 3
81 7
95 42
54 57
60 32
1 80
12 84
29 12
25 12
96 74
9 51
69 61
50 22
68 47
59 11
75 72
1 93
12 19
29 80
88 42
21 30
72 66
96 18
97 24
60 31
83 1
29 34
82 89
51 90
54 93
34 64
85 9
27 74
65 12
17 13
58 67
75 17
79 45
3 41
58 32
17 59
75 89
61 29
49 46
1 89
92 7
3 55
91 36
19 96
24 76
95 8
100 46
61 57
57 6
17 22
76 59
21 64
80 21
96 25
82 10
75 23
59 45
96 84
47 60
51 60
72 59
97 7
60 75
85 2
73 34
12 75
61 12
23 76
12 13
80 28
65 23
64 37
18 78
27 39
100 98
98 87
1 31
59 66
18 16
65 40
8 12
88 65
19 49
77 1
5 61
30 62
96 58
15 40
92 3
22 50
81 94
69 7
72 98
1 64
38 83
77 94
31 98
20 77
47 78
94 19
66 44
90 62
37 15
58 56
65 99
31 67
93 43
64 44
77 88
68 84
14 5
43 29
43 48
5 42
10 14
64 27
33 46
66 88
67 33
4 93
63 32
16 85
88 7
52 41
96 15
65 90
71 85
71 33
50 98
10 33
79 80
74 45
55 90
57 67
41 29
60 80
7 10
21 25
47 2
72 48
77 53
94 39
19 26
11 47
31 80
75 49
28 82
83 86
70 52
70 18
39 81
9 40
85 92
31 75
22 39
29 65
9 24
99 9
85 4
2 57
85 68
37 89
85 54
70 54
42 13
42 2
39 65
84 53
7 1
40 47
84 99
28 56
39 82
96 9
72 29
31 97
33 3
69 44
88 28
39 89
45 72
72 32
54 52
38 18
72 40
23 14
98 64
1 51
24 90
43 80
15 11
63 13
58 10
33 32
72 6
72 99
7 4
98 31
78 35
52 31
39 9
1 90
74 16
26 64
41 6
49 63
3 77
51 88
47 34
78 38
22 61
70 64
100 60
24 33
72 65
72 34
17 21
65 14
66 30
11 85
34 84
1 10
38 7
95 27
83 99
35 49
58 61
27 11
88 31
37 69
20 17
34 12
35 50
38 50
72 77
14 44
16 86
42 4
36 32
25 25
96 2
6 46
97 44
87 26
53 72
32 80
28 67
6 88
15 1
70 30
11 15
66 38
49 50
8 6
43 38
18 82
15 63
62 42
42 21
31 26
51 7
46 52
35 83
83 83
79 77
36 54
65 93
5 63
78 85
94 59
10 11
48 57
42 85
96 77
90 45
85 74
18 3
71 61
41 65
16 47
57 76
74 34
38 94
37 74
57 31
45 12
3 58
27 67
39 50
23 2
21 65
4 20
100 94
27 86
64 62
96 3
84 83
97 68
48 21
59 32
98 90
62 55
31 18
57 98
42 88
62 23
41 87
52 45
68 33
42 34
20 92
26 81
55 70
61 37
75 56
31 24
20 32
4 73
61 25
12 9
32 89
72 93
17 71
60 22
53 82
56 94
66 80
31 66
28 69
70 9
57 10
45 71
28 34
16 77
23 84
86 99
68 19
37 61
85 58
35 82
100 76
93 80
26 88
79 81
40 17
37 83
18 67
6 93
46 24
3 71
44 40
56 73
45 7
78 50
46 89
74 52
80 41
60 77
59 25
23 23
61 52
100 56
10 58
69 5
76 19
9 99
35 16
10 30
43 68
74 33
20 54
26 15
11 65
66 74
60 55
98 66
12 8
47 28
40 3
55 41
29 24
1 50
23 34
1 94
24 30
39 53
50 93
35 91
63 20
94 38
48 2
36 25
66 99
34 21
65 97
18 96
79 12
66 17
17 50
15 37
42 42
22 68
23 64
54 1
82 67
13 16
73 52
13 70
90 80
70 26
99 91
3 49
48 64
53 26
10 74
32 45
14 50
43 61
41 2
85 56
63 75
9 17
5 90
60 62
19 9
41 16
94 22
7 95
64 4
41 7
39 41
27 25
23 99
1 62
31 58
81 39
92 52
64 53
98 18
89 63
2 28
17 31
34 80
29 40
66 87
21 13
81 23
100 54
93 70
43 36
66 71
37 56
24 4
33 41
39 32
22 35
18 9
52 47
20 11
58 65
28 62
20 91
76 40
2 75
32 19
90 75
100 67
80 33
17 29
33 17
68 88
53 22
11 29
34 42
89 35
64 38
47 8
62 5
22 4
43 98
95 29
32 46
37 29
38 49
20 78
93 95
70 93
29 96
11 11
84 97
23 21
25 60
80 47
31 33
96 13
60 57
61 6
30 50
88 58
72 17
7 81
40 40
66 54
76 51
44 84
9 38
96 71
94 58
80 4
27 70
50 54
98 81
36 92
59 7
97 32
9 14
99 81
53 66
94 43
90 40
37 60
76 31
27 97
33 15
88 38
52 51
61 43
20 15
3 79
9 11
1 21
87 96
4 33
49 69
80 14
36 55
35 39
62 85
81 32
41 57
17 56
25 7
51 44
28 83
71 43
11 5
7 40
9 21
45 89
25 87
86 69
90 38
54 85
43 16
13 2
37 54
97 95
94 7
23 5
56 86
93 86
87 54
4 89
54 17
20 80
84 4
83 24
4 69
50 5
41 88
78 61
8 33
85 80
5 24
95 26
72 69
5 16
46 69
39 97
12 15
70 58
23 95
96 56
70 60
26 20
28 53
48 91
80 2
17 39
78 29
52 66
29 56
15 38
59 19
60 44
51 57
44 30
89 27
36 50
50 80
35 27
49 13
17 65
89 89
53 64
66 56
29 63
93 6
36 7
65 66
86 74
63 94
7 72
92 49
45 69
19 68
90 83
31 39
49 7
40 42
90 61
69 6
71 18
21 83
53 18
14 49
46 71
54 63
5 28
89 32
20 29
44 68
77 74
22 90
56 71
94 94
37 58
41 31
27 7
30 67
69 38
75 76
12 81
38 36
50 49
31 57
11 59
30 56
65 51
68 26
95 43
33 6
24 49
44 2
31 43
30 41
69 52
61 86
63 29
45 18
78 10
77 89
86 80
80 57
2 53
88 87
15 75
72 25
60 25
21 33
68 14
80 10
4 12
49 76
38 62
60 73
30 13
26 69
81 6
13 85
4 81
88 82
76 99
5 91
36 19
60 39
10 7
63 53
40 75
28 23
22 98
15 55
37 13
19 20
90 70
2 10
94 85
67 45
41 82
19 64
53 89
16 50
40 51
87 98
42 24
33 24
22 97
14 93
22 53
49 41
24 34
67 27
18 40
63 54
45 98
67 37
57 82
100 52
35 42
51 68
20 74
75 83
89 49
9 87
82 66
7 74
60 84
89 17
81 5
77 41
61 96
24 31
6 69
6 39
8 10
31 77
68 61
35 45
63 28
53 91
55 20
66 53
32 64
73 71
100 2
88 40
48 74
74 74
93 33
16 38
50 58
13 45
56 50
58 55
19 25
96 6
84 18
36 5
99 90
23 17
37 96
89 12
66 41
74 93
16 79
5 5
7 87
79 69
19 84
78 94
89 30
85 57
7 11
54 39
26 89
21 51
85 89
91 70
93 37
89 38
56 56
49 87
45 2
48 45
58 98
26 30
42 5
42 14
41 42
93 67
73 40
86 57
75 29
34 24
59 47
11 91
64 77
40 22
52 79
75 15
77 92
91 13
53 35
16 30
42 67
85 26
33 73
39 25
57 19
24 5
66 31
73 44
68 56
1 25
64 84
46 59
94 26
50 27
92 13
33 95
49 12
31 28
19 42
47 67
33 55
31 10
89 70
84 15
5 70
98 46
47 80
82 42
56 90
98 34
3 19
36 16
76 49
87 19
41 37
4 35
5 13
27 71
59 76
27 52
30 77
22 36
52 64
15 90
57 65
75 16
71 54
70 96
1 46
7 46
25 83
31 90
98 3
41 36
91 73
53 61
26 97
86 61
29 62
34 37
11 98
75 66
79 11
4 23
67 59
41 49
26 49
58 52
8 60
71 38
51 32
92 30
38 42
4 44
11 60
43 60
87 16
51 61
33 93
22 45
98 44
76 68
99 27
68 45
10 56
84 7
67 49
85 94
44 92
59 28
20 13
75 98
65 68
66 96
23 42
27 84
17 11
87 82
20 1
34 38
54 34
93 49
35 98
17 95
20 87
13 96
34 44
96 11
11 52
70 12
60 46
34 86
95 45
11 27
75 45
97 60
8 74
85 32
54 92
91 25
6 90
40 91
54 14
22 14
64 86
85 30
98 85
99 65
83 77
85 83
38 57
11 30
51 14
94 52
51 78
65 91
7 54
1 58
48 46
3 2
57 41
51 79
29 1
57 44
22 86
19 3
92 14
95 49
70 47
91 26
87 8
88 55
51 83
74 17
66 76
60 28
24 78
23 41
66 78
49 40
44 86
62 44
76 78
92 92
97 10
9 2
68 98
78 47
66 48
44 35
88 56
69 92
32 29
27 26
83 76
5 77
84 14
63 15
90 46
78 67
80 62
52 55
75 11
37 90
57 71
72 36
86 48
20 57
69 60
22 60
26 67
11 37
45 24
94 64
89 75
7 49
35 80
16 78
6 30
7 93
80 26
49 70
97 59
59 55
50 70
15 25
6 85
37 88
18 48
27 44
78 80
58 83
12 10
10 37
11 32
73 76
79 60
29 2
52 57
55 47
96 37
28 5
78 6
62 7
35 89
64 19
16 83
18 95
20 95
87 11
77 37
3 40
22 30
46 84
34 74
23 94
12 34
73 48
59 89
81 74
9 62
44 72
95 70
56 62
77 42
25 26
83 64
82 84
26 24
30 66
7 76
17 28
49 95
41 64
83 25
59 14
57 26
65 96
15 6
17 30
8 39
60 54
39 11
29 22
5 97
58 86
86 71
71 12
30 54
63 4
84 64
73 17
94 82
50 72
38 14
39 15
52 37
88 91
21 5
16 59
36 6
86 9
73 49
2 37
33 51
15 7
97 63
21 42
28 58
89 94
63 83
69 30
39 5
71 20
65 27
43 78
93 90
86 72
27 10
44 76
52 24
81 81
60 82
24 74
32 79
5 65
68 78
82 79
98 97
73 13
84 65
5 89
50 4
30 87
73 97
56 99
12 74
10 63
15 81
80 37
78 17
57 8
9 54
53 50
60 66
68 27
22 96
24 1
56 6
84 50
70 53
31 14
75 13
40 80
4 11
71 68
43 88
3 99
52 32
2 18
5 11
78 55
70 1
3 7
45 21
27 36
81 28
62 14
9 26
56 89
32 47
86 65
26 26
70 61
56 76
78 62
8 72
85 47
90 89
69 75
25 54
19 27
2 59
90 6
90 52
19 23
28 32
73 21
1 77
61 88
85 12
67 47
76 37
46 47
87 84
2 2
77 47
58 53
86 42
59 97
37 45
84 63
76 45
60 30
99 68
43 95
65 67
1 96
10 53
87 48
57 64
63 34
46 15
28 71
93 5
16 10
87 10
38 89
62 21
12 44
86 1
15 14
98 62
5 78
56 16
50 30
42 82
77 35
79 87
64 63
59 71
50 87
74 65
7 34
57 94
86 46
35 84
38 66
2 61
78 69
86 6
46 2
17 26
98 22
92 77
54 6
4 4
89 29
81 93
97 83
59 51
25 97
43 27
37 7
94 55
73 41
74 49
75 64
51 34
80 20
87 76
75 65
85 17
97 96
48 67
77 30
4 3
86 54
50 83
53 1
53 74
55 65
81 8
11 26
94 16
8 71
44 15
10 90
25 48
92 82
90 91
19 63
82 7
98 1
70 24
78 12
16 55
14 1
69 12
24 44
36 68
79 91
18 61
29 7
89 95
67 66
1 52
40 69
64 29
32 83
43 53
30 18
68 86
75 19
51 4
91 88
19 58
44 99
10 25
86 7
80 45
43 62
63 31
72 14
65 42
38 24
88 47
82 37
38 61
21 27
53 4
65 81
68 50
13 67
21 19
3 62
38 97
34 46
1 44
85 27
54 83
47 62
53 45
44 48
33 4
71 46
97 19
28 96
90 36
77 40
62 92
33 31
15 22
85 36
27 66
73 7
52 4
71 93
32 36
20 85
50 8
2 47
15 71
17 72
70 98
34 49
76 53
46 43
55 63
90 71
87 80
34 77
14 38
73 69
76 36
96 98
44 73
77 70
49 47
84 19
33 57
96 14
68 71
97 46
6 4
6 86
2 81
47 42
50 82
80 94
21 58
48 51
91 72
28 38
88 74
33 49
55 86
6 6
61 85
26 17
34 79
24 71
64 64
56 12
67 71
10 85
27 1
19 45
33 8
49 98
27 56
59 10
40 52
26 5
72 23
34 23
65 16
2 20
32 67
8 7
10 82
58 74
4 54
58 18
99 3
35 28
83 94
70 86
80 6
5 74
60 89
82 50
9 74
17 34
34 20
69 49
66 52
63 40
99 46
65 53
14 89
10 95
75 14
19 21
16 54
44 71
59 5
84 43
57 58
45 80
43 82
71 49
32 39
19 18
55 12
59 15
28 16
40 92
62 95
91 80
91 74
50 89
2 23
64 90
41 12
18 8
77 9
68 93
27 57
87 43
34 85
78 93
10 67
90 33
42 84
4 42
87 39
40 39
69 59
39 34
27 22
14 92
72 94
7 31
15 68
34 67
82 81
100 55
27 24
71 13
89 56
36 83
30 32
56 49
11 40
99 1
55 85
23 38
86 78
56 31
6 60
14 55
73 56
100 47
50 41
6 74
61 73
13 74
96 75
87 74
57 57
8 76
67 81
66 91
26 13
73 15
79 84
96 53
6 21
46 36
30 15
15 24
19 39
63 22
36 28
45 59
46 7
8 54
51 8
56 67
32 84
62 71
28 2
59 98
70 62
55 42
75 80
90 66
89 9
72 90
68 74
8 1
99 39
73 38
81 86
58 46
93 10
11 54
73 20
49 37
48 58
47 20
7 94
58 47
18 90
42 52
83 46
95 21
74 88
5 92
33 62
69 51
73 84
30 93
25 15
17 23
5 21
34 69
60 27
29 69
15 72
61 5
13 82
40 15
94 10
69 84
70 7
1 66
58 62
24 82
16 81
37 40
10 20
30 82
50 73
78 95
6 77
11 46
92 91
10 48
26 35
4 18
23 24
28 99
38 35
82 43
98 20
8 18
73 3
71 70
6 50
86 87
22 88
46 42
18 64
42 72
68 1
69 81
24 58
36 21
81 15
29 98
53 38
9 92
17 90
45 64
77 33
40 16
95 38
37 98
79 33
32 41
57 25
62 45
70 82
71 88
92 2
37 48
91 57
7 13
77 66
3 89
32 26
99 79
59 1
88 79
63 80
79 97
43 31
45 20
33 37
20 71
92 29
33 39
19 16
10 89
2 97
30 81
63 57
95 11
14 39
82 28
23 37
40 27
94 12
90 90
1 65
81 26
11 38
100 57
25 96
36 82
55 54
20 14
22 49
47 23
89 14
28 8
71 53
32 81
7 28
59 96
97 78
91 96
27 59
64 88
55 15
28 52
49 64
66 39
15 19
4 91
95 30
39 87
64 23
80 23
55 33
11 41
6 45
62 26
56 1
17 18
47 17
13 61
18 66
92 48
83 63
88 90
14 28
77 15
30 64
46 21
65 10
80 68
46 20
13 84
77 20
41 24
77 77
47 85
10 1
27 45
8 20
22 77
70 16
66 95
77 29
27 5
29 27
11 9
63 99
55 82
46 99
34 53
13 21
87 99
30 17
43 73
15 10
2 87
14 60
2 78
39 14
39 54
14 62
98 84
82 64
92 81
12 89
71 52
95 60
92 36
17 20
47 77
69 86
72 38
39 39
70 23
51 65
69 24
88 70
59 52
82 20
20 69
44 39
27 76
50 74
40 57
15 62
56 74
68 21
4 86
83 43
52 34
83 18
60 15
65 63
22 94
31 17
83 33
55 7
77 85
72 80
48 8
68 89
67 8
29 23
15 45
30 12
99 21
20 39
98 27
68 94
73 95
25 99
98 36
28 75
89 11
71 34
86 62
24 17
44 64
63 96
46 32
32 32
90 68
37 35
33 59
77 28
84 17
86 34
40 95
85 52
59 94
29 47
76 75
57 24
77 56
23 40
5 43
24 68
51 69
19 24
20 55
29 90
14 61
31 36
66 8
7 97
86 4
1 24
30 72
14 56
59 69
41 92
34 31
81 91
25 39
28 80
41 55
49 65
47 65
88 3
60 7
89 25
56 65
52 20
60 17
79 72
77 21
82 74
65 9
43 49
39 29
25 57
54 32
15 9
19 57
50 34
60 94
72 20
53 47
27 73
26 8
50 76
27 90
98 45
65 36
8 64
50 10
39 22
62 98
44 77
63 91
19 86
22 57
62 62
9 93
98 21
49 31
53 41
63 36
46 34
54 96
40 5
51 55
47 30
87 63
34 48
41 98
43 99
91 32
30 88
24 6
61 82
50 42
41 97
11 44
71 62
60 29
33 22
31 63
53 73
80 86
81 18
54 91
83 36
78 84
48 27
61 78
26 73
92 40
97 1
16 14
38 96
37 39
71 48
28 93
44 37
31 30
32 53
3 67
44 29
6 52
83 38
82 9
33 21
93 72
73 8
38 54
85 35
41 56
40 86
94 96
97 33
94 24
49 8
96 24
95 82
70 19
87 15
48 69
89 31
33 45
80 84
70 80
95 7
82 47
54 26
90 49
13 57
53 81
35 54
50 69
30 69
65 69
60 69
57 15
95 97
71 11
9 75
4 85
78 82
70 8
91 20
66 34
36 84
48 49
75 85
17 97
56 69
79 22
9 16
25 52
2 32
44 19
7 85
94 68
29 88
57 55
96 21
83 12
3 94
94 78
69 66
19 4
92 67
12 25
68 95
84 70
52 92
97 40
48 53
29 37
18 1
40 31
78 48
67 21
65 15
11 3
16 39
63 37
28 85
35 40
96 60
5 6
99 84
96 65
10 92
85 11
22 20
61 22
48 13
82 40
62 19
61 41
94 69
32 90
28 87
27 75
59 61
2 40
51 75
66 12
96 45
35 66
2 93
90 69
34 22
35 15
21 1
25 55
58 38
45 11
97 57
93 74
96 73
60 85
46 82
12 92
15 87
74 79
65 30
77 39
74 53
32 60
55 22
58 77
96 81
36 94
31 88
70 76
24 96
33 25
47 4
24 73
34 45
16 17
75 6
60 4
27 93
89 78
2 42
24 77
11 72
97 35
80 29
26 2
18 31
18 17
12 78
72 2
56 11
84 95
34 33
19 97
31 93
81 58
2 74
24 2
22 64
98 63
34 4
20 64
2 38
33 79
73 11
5 34
63 92
26 80
5 31
15 56
69 71
84 32
46 44
35 92
20 51
79 24
87 97
90 23
38 77
56 98
16 19
43 17
22 21
10 26
8 94
73 36
37 33
74 96
96 88
23 98
28 79
59 82
56 7
11 14
81 27
96 78
30 3
38 86
83 56
33 10
79 30
94 23
29 87
47 58
30 91
30 86
48 36
82 69
100 19
51 11
74 31
60 90
42 37
36 74
97 98
77 23
25 23
71 99
46 58
49 30
48 88
100 23
65 31
76 8
37 12
86 55
2 92
28 47
47 76
16 80
69 67
18 32
76 21
92 86
23 80
36 23
80 93
58 75
48 59
40 37
90 67
60 61
4 66
22 65
71 72
93 4
70 65
98 37
8 79
25 68
86 75
25 36
17 82
40 66
28 50
99 77
60 6
66 5
43 76
6 87
80 46
9 20
67 26
11 21
85 76
69 99
8 37
95 9
38 58
53 95
8 63
82 32
38 38
86 39
24 42
63 10
62 73
11 93
95 63
26 58
26 42
4 10
71 8
26 10
97 8
20 26
84 55
79 93
38 87
43 30
25 79
49 26
30 89
53 69
97 52
53 57
32 91
13 43
24 11
55 1
85 43
31 40
91 85
67 75
92 53
52 27
2 69
16 64
82 41
71 50
18 86
68 41
26 55
82 17
20 24
72 4
52 61
89 34
77 32
99 83
91 10
3 29
41 27
93 50
47 75
74 28
17 92
23 1
42 44
84 38
94 18
95 46
57 27
18 43
99 74
18 57
58 9
9 32
33 71
46 8
96 55
74 50
93 45
7 48
14 98
19 33
80 7
50 1
94 53
20 3
87 14
47 37
92 21
50 64
33 72
12 83
1 15
9 44
24 9
5 56
93 65
32 12
54 11
91 55
37 64
25 88
85 84
61 17
46 57
32 8
33 12
8 95
20 2
86 29
47 97
93 97
95 66
5 46
64 80
60 67
96 48
56 54
14 51
46 14
14 52
38 74
46 64
5 44
88 52
5 55
90 8
70 85
41 59
7 12
13 13
1 19
32 37
96 63
96 44
52 40
2 60
76 20
2 1
36 15
82 60
59 83
87 87
10 17
8 57
66 22
28 68
38 34
92 15
18 37
38 91
89 74
7 42
31 95
7 27
85 71
85 20
3 75
42 15
78 99
95 2
67 50
56 82
9 65
36 70
66 84
87 86
39 4
54 24
4 68
67 77
93 82
42 30
15 44
17 41
45 30
84 30
60 49
88 98
61 95
63 84
33 16
40 25
32 38
14 18
31 47
69 8
51 6
28 10
9 84
15 47
34 57
70 91
21 97
47 88
95 65
45 38
28 41
90 34
85 25
77 48
40 64
40 89
76 79
70 10
53 97
48 72
84 67
96 92
100 1
80 89
19 91
40 84
28 65
24 86
80 52
3 56
10 19
80 56
7 90
70 33
13 81
86 94
41 85
94 98
18 30
37 31
34 17
23 26
49 43
36 18
40 76
71 17
53 2
45 5
57 22
11 20
19 35
11 73
76 87
91 83
90 42
79 17
48 38
26 96
38 45
34 92
20 44
53 52
13 49
50 56
77 75
63 89
9 36
95 14
52 74
74 83
15 41
83 89
95 59
42 17
97 13
89 61
100 89
60 63
84 93
59 16
1 91
40 61
15 8
76 44
54 62
24 83
79 88
54 84
50 13
22 18
66 73
85 77
65 41
36 87
57 20
11 96
50 57
46 55
85 65
21 69
57 79
22 56
68 51
63 19
86 27
2 13
6 12
17 81
47 61
32 66
30 8
43 3
100 74
57 99
41 53
68 43
95 40
37 14
99 48
99 29
86 52
5 23
81 99
6 16
1 2
48 65
14 15
61 32
38 47
17 76
45 45
67 48
10 83
7 84
84 60
10 8
69 70
94 71
45 17
93 51
60 83
100 15
45 15
29 20
31 69
15 16
13 68
80 16
3 72
7 99
80 90
68 65
29 61
4 99
64 52
36 65
86 40
74 6
28 73
18 36
48 93
45 66
51 67
22 74
55 35
68 23
69 82
87 64
56 41
62 4
39 28
23 35
7 23
35 47
76 70
32 27
35 43
10 15
20 25
29 53
71 1
47 79
25 67
7 37
49 44
96 68
21 31
42 41
75 75
67 3
20 99
2 39
98 74
41 26
78 40
87 52
95 81
31 91
47 49
16 24
82 93
15 88
46 93
58 8
42 32
83 95
57 3
92 25
28 6
57 86
34 19
41 94
55 46
93 53
90 3
6 20
37 77
61 60
29 44
45 96
57 78
1 22
39 42
2 34
14 81
45 13
53 23
74 5
95 51
24 13
41 58
4 51
69 79
44 34
86 79
79 76
58 88
53 7
14 64
98 16
100 45
12 55
32 94
18 21
34 1
58 17
30 59
72 73
47 94
44 3
93 39
7 77
47 48
18 13
92 31
68 79
81 54
11 78
87 4
83 2
19 44
13 83
5 82
97 23
46 22
47 66
13 59
61 3
52 3
92 42
81 80
22 42
64 55
97 72
2 8
87 59
87 7
93 13
22 34
23 72
75 47
81 50
46 25
90 17
94 67
81 75
26 79
78 21
30 19
55 93
30 57
36 80
88 25
62 10
89 22
29 13
93 19
92 64
23 63
69 28
25 8
87 45
86 11
83 55
24 91
84 41
9 7
87 5
40 59
31 15
13 42
27 61
77 45
43 14
81 62
11 87
41 60
48 5
31 7
24 95
19 83
69 33
22 22
26 87
72 72
49 60
47 1
48 73
87 81
18 53
48 75
56 68
67 12
16 88
36 85
63 12
97 14
76 41
3 32
48 84
12 79
20 40
77 73
92 90
43 57
92 24
37 73
3 59
65 32
56 78
21 75
1 92
16 89
70 42
56 19
51 36
11 36
64 36
93 29
26 41
79 7
21 86
26 47
63 21
61 75
91 84
56 92
88 54
94 73
52 49
55 25
44 20
74 30
97 22
51 29
2 24
25 21
44 23
40 60
38 26
4 16
23 10
49 84
31 20
69 95
4 34
31 92
97 42
100 25
85 42
29 59
48 42
54 18
33 29
8 66
96 32
62 39
18 74
64 54
85 8
21 85
18 49
17 73
78 98
45 49
13 75
85 98
6 65
47 98
69 85
52 12
27 82
17 53
49 67
48 11
3 39
82 48
52 65
88 71
48 37
86 76
97 43
46 77
29 43
54 8
90 43
6 13
75 1
82 45
57 47
89 60
10 47
86 26
75 51
48 44
79 34
35 79
43 11
95 61
94 54
53 67
3 64
58 80
79 23
64 9
64 20
34 35
83 47
41 10
11 92
43 81
65 3
100 4
68 40
27 62
60 64
36 71
100 75
9 31
8 59
56 53
72 12
9 83
39 66
15 23
48 85
65 38
25 69
67 88
28 17
72 16
51 97
93 59
74 66
14 85
96 10
33 85
64 3
33 67
88 72
39 79
56 84
14 97
98 76
59 80
23 86
15 76
83 57
19 70
77 31
53 84
98 42
56 14
77 72
44 14
75 38
14 82
60 38
73 86
35 96
63 33
34 83
83 61
95 69
93 73
57 29
43 39
73 28
13 64
62 90
55 8
30 65
80 99
65 11
53 68
54 37
53 9
7 73
39 62
7 88
56 45
67 85
99 18
17 27
98 60
22 67
11 67
16 94
41 20
86 60
47 83
86 86
41 83
33 42
99 23
73 30
69 76
38 76
45 56
58 44
21 32
23 12
99 89
56 37
44 10
67 38
85 62
96 16
100 30
51 39
56 77
86 49
89 37
7 30
9 97
73 32
22 19
9 73
46 30
96 20
14 24
56 88
59 62
26 68
81 47
60 35
19 46
52 76
68 66
65 83
78 66
83 66
5 41
38 79
8 40
88 75
24 50
43 56
50 85
88 88
62 6
45 28
71 57
27 28
16 92
53 13
78 71
99 66
56 55
28 35
78 92
59 78
75 41
74 12
66 62
68 62
68 39
70 71
45 86
33 96
45 9
44 44
12 96
91 40
80 38
97 28
69 23
11 81
41 11
1 67
72 45
83 53
62 88
6 91
2 35
97 71
77 84
70 69
49 80
30 26
14 42
60 96
41 69
32 9
61 46
52 11
87 51
82 97
45 92
22 5
16 7
94 41
41 43
74 71
26 94
19 67
82 54
84 11
47 29
88 94
75 74
3 82
42 73
51 54
75 99
47 73
45 4
76 11
42 35
30 80
41 15
11 39
14 74
1 32
38 85
97 61
97 67
45 47
25 22
58 40
22 27
87 35
97 2
17 75
83 92
49 3
17 70
86 81
72 95
91 75
54 9
3 84
91 31
14 53
49 81
15 32
18 45
59 92
97 69
41 61
4 60
15 58
79 53
97 62
16 18
100 77
64 99
29 26
4 37
55 9
17 2
3 12
72 10
75 59
20 56
8 51
91 87
14 63
95 84
95 37
72 86
85 79
53 20
89 54
90 19
5 36
84 35
62 3
52 28
9 49
39 10
82 94
20 58
14 17
24 65
87 60
32 62
100 42
83 90
69 32
25 84
94 34
17 58
79 19
86 28
46 35
63 35
28 77
41 84
14 25
5 87
6 42
23 66
25 93
100 99
45 77
5 35
54 70
1 40
74 10
60 43
37 70
41 86
50 67
78 36
22 43
34 27
28 78
24 52
64 73
5 49
74 97
38 23
37 3
72 49
83 6
33 92
2 5
57 35
59 31
55 26
85 97
32 1
72 26
74 48
55 18
100 40
20 48
19 89
37 81
55 49
40 33
34 36
35 74
9 5
27 68
26 52
77 57
61 15
53 70
65 58
37 23
71 77
26 50
63 81
15 39
98 49
43 46
91 86
96 96
69 9
44 83
79 14
62 28
92 71
76 39
4 7
99 61
66 64
99 69
63 27
15 69
91 18
97 75
61 51
1 47
90 97
84 1
50 79
38 2
32 13
36 73
27 60
73 9
9 23
94 66
37 36
34 2
23 54
24 79
49 97
56 36
24 23
69 94
51 80
43 74
42 12
54 33
58 48
81 17
92 8
95 93
45 31
96 30
79 28
58 58
13 9
17 14
32 77
33 47
83 40
66 25
72 35
58 39
16 69
79 32
79 8
42 51
27 83
17 25
58 23
87 38
49 16
68 44
71 39
70 70
45 54
28 44
64 76
89 87
7 17
3 20
76 73
56 96
43 96
60 10
21 84
68 76
20 33
23 19
60 12
17 44
97 3
86 3
33 26
40 34
88 78
35 48
97 16
25 14
11 51
100 70
56 3
93 84
16 49
53 14
79 96
28 4
42 18
57 16
37 4
30 95
43 70
10 28
10 12
56 48
15 46
36 66
2 68
90 24
60 99
42 11
43 58
50 19
74 77
43 45
95 99
70 75
39 43
62 9
84 77
42 23
53 31
34 34
65 2
14 73
14 46
27 15
100 5
13 72
32 92
89 13
91 58
5 4
99 6
8 34
1 37
61 67
97 87
23 25
82 52
22 76
67 19
45 82
37 19
59 68
11 50
80 36
44 49
49 18
63 3
53 92
14 67
94 30
42 91
4 87
56 8
94 40
1 17
78 64
96 47
80 83
44 5
92 1
79 36
38 64
90 98
25 50
84 16
78 70
42 74
35 10
1 97
49 91
29 3
9 47
35 77
94 1
21 46
99 40
52 18
32 86
18 80
43 20
100 43
100 81
1 34
88 43
92 54
66 15
99 64
8 83
86 97
57 85
7 62
71 56
93 34
100 97
69 93
78 44
33 44
25 33
41 67
17 42
8 25
9 88
42 29
59 34
60 98
100 73
87 41
98 6
23 70
50 7
2 44
18 76
50 35
75 97
22 59
99 45
79 2
80 42
29 91
80 95
51 82
56 40
45 68
24 54
16 35
96 72
84 76
75 32
34 16
62 41
12 27
49 27
7 7
6 40
10 64
40 68
72 61
21 78
94 3
46 50
16 43
39 70
10 98
35 88
47 27
32 7
9 50
17 83
62 58
15 86
71 96
47 44
9 72
20 23
98 14
70 22
75 26
95 86
76 80
85 96
40 93
31 6
70 27
78 31
100 33
91 34
81 68
49 28
9 45
91 95
54 20
58 73
15 53
93 89
15 79
38 95
78 53
90 59
33 18
58 11
46 29
69 39
1 7
91 52
68 20
1 27
56 2
75 39
31 13
46 5
62 32
85 53
67 74
39 99
28 60
87 71
2 6
53 87
91 15
81 90
77 3
92 68
35 55
28 54
27 99
76 52
27 88
82 90
92 50
52 70
4 2
98 39
97 97
37 10
13 4
55 96
91 19
42 68
36 98
84 91
21 61
44 70
57 56
64 95
51 81
62 15
25 35
87 70
4 14
3 80
62 47
59 64
90 64
66 79
99 80
16 97
95 79
100 41
13 56
47 32
6 9
18 87
68 25
82 61
95 64
55 71
5 69
64 65
99 94
2 36
35 72
89 59
24 25
34 73
24 14
77 76
97 21
56 17
50 40
21 91
85 37
88 83
91 9
2 62
38 51
67 56
26 54
5 50
29 30
73 14
62 86
74 61
59 41
50 95
80 55
60 14
85 91
88 29
20 84
62 20
53 12
2 88
29 31
23 30
60 68
39 76
45 8
38 9
65 92
38 75
31 51
93 93
15 30
40 55
75 94
88 85
84 71
9 63
27 42
12 6
12 56
80 77
24 36
43 66
62 75
26 70
32 68
61 18
42 25
10 45
77 80
5 18
77 68
39 75
48 83
93 44
98 68
18 88
92 94
58 78
99 75
96 4
91 60
20 79
39 69
63 49
19 2
54 87
37 63
34 5
97 29
5 19
55 36
29 71
67 15
94 51
92 22
58 92
71 37
29 41
48 94
52 96
43 23
52 83
60 53
95 4
84 29
92 96
96 93
90 1
13 41
1 9
80 11
93 3
6 68
75 52
18 42
64 30
96 23
13 66
90 65
99 92
8 65
76 18
83 3
10 40
87 32
100 79
49 77
49 94
79 47
87 30
72 60
36 59
71 83
44 31
73 68
6 76
31 94
78 54
84 78
41 95
6 38
94 31
40 56
65 22
3 28
46 66
19 69
26 66
26 28
50 51
64 46
78 60
28 46
51 37
1 84
82 86
87 90
42 89
1 5
70 41
91 7
51 95
42 31
1 75
51 98
70 34
63 58
98 70
14 99
64 41
67 61
48 76
59 43
42 92
11 6
67 73
89 15
44 9
41 50
70 51
96 49
67 46
41 13
99 35
19 80
7 36
79 82
24 61
66 97
13 46
15 96
23 65
22 25
68 2
44 8
73 57
5 57
14 48
32 57
83 37
89 88
18 4
54 15
15 98
83 71
24 84
56 32
27 63
81 1
5 53
22 3
7 71
93 46
66 18
46 74
23 27
37 76
87 47
74 60
28 49
3 88
37 27
17 5
34 7
41 40
38 3
97 37
55 92
91 42
30 5
64 13
96 7
8 99
64 10
81 42
43 93
28 11
25 4
93 8
72 56
74 13
58 57
49 56
73 29
34 58
16 40
39 46
2 73
79 48
58 81
74 29
68 77
79 43
1 28
3 60
51 18
78 37
68 91
68 9
80 63
42 62
73 42
74 56
66 47
78 51
12 71
10 2
99 72
8 93
32 99
27 53
76 54
30 16
51 9
17 19
75 57
22 70
32 11
25 61
33 87
51 63
24 32
45 25
6 44
7 79
55 55
58 50
84 3
92 19
38 1
16 1
66 58
66 61
50 14
39 24
80 76
78 33
73 54
36 43
91 53
89 92
8 49
44 69
74 78
4 78
75 24
100 63
97 66
13 50
3 69
71 36
84 82
93 7
37 50
90 54
65 33
94 99
90 77
20 61
95 23
40 7
42 63
27 64
60 70
7 52
98 77
62 30
96 59
28 14
2 55
69 16
58 34
95 5
10 34
58 84
58 95
33 9
67 94
82 35
80 58
11 17
18 2
57 88
31 16
100 11
39 84
3 8
65 29
43 9
4 88
22 48
97 77
39 47
8 58
13 26
13 5
67 68
79 64
79 67
70 73
17 48
95 90
3 11
69 88
26 4
66 49
79 95
58 25
74 80
1 23
12 86
18 63
82 38
37 8
40 13
88 51
83 75
7 91
52 26
11 19
7 39
1 61
55 87
49 5
84 54
34 90
60 34
8 5
67 84
26 37
96 51
31 81
56 15
60 19
54 46
35 71
69 77
95 58
67 20
20 27
23 71
46 3
36 63
99 36
76 69
49 53
61 91
55 80
76 10
41 9
6 47
33 40
28 28
60 95
7 8
53 59
12 97
30 10
76 22
41 46
3 6
55 97
46 90
32 48
21 53
58 12
80 82
26 99
42 80
72 44
20 47
29 51
25 13
99 7
5 66
11 24
49 24
74 7
81 10
86 59
56 23
59 4
47 47
75 60
39 64
8 91
5 71
26 57
32 17
93 60
90 44
37 43
54 42
65 88
91 4
4 15
100 80
71 89
33 98
35 41
12 5
43 21
88 5
20 30
62 84
62 80
76 30
7 59
44 93
85 61
70 17
98 51
13 48
36 20
1 48
34 40
35 51
44 78
78 97
26 51
91 38
12 70
10 32
49 75
1 14
5 32
12 14
28 86
47 38
54 60
77 63
70 36
2 94
5 7
65 45
72 7
6 95
5 62
53 8
38 4
25 98
37 97
90 56
54 56
33 90
74 90
28 19
49 6
29 38
31 48
2 58
68 63
52 43
65 98
82 95
71 32
20 37
95 35
3 91
49 15
27 78
90 14
71 67
2 65
54 94
2 33
43 22
88 53
20 19
78 4
12 11
89 19
76 94
57 81
31 79
67 30
70 43
98 8
65 8
72 53
58 91
12 62
14 86
22 78
11 7
79 49
26 56
90 21
55 60
45 52
94 17
10 88
86 67
48 66
19 14
74 35
75 69
27 69
64 60
90 25
76 62
68 85
60 87
9 34
21 92
49 55
1 63
85 95
78 52
56 58
28 7
36 64
33 53
55 57
93 58
21 4
2 30
98 99
35 29
39 40
99 10
30 55
38 27
82 29
49 62
83 97
3 85
61 8
55 39
6 3
84 12
69 13
64 47
67 82
57 73
59 70
64 71
95 1
64 1
31 23
19 1
13 25
42 36
33 20
6 19
1 8
94 74
41 80
38 71
47 19
54 36
76 13
14 59
89 41
63 68
97 99
8 26
19 53
83 68
69 29
12 54
99 96
48 87
77 51
98 83
100 7
62 54
10 57
39 56
87 49
53 49
48 47
23 81
29 89
57 87
41 35
65 56
84 40
80 25
44 7
85 5
37 34
50 15
2 90
46 97
30 39
68 7
13 58
46 88
96 79
92 16
38 8
78 16
47 7
87 93
64 33
31 60
60 78
34 55
50 77
48 34
11 25
97 9
24 18
89 26
76 84
39 72
33 11
28 27
88 14
28 64
73 90
65 35
52 9
90 20
36 12
75 92
42 1
13 39
89 36
21 39
35 8
78 78
29 75
11 18
98 94
55 27
4 80
71 19
62 25
58 85
28 55
19 56
92 72
32 14
95 87
55 28
50 68
89 2
16 26
64 48
46 95
66 66
89 53
9 64
50 29
30 40
23 49
49 89
6 18
17 15
15 95
88 20
94 9
12 4
84 52
7 60
3 21
62 67
84 94
85 13
46 4
12 77
49 58
76 91
79 89
54 76
29 79
75 81
78 73
63 59
76 65
56 59
11 42
100 62
75 18
49 14
89 77
57 46
15 92
64 68
2 4
26 18
98 25
56 10
46 54
98 33
96 40
78 72
70 15
71 26
94 89
70 25
18 75
77 58
37 20
72 33
95 77
36 86
4 64
60 3
12 60
20 22
4 58
7 83
65 24
81 35
88 96
40 10
54 25
71 4
10 52
2 14
37 55
26 77
47 21
83 70
99 20
13 27
5 47
67 44
98 48
16 6
75 54
30 99
44 94
46 28
26 43
29 10
90 35
54 71
90 87
22 13
75 73
42 48
96 28
4 36
23 33
68 92
94 29
93 81
30 58
26 3
4 50
8 32
6 23
29 81
32 42
59 59
43 1
52 69
57 45
30 97
66 46
95 12
87 62
91 35
48 14
27 27
30 1
50 46
8 4
60 9
23 22
3 27
4 24
39 49
44 87
39 30
10 66
32 93
56 4
15 65
55 89
13 11
67 67
14 79
10 93
40 88
6 58
35 68
56 57
13 51
89 76
79 26
16 67
75 25
42 6
77 98
84 2
23 87
3 25
69 31
17 4
30 4
36 41
88 49
25 86
16 20
96 62
41 23
73 67
10 16
7 92
51 26
25 45
72 51
22 82
89 69
27 85
25 51
31 49
45 73
35 9
47 91
44 79
14 31
38 33
38 28
92 37
18 84
65 57
9 1
87 44
70 78
25 90
14 23
24 19
69 74
88 23
38 11
65 46
77 46
28 39
4 39
51 84
28 70
62 89
89 4
34 30
96 22
32 96
89 46
30 25
48 60
66 14
45 41
17 77
15 77
55 6
42 38
93 14
37 71
57 91
80 71
80 72
66 20
18 41
5 75
31 1
99 13
87 34
16 31
7 45
59 60
78 74
64 92
9 9
37 95
25 89
31 64
35 69
48 54
15 15
28 20
5 40
67 86
60 72
53 94
52 14
38 53
74 70
55 68
58 99
1 83
81 43
52 98
64 91
16 93
36 8
91 68
71 16
54 29
11 35
7 65
99 14
34 29
40 14
69 83
44 63
53 34
85 88
54 73
85 45
38 10
21 62
92 38
64 89
52 29
73 64
22 95
64 25
36 48
25 65
75 91
50 11
64 69
56 93
76 5
39 48
41 34
65 80
54 95
31 3
20 35
75 68
94 75
100 21
11 49
42 57
82 3
98 73
19 6
85 67
71 9
39 88
30 28
50 24
67 78
16 34
71 59
100 66
73 53
82 44
21 66
82 68
62 60
33 1
54 13
76 15
29 76
81 40
63 61
73 18
75 84
64 45
85 69
57 75
70 35
12 59
67 60
71 71
19 47
91 45
1 73
22 92
81 69
48 86
83 10
31 5
19 34
76 88
3 5
50 60
19 41
95 18
97 93
11 71
99 16
5 29
64 87
8 19
64 39
52 6
100 22
40 44
80 53
6 51
53 56
47 59
91 44
63 67
100 20
92 12
35 17
51 87
18 22
28 61
31 83
61 65
68 17
75 50
36 39
44 91
12 22
17 40
24 15
45 32
89 99
24 94
58 21
58 15
18 52
23 3
40 1
98 5
30 37
58 89
35 87
29 94
36 1
29 28
52 75
61 2
21 44
55 21
15 67
34 87
4 22
14 70
98 56
43 97
96 83
54 66
58 6
2 82
93 21
11 64
8 81
13 71
69 54
27 72
35 52
8 36
