20000 10000
2 669 32
2 12155 5
1 48
2 17775 57
2 17150 91
1 86
2 19263 84
2 8773 9
2 17151 40
1 46
2 10073 15
1 47
1 28
2 2955 33
2 6424 4
1 19
1 44
1 10
2 15215 24
2 2466 60
2 7471 79
2 19401 57
1 92
1 60
1 24
1 53
1 79
1 84
1 41
1 8
2 8806 77
1 32
1 93
2 7365 20
2 12126 56
1 40
1 36
2 19268 85
2 9205 41
1 99
1 92
1 89
1 76
1 78
1 79
1 56
1 32
1 35
1 17
2 18153 72
1 95
1 75
1 51
1 35
1 24
1 82
1 70
2 10088 10
1 91
1 13
1 6
1 25
1 35
1 86
1 33
2 16771 4
1 89
1 7
1 4
1 85
1 95
2 585 46
1 15
1 77
1 27
1 51
2 1667 62
1 12
2 344 40
2 7492 94
1 38
1 49
1 87
1 42
1 11
1 94
1 82
1 63
1 100
1 80
1 26
2 15719 7
1 79
1 64
1 82
1 41
2 14779 12
1 60
1 96
1 31
2 2049 69
2 7450 92
1 68
1 50
1 20
1 68
2 3952 80
1 76
1 75
1 39
1 47
1 98
1 30
1 60
1 43
2 15558 28
1 16
1 80
2 16185 31
1 56
1 62
2 964 63
1 84
1 100
2 19979 10
1 47
1 49
2 772 90
2 16142 86
2 17149 48
1 59
1 30
1 49
1 6
2 10751 10
2 16937 46
1 92
1 58
1 13
2 2343 43
1 13
1 99
1 32
2 8415 25
1 15
1 87
2 3436 80
1 45
1 24
2 11506 1
1 24
2 2503 42
1 10
1 83
2 10155 37
1 41
1 42
1 68
1 97
2 865 27
1 100
1 67
1 64
1 90
1 53
2 3484 10
1 78
1 66
2 2965 89
1 8
2 17709 48
1 84
1 94
1 16
1 63
2 12694 43
2 16771 10
1 100
2 16210 85
1 56
1 3
1 36
1 86
2 5862 94
2 2974 83
1 79
1 63
2 18717 62
1 36
1 46
1 98
2 10640 7
1 2
2 13724 68
1 75
2 13060 77
2 17287 10
1 32
1 16
1 17
1 50
2 3628 36
2 10016 28
1 33
1 33
2 10820 72
1 59
2 5940 51
1 48
2 19050 100
2 8370 48
1 32
2 14385 81
1 49
1 94
1 66
2 9312 52
2 17516 49
2 2705 52
1 31
2 2198 4
1 6
1 50
1 32
1 19
1 64
1 98
2 14565 84
2 10989 21
1 80
2 1907 43
1 25
1 22
1 40
1 57
2 9279 17
1 91
1 98
1 71
1 32
1 47
2 3076 35
2 16839 14
1 5
1 58
1 33
1 89
2 13895 18
2 7453 13
1 61
1 14
2 9266 95
1 6
1 58
1 58
1 15
2 11663 89
1 37
1 28
1 99
1 78
2 15853 40
1 9
2 9852 5
2 17499 78
1 46
1 68
1 85
1 64
1 13
1 89
2 8071 53
1 10
2 15965 76
1 9
1 27
1 10
2 4105 85
1 21
1 54
1 21
1 69
1 28
1 24
1 66
1 25
1 46
1 18
1 32
1 29
2 8639 65
1 54
1 41
2 9897 54
2 2275 85
1 90
1 34
2 11495 100
2 8498 55
2 5496 22
1 75
1 57
2 7832 82
2 19623 17
1 19
2 6476 54
1 68
1 23
2 6477 41
1 18
2 7489 13
1 86
1 5
1 85
2 5916 67
2 8263 88
1 20
2 10805 84
1 59
2 18562 41
2 2108 41
2 5991 2
1 9
2 3361 100
2 4415 41
1 26
1 66
2 19214 73
1 62
2 19194 100
1 57
1 48
1 75
1 12
1 39
1 30
1 72
1 72
2 1651 59
1 58
1 57
2 19531 3
1 37
1 5
1 44
1 70
1 42
1 46
1 44
1 1
1 47
2 269 45
1 15
1 41
1 18
1 25
1 65
1 78
1 96
1 61
1 85
1 57
1 79
1 77
1 90
1 34
1 24
1 2
1 62
1 79
2 3156 38
1 80
2 7779 94
2 4156 80
2 17010 5
1 56
2 10059 74
1 45
1 99
2 12149 7
1 91
2 11412 54
1 80
1 98
1 17
2 3693 7
1 77
1 18
2 10983 49
1 66
1 37
1 17
1 54
2 11785 14
2 152 39
1 100
2 19032 31
1 21
1 98
2 4163 59
1 16
2 856 67
1 36
2 4878 55
1 90
2 16934 81
2 19623 97
1 29
1 43
2 11136 8
2 17411 52
1 5
1 1
2 3983 68
2 19431 78
2 8970 35
2 11157 83
1 4
1 44
1 45
1 27
1 44
1 9
2 15147 45
1 42
1 55
2 3308 3
1 66
2 463 62
1 7
2 4729 25
1 82
2 75 65
1 9
1 87
1 10
1 71
1 84
1 17
1 70
1 14
1 36
1 84
2 16301 54
1 85
1 70
1 91
1 98
1 12
1 92
1 80
1 50
1 47
1 69
1 19
1 54
1 18
1 19
1 94
1 87
2 8833 8
2 1491 12
2 16500 71
2 13321 35
1 7
2 17163 21
1 80
2 14712 7
1 85
1 81
1 74
2 18859 55
1 71
2 4684 31
1 64
1 79
1 37
1 86
2 14584 40
1 24
2 18661 65
2 10837 96
1 52
1 43
2 7130 44
2 19518 98
2 10220 93
1 53
1 79
1 45
2 3761 61
1 10
1 3
2 544 30
1 21
1 91
1 6
1 44
2 4363 53
1 88
1 100
2 4422 56
2 1465 13
2 13291 56
1 13
1 95
1 74
1 50
2 7025 61
2 5374 69
1 64
1 65
1 16
1 8
1 13
2 10318 20
2 11148 87
1 92
1 64
1 52
1 94
1 48
2 2341 62
2 4385 26
2 2239 76
1 70
2 18982 13
1 23
2 16119 58
1 47
1 1
1 22
1 7
2 9987 87
1 17
1 24
1 48
2 12145 20
2 625 48
1 78
1 3
1 8
1 21
1 65
1 27
1 23
1 40
2 17935 14
2 18308 61
1 88
2 11048 74
1 47
2 7156 13
1 78
2 5044 63
1 38
1 36
1 99
1 90
1 53
1 46
1 8
1 35
1 99
2 14704 32
1 65
1 98
1 93
1 46
1 18
2 2140 47
1 64
1 8
2 5230 60
2 4355 17
1 64
1 46
1 92
1 67
1 12
1 92
1 28
2 11432 27
1 27
1 61
2 16527 84
2 2613 18
1 13
2 17429 96
1 98
1 2
1 74
1 94
1 28
1 51
1 31
1 29
1 18
1 52
1 84
1 7
2 4839 44
1 80
1 47
1 77
2 12784 66
1 48
2 3171 73
2 13369 45
1 51
1 83
1 46
1 91
1 87
2 2676 75
1 79
1 32
2 11581 40
1 52
1 78
2 6684 53
1 37
2 15475 1
2 117 46
2 12148 4
1 58
1 7
2 17800 96
1 50
2 15671 7
1 65
2 12489 6
1 99
1 21
1 61
2 4809 34
1 20
1 72
2 3023 84
1 50
2 6826 67
1 12
1 91
1 21
1 92
1 48
1 66
1 70
2 3541 78
1 45
2 3750 97
2 19029 4
1 9
1 75
2 3811 75
2 2570 7
1 73
1 33
1 47
2 19710 34
1 7
1 66
2 16893 11
1 12
1 84
1 61
2 4618 55
2 635 14
1 60
1 18
1 24
2 16222 44
1 79
1 47
1 47
1 84
2 1069 38
1 4
1 31
1 35
2 14765 29
2 8415 47
1 94
2 5365 85
1 86
1 91
1 10
1 63
1 39
1 92
2 17380 75
1 34
1 68
1 28
2 15878 23
1 88
2 17058 87
2 10477 52
1 84
2 19409 14
1 75
2 12236 71
2 11556 77
2 19470 61
2 626 9
1 35
2 18498 70
1 39
1 95
2 14876 46
1 32
2 19665 74
1 49
1 23
1 87
1 16
2 12532 59
1 70
1 53
1 58
1 56
1 20
2 6745 39
2 2827 35
2 11342 66
1 62
2 11641 61
2 16381 23
2 13983 26
1 61
1 57
1 49
1 78
1 70
1 59
2 3353 54
1 31
2 11185 66
1 88
1 26
1 94
1 70
1 16
1 8
1 56
2 4548 32
1 72
1 60
2 10142 3
1 30
1 48
1 49
1 38
1 30
1 94
1 8
2 11873 82
1 78
1 33
2 12879 38
1 90
2 2427 21
1 33
1 39
1 9
1 93
1 65
1 12
1 82
1 52
1 9
1 4
2 1661 1
1 24
1 33
2 4966 71
2 8763 77
2 1585 97
1 35
1 1
1 18
2 6897 72
1 14
2 17838 8
1 17
1 26
1 22
2 7461 24
1 100
1 94
2 9929 21
2 13160 98
1 37
1 58
2 19183 1
2 2739 23
1 92
1 16
2 19856 31
2 19274 79
1 100
1 28
1 2
2 15752 1
2 15399 37
1 13
1 90
2 9677 67
1 47
1 75
1 7
1 73
1 81
1 51
1 89
1 45
1 7
2 19691 33
1 49
1 88
1 87
1 68
2 10454 51
1 29
1 66
1 89
1 9
2 10247 29
1 61
1 97
1 59
1 64
2 6503 91
2 7073 88
1 21
1 76
2 7795 32
2 1463 18
2 5040 98
2 8535 65
1 98
1 50
1 57
1 73
1 66
1 85
2 12379 86
1 30
1 81
2 17779 17
1 10
2 12278 59
1 74
1 30
1 75
2 8868 31
2 6769 68
1 81
1 68
1 88
1 71
2 1356 69
1 60
2 16690 42
2 13487 75
1 97
1 91
2 11724 74
1 58
2 3612 29
2 18193 80
2 4390 91
1 37
1 92
2 4276 37
2 11195 51
1 2
1 9
1 10
1 34
2 15238 51
2 16165 90
2 14601 46
2 10332 95
1 92
1 66
2 1611 63
1 99
2 12032 41
1 6
1 32
1 23
1 32
2 1048 47
1 9
1 26
2 15691 81
2 8009 66
1 35
2 19066 43
1 1
1 85
1 49
2 6785 25
1 15
1 68
1 96
1 26
1 30
2 10533 59
1 20
1 34
1 80
1 6
1 55
1 92
2 19540 54
2 4545 15
1 3
2 10827 51
1 50
1 47
1 48
1 40
1 100
1 38
1 46
1 67
2 7829 45
1 31
2 10726 19
2 6334 52
1 59
2 10620 83
1 93
2 19013 27
1 70
1 68
1 28
1 9
1 11
2 14740 63
1 38
2 17936 94
1 66
2 5527 20
1 61
2 12200 54
1 18
1 17
1 24
1 45
1 52
2 11229 7
1 73
1 44
1 65
2 13484 1
1 25
1 35
2 7221 47
1 39
2 7069 94
2 7475 91
1 55
2 17095 94
2 8248 33
2 12919 5
1 22
1 70
1 80
1 7
1 75
1 79
2 17810 26
1 1
1 77
2 14923 44
1 89
2 17622 80
1 67
1 92
1 58
1 44
1 95
2 17730 55
1 67
2 11397 83
1 91
1 8
2 13835 93
1 78
1 27
2 18190 85
2 17099 48
1 44
1 57
1 70
1 84
1 11
2 9386 30
1 23
1 15
1 92
1 18
1 97
2 642 100
2 17704 30
1 58
1 69
2 4395 15
1 39
1 96
1 69
2 17978 46
1 90
1 52
2 4926 70
2 9048 15
2 3346 76
1 66
1 24
2 11160 7
1 26
1 89
1 9
1 23
1 20
1 18
1 62
2 18470 66
1 34
2 18150 29
2 2317 90
1 49
1 55
2 6881 84
1 55
1 76
1 3
1 95
2 3597 87
2 14305 94
2 1815 46
1 73
2 4534 36
1 91
2 15374 64
1 99
1 71
1 93
1 45
2 2484 44
1 74
2 8194 2
1 38
1 10
1 79
1 77
1 38
1 98
1 41
1 25
1 55
2 2006 72
1 24
1 14
2 19206 72
1 36
2 9163 7
1 28
1 73
2 16838 90
1 60
1 91
2 9556 59
1 82
1 13
1 25
1 43
1 31
2 12209 28
2 19605 32
1 39
2 12805 88
1 4
1 62
1 77
2 10992 87
1 17
2 6107 5
1 26
1 2
1 49
2 9640 92
1 64
1 11
1 42
1 39
2 16831 61
1 16
1 97
1 93
1 79
2 9107 93
1 25
1 41
1 43
2 3163 72
2 16874 45
1 74
2 6491 30
1 12
1 97
2 12785 60
1 25
1 53
2 13373 79
2 7959 93
1 99
1 61
2 17143 53
1 92
1 45
2 3793 69
1 5
2 1922 39
1 35
1 82
2 315 14
2 16613 8
1 39
1 91
1 77
1 20
1 23
2 8238 40
2 17032 100
1 98
1 95
2 18991 37
1 71
1 41
1 27
1 57
1 45
1 59
2 4701 96
1 13
1 15
2 19430 7
1 76
1 93
1 100
2 4920 74
1 53
1 77
1 84
1 17
2 10676 83
2 17311 14
1 78
1 59
1 82
1 54
2 17443 97
1 72
2 14266 99
1 89
2 6074 34
1 71
2 16981 78
1 90
1 56
2 17668 57
2 9864 40
1 72
2 13176 33
1 2
1 92
2 17221 25
1 44
1 41
1 70
2 15678 24
1 7
1 67
1 6
1 53
2 5930 61
1 11
2 5924 34
1 38
2 4496 87
1 54
1 92
2 10796 90
1 25
1 53
1 24
1 6
1 75
2 7773 84
2 9287 57
1 95
1 23
1 87
2 11234 16
2 17087 4
1 22
1 38
1 69
1 59
1 58
2 15064 33
1 93
1 23
2 12160 86
1 47
2 12141 100
1 34
2 19002 62
1 41
2 4043 52
2 14618 74
1 78
1 45
2 6537 99
2 12113 90
1 45
2 9874 36
1 61
1 21
1 27
1 91
1 57
2 2759 34
1 40
2 12312 27
1 50
1 39
1 69
1 16
1 23
1 25
1 31
1 46
1 45
2 2276 4
1 78
1 58
1 11
1 32
2 15612 20
1 43
2 12580 82
1 69
2 18430 76
1 99
2 1263 61
2 19227 74
1 48
2 19303 49
1 97
2 14358 44
2 6039 12
1 35
1 79
2 9562 40
2 6055 51
1 27
2 19682 5
1 56
2 16570 34
2 11527 86
2 2021 70
1 45
2 2249 69
1 78
1 45
2 6228 18
1 75
1 10
1 81
1 84
2 1518 20
1 71
1 40
1 45
1 88
1 82
1 82
2 3367 67
1 95
2 8274 6
2 12198 66
1 100
1 45
1 91
1 82
1 35
1 38
1 28
1 84
2 6873 88
1 9
1 3
1 63
1 88
2 16640 4
1 48
1 26
1 72
2 9074 79
1 85
1 43
1 74
1 72
2 2251 70
1 59
2 12087 93
1 13
1 88
1 72
1 87
2 7918 42
2 13605 53
1 17
1 18
2 3568 41
2 9242 2
1 61
2 14654 17
1 21
1 75
2 18920 82
2 17608 14
1 63
2 14499 84
1 31
1 84
2 17788 59
2 9778 24
2 4605 45
2 15801 90
1 17
1 51
1 99
1 59
2 13257 14
1 21
2 7996 89
2 1988 12
2 1920 30
1 91
1 72
1 69
2 9875 22
1 81
2 12882 96
1 65
1 25
1 87
1 3
1 98
2 8329 2
2 15572 29
1 2
1 26
2 1881 49
1 78
2 7834 39
1 59
1 96
1 65
2 14268 49
1 39
1 59
2 16437 37
2 14780 53
2 2944 6
1 55
2 4649 30
1 98
1 65
2 944 100
1 19
1 7
1 89
1 88
1 92
1 50
2 9011 59
1 77
1 60
2 2924 86
2 15131 37
1 13
2 12812 25
1 62
1 13
2 5651 90
2 1627 46
2 6299 91
1 74
1 75
2 6304 11
1 13
1 36
1 48
1 89
1 58
1 16
1 55
2 17329 87
2 2376 29
2 9943 52
1 14
1 91
1 38
2 19040 8
1 28
2 6203 88
2 18059 70
2 9784 65
1 42
1 9
2 99 7
1 72
1 80
2 19277 52
2 16056 63
2 14417 14
1 42
2 13588 73
1 78
2 13938 75
2 13455 89
2 13391 33
1 89
2 7260 82
1 64
1 58
1 71
1 52
1 94
2 14149 62
1 87
1 3
1 79
1 93
2 1488 35
1 38
2 489 36
1 5
1 40
1 71
1 53
1 65
2 11332 82
2 5539 30
1 3
2 2036 80
1 19
2 4235 13
2 5791 90
1 85
2 5794 1
1 97
1 99
1 20
2 1024 41
2 11399 71
2 17313 28
1 92
1 68
2 2885 28
2 9114 21
1 39
1 19
1 11
1 48
2 10579 45
1 4
1 88
1 96
2 14327 93
2 16240 16
1 24
1 26
2 10458 46
1 19
2 11286 96
2 9609 98
1 56
1 98
2 4648 27
1 90
1 64
1 95
1 1
1 69
2 17080 45
1 16
1 81
1 10
1 28
1 97
1 42
1 16
2 11710 37
2 10952 99
1 82
2 5880 5
1 17
1 39
1 87
2 18244 87
1 3
2 11184 8
2 16333 22
1 66
1 9
1 11
1 21
1 80
2 1851 31
1 47
1 33
1 18
1 58
1 97
1 68
2 7183 71
1 15
2 1134 24
1 30
1 35
1 16
1 88
1 83
2 4103 25
2 3732 88
1 96
1 92
1 24
2 1687 67
1 21
2 9975 85
1 86
1 24
1 66
1 25
1 92
1 94
1 29
1 65
1 44
2 11279 22
2 15923 40
2 3801 58
2 11110 48
1 20
2 16826 36
1 25
1 44
1 81
1 17
1 42
1 88
1 36
1 29
1 59
1 49
1 91
1 1
2 1397 77
1 22
1 90
1 85
1 74
1 62
2 10868 24
2 6713 26
1 98
1 45
1 48
1 88
1 39
1 41
1 91
1 81
1 87
2 10901 28
1 45
2 14648 55
2 1151 41
2 16717 79
1 60
2 16084 98
1 81
2 10086 55
2 10865 30
1 65
1 21
1 14
1 19
2 7480 44
1 4
1 33
2 10910 94
1 28
2 12530 6
2 7988 17
1 63
2 7071 95
2 1691 21
1 53
2 5664 27
1 45
2 4565 39
1 97
1 72
1 15
2 1915 4
1 38
2 7366 12
1 19
2 13622 5
1 6
1 92
1 1
1 43
2 7411 74
2 9442 13
2 11430 17
1 89
1 100
1 98
2 3614 12
2 59 36
2 18562 42
1 34
1 39
1 65
1 79
1 60
2 5858 32
1 7
1 82
1 84
1 30
1 85
1 68
1 94
2 6185 17
1 49
1 43
2 4976 10
2 16623 27
1 35
1 54
2 16439 53
1 68
1 92
1 65
1 22
2 9757 18
1 72
1 37
1 79
1 8
1 64
1 89
1 86
2 6200 11
1 48
1 46
1 29
1 19
1 72
1 92
1 55
2 3168 61
1 14
1 10
1 14
2 8943 51
2 13877 44
1 31
2 9536 70
2 18641 52
1 52
1 50
2 5288 23
1 34
1 97
1 93
2 18307 14
1 63
1 18
1 74
1 32
2 1521 94
1 64
1 60
2 11819 41
1 8
1 48
1 79
2 15458 71
2 13568 27
1 79
1 63
1 100
2 9656 44
1 23
2 15977 55
1 6
1 2
1 38
1 59
2 12476 71
2 13539 45
2 15761 80
1 100
2 3311 1
2 9590 43
1 75
1 16
1 70
1 48
1 31
1 71
1 68
1 29
1 55
2 10099 48
1 46
1 71
1 54
2 15071 75
1 94
2 17726 42
1 20
2 8974 97
2 15122 70
1 9
2 11613 16
1 34
2 13263 37
1 36
2 12996 74
1 60
1 6
2 11754 86
1 28
1 84
1 11
1 69
1 76
1 83
2 339 39
1 83
2 11510 54
1 74
1 51
1 12
1 64
2 5138 54
1 82
2 12574 34
2 635 44
1 7
2 3196 88
2 8126 63
1 90
1 100
2 17681 30
1 54
1 61
1 91
2 3871 82
1 51
1 59
1 31
1 86
2 15731 65
2 5869 18
1 19
2 7893 58
1 9
1 45
1 80
1 76
1 61
2 15191 79
2 12979 81
1 96
1 59
1 77
1 73
1 73
1 13
1 9
1 21
1 60
1 17
1 54
1 98
1 95
1 21
2 5564 79
1 54
1 89
1 72
1 7
1 16
1 89
1 43
1 58
1 54
2 9170 19
1 57
1 32
2 15086 39
1 11
2 10889 8
2 456 95
2 308 35
2 5212 40
2 1374 62
1 90
1 62
1 41
2 15508 49
1 18
1 100
2 2513 90
1 74
1 19
1 26
1 76
1 6
1 31
2 9420 9
2 10362 74
1 16
2 7754 16
2 12447 18
1 54
1 83
2 12854 88
1 9
2 7229 40
2 5732 66
2 7733 3
1 47
1 24
1 51
2 10077 90
2 17371 69
1 85
2 16092 39
1 22
2 15861 12
1 49
1 76
1 9
2 1965 64
1 31
2 16005 85
1 100
1 32
1 35
2 9285 68
1 61
1 48
2 17935 66
1 30
1 58
2 8527 65
2 16217 8
1 62
2 7223 4
1 27
1 31
1 18
1 73
2 6857 74
1 15
1 1
2 13499 84
1 36
2 4485 66
1 3
2 6168 30
1 25
2 19587 17
1 100
1 48
1 41
1 73
1 39
1 63
2 13851 67
1 76
2 14808 7
2 3009 89
1 58
1 70
2 4177 87
1 78
1 13
1 99
1 100
1 75
1 12
1 31
2 3954 31
1 15
1 72
1 43
2 19675 71
1 67
1 84
1 1
1 16
1 87
1 1
1 75
2 15687 72
2 13631 46
1 61
1 15
1 79
2 16005 1
2 18590 69
1 11
1 50
1 48
1 37
1 62
1 77
1 42
1 40
1 74
1 94
1 92
1 89
2 10310 87
1 63
1 27
1 39
1 9
1 12
1 57
1 49
1 47
1 95
1 35
1 4
2 2545 87
2 14286 43
1 76
1 75
1 47
1 34
1 12
1 6
2 14706 68
1 67
1 67
2 18970 72
1 45
1 76
1 53
1 58
1 33
1 68
2 13394 57
2 15120 100
1 51
1 76
1 21
2 8677 54
2 19882 67
2 3188 85
1 73
2 14942 83
1 20
2 7031 27
1 55
2 18153 69
1 76
2 11443 97
1 71
2 13125 88
1 8
1 73
1 57
1 4
1 100
1 24
2 15447 61
1 27
2 10086 76
1 78
1 32
1 56
1 92
2 10950 92
1 55
1 24
2 16591 34
1 38
2 1799 85
1 14
1 52
1 22
1 59
1 94
2 18247 53
2 4511 68
2 16360 27
1 9
2 11177 65
1 98
1 15
1 35
2 13842 27
2 10997 94
1 7
1 85
1 68
1 73
2 18986 24
1 76
1 72
2 5706 70
1 15
2 16532 83
2 19678 52
1 63
2 11959 100
1 2
1 45
1 70
2 1638 44
1 8
1 93
2 8992 72
1 85
1 50
1 6
2 6327 25
1 78
1 61
1 15
2 16323 52
1 95
1 2
1 7
1 33
1 70
1 80
1 62
2 5522 65
1 72
1 75
1 70
1 15
1 64
1 80
1 58
1 97
2 15766 21
1 84
2 9485 26
1 100
1 93
1 86
1 7
1 72
2 9844 47
2 5531 61
1 31
1 50
2 17759 92
1 44
1 68
2 18767 94
1 39
1 9
1 86
1 13
1 45
1 76
1 4
2 13912 45
1 25
1 73
2 17318 17
2 6185 62
2 9009 15
1 49
1 68
2 1806 44
1 41
1 98
2 14764 21
1 31
1 66
2 19533 21
1 76
1 33
1 47
1 32
1 7
1 51
1 40
1 51
1 49
1 52
1 58
1 21
2 18662 27
1 30
1 88
2 17907 1
1 89
2 9246 34
2 1636 28
2 5758 30
1 87
2 8093 76
1 42
1 50
1 54
2 5191 70
1 77
2 19136 21
2 15562 73
1 47
1 53
2 3368 58
2 9863 52
1 74
1 46
1 70
2 10021 64
1 55
1 65
2 16130 95
1 58
1 40
1 58
1 25
2 773 4
2 5800 33
1 94
1 32
1 97
1 51
2 8300 24
2 14875 12
2 12516 31
1 77
1 70
2 12868 57
2 9961 86
1 83
1 81
2 4155 20
2 19261 45
1 30
1 72
2 16927 34
2 9633 82
1 98
1 26
2 3557 81
1 13
1 64
1 17
1 86
1 93
2 4194 80
1 54
2 14129 57
1 30
2 9528 87
1 7
1 62
1 93
1 74
1 72
1 15
1 11
2 15143 46
1 66
2 18366 32
2 10688 73
2 14112 7
2 6577 58
2 4198 50
1 88
1 63
2 17669 9
2 14166 56
1 33
1 74
2 8045 57
1 60
1 56
1 66
1 56
1 43
1 28
2 8793 31
2 19452 86
1 52
1 87
1 51
1 93
1 37
1 87
2 724 19
1 100
1 52
2 14993 95
2 12780 32
1 12
2 966 88
2 17690 28
1 100
1 98
1 10
2 8326 65
1 58
1 42
1 100
1 10
1 63
1 35
1 61
1 36
1 31
2 886 8
1 55
1 28
2 3032 69
1 85
1 66
1 12
2 10782 76
1 47
1 5
1 35
2 17810 35
1 45
2 12202 23
2 10239 21
2 16364 27
2 19572 10
1 42
1 34
1 8
1 60
1 53
1 95
2 10933 50
1 44
1 56
1 89
1 19
2 13916 35
1 20
1 97
2 4382 1
2 458 55
1 49
2 10445 34
1 58
2 9610 26
1 40
1 30
1 18
1 81
1 24
1 65
1 37
1 39
1 71
2 5052 2
2 1206 82
1 76
1 63
1 49
1 11
1 62
1 14
1 40
2 10567 71
1 36
2 9942 60
2 5410 19
1 77
1 6
1 27
1 40
1 74
1 9
1 28
1 98
2 14908 100
1 38
1 33
2 19547 73
2 9305 97
1 35
2 10022 9
1 22
1 26
1 18
1 8
1 34
2 19708 95
2 12694 82
1 29
1 62
2 13834 25
1 85
1 14
2 19153 11
1 79
1 13
1 77
2 15903 57
2 16856 21
1 57
1 47
2 10083 79
1 19
2 10184 59
1 20
2 19937 5
1 16
1 37
2 15833 100
2 7328 56
2 17229 48
1 72
2 4930 83
1 45
2 16182 62
1 65
1 64
1 13
2 9905 37
1 36
2 12501 67
1 89
1 44
2 16648 7
1 70
1 28
2 1977 10
1 22
1 59
1 45
2 10554 49
2 7798 34
1 18
1 97
1 34
1 57
1 16
2 11477 86
2 17442 71
1 8
1 3
1 95
1 37
1 76
1 83
1 25
2 1491 98
1 24
2 324 70
1 72
1 99
2 19287 77
2 7344 9
1 6
2 224 86
1 7
1 62
1 37
1 39
1 78
2 13692 18
1 56
2 8838 14
1 25
2 10043 61
2 11645 31
1 18
1 15
1 10
2 17663 97
1 49
1 39
2 15855 59
1 43
2 16027 97
2 2284 36
2 5103 67
2 16537 96
2 2396 23
1 18
2 6513 27
1 89
2 15207 45
1 53
1 30
1 7
1 32
2 1626 17
1 58
1 92
2 17832 97
1 78
1 23
2 16501 6
2 10956 52
1 26
1 63
2 4920 8
1 27
2 19726 22
1 72
2 7029 57
1 4
1 59
1 8
2 264 1
1 1
2 7262 1
2 998 45
2 18436 46
2 6473 48
1 30
1 23
2 9487 71
1 27
2 9098 52
2 15663 67
1 59
1 56
1 79
1 72
2 12506 55
2 11108 7
1 20
2 1591 8
1 64
1 25
2 5442 70
2 166 30
2 9483 67
1 43
2 9801 57
2 4182 3
1 13
1 18
1 97
1 6
1 44
2 16754 47
2 4297 39
1 30
1 25
2 13071 2
2 15070 90
2 8761 64
2 19867 62
1 49
1 67
2 8244 21
2 7089 80
1 28
2 7772 16
2 4792 71
1 76
1 26
1 40
1 94
2 1599 71
2 6187 5
1 91
1 8
1 39
2 611 6
2 2491 67
1 14
2 1304 40
2 7564 77
1 59
1 94
2 11679 30
1 96
1 5
1 63
2 10921 64
2 16924 28
1 98
2 13720 59
1 100
1 48
1 99
2 7796 50
1 55
2 15215 29
1 37
2 4945 52
1 36
1 71
1 9
2 163 37
1 52
1 8
1 53
2 1629 36
2 3792 83
1 53
1 72
1 73
1 29
2 16221 86
2 7495 100
1 55
2 6796 9
2 16405 42
2 15423 8
2 12668 59
1 39
1 28
1 91
2 8426 2
2 5703 84
1 58
1 29
1 99
1 67
1 86
1 36
1 29
2 1026 67
1 95
2 9568 50
2 6646 77
2 13950 9
1 72
2 17696 98
2 17553 70
1 55
1 51
2 7317 14
1 56
2 1911 99
1 22
2 6901 53
1 98
2 2811 82
1 77
2 1061 31
2 14751 13
1 7
1 14
1 23
2 7657 96
2 11094 61
1 11
2 14477 94
2 18599 51
2 7490 58
1 70
2 11309 16
1 58
2 10044 13
1 67
1 83
2 17697 76
1 95
1 89
1 70
1 1
1 83
1 88
2 16256 4
2 9169 53
2 14180 61
1 71
1 78
1 91
2 15550 10
1 82
2 19592 26
1 78
1 16
1 94
2 7408 41
1 58
1 50
1 13
2 14049 79
1 48
1 79
2 11757 1
1 75
1 32
1 83
1 84
1 55
2 9281 96
1 93
1 98
2 15894 44
1 10
2 13231 35
1 86
2 8092 64
1 98
1 52
1 60
2 584 31
1 18
2 18902 15
2 15681 46
2 8849 100
1 66
1 97
1 90
1 42
2 13616 69
1 83
1 43
1 97
1 30
1 35
2 18384 12
1 74
1 47
2 17743 46
1 22
2 18107 21
2 12604 17
1 9
2 18099 75
1 32
1 69
1 50
2 15163 32
1 76
1 57
1 46
1 71
1 19
1 37
1 61
1 24
1 52
2 11403 84
1 47
1 95
1 97
2 13192 71
1 61
2 11377 21
2 11854 34
2 8725 44
2 18405 77
1 24
1 37
1 30
1 9
1 74
2 18210 25
1 48
1 100
1 69
1 67
1 89
1 70
1 95
2 7527 19
1 56
1 99
1 56
1 23
1 34
2 19147 100
1 74
1 74
1 22
2 8794 12
2 17610 19
2 4589 63
2 4726 99
1 55
1 21
1 19
2 7185 84
1 56
1 21
1 46
1 14
1 37
2 18828 94
1 60
1 10
2 16049 79
1 100
1 90
2 10341 54
1 77
2 13032 3
1 18
2 19407 87
1 27
1 30
1 82
2 9433 12
2 15847 82
1 2
1 47
1 33
1 91
2 19481 25
1 68
2 15658 20
1 89
1 52
1 72
1 10
1 48
1 27
1 62
1 81
1 61
1 92
2 19442 32
1 69
1 10
1 43
1 12
1 83
2 19379 88
1 38
1 88
1 59
2 2816 33
1 66
1 14
1 26
2 16231 69
2 19361 9
2 19423 16
1 56
1 35
2 10987 99
1 99
1 97
1 84
1 68
2 1270 68
2 13956 38
1 23
1 44
1 98
1 74
2 15475 42
1 85
2 18849 50
1 78
2 9555 34
2 8584 30
2 4493 11
1 93
1 14
2 14725 34
1 76
2 9201 55
1 28
1 29
2 4067 53
1 87
2 13555 78
2 7586 77
1 10
1 38
1 78
1 55
1 17
1 7
1 63
2 3461 40
1 76
2 19524 23
1 21
1 82
1 65
2 682 26
2 5535 33
2 17060 4
1 86
1 4
2 4093 63
1 98
2 15051 30
1 81
1 65
2 13929 99
1 88
1 30
1 78
1 61
1 43
1 76
1 90
1 59
1 35
2 5126 43
1 98
1 93
1 44
1 9
2 2521 42
1 36
1 65
1 15
1 18
2 995 35
1 30
1 65
1 21
1 62
1 41
2 8965 98
2 9651 61
1 78
2 9682 72
2 2803 10
2 13835 4
1 18
1 22
1 95
1 42
2 12471 38
1 33
1 27
2 9887 91
1 47
1 44
2 15829 56
2 9279 20
1 47
2 13861 35
1 96
1 19
1 22
2 13162 95
1 79
1 38
1 46
2 11040 19
2 956 96
2 16870 61
2 731 42
2 13927 33
1 28
1 15
2 19846 94
2 18272 39
2 11787 16
2 19218 85
1 52
2 5275 1
2 16886 29
1 76
1 51
2 7092 70
2 6621 24
2 6814 16
2 448 4
2 17005 15
2 15688 71
2 14645 81
2 16240 45
2 710 67
2 11597 63
2 17105 96
1 80
2 15008 3
2 9098 91
1 87
1 33
1 67
1 61
1 100
1 17
1 88
2 15773 96
1 82
1 68
2 10253 70
1 13
1 25
2 1974 73
1 13
1 43
1 86
1 77
2 5554 33
1 54
2 12931 14
1 2
2 11149 40
2 5990 92
1 1
2 17995 21
1 57
2 4549 20
1 11
2 8058 92
2 10752 70
2 9749 10
1 54
1 4
1 95
2 3796 20
1 37
1 26
2 7921 39
1 7
1 38
1 14
1 100
1 24
1 70
2 1997 34
1 21
1 13
2 5739 2
1 22
1 37
1 42
1 52
1 86
1 81
2 17958 88
2 14997 69
1 43
1 9
1 88
2 14709 80
1 19
1 46
2 1092 92
1 24
2 10318 32
2 1073 26
1 93
1 27
1 88
1 61
2 18804 62
1 98
1 99
2 14769 68
1 85
1 33
1 29
2 12417 70
1 9
2 10469 76
1 76
1 62
1 67
2 19053 20
1 51
1 52
1 76
1 100
2 10213 35
2 3127 50
1 66
2 2931 31
2 8476 25
2 13461 61
2 12911 30
1 51
1 44
1 15
1 76
2 13041 50
1 27
1 37
1 96
2 8500 93
1 13
1 7
1 42
1 98
1 46
1 73
2 10184 47
2 19363 90
1 42
1 10
2 14622 27
2 3233 86
2 17436 45
1 33
2 5147 46
2 17987 4
2 1718 17
2 11519 39
1 89
1 79
1 19
2 18376 65
1 64
1 10
1 64
1 43
2 17348 50
2 40 12
1 24
2 15322 94
1 81
2 16576 33
2 4864 81
1 5
1 44
1 38
1 12
1 57
1 95
2 17981 92
1 69
2 2225 34
1 4
2 3728 11
2 15560 43
2 14242 28
1 88
2 19404 68
2 10453 48
1 79
2 14510 2
1 9
1 71
1 26
1 77
1 69
2 13930 20
1 43
1 50
1 73
2 6039 15
2 8570 60
2 5930 88
1 32
1 41
2 3121 4
1 75
1 46
1 58
2 15628 62
1 61
1 42
1 45
1 31
1 83
1 72
2 12840 24
1 12
1 81
1 29
2 6569 68
1 23
1 26
2 3306 57
1 35
1 79
2 17661 3
1 17
2 16910 8
1 87
1 27
1 92
1 57
1 12
2 8269 28
2 1663 46
1 93
1 94
2 14585 61
2 11945 33
1 73
1 54
1 24
1 39
1 22
2 2459 61
2 13615 23
1 73
2 8698 92
1 30
1 52
2 18884 48
2 15866 46
1 79
1 53
1 6
1 63
1 82
1 56
1 47
1 18
1 51
1 71
1 86
1 65
1 78
1 17
1 85
2 14031 92
1 7
1 53
1 100
1 96
1 13
2 10427 6
2 11756 55
1 27
2 16888 83
2 14568 31
2 684 86
2 15730 51
2 9869 34
1 94
2 12280 87
1 7
1 86
1 39
1 50
1 32
1 61
1 78
1 15
1 46
2 4111 37
2 10502 15
1 37
1 80
2 15017 79
1 7
2 12198 17
1 4
1 57
2 14052 89
2 14346 29
1 33
1 81
1 64
1 19
1 74
1 20
1 75
2 18917 66
1 13
2 1166 75
1 81
1 65
1 15
2 11049 51
1 57
1 89
2 11440 90
1 74
2 9489 25
2 515 62
1 73
2 14774 87
1 28
2 3291 15
2 18670 29
1 40
1 65
1 59
1 41
1 97
1 87
1 88
1 5
1 19
2 17498 41
1 2
1 42
2 18161 46
1 99
2 7462 66
1 41
2 18883 10
1 52
1 63
2 2176 18
1 4
1 40
2 14165 53
2 13212 32
1 29
2 5530 62
2 9915 37
1 37
1 69
1 97
1 33
2 11005 32
1 67
1 5
2 14417 98
2 14692 11
2 16475 90
1 46
1 82
1 51
1 83
1 88
1 54
2 3914 15
2 6083 22
2 15454 65
1 31
1 30
1 23
2 18293 62
2 17065 57
2 11738 83
2 15394 77
2 5898 57
1 91
2 17648 80
1 95
1 38
1 34
1 45
1 30
1 94
1 88
1 75
2 11388 96
1 62
1 11
1 1
1 38
1 10
1 78
1 50
1 57
1 47
1 53
2 6778 79
1 82
1 83
1 73
1 21
1 43
2 9023 15
1 80
1 91
1 75
1 67
1 78
2 16783 23
1 83
1 95
1 78
1 27
1 2
2 5708 36
1 34
2 9161 7
1 80
2 15643 58
1 68
1 67
2 7267 17
1 42
2 6353 54
1 70
1 53
1 77
1 16
1 35
1 90
2 13943 49
1 54
1 87
1 86
2 3227 96
2 19052 10
1 87
2 13888 18
1 58
1 19
1 62
1 1
1 14
1 89
2 15204 99
2 14620 75
2 10743 52
2 10369 77
2 94 8
1 28
1 26
1 75
1 73
1 39
1 57
2 430 13
1 22
1 22
2 18967 44
1 10
2 14279 92
2 804 17
1 63
1 17
1 82
2 1074 85
1 61
2 1327 60
1 86
1 70
2 4405 55
1 85
1 37
1 8
1 34
1 42
1 23
1 95
1 63
1 87
2 12709 95
1 5
1 2
2 13020 80
1 54
1 86
1 18
1 39
1 54
1 50
1 23
1 59
1 84
1 65
1 42
1 43
2 3374 34
1 78
1 26
1 3
2 11097 44
1 21
2 13251 33
1 71
2 15134 51
2 7494 38
2 3009 65
1 62
1 53
1 83
1 50
1 100
1 47
2 16843 18
1 93
2 1544 30
1 73
1 94
2 13828 78
1 63
2 12349 47
2 2256 95
1 21
2 19868 22
1 15
2 16498 89
2 12171 65
1 73
1 18
2 2033 31
1 30
1 46
2 11624 3
1 5
2 5783 56
1 46
2 7881 26
1 49
1 44
2 5428 37
2 13699 31
2 17243 38
2 15742 98
1 55
1 53
2 17678 40
1 85
1 89
1 72
2 10369 41
1 62
1 45
1 89
2 13122 57
2 3984 54
1 30
1 66
1 58
1 30
1 71
1 2
1 33
1 16
1 87
1 79
1 64
1 19
2 11758 93
1 46
1 65
1 7
1 6
1 39
2 14820 95
1 87
1 8
1 91
1 24
2 9534 48
2 15094 50
1 20
2 6497 15
1 27
1 84
2 7288 39
2 5256 10
1 41
1 37
1 1
1 97
1 97
1 5
1 56
1 29
2 11022 43
1 83
1 89
2 14431 49
1 67
1 17
2 2101 33
2 5035 88
1 59
2 21 72
1 17
1 53
2 1386 99
2 8642 12
1 39
1 16
1 70
2 2818 19
2 6228 95
2 873 68
1 32
2 9172 38
1 54
2 15351 20
2 7305 3
1 70
2 8867 38
2 5911 10
1 93
1 15
2 9066 63
2 6633 87
1 11
1 46
1 70
1 69
1 41
2 1538 75
1 84
1 97
2 8215 89
2 19106 63
1 31
1 2
2 18643 12
2 8830 73
2 1106 69
2 6145 73
2 7799 62
1 60
2 8148 30
1 20
1 51
2 13478 43
1 64
1 14
1 10
1 38
1 23
1 9
2 7627 7
2 5498 100
2 18476 50
1 90
1 17
2 5504 41
1 13
2 11159 89
1 48
1 52
2 12108 10
1 86
1 63
2 2399 38
1 45
1 17
2 19488 88
1 25
1 10
1 41
1 7
1 94
2 19506 100
2 12388 49
1 18
1 23
1 22
1 91
1 91
2 13638 54
1 3
1 45
1 41
1 78
1 5
2 16968 64
1 80
1 94
1 21
1 97
1 90
1 97
1 54
1 31
1 71
1 79
2 9832 90
2 17088 88
1 62
1 73
1 84
2 13314 83
1 71
2 2111 81
2 15482 1
1 23
1 77
1 43
1 20
1 17
2 11833 18
1 82
1 87
2 8569 30
2 13717 17
1 15
1 5
1 69
1 79
1 91
1 14
2 2298 86
2 41 57
1 79
2 6340 71
1 94
2 9010 100
2 18116 72
1 91
2 13176 22
2 5624 15
1 44
1 93
1 36
2 5702 7
1 97
2 18643 30
1 5
1 42
1 63
2 15089 46
1 38
1 52
1 64
1 18
2 16386 55
1 4
1 68
2 12395 53
2 6390 21
1 78
1 38
1 22
1 45
1 74
1 62
1 85
1 93
2 19780 79
2 16530 75
1 13
1 98
1 78
2 11245 58
1 8
1 84
1 16
1 29
1 61
1 13
1 57
2 12096 88
2 418 63
1 56
1 64
2 18314 73
1 41
1 70
1 79
1 46
1 10
2 11868 24
1 26
2 5770 40
1 37
2 18407 65
2 7470 8
2 17756 46
2 9189 7
1 26
2 9915 86
1 38
2 2127 48
2 12984 78
2 2608 86
2 12453 46
2 7036 96
1 23
1 9
1 20
1 61
1 87
2 14237 57
2 687 52
1 81
1 39
1 38
1 51
1 3
1 72
1 12
2 3660 89
2 17719 53
2 3676 45
1 56
1 30
1 47
1 33
2 11706 47
2 3935 3
2 18327 67
1 6
1 6
2 16351 91
1 17
1 91
2 5244 45
1 92
2 6345 41
1 40
1 95
1 96
2 3431 12
2 2600 54
1 93
2 19552 60
1 37
1 61
1 27
2 16932 78
1 49
2 5228 67
1 58
1 70
1 16
1 34
2 16876 89
1 14
1 42
1 77
1 52
2 10888 11
2 15839 95
1 44
1 43
1 6
2 15549 66
1 38
1 67
1 95
1 43
2 202 10
2 8839 17
1 33
1 46
1 34
1 41
2 7008 22
2 11351 78
1 43
1 89
2 6916 85
2 13611 3
2 4759 36
2 19411 71
1 48
1 94
2 2499 60
1 31
2 2209 62
1 47
1 91
2 19765 70
1 99
1 73
2 19888 56
1 26
1 56
1 43
1 59
1 87
2 14729 37
1 18
1 25
2 13722 84
1 48
2 12700 94
1 88
2 14211 77
1 37
2 7358 74
1 81
1 86
1 85
1 88
1 84
1 76
2 10918 70
1 46
2 2801 71
1 52
2 507 77
1 23
2 3309 38
2 8627 76
1 43
1 42
1 4
2 285 47
1 78
1 89
1 53
1 78
1 82
2 3482 51
2 869 94
2 16295 75
2 2182 100
2 19541 28
1 42
1 19
1 16
2 8821 52
1 37
2 5532 28
2 5057 71
2 6491 96
1 50
1 64
1 38
2 15513 26
2 17491 1
1 70
1 6
1 35
1 14
1 71
1 39
1 56
2 15953 28
1 14
1 50
1 49
1 74
2 17667 63
1 96
1 71
1 83
2 16400 30
1 68
1 27
1 58
1 91
1 2
1 81
2 18046 4
2 17945 40
2 17780 54
1 100
2 6486 94
2 18089 17
1 16
1 74
2 15113 96
1 42
1 68
1 55
1 87
1 95
2 494 22
2 6541 94
1 46
2 14069 19
1 32
1 94
1 11
1 19
2 7421 23
1 100
2 15561 95
1 31
2 5727 20
1 99
1 1
2 18954 29
2 15861 74
1 32
2 7496 2
1 92
1 8
1 35
1 1
2 13843 41
1 28
1 90
1 8
2 18736 6
1 24
1 85
1 96
2 19830 27
1 34
2 6040 45
2 16810 36
2 2801 69
1 27
2 16613 2
1 40
1 99
1 76
2 19162 72
1 65
1 49
2 7191 21
2 6541 44
2 13611 7
1 100
2 1065 16
2 13152 75
2 18028 85
2 13636 76
2 2887 82
2 4848 44
2 14172 54
1 21
1 46
1 22
1 36
1 44
2 8238 59
1 54
2 6150 46
2 4565 75
1 27
1 76
1 43
1 50
2 25 12
2 14022 28
1 76
1 40
2 11595 49
1 89
1 1
1 5
1 34
2 12045 28
1 17
1 1
2 14002 49
1 21
2 5358 66
2 16435 52
1 11
2 4084 41
1 25
1 1
2 6875 7
1 13
2 17990 14
1 49
2 5680 7
2 5215 46
2 4189 17
1 32
1 80
2 8207 71
1 67
2 13826 54
2 6586 60
1 19
2 8240 89
2 12384 28
1 57
1 12
1 48
2 7179 89
1 68
1 62
1 81
1 16
1 64
1 53
1 16
1 33
1 59
1 29
1 43
1 63
1 55
2 546 85
2 19811 83
1 57
1 80
2 17558 94
1 97
1 69
1 66
1 85
2 8182 1
2 6394 84
1 72
1 43
2 5999 53
1 81
2 98 66
2 12572 72
1 92
1 51
1 40
1 37
1 59
2 4459 36
1 69
1 13
2 10347 42
2 14990 41
1 34
2 16635 44
1 18
1 81
2 9857 3
2 15417 3
2 17310 17
2 9528 89
1 6
2 5427 13
1 38
1 45
1 56
1 92
2 9636 26
1 58
1 20
1 8
1 33
1 19
1 80
2 19583 24
2 10387 23
2 19916 34
1 85
2 13528 28
2 4391 61
2 6942 67
2 12587 46
1 74
1 37
1 85
2 1948 70
1 95
1 46
2 12475 23
1 66
2 17951 19
2 1726 77
1 99
1 38
2 442 38
2 15598 10
2 14739 88
1 7
1 95
2 804 63
2 9096 89
1 93
1 31
1 58
1 22
2 1497 45
1 50
1 87
1 46
2 5209 88
1 66
1 63
1 78
1 80
2 1388 73
1 48
1 84
1 38
1 9
1 49
1 12
2 8101 48
1 80
1 17
1 77
1 5
1 5
1 45
2 1617 29
1 28
1 16
2 3395 16
2 9539 34
1 1
2 1268 24
1 61
1 14
1 87
2 13920 12
2 17412 98
2 1648 80
2 16173 16
2 7329 26
1 81
2 6473 24
1 2
1 8
2 11490 26
1 81
2 7671 50
2 9630 75
2 4089 76
2 8232 23
2 7253 24
1 64
1 61
1 64
1 94
1 95
1 69
2 17041 89
1 22
1 18
2 18067 75
1 17
1 32
2 13658 86
1 100
1 61
1 24
2 8845 91
1 59
1 8
2 2373 95
1 97
1 31
1 79
1 63
2 14966 77
2 14600 53
2 13901 17
1 72
1 95
1 22
2 5593 16
2 17374 42
1 85
1 65
2 18639 7
1 88
2 18306 93
2 17608 93
1 49
1 90
1 64
1 1
1 82
2 8822 50
1 23
1 83
1 35
1 39
2 9242 38
1 16
1 77
1 100
2 13584 60
2 12349 76
1 8
1 39
1 51
1 63
2 11828 38
1 13
2 16375 21
1 38
1 49
2 13902 22
1 10
2 10638 17
2 1803 18
2 8540 2
1 63
1 53
1 78
1 10
1 8
2 13957 32
2 825 55
1 85
1 78
1 89
1 32
2 10220 67
1 19
2 7202 27
2 15881 86
2 617 1
1 2
1 25
2 17391 45
1 6
2 9645 60
1 7
2 6243 47
1 90
1 22
1 30
1 93
1 47
1 50
1 76
2 11148 60
2 5237 19
2 6977 10
1 95
1 25
2 15226 41
1 59
2 19909 69
2 2494 73
2 15578 6
1 64
2 8727 35
2 13161 10
1 90
1 98
1 18
1 65
1 95
1 88
2 5463 79
1 63
1 91
1 9
2 18222 100
1 64
2 6250 95
2 18299 7
2 15233 71
2 9426 37
1 71
1 28
2 8634 61
1 9
1 71
1 62
1 4
2 2256 35
1 43
2 5141 85
2 15046 59
1 94
2 2551 58
2 17950 87
2 8716 44
1 25
1 96
1 6
2 5825 66
1 67
2 7493 90
2 8057 94
1 31
1 85
2 12514 86
1 37
1 5
2 14882 58
1 86
1 21
2 10048 56
2 4651 30
2 18707 74
1 36
2 18404 46
2 17590 71
1 92
1 2
1 8
1 3
1 26
2 9383 12
2 12673 20
1 44
2 7908 48
2 2532 57
2 18428 5
1 71
1 67
1 34
1 81
1 61
1 3
1 56
1 33
2 2107 84
1 16
2 6577 30
2 5674 53
2 6203 41
2 18438 11
1 81
1 28
1 12
1 94
1 65
1 56
2 18179 100
1 39
2 11629 24
2 4317 27
2 2228 10
1 86
1 1
2 6740 28
2 4593 31
1 76
1 14
1 43
2 9431 27
1 63
1 46
2 2232 67
1 36
1 86
1 79
2 9294 3
1 36
2 12279 42
2 9104 72
1 98
2 15180 60
1 60
2 6000 35
2 9348 51
1 55
1 2
2 2769 88
1 43
1 29
1 13
1 96
1 6
1 100
1 13
1 88
1 24
1 72
1 64
2 19878 33
1 45
1 48
1 29
1 74
1 98
1 46
1 19
1 77
1 78
2 4497 37
2 1844 60
1 1
1 62
1 15
1 81
1 51
1 6
2 12286 21
2 224 9
1 80
1 40
1 22
2 18927 62
1 3
1 87
1 47
1 58
2 14382 58
1 99
1 35
1 36
1 17
1 90
2 8985 40
2 15210 71
1 45
2 10836 63
2 5009 46
1 24
2 13361 21
1 37
1 60
1 58
1 83
1 63
1 4
1 36
2 18127 19
2 18340 58
1 6
2 433 45
1 62
1 54
1 58
1 70
2 5654 33
1 35
1 31
1 78
2 13550 75
2 4227 20
2 12887 77
1 22
1 54
1 35
1 92
1 69
2 17816 38
1 18
1 1
2 19068 58
1 52
1 69
1 66
2 2946 48
1 13
1 82
2 14281 42
1 77
1 47
1 29
1 15
1 22
2 17861 35
1 9
2 802 77
1 26
1 14
2 13132 76
2 11961 82
1 48
2 3617 96
2 7179 84
1 53
1 79
1 45
2 6054 10
1 56
2 15680 41
1 72
2 9376 8
1 50
2 17543 64
2 10802 13
1 65
2 55 10
1 71
1 98
1 62
2 6215 57
1 21
1 46
2 6527 60
1 83
1 33
2 11767 20
2 13481 67
1 31
2 4172 12
1 92
1 50
1 62
2 2852 1
1 47
1 82
1 31
2 9985 16
2 8278 83
1 65
1 12
1 23
1 5
1 92
2 19957 29
1 21
1 100
1 41
2 6591 45
2 19359 71
1 94
1 95
2 18370 74
2 1077 45
1 61
1 29
2 2299 74
1 71
2 3470 18
2 18203 60
2 10669 94
1 73
2 16715 39
1 12
1 38
1 31
1 64
2 8751 44
1 16
1 47
2 15724 46
2 15813 31
2 4466 90
2 4276 40
2 12906 11
1 99
1 63
2 18860 71
2 14781 56
1 83
1 17
1 65
1 33
2 18697 76
1 75
1 19
1 93
1 95
1 68
1 56
2 5273 6
1 46
1 2
2 7469 35
2 16493 57
2 19457 23
1 78
2 10425 53
1 99
1 87
1 38
2 15050 99
1 45
1 34
2 12323 21
1 39
1 85
1 86
1 100
1 72
1 33
1 1
2 9800 46
2 14752 26
1 98
1 17
1 28
1 51
1 11
2 9507 97
2 17943 58
1 70
1 76
1 97
2 920 90
2 12246 14
1 75
1 55
2 7731 48
2 1918 47
1 92
1 49
1 41
1 54
2 8320 89
1 38
1 43
1 100
2 5865 37
1 92
2 15935 48
1 71
1 89
2 7098 28
1 75
1 34
2 2401 17
1 13
1 43
1 58
1 19
2 8132 40
2 5975 62
1 88
1 26
1 39
1 3
2 1959 50
2 1391 89
2 5619 61
1 5
2 7525 91
2 19900 45
1 100
2 6486 40
1 5
1 11
1 10
2 613 5
1 86
1 60
2 7673 95
1 39
2 860 41
1 26
1 13
2 9227 30
1 61
2 12789 67
1 85
1 99
2 13206 51
1 16
2 12532 99
1 80
1 41
1 20
1 6
2 558 85
1 4
1 36
1 23
1 85
1 92
2 2332 79
2 9790 53
1 99
1 50
1 36
2 6715 71
1 83
1 25
2 2119 9
1 12
1 21
1 90
2 10237 45
1 83
1 97
1 45
1 32
2 13241 6
1 72
1 20
1 40
2 8062 69
2 13490 5
1 8
1 36
1 62
2 10421 20
1 85
2 14722 95
1 95
1 29
2 10521 63
2 15040 17
1 4
2 4893 92
1 66
2 5650 62
2 9313 84
1 19
1 27
2 11283 24
1 25
2 12813 96
1 49
2 18271 31
1 83
1 84
1 63
1 1
1 47
1 87
1 87
1 26
1 67
1 84
1 41
2 54 6
2 19095 22
2 15397 8
1 3
2 10522 78
1 32
1 48
2 8810 99
1 64
1 3
2 17790 67
2 7888 99
1 20
1 88
1 87
1 69
2 17836 46
1 42
2 797 29
2 4097 61
1 27
1 83
2 9725 88
1 79
1 78
1 52
1 54
1 62
2 10895 96
2 4986 56
1 45
1 32
1 91
2 16970 58
1 90
1 93
1 66
2 5792 47
1 20
1 90
2 17099 62
2 2973 14
1 67
1 71
1 84
1 35
1 19
1 56
2 11192 15
1 99
1 43
1 71
1 20
1 63
2 1478 95
1 92
1 43
1 79
1 94
1 48
2 16184 55
2 2408 82
1 3
2 6673 58
1 74
2 19021 30
1 39
1 23
2 1711 27
1 58
1 9
2 3525 2
1 25
2 12537 22
1 66
1 39
1 71
1 80
2 11798 60
1 94
2 2771 68
2 4746 35
1 43
1 90
2 13188 66
1 42
2 8604 32
1 68
1 95
2 7223 29
2 6543 29
1 28
1 5
2 14 29
1 15
1 76
2 9238 5
1 28
1 30
1 77
2 15933 52
1 2
1 13
2 11107 64
1 77
1 73
1 52
1 73
2 2712 86
1 93
2 2803 50
2 16040 100
1 56
1 67
1 40
1 87
1 52
2 17383 93
1 70
1 12
2 10271 24
1 30
2 2225 70
1 83
1 91
1 99
1 81
1 89
1 34
1 29
1 38
2 16683 22
2 18563 11
1 15
1 33
2 3501 18
2 764 83
1 34
1 37
1 32
2 17314 6
1 65
1 84
2 12913 34
2 15698 4
2 671 78
1 51
2 9223 35
2 7436 56
2 3788 53
1 78
2 479 50
1 33
1 48
1 20
1 40
1 3
2 19480 66
1 80
1 54
2 1557 54
1 50
2 975 46
1 65
1 51
1 19
1 92
1 29
1 25
1 9
1 78
1 17
2 2296 87
2 10990 23
2 8238 26
2 16476 99
1 84
1 24
1 51
1 65
2 1588 14
2 12042 51
2 2354 22
2 14865 83
2 7059 23
1 74
1 66
1 36
2 15947 74
1 68
1 37
1 92
2 762 40
2 18630 5
1 99
2 8463 26
2 10474 18
1 16
1 49
2 19478 71
1 50
1 18
1 25
1 26
2 7844 35
1 89
2 6905 46
1 81
2 8103 26
2 1293 13
1 39
1 23
1 54
1 89
1 26
1 52
1 1
2 11719 81
2 14990 35
1 89
1 53
1 19
1 44
1 79
2 5474 74
2 10471 77
1 7
2 17856 94
1 39
1 19
1 10
2 106 29
2 19654 3
1 50
1 27
1 84
1 64
1 93
1 85
1 55
1 67
2 9476 84
1 67
1 50
2 16092 61
1 32
1 6
2 14437 14
2 12861 4
1 21
2 3168 86
1 13
1 5
1 78
2 9351 60
1 67
2 7803 98
1 89
1 57
1 34
2 18276 67
1 28
1 16
1 59
1 68
1 18
1 92
2 8218 99
1 28
1 21
2 7203 3
1 26
1 40
2 13591 23
1 88
2 17164 6
1 99
1 57
1 62
1 85
1 67
1 66
2 14414 79
2 10803 94
1 3
1 1
1 84
2 17022 48
1 64
1 2
1 11
1 65
1 87
2 12041 33
1 2
1 57
1 82
1 65
1 36
1 36
2 3392 72
1 34
2 19049 94
2 2213 71
1 98
1 79
2 13849 11
1 48
1 50
1 91
2 16502 18
1 69
1 51
1 18
1 32
1 75
1 35
2 17082 100
2 12948 90
1 93
1 91
2 18949 77
1 96
1 45
1 17
2 5048 95
2 58 88
2 4854 91
1 33
1 99
2 2404 67
2 18080 52
2 13640 27
1 58
2 7190 46
1 62
2 14349 94
1 97
2 14027 2
1 91
1 76
2 2026 63
2 13326 78
1 24
1 45
2 4059 89
2 17527 19
2 19831 34
2 15471 12
2 6327 93
2 10769 47
2 18904 59
1 61
1 24
1 67
1 72
1 66
1 71
1 63
1 26
1 58
2 14114 63
2 11617 58
1 54
1 59
1 32
2 1265 11
2 14155 25
1 25
2 3701 3
1 64
2 1340 7
1 26
1 10
1 67
2 3943 20
2 15265 80
2 10018 50
1 28
1 54
2 5204 25
1 2
2 17394 73
1 78
1 60
1 26
2 1805 37
2 11130 45
1 48
1 84
2 11665 67
1 92
1 84
1 12
1 7
1 26
1 88
2 3054 39
1 83
1 84
1 63
1 36
2 2936 95
1 42
1 78
2 13228 1
1 54
2 3806 67
1 56
1 2
2 14750 44
1 92
1 29
1 73
1 32
1 67
2 4758 62
1 80
2 13639 44
2 3890 84
2 18201 38
1 64
1 19
1 29
1 25
1 98
2 6940 88
1 46
2 9259 13
1 44
1 12
2 18235 27
1 7
2 3998 50
1 62
2 12422 5
2 3647 64
1 42
1 38
2 11433 99
1 76
1 54
1 77
2 15054 68
1 19
1 80
1 16
2 6127 42
1 70
1 95
2 6694 39
1 72
1 6
1 42
1 25
1 15
1 97
1 19
2 5957 7
1 46
1 1
1 45
1 72
2 14255 63
2 11866 13
2 12019 60
1 27
1 93
2 14895 73
1 48
2 1695 92
1 62
2 18396 92
1 53
2 6657 56
2 18939 3
1 88
2 15084 20
1 91
1 76
2 10292 19
2 3247 93
2 13269 13
2 11458 11
1 22
1 33
1 87
1 42
2 10235 70
1 13
1 59
1 16
1 88
2 4276 97
2 14083 39
1 69
1 73
1 56
2 12719 7
1 33
1 38
1 93
1 86
1 30
2 11581 26
1 35
1 51
1 7
1 79
1 18
2 6656 57
1 91
2 13048 97
1 67
1 93
2 3904 64
1 51
2 1167 75
1 77
1 59
2 19816 96
2 17991 30
2 7386 19
2 15300 45
2 922 4
1 96
1 50
1 17
1 46
2 9575 20
2 13963 93
2 14158 89
1 93
1 78
1 93
1 14
1 37
1 4
2 687 8
2 6193 2
2 7637 14
2 15920 52
1 18
1 70
1 88
1 46
2 13504 49
1 26
1 52
2 17547 37
1 86
1 20
1 16
1 37
2 4796 61
2 18784 20
1 51
2 1045 58
1 90
2 7562 81
1 62
1 75
1 99
2 16785 60
1 84
1 94
1 78
1 38
2 11161 49
2 19691 74
1 68
1 28
2 578 2
1 80
2 2665 98
1 99
1 22
1 49
2 19045 60
2 5560 84
1 8
2 15413 23
1 3
1 90
1 44
2 2992 10
1 23
2 10865 38
1 16
2 836 26
2 3558 75
2 6684 69
1 90
2 6579 46
1 58
2 3653 84
1 15
2 3321 32
2 17637 68
1 25
1 35
2 8380 31
1 14
2 16427 30
1 89
1 29
1 20
2 2738 55
1 37
1 13
2 4145 52
1 9
2 14065 31
1 54
2 10236 40
2 17140 1
2 19776 4
2 9750 83
1 85
1 36
2 1377 53
2 11618 45
1 41
2 7408 6
2 19440 47
2 18432 25
1 100
2 3211 13
1 12
2 13328 2
2 3338 3
1 41
2 2982 42
1 85
1 53
1 75
1 40
1 37
1 29
2 10546 23
2 15150 32
1 63
1 28
1 61
1 59
2 17289 82
1 44
2 7974 23
1 8
2 19777 59
1 21
1 44
1 83
1 58
1 82
2 18615 8
1 97
1 44
2 18409 69
1 32
1 10
2 15153 74
1 74
2 9060 6
2 19130 4
2 2727 36
2 18426 29
1 18
1 46
1 85
2 4088 83
1 45
1 80
2 396 64
2 3194 30
2 14826 82
2 9957 66
2 18593 46
1 43
1 19
2 12594 58
1 44
2 19351 19
2 13918 40
1 57
1 99
2 10520 65
1 17
1 69
2 16537 55
2 10131 72
1 2
1 81
1 30
1 86
2 1490 62
1 72
1 47
1 56
1 48
1 51
2 15786 63
1 82
1 4
1 74
1 54
1 67
2 19450 75
1 67
1 61
1 76
1 88
1 3
1 62
2 5679 19
1 47
2 12492 60
1 35
1 3
1 62
1 69
1 91
2 12909 58
1 70
1 89
1 48
1 43
2 8195 9
1 53
1 95
1 32
2 676 82
1 5
1 67
1 38
1 89
1 2
1 61
1 27
1 10
2 19016 7
1 89
1 52
1 24
1 75
1 38
1 4
1 80
2 4935 8
1 86
2 16652 43
1 82
1 87
1 77
2 17693 36
2 3494 14
1 46
2 17555 54
1 43
2 10935 71
1 4
1 77
2 5788 7
1 17
2 3292 66
1 49
1 49
2 11598 45
1 75
1 59
1 38
1 2
1 93
1 78
1 60
2 3541 98
1 6
1 44
1 45
2 5567 52
1 4
1 22
1 63
2 2174 63
2 16806 84
1 92
2 15581 73
2 18858 27
1 100
1 79
2 8638 9
2 2097 10
1 53
1 36
1 49
1 62
2 7315 27
1 54
2 16311 67
1 54
1 21
2 18794 55
2 16663 52
2 8794 36
1 87
1 75
1 77
2 1696 83
1 93
1 60
2 4167 23
2 14770 91
1 80
1 29
1 8
2 1324 46
1 91
1 87
1 61
1 90
2 1966 33
1 72
1 22
1 9
2 17083 20
2 11469 65
2 17844 92
2 12304 74
1 88
1 18
1 35
2 15962 32
2 12042 24
1 76
1 24
1 4
2 19337 99
1 45
2 19432 59
1 47
1 92
2 19428 28
2 8194 93
1 23
2 10943 42
1 93
1 82
1 19
1 73
1 68
1 49
1 43
1 28
2 6286 83
1 78
1 74
2 18051 51
1 19
1 45
1 88
2 15010 2
1 96
1 20
1 33
1 31
1 76
2 4328 36
1 5
2 7980 38
1 47
1 23
1 89
2 12328 2
2 16402 98
1 36
1 89
1 92
1 36
1 87
2 11774 90
1 34
1 74
1 12
2 15282 25
1 18
1 20
1 81
2 10255 4
1 38
1 70
1 72
1 79
2 6234 36
1 31
1 2
2 17074 40
2 10715 88
1 85
1 90
1 2
1 60
1 34
2 14321 25
1 13
2 8096 14
2 3980 33
1 21
2 9005 46
2 4298 56
1 75
1 53
2 13825 1
2 18723 94
1 21
1 62
1 40
1 3
2 16082 99
2 31 58
1 63
1 22
1 57
1 42
2 3297 33
1 22
1 79
1 7
2 5 15
1 43
1 39
1 51
2 19884 99
1 11
1 42
1 41
1 100
1 1
2 16453 11
1 78
1 1
1 55
1 18
2 10173 89
1 76
1 34
2 15615 23
1 93
2 18998 55
1 46
2 14558 56
2 8447 99
2 8375 68
1 7
2 10026 1
1 5
2 4168 35
1 48
1 30
2 5551 41
1 41
1 42
1 99
1 59
1 21
2 14400 47
1 53
1 62
1 99
2 10964 60
1 25
2 16976 60
2 11395 3
2 2484 12
1 6
1 13
1 79
1 22
2 9763 24
2 8011 16
1 61
1 78
1 50
2 4858 84
1 84
1 5
2 19508 16
1 69
2 12519 10
1 6
1 58
1 54
1 99
1 21
1 49
1 74
1 37
1 67
1 13
2 18412 52
2 6485 78
1 36
1 8
1 100
2 11344 94
1 66
2 603 34
1 47
1 43
2 1768 78
1 62
1 60
1 8
1 37
1 49
1 60
2 10830 41
1 70
1 34
1 33
2 19514 7
1 29
1 39
2 10406 44
1 61
1 37
1 19
1 27
1 84
1 85
1 79
2 6995 30
1 85
1 88
1 94
1 33
1 29
2 4291 31
1 75
1 23
1 11
1 80
1 2
2 6696 64
1 9
1 85
1 24
1 37
1 51
2 10909 88
1 60
1 48
2 17316 84
1 66
2 18366 57
2 5164 42
2 12736 67
2 15086 75
2 15720 51
1 22
2 4393 23
1 39
2 10464 31
2 6346 41
1 89
1 90
1 26
1 94
1 67
1 57
2 15220 70
1 45
2 17802 54
2 3401 59
1 99
2 18112 85
2 13835 84
2 10264 76
1 81
1 46
1 25
2 11336 11
1 62
1 95
1 28
1 36
1 78
2 18215 25
2 18500 60
1 77
1 81
1 87
1 42
1 20
2 14739 45
2 1788 51
2 10578 84
2 1891 87
1 55
2 6018 9
1 88
1 15
1 95
1 93
1 92
2 18806 19
2 5644 76
1 81
1 52
2 12929 87
1 43
1 48
1 57
2 5157 1
1 22
2 1047 50
2 9115 44
2 4686 75
2 17374 93
1 46
1 84
2 4974 87
2 5192 84
1 77
2 3030 32
1 94
2 17445 32
1 3
1 96
2 7985 24
1 82
1 18
1 86
1 87
1 18
1 13
2 8226 42
1 76
1 77
2 4744 72
1 84
2 13928 67
2 4175 58
1 93
1 77
1 90
1 8
1 51
1 75
1 40
1 97
1 14
1 32
1 33
1 50
2 14594 34
1 13
1 35
1 52
1 4
1 73
1 34
1 24
1 26
1 86
1 33
1 60
1 96
1 1
1 78
1 27
1 79
2 11266 48
2 1864 84
1 89
1 22
1 69
2 1764 68
1 97
1 42
1 6
1 58
2 11022 75
1 12
2 2832 48
1 51
2 12606 52
1 27
1 39
1 52
1 48
2 11086 88
1 79
1 48
1 79
1 11
1 11
1 46
1 37
1 77
1 96
2 11970 98
1 28
2 4576 7
1 25
1 59
1 88
1 97
1 90
2 13585 36
1 68
1 94
2 16063 4
1 28
1 99
2 15530 23
1 96
1 90
2 10797 69
2 14460 44
2 9779 23
2 932 2
2 1622 59
1 5
1 65
1 91
1 95
1 77
1 2
1 7
1 99
1 77
2 13905 67
2 9913 98
1 9
1 29
1 54
1 21
1 74
1 75
1 4
2 8813 47
1 4
2 15635 9
1 11
1 19
1 43
1 61
2 10164 25
2 3970 13
1 22
1 11
2 1136 86
1 74
1 34
1 46
1 18
2 2028 69
1 43
2 95 31
2 1504 22
1 13
1 62
1 2
1 81
1 4
1 21
1 38
1 16
1 30
1 73
1 60
1 27
2 5746 87
1 19
1 63
1 64
2 15955 6
2 1706 63
1 89
2 1391 34
1 91
2 8149 52
1 75
1 8
1 86
1 22
2 18018 55
1 52
1 37
1 68
2 7341 82
1 70
1 24
2 3343 20
1 33
1 42
1 68
2 1072 27
1 10
1 63
2 4010 15
1 54
1 68
1 12
1 73
2 11847 55
1 39
1 78
2 11945 48
1 57
1 42
1 21
1 49
1 52
1 59
2 2680 26
2 14351 84
1 92
1 72
1 9
2 3855 15
1 8
1 66
1 50
1 47
1 3
1 2
1 10
1 63
2 19528 88
1 69
2 13778 43
1 33
2 12467 13
1 95
1 42
1 73
2 1531 56
2 9221 25
1 22
1 14
1 63
2 3053 83
2 6486 91
1 98
1 83
1 93
1 39
1 66
1 81
1 65
1 1
1 60
1 47
1 57
1 4
2 18856 78
2 11467 68
1 78
2 15101 98
1 2
1 6
2 15995 21
2 46 60
1 99
1 34
1 69
2 17773 26
1 14
2 6623 68
2 6179 52
1 76
2 9308 81
2 3651 16
2 3919 18
2 11109 78
1 82
1 95
2 18954 73
1 90
1 46
1 76
2 4540 51
2 2305 8
2 9656 93
2 231 56
1 18
1 17
1 34
1 31
1 34
1 23
1 31
1 70
1 10
1 90
1 82
1 33
2 1332 51
1 13
1 93
2 1847 35
1 91
1 5
2 14604 16
2 10924 11
1 3
1 94
1 86
2 4839 33
2 1773 79
2 3366 73
2 10456 2
2 3551 82
1 12
1 2
1 95
1 42
2 2926 35
1 93
1 27
2 11185 23
1 39
1 48
1 81
1 22
1 77
2 9089 89
1 15
2 5673 71
1 7
1 51
1 93
1 76
1 77
2 13933 78
2 9831 86
1 29
1 100
1 72
2 114 51
2 15676 77
2 1279 80
2 9850 58
1 21
1 9
2 587 91
1 74
2 16961 97
2 16873 29
1 72
2 10681 96
1 86
1 59
1 30
1 15
1 31
1 46
1 97
1 99
1 46
1 11
1 25
2 9206 86
1 26
1 63
1 24
2 11197 34
1 30
1 54
1 61
2 9206 47
1 71
1 92
2 6269 83
1 10
2 12314 50
1 81
2 10294 6
1 57
1 43
2 6947 44
2 17993 15
1 94
1 33
2 4152 42
1 100
1 91
1 79
1 62
2 7996 79
1 2
1 54
2 19606 8
2 13305 97
2 589 100
1 38
1 71
2 6989 40
2 17220 31
2 19667 30
1 95
1 29
2 18280 45
1 55
2 4325 14
1 11
1 74
1 44
1 19
1 56
1 15
1 60
1 45
2 11627 56
1 33
1 9
1 93
1 98
1 6
1 86
2 14824 65
2 12382 46
2 14223 18
2 2408 77
2 5328 66
2 1522 25
1 15
2 19584 42
2 17370 22
1 38
1 7
1 42
1 77
2 17805 62
1 98
1 81
2 17906 51
2 2979 76
2 560 70
1 32
1 14
2 8934 31
1 11
1 37
1 99
1 94
1 5
1 93
1 41
1 12
2 6198 63
2 17842 92
1 25
2 16822 74
2 7179 42
1 44
2 10052 38
1 6
1 25
2 10022 27
1 1
1 20
1 78
1 23
1 3
2 16600 72
2 5770 34
1 66
1 52
2 9861 65
1 64
1 83
1 54
1 15
1 100
1 37
1 33
1 6
1 94
1 62
1 55
1 19
2 12576 69
1 23
1 99
1 99
1 53
1 81
1 42
2 6069 70
2 5368 27
1 17
1 76
1 10
2 16993 82
2 7929 36
2 14820 4
2 653 46
1 24
2 4821 68
1 58
1 57
1 2
1 84
2 985 49
1 16
2 5310 87
1 22
1 69
1 57
2 7629 29
1 30
2 17491 32
2 8958 69
1 95
2 4708 57
1 98
1 96
1 42
1 41
1 25
1 81
1 76
1 6
1 40
1 3
1 42
1 88
2 3088 31
1 22
2 19392 76
1 17
2 19334 60
2 18410 28
1 91
2 6636 34
1 11
1 61
2 17564 29
1 71
1 25
1 60
1 8
1 45
1 5
1 30
1 50
2 6147 81
1 69
1 48
1 13
2 331 5
2 10815 61
1 46
1 34
1 34
1 54
1 24
2 6569 66
2 19764 53
1 1
1 25
2 5044 91
2 9491 64
1 49
1 98
1 40
1 84
2 9590 75
2 2871 84
1 29
1 12
1 9
1 57
2 12351 75
1 10
2 12632 78
2 1702 40
1 61
1 87
1 26
1 99
1 99
1 7
2 11068 96
2 4663 74
2 6147 3
2 2768 79
1 24
1 42
1 42
1 53
2 11731 77
1 49
1 23
2 6665 56
1 9
1 96
1 7
2 3556 58
1 3
1 35
1 25
1 1
1 40
2 14745 91
1 4
1 75
1 97
1 46
1 56
1 24
1 25
1 72
2 17401 89
1 26
2 5907 50
1 63
2 17692 40
2 17982 63
2 5530 47
2 9383 5
2 212 54
1 69
2 8353 40
1 42
2 18694 42
1 31
2 6564 52
1 6
1 92
1 43
1 2
2 1369 13
1 26
2 3887 18
2 3354 99
1 75
1 92
1 12
1 7
2 14178 1
1 1
1 93
1 95
1 77
1 1
1 35
2 10450 87
2 12869 48
2 1245 70
1 65
1 78
1 31
2 9429 94
2 7241 49
1 53
2 19269 35
1 95
2 4529 97
1 15
1 40
2 6080 53
1 84
2 7807 40
1 57
1 13
1 51
2 19135 40
2 18837 49
1 63
1 84
1 73
1 99
2 3238 22
1 8
1 53
1 23
1 66
2 7405 16
1 96
1 91
1 36
2 1702 35
1 32
1 76
2 17800 88
1 8
2 11638 75
1 66
2 3141 60
1 41
1 95
2 9039 98
1 64
2 4644 53
1 57
1 27
1 73
1 15
1 72
2 423 1
1 34
1 53
1 55
2 9230 45
2 14647 15
1 93
1 49
1 9
2 15948 40
1 89
1 86
1 42
1 96
2 310 96
2 19119 45
1 79
2 14823 28
1 33
1 60
1 97
1 57
1 82
1 67
2 17222 39
2 3677 3
1 84
2 11238 30
2 5266 23
1 36
2 1160 26
2 2187 68
1 61
2 9502 89
1 70
1 44
1 40
1 75
1 24
2 13835 87
1 78
1 25
1 78
2 12361 33
1 33
1 98
1 20
2 12610 39
1 88
1 57
1 96
2 13087 96
2 15784 79
2 18206 23
2 1707 91
1 2
2 13211 60
2 14224 35
2 5635 76
1 61
2 13888 82
1 80
2 8842 56
1 7
2 10658 79
2 8564 32
1 13
2 7494 36
1 80
1 41
1 9
1 70
2 3554 37
2 16194 84
1 80
2 3214 2
1 73
1 92
1 55
2 8073 37
2 9976 19
1 76
2 4302 89
2 3577 13
1 10
1 65
1 23
2 17542 47
1 43
1 35
2 9399 67
2 12412 96
1 46
1 29
1 2
2 7384 96
1 91
1 82
2 1910 41
2 6627 94
1 18
1 72
1 91
1 98
1 56
2 2196 7
1 83
1 25
1 15
1 42
2 11702 6
1 99
1 91
1 61
1 30
1 6
1 75
1 100
1 24
1 73
1 1
1 56
1 75
2 18190 63
2 8211 16
2 6703 90
1 91
1 79
1 5
2 15319 79
1 4
1 2
1 39
1 7
1 24
2 19501 46
1 49
1 11
2 7021 48
2 7480 58
1 43
1 83
1 26
2 5243 60
1 70
1 80
1 4
2 2989 44
1 53
1 81
2 6386 67
2 9330 49
1 12
1 2
1 27
1 23
1 75
2 10107 49
1 61
2 665 3
1 7
2 19418 86
1 72
1 57
2 9828 62
1 35
1 2
1 99
2 1606 51
2 14585 31
2 8460 28
1 13
2 16544 74
2 12723 52
2 9382 64
2 17367 51
1 3
2 19097 67
2 6926 44
1 73
1 81
1 19
1 21
2 19884 49
1 24
1 87
1 50
1 71
2 7768 26
1 8
1 12
1 67
1 9
1 57
2 4411 48
1 53
1 87
1 66
1 31
2 14492 90
1 81
2 13133 96
1 37
1 99
1 78
2 1572 92
1 38
1 71
1 48
1 86
2 17224 34
2 13210 26
1 41
1 1
1 55
1 88
1 5
2 2823 9
1 1
2 16756 49
1 20
1 65
1 42
1 24
1 85
1 47
1 59
1 43
1 25
1 17
1 94
1 45
1 12
1 36
1 71
2 4846 70
1 19
2 17172 61
1 4
1 20
2 9465 37
1 22
1 10
2 10291 75
1 82
1 80
2 15899 40
1 39
1 41
1 87
1 40
1 15
1 54
1 17
2 16014 58
1 98
2 17075 57
1 94
1 33
2 2006 42
1 55
2 2118 83
1 74
2 19447 1
1 18
2 13098 38
1 78
1 7
2 19718 87
1 9
2 14081 53
1 7
2 8623 83
1 67
1 86
1 92
2 18568 84
1 25
2 149 35
1 19
2 1816 6
1 8
1 95
1 8
1 100
1 63
2 6131 6
1 93
2 14569 60
1 8
1 98
2 17031 93
2 13147 10
2 19094 24
2 19116 45
1 16
1 29
1 24
1 76
2 11245 15
1 20
1 35
1 46
1 92
2 4702 41
2 15990 26
2 3148 68
1 91
1 18
1 57
2 2367 33
1 23
1 93
2 6806 56
2 2493 36
1 61
1 96
1 85
1 74
1 56
2 15281 5
1 29
2 379 27
1 27
1 55
1 95
1 19
2 11866 24
2 3293 58
1 29
2 15238 13
1 4
2 2871 84
1 2
1 38
1 36
1 37
1 91
2 16986 99
1 20
2 61 20
1 44
2 10585 9
1 50
2 3816 21
2 15782 23
1 27
1 86
1 79
1 70
2 17493 89
1 69
2 16113 94
2 12034 30
2 8414 89
1 5
1 60
2 9952 70
1 30
1 32
2 18254 23
2 8067 84
1 6
2 6107 76
2 2150 95
1 86
1 61
1 100
2 150 5
2 4095 3
1 78
1 43
1 69
1 75
2 7589 73
1 22
1 17
2 1638 32
2 14676 44
1 98
1 46
1 19
1 51
2 2943 33
1 56
2 3761 61
1 9
1 37
1 52
1 19
2 14132 43
2 11385 5
1 92
1 32
1 72
1 43
1 46
1 38
2 5900 71
1 64
2 1655 24
1 41
1 88
1 87
2 1357 4
1 80
1 26
2 15855 8
1 79
1 59
2 3578 43
1 33
1 5
2 2172 76
1 37
1 19
2 11795 76
2 8169 67
2 1304 50
1 96
2 11693 24
2 6603 80
1 73
1 72
1 79
1 8
2 17593 24
1 96
1 12
1 58
1 49
2 11383 86
1 64
1 46
2 2915 40
2 15361 100
1 77
2 4385 25
2 13732 1
1 21
1 57
1 53
1 10
2 9341 76
1 27
1 62
1 65
1 98
1 90
1 31
1 90
1 61
1 98
2 16339 85
1 38
1 65
1 47
1 26
1 83
1 50
1 51
1 93
1 92
2 10534 28
2 9183 43
1 78
2 19712 19
1 44
2 17191 64
1 98
1 46
1 28
1 21
1 1
1 45
2 2531 95
1 27
1 46
1 11
1 87
2 19423 44
1 38
1 41
1 59
1 74
1 43
2 9187 99
2 19396 83
1 98
2 1482 28
1 29
1 88
2 6656 98
2 493 61
1 42
2 13434 67
1 18
2 5069 8
2 2925 23
1 53
2 6327 97
1 89
1 30
1 38
2 13003 38
1 61
1 38
1 11
1 63
2 3534 33
1 15
1 7
2 19881 86
1 86
1 65
1 85
1 60
2 11207 45
1 80
1 74
2 15669 11
1 36
1 42
2 10945 21
1 36
1 89
2 14576 68
2 9254 5
1 16
2 12314 31
1 11
1 5
1 40
1 15
1 29
2 9440 1
1 72
1 51
1 43
1 99
1 82
2 8325 94
1 78
2 11062 85
1 18
2 18477 64
1 52
2 13476 2
1 2
2 838 51
2 8081 24
1 71
1 63
2 7038 57
1 78
1 71
1 55
1 2
1 4
1 63
2 17958 1
1 98
1 87
2 13386 74
1 58
1 84
1 52
1 4
2 14135 97
1 38
2 15050 87
1 73
1 13
1 16
1 41
1 40
2 11605 82
1 87
1 21
1 12
1 68
1 93
2 7280 59
1 51
2 7192 2
1 57
1 33
1 64
1 11
2 2945 97
1 94
1 12
2 7131 20
2 7173 73
2 6917 41
1 98
1 12
1 93
2 15016 49
1 26
1 16
2 12650 72
2 9818 73
1 99
1 35
2 7771 14
1 12
1 57
1 45
2 12873 33
1 31
2 11731 8
1 25
1 4
1 98
1 85
1 72
1 4
1 58
1 6
1 37
1 75
1 27
1 82
1 25
1 14
2 14884 8
2 4646 78
1 100
2 14184 1
1 1
2 9592 74
1 10
2 19919 7
1 57
1 66
1 69
1 11
1 24
2 19841 30
2 10034 28
1 77
2 15104 14
2 18193 77
2 19642 85
1 17
1 11
1 88
1 26
1 36
1 10
2 5487 68
1 53
1 54
2 15397 18
1 70
2 16145 4
2 14294 89
1 49
1 99
2 2605 38
1 47
1 93
1 77
1 77
2 16385 14
1 63
2 12526 13
1 12
1 49
1 47
1 25
1 3
2 18176 87
1 99
1 78
2 2190 71
2 10844 81
1 22
2 13143 3
1 96
1 61
2 15199 4
1 15
1 20
1 45
1 84
1 86
1 67
1 14
1 93
2 16814 34
1 99
1 35
1 85
1 80
1 16
2 2378 42
1 55
2 2922 44
2 12589 86
1 44
1 95
2 3765 26
1 34
2 13220 58
2 5622 3
2 571 95
1 91
1 35
2 4838 29
1 15
1 33
2 3015 88
2 18888 88
1 84
1 31
1 100
1 5
2 3427 18
2 6585 26
1 41
1 20
2 11425 37
1 55
2 7294 44
1 40
2 905 24
1 69
1 17
2 15123 78
2 18623 75
2 19495 45
2 6545 10
2 9976 77
2 3908 99
1 4
1 50
1 64
1 38
1 59
2 14689 53
2 17169 24
2 11272 63
2 13450 12
2 19088 54
1 95
1 62
2 16819 20
1 26
2 12894 90
1 28
1 39
2 6585 52
1 39
1 87
1 69
1 54
1 72
1 100
1 28
2 18321 43
1 61
1 85
1 17
1 43
1 2
2 2703 12
1 90
2 14385 99
1 77
1 29
2 14798 91
1 74
1 8
1 88
1 54
2 1008 20
1 41
2 1316 77
2 11689 50
1 94
1 6
1 15
2 6393 88
1 59
1 41
1 93
2 2375 24
1 62
2 4574 27
1 27
1 10
1 39
2 11549 96
2 14765 72
1 74
1 58
2 1280 37
1 41
1 54
1 92
1 96
1 27
2 9855 13
2 6169 43
2 12880 45
1 42
1 26
2 11206 13
2 2563 17
2 2860 51
1 85
2 17585 51
1 22
2 3942 22
1 24
2 5263 67
2 7370 86
2 13886 14
1 2
1 25
1 22
1 55
1 55
2 10000 67
1 25
1 43
2 3739 95
1 78
1 8
1 61
1 96
1 15
2 10444 70
2 18850 51
1 25
1 31
1 27
1 5
2 16523 75
1 85
1 74
1 55
1 58
1 36
1 96
2 7489 82
1 14
2 16821 6
2 588 73
1 78
1 75
2 10666 95
1 61
1 18
1 52
1 64
2 9049 92
1 14
2 4163 44
2 6054 58
2 9283 1
1 30
1 34
1 22
1 45
2 3963 100
2 17529 31
2 8987 11
2 15945 16
1 80
1 85
1 6
2 8189 26
2 13977 10
2 14720 77
1 96
1 15
2 13933 69
2 13888 70
1 90
1 60
1 23
1 100
2 476 66
1 18
1 82
1 97
1 81
1 73
2 10177 53
1 73
1 84
2 16864 79
1 61
1 86
2 2956 55
1 26
1 36
1 96
2 15585 68
1 91
1 84
2 7081 55
2 12374 52
2 12132 41
1 43
1 35
1 92
1 94
1 18
1 4
1 4
1 92
1 100
1 2
1 41
1 11
1 2
1 92
1 62
1 52
2 843 56
2 11122 67
2 11976 94
1 57
1 87
1 59
2 3758 7
2 4665 17
2 18977 4
1 60
1 4
2 9577 44
2 12973 79
1 3
2 14563 62
2 10752 9
2 16836 6
1 61
1 88
1 15
1 93
1 99
2 4304 25
1 78
2 14633 23
1 53
2 16847 12
1 54
2 16319 9
2 17005 69
1 58
1 30
2 5542 66
1 36
1 53
1 23
2 16483 71
1 72
1 16
2 17137 2
2 10987 24
1 70
1 26
1 70
1 16
2 10437 82
1 20
1 43
2 12248 35
1 19
1 5
2 17052 25
1 17
2 9025 56
2 15416 93
1 52
1 15
2 16340 89
2 7232 47
1 62
1 29
2 14322 35
1 68
2 11918 94
2 2553 71
2 19388 91
2 17014 8
1 64
2 14399 34
1 90
1 94
1 32
2 500 1
1 92
1 19
2 19928 25
1 59
1 36
1 84
2 411 14
1 87
1 35
2 17075 23
2 1448 68
1 74
2 13855 89
2 7367 98
1 54
1 24
2 3767 37
1 61
1 95
1 75
1 37
1 82
1 68
1 47
1 80
2 19450 61
2 10193 28
1 94
1 2
2 4338 92
1 48
2 11007 23
1 89
2 19891 70
1 20
2 14241 98
1 2
1 6
1 60
1 99
2 18690 73
1 49
2 13080 93
2 3128 41
1 38
1 38
1 86
1 17
1 97
2 18003 83
1 81
2 17982 65
2 5362 37
1 4
2 6747 98
1 47
1 26
1 60
2 7159 4
1 82
1 88
1 54
1 97
1 43
1 76
1 96
1 95
1 58
1 5
1 11
2 9272 52
2 13397 86
1 49
1 4
2 16904 61
2 19338 82
1 44
1 30
1 86
2 9060 65
1 40
2 14742 1
2 3437 74
1 21
1 28
1 93
1 6
1 79
1 79
1 36
2 15527 11
2 6823 20
1 55
2 7829 66
1 71
1 37
1 17
1 74
1 3
1 29
1 87
1 17
1 32
2 3474 49
1 19
2 15154 69
2 17429 20
2 6922 56
2 9326 35
2 6022 92
2 14253 61
1 13
1 81
1 99
1 9
1 89
1 25
1 1
2 1164 52
1 24
1 63
2 18812 92
2 860 53
1 13
2 6783 42
1 51
2 1104 40
1 54
2 17235 95
1 66
1 99
2 150 5
1 26
2 1215 48
1 81
1 19
2 15886 83
1 41
1 26
1 8
1 16
2 9704 87
1 6
1 18
1 1
1 66
2 2873 39
1 64
2 13933 7
1 55
1 85
1 7
1 52
2 15720 91
1 56
2 11900 98
2 5198 29
1 63
1 14
2 7305 42
1 20
1 8
1 89
2 2961 65
1 58
1 5
1 51
1 79
1 83
1 3
1 60
2 16998 88
2 5828 85
1 33
1 27
2 14106 65
1 55
1 99
2 17016 14
1 29
1 44
2 4108 93
1 71
1 32
2 15564 40
1 89
1 87
1 42
1 4
1 37
2 16247 57
1 60
1 95
2 3883 27
1 41
1 77
1 52
1 53
1 83
1 18
2 14533 46
1 31
1 68
1 68
1 25
1 4
1 94
1 19
1 4
1 23
1 98
1 2
1 4
1 91
1 65
1 34
2 16626 17
1 66
2 16136 65
1 27
1 21
1 98
1 23
2 11435 43
1 4
1 20
1 70
1 16
1 95
2 3898 62
1 8
1 50
1 27
1 5
1 76
2 10490 44
1 48
1 78
1 100
1 49
2 2322 59
1 67
1 17
2 16156 61
1 81
1 76
1 73
1 13
1 14
2 9144 93
1 81
2 18146 22
1 70
1 14
1 70
1 52
1 89
1 28
1 76
1 37
2 18559 50
1 78
2 2064 53
1 48
1 10
2 7330 96
2 2493 18
2 15795 89
1 66
1 63
1 34
1 71
1 24
1 38
1 37
2 6573 98
1 24
1 89
1 6
2 11910 14
2 8387 66
2 1274 3
2 12891 19
2 14570 100
1 78
2 2122 50
2 15807 84
1 53
1 12
2 11736 76
1 90
1 34
1 33
1 16
2 3291 28
1 99
1 96
2 315 95
2 7042 84
1 53
1 20
1 6
1 47
1 47
1 51
2 5540 90
1 12
1 23
1 31
1 79
1 25
1 46
2 15408 46
1 82
1 16
1 5
2 16121 60
1 35
2 15235 60
1 73
2 8366 32
1 7
1 60
2 3158 3
2 6922 90
1 83
2 4363 36
1 37
1 27
2 5605 89
1 60
2 15812 71
1 32
1 20
2 2579 30
2 11621 39
2 1921 42
1 4
1 22
1 68
1 6
1 72
1 25
2 11063 74
1 34
1 63
1 15
2 16896 56
1 88
1 80
2 12310 93
1 57
1 12
2 12886 85
1 19
1 9
2 9132 32
2 15474 88
1 18
1 23
1 10
1 37
1 69
1 66
1 96
1 31
1 97
1 64
1 56
1 71
1 70
1 50
2 12325 68
1 3
2 14685 5
1 61
2 4692 27
1 66
2 18950 75
1 53
1 61
1 6
1 60
1 56
1 29
2 16579 59
2 7149 100
2 18812 7
1 5
1 84
1 40
2 14696 53
1 83
2 3526 94
1 3
1 82
1 95
1 14
1 63
2 759 100
1 66
2 7590 65
1 76
1 61
1 30
2 15457 67
1 91
2 6211 23
2 18705 69
1 20
1 26
1 42
1 85
1 26
1 20
1 27
1 45
2 16927 16
1 8
1 70
1 67
1 13
2 3688 68
2 16010 22
2 3966 72
2 5772 16
1 36
1 43
1 91
2 7494 87
1 87
2 14685 20
2 909 2
2 15604 21
1 49
1 52
1 76
1 20
2 16189 42
1 27
2 9055 26
2 15892 65
2 2441 21
1 76
1 71
2 4347 41
1 23
1 49
1 74
2 1776 70
2 7817 46
1 4
1 7
1 76
2 1343 42
1 43
1 53
2 8249 90
1 50
2 12756 83
1 73
1 4
1 71
1 55
2 4820 93
1 9
1 16
2 987 46
1 92
1 43
2 19786 4
1 64
1 38
1 83
2 19096 77
1 89
1 79
2 17048 74
1 15
1 80
1 47
2 15046 37
2 1831 93
1 5
1 50
1 52
2 6792 71
1 71
1 85
2 16092 37
1 57
2 11349 5
1 36
1 64
1 72
1 81
2 1901 68
2 10646 81
2 10045 35
2 6358 35
1 52
1 55
1 87
2 5358 69
1 31
2 19152 60
1 35
1 6
1 11
1 4
1 30
1 98
1 71
2 3267 5
1 43
1 21
1 50
1 17
1 57
1 16
1 26
1 22
1 39
2 17709 96
1 19
1 18
2 8679 48
1 70
2 13028 29
1 49
1 95
2 11635 59
2 13422 38
1 17
1 35
1 100
2 13950 11
1 67
1 65
1 78
2 16502 18
1 1
1 32
1 22
1 26
1 89
1 76
2 16655 24
2 897 57
1 59
2 18124 94
1 78
1 47
2 5314 71
1 66
2 18082 73
1 43
1 53
1 65
2 15400 31
1 27
2 12457 61
1 73
2 8472 62
1 6
1 100
1 23
2 14049 91
1 99
2 9114 29
2 5575 89
1 31
1 27
1 77
2 13089 98
1 67
1 67
1 75
2 4405 44
1 73
1 27
2 12231 22
1 50
1 21
2 395 85
2 18317 53
2 15100 85
1 62
1 85
1 71
1 69
1 61
2 7869 39
1 61
1 48
1 16
2 15759 35
1 87
1 55
1 54
1 92
2 14569 21
1 23
1 89
2 19568 88
1 87
1 72
2 2848 53
2 2052 90
1 51
1 14
2 10056 46
1 93
2 18776 92
1 47
1 99
1 26
2 4392 21
1 24
1 13
2 17182 58
1 40
1 40
1 68
1 3
1 93
2 18001 32
1 48
2 11919 64
2 12028 68
1 39
2 2113 76
1 14
1 26
1 96
1 27
1 87
1 95
2 1499 45
1 83
1 91
2 11091 96
1 95
2 17174 24
2 2202 72
1 85
1 86
2 12968 58
1 76
1 39
1 67
2 7940 79
2 4471 61
1 6
1 19
1 7
1 16
1 12
1 49
2 1524 73
1 47
1 73
1 92
1 30
2 8086 77
1 85
1 61
1 51
2 1005 12
1 9
1 4
1 1
1 95
1 88
2 7312 1
1 48
1 71
1 56
1 72
1 50
1 18
2 4296 81
1 89
1 39
1 54
2 7119 33
2 12248 56
1 93
1 12
2 4040 70
1 84
1 20
1 44
1 39
2 10717 39
1 47
2 3984 4
1 66
1 12
1 58
2 782 22
1 81
1 96
1 81
2 255 96
1 56
2 15204 97
1 26
2 7787 37
1 11
1 39
1 28
1 43
1 53
1 95
2 19206 32
1 16
1 20
1 85
1 49
1 35
1 92
1 69
1 87
2 12770 53
1 93
1 33
1 74
1 80
1 33
1 96
2 10358 89
1 39
1 10
2 12236 56
1 80
1 29
1 87
2 6953 94
2 1277 46
2 7667 7
1 58
1 36
1 48
1 85
1 56
1 84
2 15997 81
1 95
2 15969 12
1 95
2 16208 58
2 12425 52
1 95
1 13
2 16933 45
2 21 38
1 5
1 98
2 11324 67
1 48
1 11
1 99
2 12525 57
1 3
1 58
1 49
1 84
1 93
2 15757 83
2 15044 79
1 41
1 56
1 83
1 35
1 35
2 3752 50
1 61
1 30
1 57
1 23
1 89
2 13601 85
2 6355 34
1 29
1 1
2 17803 10
1 83
1 6
2 7183 47
2 1449 96
1 67
2 6729 46
1 15
2 4485 30
2 19342 39
2 7326 69
1 13
1 58
2 14643 59
1 2
2 18301 80
1 11
1 72
1 98
1 56
1 35
1 22
2 12407 14
1 23
1 33
1 51
1 89
2 5941 11
1 18
1 3
2 14967 31
1 25
2 10977 39
1 17
1 64
2 2662 52
1 24
1 43
1 59
1 62
2 115 68
1 98
2 500 76
1 23
1 98
2 7936 5
2 19407 66
1 33
1 91
1 27
1 40
1 26
1 9
1 91
1 25
1 71
2 2237 81
1 88
1 36
2 8353 80
1 94
2 8336 67
1 77
1 5
1 14
1 34
1 60
2 17084 84
1 36
1 52
1 77
2 7783 29
1 49
1 75
2 3243 25
1 92
2 10539 74
1 82
2 12438 2
1 67
1 27
1 6
2 5208 59
2 4393 32
1 87
1 11
1 86
1 75
2 16034 29
2 2986 39
1 97
2 9840 23
1 8
1 69
1 31
2 11175 63
1 95
2 18966 24
1 28
1 16
2 7842 27
2 8997 30
2 1073 64
2 14068 74
2 13068 85
1 45
1 6
1 75
1 20
1 6
2 7756 8
1 69
2 14245 86
1 44
1 31
2 13429 84
1 97
1 78
1 95
1 25
1 61
2 16107 60
1 89
2 7179 21
2 12911 2
1 22
1 78
1 46
1 6
1 36
1 97
1 62
1 31
2 9589 29
1 8
1 30
1 35
1 73
1 20
2 10763 18
1 60
1 18
1 21
1 83
2 10090 17
2 9298 88
1 61
1 9
1 8
1 10
2 1013 15
1 69
2 9913 86
2 730 91
2 5479 26
1 75
1 33
1 55
2 1051 64
1 38
2 7797 50
1 89
1 61
1 68
1 43
1 37
1 68
2 15981 90
2 354 77
1 19
2 16361 45
1 40
2 13092 26
1 90
1 37
1 81
1 18
1 45
1 45
1 80
1 50
2 9311 4
1 90
2 15967 11
1 79
1 54
2 3690 38
1 80
1 84
1 3
2 2668 8
2 17387 41
1 36
1 99
1 18
1 36
1 50
1 32
1 69
1 50
2 11154 98
2 19133 44
1 40
1 97
1 4
1 25
1 83
1 12
2 19352 70
1 39
1 11
2 1518 2
2 953 68
1 24
1 7
1 77
1 95
2 15582 57
1 46
1 24
1 27
2 4940 84
1 54
2 5295 49
1 50
1 34
2 17630 84
2 887 88
1 17
1 32
1 20
1 78
2 4712 92
1 39
1 24
1 87
2 9952 73
1 90
1 23
2 14741 62
1 57
1 78
1 32
1 83
2 14060 16
1 13
1 73
1 90
2 14517 14
1 53
1 62
2 9073 41
1 45
2 3444 57
2 13450 68
1 74
1 25
2 1448 12
1 68
2 13918 13
1 65
1 61
1 52
2 9780 49
2 17260 72
1 32
2 1311 83
2 8311 44
1 74
1 42
1 55
1 95
1 19
1 68
2 6665 95
2 3427 54
1 93
1 57
1 36
1 33
2 8892 52
1 58
1 45
1 58
2 7853 91
2 14898 79
1 62
2 14215 85
2 18046 84
2 16610 37
2 9718 58
1 60
2 11622 52
1 24
1 80
1 70
1 3
2 8572 53
1 72
2 13091 63
2 141 77
1 3
2 9172 43
1 94
2 16718 50
1 53
2 9260 97
1 20
2 3530 62
1 58
2 5799 9
1 88
2 12395 80
2 2674 60
1 64
2 16830 76
2 14978 25
1 11
1 64
1 14
1 85
1 18
1 31
1 95
1 62
2 11752 20
1 73
1 37
2 16248 15
1 16
1 92
1 100
1 92
1 13
1 75
1 35
2 15090 14
1 99
2 2875 93
1 72
1 29
1 39
1 55
1 37
1 5
1 42
2 14587 4
1 62
1 94
1 14
1 40
1 62
2 18240 20
1 77
1 10
1 6
1 74
1 67
2 14604 97
1 35
1 97
2 3605 68
1 6
1 87
1 24
2 12827 51
2 5166 13
1 81
1 46
1 78
1 30
1 71
1 82
1 26
1 83
2 5372 63
1 69
1 43
2 4987 45
1 90
1 46
1 64
1 30
2 5727 36
1 12
1 73
1 31
1 49
1 42
2 68 38
1 2
2 15832 99
1 66
1 61
1 25
1 61
2 5728 100
1 56
2 4792 43
1 81
1 23
1 86
2 4364 86
1 74
2 15213 74
1 68
1 42
1 79
2 10857 31
2 3868 65
2 8051 43
1 55
2 15023 51
1 35
1 9
1 19
1 28
1 65
1 65
2 15256 59
1 18
1 88
2 815 5
2 6172 41
1 72
2 18266 41
2 8599 69
1 70
1 92
1 34
1 83
1 53
2 1527 15
1 83
1 15
1 22
2 9676 49
1 63
2 19504 28
2 19133 28
2 7779 97
1 63
2 5 34
2 18582 88
1 100
1 23
2 3898 37
1 13
2 5333 43
2 11224 24
2 10481 92
2 14032 98
1 81
1 26
2 10477 71
1 1
2 2976 55
2 2551 9
1 70
1 64
1 21
1 17
2 16258 60
1 9
1 20
1 58
1 71
1 40
1 78
1 85
2 7086 83
1 79
2 13110 88
1 37
2 19347 50
1 80
1 71
2 11466 73
1 24
1 6
1 52
1 29
2 4284 92
1 70
2 11474 24
1 55
2 12167 56
1 95
1 58
2 16286 40
2 19112 76
1 23
2 235 10
1 18
1 77
1 93
1 72
1 80
2 18000 13
2 2412 50
1 40
2 17876 49
2 9625 31
2 8944 91
1 26
1 27
2 9851 71
1 90
1 43
2 9441 33
1 92
1 45
2 1573 81
2 13652 78
1 56
1 1
1 59
2 7077 88
1 49
2 13707 32
1 85
2 5209 23
1 73
1 3
2 5533 86
2 3193 80
1 30
1 88
2 4118 58
2 413 20
2 2187 91
1 62
1 93
1 94
1 91
2 282 35
2 665 44
2 1390 63
2 9701 53
2 755 35
1 100
1 69
2 9083 47
1 87
2 1505 90
1 84
2 18453 89
1 46
1 84
1 28
2 4717 67
1 58
2 16455 68
1 18
2 18054 82
1 74
2 4475 78
1 76
1 26
1 99
1 9
2 4292 30
1 47
1 46
1 79
1 7
1 14
1 80
1 9
1 79
1 47
1 61
1 23
2 244 30
1 45
1 8
1 25
2 4889 21
1 42
2 14389 83
2 13993 60
2 18106 51
1 14
1 23
1 76
1 74
1 9
1 31
1 29
1 28
1 59
1 30
2 10292 9
1 31
1 40
2 13491 23
2 18731 27
2 3391 29
1 56
1 24
1 60
1 23
1 29
1 76
1 21
1 55
2 5578 99
1 61
2 5345 63
1 40
1 48
2 4315 68
1 50
1 13
2 4182 83
1 27
2 2607 70
2 13712 85
2 11052 62
1 61
2 14821 46
1 30
1 66
1 21
2 2199 19
2 16074 75
2 15745 58
1 70
1 31
1 63
1 3
1 41
2 14961 10
1 79
1 21
2 15684 18
1 86
1 60
1 53
1 56
1 48
2 8041 89
2 5787 58
1 68
1 33
1 17
1 83
1 80
1 93
1 35
1 77
1 40
2 10438 51
1 6
1 47
2 17727 45
1 55
1 86
1 73
1 30
1 97
2 15617 68
2 18165 58
2 9638 9
2 16712 63
2 7291 48
1 66
2 13846 65
1 18
2 961 58
1 4
1 78
1 82
1 80
1 47
1 10
2 11350 70
1 51
1 90
1 86
1 23
1 3
1 24
1 87
2 17543 33
1 38
1 41
1 76
1 57
2 14409 84
1 47
1 91
1 39
2 17566 46
1 15
1 62
1 40
1 93
1 12
2 14534 44
2 9810 96
1 76
1 49
1 8
1 88
1 15
2 3705 66
1 7
1 89
2 8932 78
2 10183 83
1 11
2 8011 78
1 34
2 10753 60
1 31
2 17474 55
1 46
1 19
2 18972 71
1 94
1 74
1 32
1 71
2 6460 40
1 17
1 38
2 58 65
1 36
2 19207 16
1 13
1 39
1 92
2 4733 26
1 17
2 14793 22
1 7
2 6555 74
2 3470 33
2 12989 76
1 83
1 86
1 8
1 15
1 72
1 16
2 17020 77
1 16
2 9853 55
2 11345 34
2 18260 82
1 36
1 8
1 57
2 17043 68
2 13580 97
2 7871 21
1 14
2 16723 88
1 91
1 43
1 8
1 6
1 83
2 18730 9
1 68
2 2357 15
1 43
2 1239 45
1 36
1 86
1 41
2 15616 33
2 1037 32
2 14430 26
1 69
1 61
1 24
2 165 94
1 84
1 54
2 893 82
1 16
2 17667 74
1 58
1 49
1 15
1 75
1 16
1 6
1 38
2 1144 10
1 76
1 21
1 97
1 68
2 5423 85
1 3
1 88
1 22
1 49
1 25
1 2
1 77
1 48
2 19036 55
1 64
1 68
1 58
1 40
1 17
1 58
1 37
2 16371 8
1 46
1 73
2 14207 29
1 51
2 6508 40
1 23
1 76
1 3
1 1
1 11
1 1
1 4
1 57
2 16937 33
1 33
1 25
1 81
1 37
1 40
1 96
1 97
2 65 28
1 38
1 46
1 19
2 12033 79
1 11
1 33
1 10
2 2457 68
1 90
1 16
1 53
1 29
1 4
2 2307 13
1 64
2 17676 66
2 14661 57
1 4
2 13804 14
1 82
2 14763 16
2 14213 1
1 9
1 70
2 18486 16
1 56
1 27
1 14
2 6674 77
1 5
1 7
1 75
1 100
1 22
1 84
1 64
1 46
1 67
2 3140 95
1 53
2 4528 62
1 65
2 18819 68
1 76
1 7
1 87
1 96
1 55
1 32
1 4
1 72
2 16758 22
1 97
1 57
1 29
2 3880 76
2 17773 16
2 5870 22
2 9701 46
1 31
2 8141 5
2 13864 89
1 66
2 7688 11
1 13
1 39
1 74
1 32
2 19866 98
2 18366 70
1 96
1 44
2 13128 10
2 1619 66
1 66
2 8921 64
1 40
1 13
1 19
2 1857 5
1 74
1 33
1 24
2 6272 53
1 77
1 70
2 15246 95
1 8
2 19387 74
1 24
1 83
1 89
2 1005 61
1 56
2 15859 55
1 62
1 70
2 9431 33
1 10
1 56
1 2
2 1398 81
2 12780 35
1 77
2 14688 49
1 47
1 66
1 36
2 12939 65
1 79
2 14775 31
1 86
1 45
1 38
1 99
1 11
1 16
2 11987 3
1 75
1 12
1 24
2 8553 63
2 162 9
1 66
1 84
2 11189 10
1 93
1 99
2 15082 70
1 39
1 66
1 47
1 36
1 35
2 6711 44
1 7
1 39
1 92
2 10402 21
2 18104 72
1 53
1 38
1 89
2 19259 70
1 13
1 75
2 17757 43
2 8071 16
1 87
2 4179 51
1 67
2 3133 71
1 100
2 16627 74
1 53
1 61
2 8116 46
2 11673 53
1 55
1 16
1 66
1 32
2 12983 58
2 12908 71
1 1
1 38
1 58
1 7
1 100
1 95
2 848 28
1 8
1 51
1 52
2 18241 50
2 12398 45
1 92
1 58
1 87
1 52
2 6492 11
2 167 55
2 12461 31
1 38
1 37
2 4013 35
1 30
2 11183 36
2 13312 61
1 91
1 82
1 45
2 8965 79
1 93
1 54
1 43
1 63
2 17190 80
2 8946 3
2 4757 81
1 74
2 1960 21
1 91
2 4941 100
2 12456 67
2 3854 52
1 53
1 47
2 3743 13
1 50
2 12184 96
1 73
1 86
1 88
1 40
2 1107 12
2 6097 85
2 18525 8
1 96
1 12
1 49
1 69
1 83
1 2
1 33
1 3
1 58
1 67
2 5799 87
1 97
1 12
1 71
1 57
2 10213 35
1 2
1 57
2 6919 71
1 33
1 42
2 5893 16
2 12415 58
1 26
1 65
2 3961 61
1 26
2 4908 69
2 17224 16
2 8649 61
2 5979 82
1 38
2 9639 10
1 43
1 7
2 12310 44
1 19
1 24
2 6453 6
1 32
1 12
1 98
1 76
1 51
1 16
2 13441 9
1 62
1 28
1 10
1 5
1 41
1 64
2 14755 96
1 92
1 95
1 53
2 3405 74
2 17654 55
1 88
1 5
2 16740 15
2 9797 23
2 2147 78
2 859 66
1 95
1 30
1 48
1 97
1 26
2 17458 3
1 71
2 2062 38
2 11987 43
1 23
1 45
1 30
1 29
2 2847 12
1 17
2 19576 19
1 91
1 70
1 35
1 14
2 10698 3
1 14
1 85
1 2
1 16
1 88
1 21
1 60
2 11569 32
2 1855 14
1 55
2 15066 51
1 35
2 11677 47
1 26
2 16607 16
1 61
1 31
1 34
2 4439 31
2 15104 90
1 27
1 45
1 16
2 16368 15
1 18
1 64
1 30
1 23
2 6940 14
1 35
1 23
2 16308 68
1 87
1 79
1 69
1 55
1 88
1 40
1 63
1 38
1 59
1 96
1 54
1 87
2 10980 44
1 58
1 74
1 58
2 10069 43
2 1779 44
2 1037 28
1 7
2 17069 79
1 85
1 37
2 17757 71
1 17
1 51
2 8609 28
2 6906 7
1 57
1 29
2 14541 3
1 77
1 75
1 64
1 5
2 13982 1
1 48
2 14111 48
1 48
1 65
1 49
2 7450 91
2 19429 59
2 589 4
1 13
2 5509 65
2 1779 48
1 86
1 33
1 30
2 19698 74
1 16
2 19505 54
2 4979 22
1 64
2 19359 82
2 1149 49
1 12
2 2506 86
1 43
1 74
2 6698 99
1 86
1 87
2 13495 26
1 2
1 98
2 7805 18
2 13428 26
1 15
2 18471 65
1 46
1 66
1 73
1 35
2 12868 86
1 43
1 67
2 15632 68
1 95
1 11
1 40
2 16867 18
1 77
1 62
1 60
2 15197 47
2 3754 88
2 19929 21
2 2628 83
1 10
1 21
1 43
2 3906 57
2 3881 77
1 63
1 74
1 91
2 16462 83
1 20
1 60
1 41
2 18684 9
1 84
1 41
1 74
1 89
1 32
1 76
1 43
1 71
1 83
1 3
2 13862 8
1 95
1 44
2 16144 81
2 17444 53
1 10
2 11886 8
1 31
1 87
2 13170 42
1 72
1 76
1 61
2 16174 27
2 1030 60
1 27
1 17
1 45
2 4797 3
2 464 14
1 54
1 31
2 7440 14
1 16
2 337 30
1 64
1 70
1 23
1 41
2 8490 8
1 39
1 12
1 59
1 97
2 12837 10
1 90
2 14210 4
1 98
1 72
1 70
1 70
1 18
2 6733 30
1 32
1 58
2 8971 44
1 58
1 18
2 6780 23
1 55
1 51
1 49
1 26
2 10059 37
1 51
2 6826 17
1 17
1 96
1 11
1 48
1 71
1 1
1 17
1 73
1 12
1 9
2 11883 60
2 6897 9
2 18947 93
1 10
1 34
2 6589 99
1 8
1 37
1 27
1 28
1 67
2 3359 69
1 81
1 31
1 10
1 98
2 15665 80
1 88
2 10663 68
1 70
1 45
1 50
1 70
1 57
1 22
2 4760 10
2 16146 78
2 12818 81
1 60
1 67
1 70
2 14513 86
2 11565 67
1 84
2 8110 50
1 79
1 84
1 9
1 94
1 49
2 5282 12
2 10426 99
2 19672 42
1 39
1 90
2 15775 88
1 81
1 6
1 53
2 8547 22
1 47
1 97
1 24
2 11460 62
2 10313 77
1 13
1 93
1 50
2 4293 7
1 1
2 11882 31
2 14312 50
1 54
2 4739 19
1 94
1 69
1 25
2 9265 74
1 75
1 86
1 31
2 7535 17
2 3192 7
1 72
2 17185 95
2 13658 31
1 86
1 50
1 50
1 71
1 55
1 22
2 11636 73
2 6755 31
1 50
1 67
1 23
2 17369 55
2 676 87
1 26
2 8297 13
2 6225 13
2 13701 84
1 6
1 95
1 57
1 2
2 17532 64
1 16
1 72
1 63
1 8
1 35
1 71
1 69
1 82
2 11136 89
1 80
1 2
2 7717 52
2 3511 92
1 97
1 14
2 1159 85
1 8
2 8394 36
2 7694 20
2 9400 34
2 10227 24
1 97
2 15011 89
2 9682 51
1 80
1 7
1 59
1 44
2 4714 18
1 84
2 18216 7
2 3377 68
1 36
1 32
1 63
2 6857 86
2 3692 1
2 3011 68
2 8861 76
1 41
1 38
1 5
2 6189 46
1 41
1 45
2 11870 66
2 16931 87
1 70
1 8
1 18
2 16339 43
1 34
1 74
2 7887 91
2 7230 56
1 77
1 69
2 674 25
1 46
1 32
2 13496 2
1 95
2 6897 62
2 11756 77
2 9873 16
1 42
1 7
1 57
2 18472 26
1 40
1 66
2 3517 74
2 17743 10
2 17155 15
1 24
1 52
1 52
2 15463 47
1 60
1 92
1 39
2 5901 96
1 97
1 36
1 31
2 11766 3
1 28
1 68
2 13421 8
1 73
1 22
1 41
1 35
1 96
2 1073 9
2 1784 46
2 17233 70
2 10683 42
1 19
1 67
1 64
2 4267 53
1 45
1 65
1 36
1 2
1 69
1 14
1 23
1 92
1 79
1 96
1 69
2 5946 49
2 5891 28
1 99
1 98
2 10995 20
1 100
1 27
1 83
2 16028 45
1 42
1 3
1 90
2 5264 70
1 86
1 68
1 54
1 13
2 18549 24
2 8461 93
2 1593 43
1 60
2 17877 74
2 19255 29
1 99
1 23
1 15
2 6272 75
1 23
1 33
1 8
1 24
2 2785 2
1 27
1 95
1 84
1 97
1 48
2 6120 50
2 4848 2
1 73
1 59
1 80
1 76
2 12659 56
1 70
1 2
2 9778 3
1 75
1 29
1 14
1 59
2 5656 88
1 45
2 12430 45
2 16327 31
1 2
1 38
1 68
1 18
1 81
2 15851 6
1 4
1 34
1 88
1 79
1 62
1 7
1 98
1 77
1 16
1 73
2 4026 76
1 65
2 4440 58
1 78
1 75
1 94
1 73
2 5159 17
2 14425 63
2 18814 53
2 19696 94
1 19
1 87
1 97
1 41
1 30
1 56
1 6
1 71
1 54
1 54
1 17
2 484 47
1 84
1 71
2 17551 6
1 5
2 3986 19
1 76
1 92
1 21
1 27
2 14025 46
1 70
2 10503 84
1 54
1 5
1 35
1 38
1 25
1 37
1 39
1 58
2 2860 95
1 97
2 16325 51
1 92
2 11521 43
1 92
2 11466 12
1 68
1 84
2 2197 30
2 19635 60
1 56
2 7675 48
1 93
2 14750 21
1 20
1 35
1 9
2 17642 93
2 4530 94
1 42
2 13741 45
2 10050 14
2 7098 35
1 73
1 97
1 74
2 9109 21
1 47
1 54
1 43
1 91
1 58
1 89
1 79
1 56
1 81
1 26
2 19679 70
1 55
1 76
1 34
2 18427 10
2 12442 83
1 22
1 32
2 19519 34
2 888 54
1 99
1 76
2 3377 36
2 19712 31
2 2816 40
2 3844 7
