15 13 99
100 269 82 161 55 383 775 98 29 888 553 205 351 
397 112 53 72 255 583 300 205 11 77 322 640 811 
347 541 858 81 841 403 438 708 22 919 485 117 564 
720 337 548 741 427 395 156 849 668 482 942 178 211 
481 272 551 238 495 474 488 393 69 694 951 509 241 
664 540 186 25 696 478 74 595 641 570 381 115 643 
660 635 273 284 133 912 230 651 382 546 581 767 611 
521 993 226 340 326 484 521 408 512 635 436 77 930 
216 378 909 595 264 463 765 631 540 452 328 356 508 
903 689 73 854 321 588 493 638 94 212 288 642 973 
673 523 465 329 302 177 911 490 898 676 847 370 555 
253 408 721 920 522 298 258 704 780 308 551 303 899 
212 921 619 420 493 342 336 813 332 106 413 897 952 
870 369 934 741 592 743 20 97 938 812 941 252 682 
38 804 497 768 593 823 796 62 196 673 907 531 941 
