50
8 18 8 26 28 12 29 24 7 14 10 18 6 26 14 1 23 20 24 5 17 26 15 3 5 18 22 22 6 4 5 8 10 2 15 16 29 28 25 11 16 29 18 28 19 7 1 28 19 20
50
3 13 30 25 24 18 15 4 24 8 4 10 6 10 22 10 11 2 21 3 26 10 10 30 15 18 23 22 6 4 11 13 1 9 10 8 20 2 9 6 23 3 15 12 16 12 3 16 2 2
50
5 20 4 25 23 13 7 17 27 20 29 15 22 9 14 27 25 3 24 23 5 27 16 6 15 3 14 26 15 25 28 16 23 11 8 13 26 1 6 8 17 17 12 23 24 14 2 4 22 6
50
22 22 25 21 30 17 8 19 27 12 13 1 26 21 7 24 23 19 29 19 14 23 11 2 12 22 19 3 2 2 18 19 9 2 23 20 16 20 12 17 8 2 13 30 18 5 29 1 30 20
50
7 9 8 12 9 2 4 15 5 9 20 18 30 5 4 11 12 22 4 22 14 4 22 28 23 15 9 6 9 3 14 5 27 15 25 12 3 9 15 27 3 17 8 26 27 7 14 8 24 18
0
