6 352
6 5 71
5 1 1591
2 4 106
6 2 3202
6 3 4021
2 4 132
4 2 1164
4 3 1102
2 1 2138
3 2 1755
1 3 1679
5 3 3490
1 2 4250
6 5 2309
3 2 26
4 2 222
1 6 2855
2 4 1162
4 6 1265
1 4 247
4 2 788
1 5 2960
6 1 654
2 6 1376
1 6 1065
1 5 442
4 6 1909
5 4 19
1 2 206
1 5 1491
4 3 2559
3 5 2311
3 6 4046
3 2 1308
6 4 2367
4 2 2348
3 6 3546
5 1 1320
1 3 1024
4 5 4231
1 2 4390
6 1 3411
5 4 1009
5 4 281
1 6 2744
4 2 1359
5 6 4481
2 3 4960
4 2 3225
3 1 2638
5 4 1343
5 2 1249
5 1 2374
5 3 1275
3 1 794
3 4 3583
5 2 4904
5 1 4365
4 2 66
5 2 3436
4 6 1508
4 1 337
5 3 4865
1 4 1439
2 6 4956
1 6 1855
1 4 3194
2 6 141
2 3 2459
5 6 2602
3 1 3360
6 5 741
4 5 1376
3 4 3009
2 3 4702
1 2 2612
1 3 4717
1 4 3535
1 2 3112
2 6 2956
2 3 1870
1 3 4935
6 5 1464
3 5 547
6 3 3047
1 4 2401
5 2 114
5 2 422
6 2 1365
4 3 2808
3 4 1188
4 6 1462
2 6 3068
5 6 1509
5 3 2681
4 3 1726
1 4 705
5 3 2952
5 4 2231
6 1 1268
1 3 2342
3 2 2311
1 4 1942
3 1 2302
5 4 575
4 5 1224
2 1 2593
2 5 340
4 3 3632
3 6 1459
5 6 3202
5 6 323
1 6 3368
6 3 3089
2 5 532
6 1 2054
4 2 4271
5 2 801
2 6 2161
2 4 4098
6 5 434
5 6 3691
6 4 3737
6 3 3412
6 5 4864
5 1 2517
2 1 3712
5 6 945
4 5 606
3 1 4888
1 4 755
1 3 1497
3 4 2436
4 6 3293
6 2 802
6 4 3200
3 4 1298
3 1 3502
1 6 2729
2 1 3303
4 1 516
4 5 2872
4 1 4827
5 2 1315
5 4 4669
2 1 2012
6 1 3034
3 1 200
1 2 4618
1 3 4946
2 6 2601
1 2 1988
6 5 4522
3 6 4218
6 3 773
2 5 497
3 1 1791
1 6 3152
2 5 4525
4 5 4745
2 5 4807
4 5 4161
5 4 3401
5 2 4302
1 4 4092
5 1 825
1 6 813
1 2 3985
3 6 201
3 2 4873
5 4 1234
2 5 1777
4 2 177
5 2 3674
3 6 2572
2 4 3711
5 2 2685
6 4 2579
2 1 1670
6 4 4461
1 6 477
1 4 4461
4 6 3923
5 1 3024
4 3 1825
3 2 1022
4 6 4108
6 5 3869
6 1 4635
4 5 3475
2 3 4168
2 4 896
5 2 3202
2 5 1424
3 6 762
6 3 3791
5 2 4042
6 2 2527
1 6 3259
2 1 4817
5 1 3356
2 5 4176
4 6 2338
1 6 2913
2 6 3345
5 4 2670
2 1 3467
1 6 2404
5 6 295
2 1 3968
2 4 2882
2 3 3664
3 6 4337
6 1 1727
3 6 3206
5 4 4233
4 2 130
3 1 1320
6 2 263
4 3 2701
2 3 821
4 3 3383
4 3 3187
6 3 3167
2 1 292
5 1 524
2 6 2328
1 6 2706
2 3 4891
1 6 1491
5 4 3515
4 5 3610
6 5 3888
5 4 3106
2 6 2910
4 1 915
1 5 4058
4 6 1002
4 6 1084
2 4 4042
3 5 2061
6 5 113
3 1 4370
1 6 2665
2 3 1317
1 3 1942
4 1 2391
1 6 1151
3 1 2312
2 1 3433
6 4 3643
4 1 165
1 5 1938
1 4 839
6 2 545
3 6 3763
3 1 858
3 2 1071
1 6 1812
1 3 3322
5 2 1410
4 6 1282
4 5 1555
5 1 2640
5 4 538
5 6 1332
4 2 1438
2 6 1851
3 4 3753
3 2 1514
5 1 3384
2 5 751
5 4 1344
3 6 3233
2 4 272
2 1 2070
5 6 1113
1 6 4693
3 2 4324
5 6 3297
6 4 2450
5 3 30
1 2 3449
6 2 4441
2 3 3274
4 2 2158
5 6 811
5 4 2396
1 5 1588
5 3 3443
1 2 1946
2 4 3653
6 5 4850
6 2 3779
1 5 285
2 1 1700
6 3 4220
6 4 2948
5 6 750
1 4 3127
4 3 210
5 2 4714
5 6 205
6 4 1955
2 4 4737
1 3 1015
1 4 3405
2 4 2545
4 5 1034
1 2 1565
6 4 976
6 3 1596
2 4 2877
4 3 1981
3 4 2657
2 5 138
1 4 572
3 4 903
2 1 4783
3 5 2062
3 5 574
1 2 736
2 4 538
4 1 1678
4 1 2023
2 3 3577
6 1 737
1 2 120
1 4 3718
1 4 784
5 1 2349
5 2 4214
2 3 3100
2 6 1304
4 2 1370
3 6 2295
6 5 1056
2 3 3273
5 4 3571
4 2 4895
5 2 2586
2 3 4940
1 3 3676
5 1 2905
5 6 1787
6 1 1719
4 6 978
2 3 299
1 4 3566
2 1 1422
1 5 1276
1 3 951
