5 806
5 1 4
3 5 2304
2 3 3533
5 2 4
5 1 1712
2 3 3760
4 1 144
5 2 2090
4 5 1603
1 4 862
5 3 2449
2 1 2989
3 5 4011
4 3 1811
4 1 570
5 1 802
4 1 3134
2 4 2594
5 1 1523
2 1 617
5 4 3998
1 4 1668
3 4 2013
4 5 1289
5 4 234
3 2 57
2 3 3664
1 5 4814
3 1 1354
5 1 2937
4 5 4357
2 5 1966
4 3 521
5 4 1427
5 2 2613
1 5 4773
1 5 564
1 4 3149
1 5 3779
4 1 1150
2 4 3834
3 2 4618
3 4 1277
4 3 3595
4 1 2814
4 2 3899
2 4 378
2 1 618
4 2 278
4 5 4703
2 4 4339
2 4 4374
3 2 3689
2 4 1691
3 2 1559
1 5 4648
1 4 245
5 2 2708
2 5 1548
4 5 3829
5 4 4218
3 2 211
3 5 230
5 2 1188
4 5 4883
3 2 4148
4 1 3359
2 4 1371
1 2 664
3 2 3560
2 1 1335
1 5 1231
1 2 117
5 2 4179
4 1 1335
1 4 1885
4 5 2458
4 2 2756
4 5 2118
5 3 2620
4 3 1600
1 5 4098
2 3 1282
5 1 1229
5 1 4188
1 5 1921
1 5 4675
5 2 4012
2 5 501
1 3 4352
5 1 795
1 2 1017
3 5 1999
2 5 265
5 3 3180
4 2 4756
2 3 4833
2 5 4640
4 2 645
3 2 2649
3 1 816
3 4 842
2 4 4127
3 4 3584
4 3 2427
2 4 711
4 5 1920
1 4 4353
4 1 4930
2 3 3960
3 1 3275
1 5 623
4 1 3150
1 4 1874
3 1 2718
2 1 3453
1 4 1246
3 1 296
4 3 4648
3 5 3943
2 1 2880
2 3 1403
2 3 2045
5 2 621
1 2 174
5 2 3437
5 2 1652
5 2 1023
4 3 1758
3 1 2715
2 4 404
4 3 536
1 3 29
3 5 4587
3 4 2789
5 1 3367
3 4 3928
1 3 451
4 3 854
1 5 989
1 4 4083
4 2 882
1 2 457
4 1 4906
1 4 4602
1 5 789
4 2 114
3 5 4522
4 3 2009
2 5 456
1 2 4590
3 4 4988
4 1 2164
1 4 2670
1 3 3874
4 2 1126
1 2 2704
3 5 1842
2 5 384
4 5 2159
4 2 318
3 5 170
4 2 797
2 1 786
5 3 2887
3 5 4711
5 2 2211
5 2 2526
5 4 2816
3 2 672
2 1 2498
1 2 3205
5 4 4039
3 2 2234
4 3 1952
1 2 2653
3 2 3458
4 1 3846
5 4 1505
5 4 4214
3 5 1664
2 3 102
4 3 272
4 2 195
5 3 41
1 5 1863
5 2 3199
4 2 3778
2 3 723
5 2 495
3 5 2823
3 1 2500
5 4 434
4 2 1436
3 4 3973
1 2 979
2 5 2390
3 5 749
2 5 4731
4 3 1120
5 2 2778
1 5 4241
5 2 1599
3 1 2731
5 2 2545
4 1 4645
3 4 3533
3 1 4292
4 3 1293
2 4 1382
3 4 86
5 3 4129
1 4 2625
1 4 2530
2 1 521
1 5 1223
3 5 2591
5 3 3364
4 2 4834
1 5 3742
1 5 1405
4 1 4924
4 2 2677
5 1 1075
5 3 3761
3 2 1620
3 2 2950
3 2 2611
3 4 4864
2 3 288
3 1 2148
4 5 1035
3 5 1833
5 4 184
1 3 2382
2 5 910
4 1 4860
3 5 1257
5 3 1124
5 2 3628
4 1 4048
1 3 3009
1 2 1634
5 4 2369
2 5 4120
5 1 3717
2 1 3788
1 5 2987
2 5 3095
2 1 2623
3 5 1173
3 1 1278
2 3 488
3 1 1989
2 4 3259
3 5 736
2 5 4227
1 3 3984
5 1 2125
5 3 1124
1 4 4919
1 4 1101
1 5 4457
3 5 3034
3 4 4959
3 5 1442
3 1 3011
1 2 2894
2 3 1462
2 5 709
3 1 1104
1 5 871
5 3 1495
5 3 3173
5 1 1109
4 3 2618
2 1 2083
5 1 1433
5 2 1303
1 3 1212
3 1 1855
3 5 3752
4 2 3745
2 4 1109
4 1 4500
3 2 3420
1 3 1662
5 3 4553
2 5 3405
5 2 1011
4 1 1732
3 2 708
3 5 512
2 4 4859
4 3 2460
5 2 3464
3 5 48
4 1 786
1 2 1117
3 4 238
3 4 1828
2 5 1671
2 4 1988
4 3 4213
2 1 993
2 5 765
3 4 2249
2 4 4160
5 3 989
2 1 195
4 3 1279
3 1 363
2 4 2756
5 3 4364
2 4 2238
1 5 2796
2 5 3715
2 3 2053
5 3 4808
1 3 4595
4 1 4342
3 2 3806
4 1 505
2 4 1783
1 2 4777
1 5 3308
2 1 1261
4 2 1307
5 4 3889
1 4 2786
2 4 1178
4 2 1115
3 5 2239
5 2 1665
3 1 1119
3 1 3908
2 3 210
3 4 2925
3 1 3331
4 3 1789
3 1 2407
2 1 3196
5 2 4097
1 5 2905
1 3 4687
1 3 3320
5 2 379
2 5 2264
2 3 3318
2 5 2346
3 5 3967
1 5 824
2 3 3728
1 4 4117
2 5 3590
2 3 3544
3 1 4468
5 2 2539
2 4 3872
4 3 3408
3 5 107
3 4 1586
5 2 1259
5 4 2089
1 2 4286
3 4 773
1 2 3807
5 3 950
5 4 738
1 4 1421
4 1 4022
1 3 272
4 1 1082
4 1 3826
2 1 4496
4 5 646
1 2 1244
2 1 2111
5 1 4240
5 1 3555
3 2 3920
3 5 1542
5 3 2157
3 4 372
1 5 132
3 2 4517
4 1 1137
3 2 3433
5 1 2041
4 2 1382
3 2 393
2 3 4743
3 2 4810
1 4 4933
3 5 1033
1 2 3586
5 3 262
5 3 4035
1 5 4636
3 2 3594
5 4 403
3 1 2107
4 1 355
2 5 4189
4 5 1237
1 2 3786
4 2 3363
4 1 4163
1 4 3484
1 3 4401
3 5 1878
4 2 443
1 5 2524
4 3 3810
3 1 2034
3 2 3349
5 4 4062
5 4 3710
1 2 2703
5 4 885
1 3 3029
2 5 1819
3 2 3595
1 3 3280
5 2 3005
4 3 3524
1 2 4248
3 1 4425
4 1 2962
3 2 4603
1 4 3135
5 1 1918
1 2 116
3 1 3914
2 1 2714
2 3 4270
2 5 2050
1 4 3070
4 3 3844
4 3 52
3 4 632
3 5 2702
1 2 331
2 5 1478
3 2 198
3 2 78
4 3 4147
2 1 2871
3 5 845
2 1 718
1 5 3066
3 2 3597
1 4 836
1 4 2946
5 3 4310
2 4 2432
5 2 4619
1 2 2653
2 3 4803
4 5 2537
1 2 1120
2 5 3265
4 3 4826
1 3 2777
2 1 2064
5 1 1666
5 1 4374
5 2 880
3 2 739
1 4 2877
5 1 556
2 5 1434
3 1 1039
3 1 4946
1 2 3999
4 3 4111
2 4 4535
3 4 2375
4 2 1658
3 2 532
3 1 2352
5 3 4331
3 2 1270
2 5 707
4 1 3161
3 4 1617
1 5 549
1 4 4145
3 1 1351
2 5 117
1 5 4830
2 5 1964
1 2 2872
2 3 921
4 3 2545
4 1 134
4 3 3632
5 4 3320
3 4 2535
5 2 1331
5 3 3684
2 1 2600
2 1 3259
3 4 14
5 3 4437
1 2 4726
4 3 4042
1 3 434
1 4 3826
2 5 3316
1 4 4400
1 3 4780
1 2 4573
2 3 2229
1 3 1992
4 2 1647
2 3 2707
3 4 1786
5 4 1571
5 1 4098
4 1 392
1 2 1633
2 1 3797
5 3 4379
3 2 2414
2 5 3005
5 4 1189
1 3 3213
3 2 3686
3 1 3954
1 2 1324
2 4 2938
1 5 3520
5 1 2112
3 4 3068
3 2 3670
5 4 4350
3 1 2582
5 4 4385
3 5 2629
3 1 4772
5 4 549
1 3 834
2 5 1961
5 2 3756
4 1 3639
1 5 2058
4 2 4406
3 4 3666
1 4 3635
1 3 3691
5 1 304
2 3 126
2 4 698
2 3 3879
5 3 2411
3 4 3895
2 4 1006
4 1 4386
4 3 4850
3 4 3564
1 3 2244
2 3 2890
2 4 3167
4 3 3905
2 5 4826
3 1 329
2 5 2777
5 1 4674
5 2 1000
2 3 4784
2 1 985
4 5 1801
4 1 1636
4 3 1858
4 1 3397
2 1 3564
2 5 2476
1 4 916
3 5 1677
2 4 4474
5 4 2523
1 3 871
5 4 4547
1 3 4433
5 2 3892
1 5 4605
1 2 2052
2 3 1528
4 1 634
4 1 4628
2 1 2630
4 2 2629
1 2 1480
5 3 3933
3 5 1284
2 3 3264
1 3 2423
1 5 4426
5 4 1550
5 4 232
3 5 2993
5 2 3883
5 3 3811
5 4 4270
2 4 1104
4 2 2473
3 1 16
1 5 4558
1 5 3109
3 1 2495
1 2 1890
2 1 4568
3 4 863
1 5 3403
5 3 19
4 2 997
2 3 1266
4 3 4682
2 3 2396
1 2 3916
1 3 4059
1 3 1302
5 3 2738
5 1 3415
1 4 3179
3 4 800
5 3 221
3 5 1606
1 5 4222
2 3 4174
3 4 3574
3 5 3347
1 2 2747
4 1 4051
3 5 4779
1 5 4561
3 4 1774
4 3 3766
4 1 4621
5 3 559
2 5 938
2 5 71
3 4 3350
3 4 4446
5 2 4278
1 5 3885
3 1 1910
1 4 4150
2 1 1658
4 5 2751
5 2 2337
1 4 2660
4 2 390
5 4 675
4 1 3788
1 5 864
3 1 3249
5 4 3760
1 5 2648
2 5 3711
3 4 482
5 4 4763
1 2 682
5 4 1818
4 2 4169
4 3 1859
4 2 3239
4 5 1414
5 2 2780
1 4 2478
1 4 746
3 1 845
2 3 264
4 2 3803
5 3 797
4 5 77
3 5 680
1 5 986
4 3 4281
5 1 2734
5 3 253
1 4 4955
1 5 2193
4 1 4325
2 4 4537
4 3 3307
1 3 1464
3 4 4890
2 5 1264
4 5 3824
5 1 1675
3 1 1230
5 3 323
3 1 4435
4 2 1154
2 4 3753
1 2 1096
2 5 3267
2 3 2376
2 4 2743
2 1 3170
3 2 805
3 1 4372
2 5 903
1 2 2349
5 4 2677
2 5 1451
4 5 4104
4 2 4393
1 3 2052
5 1 4369
2 3 1416
5 3 2359
2 4 3441
4 2 923
4 2 1334
2 1 4996
2 5 4491
2 4 2789
4 2 1199
3 4 525
3 2 3714
3 1 137
3 4 818
1 5 1203
4 1 815
2 1 445
3 2 3530
5 3 3357
5 1 2222
1 5 1282
5 2 1936
4 3 959
3 2 4099
4 1 1193
2 3 4466
1 2 771
2 4 3963
5 4 1317
1 4 518
1 2 3143
4 5 329
4 2 751
1 5 2658
2 5 2926
2 4 269
4 5 4823
2 1 108
4 3 2327
3 5 3646
5 2 1817
2 3 3636
2 3 1599
4 3 4235
2 4 2004
2 4 1771
1 5 4776
3 1 2010
1 3 1842
1 2 228
2 1 3972
4 3 1367
4 1 1378
4 3 2668
4 5 3983
1 5 4895
3 5 614
4 3 1433
3 1 493
3 5 1573
2 3 3920
1 3 4142
3 4 1117
2 4 4951
5 1 1524
4 1 4725
1 2 3911
3 1 2032
3 4 1971
5 2 3330
4 2 3113
3 1 4441
1 5 3441
3 2 2124
2 1 3341
3 1 1427
5 1 853
1 3 688
2 4 1079
3 4 1107
5 3 3439
2 3 2058
5 2 3210
3 5 2507
3 1 1383
4 3 1680
5 2 4225
1 2 3937
4 5 1596
2 1 3373
1 3 1738
3 2 2991
2 1 1455
4 5 1357
3 5 1069
