7 79
2 1 1715
5 7 1715
4 6 1715
3 5 1715
3 4 1715
6 1 1715
1 2 1715
3 7 1715
2 1 1715
5 6 1715
4 7 1715
4 7 1715
3 2 1715
7 6 1715
2 6 1715
7 5 1715
1 2 1715
5 4 1715
6 5 1715
1 3 1715
2 1 1715
1 4 1715
3 2 1715
2 4 1715
5 3 1715
5 6 1715
3 1 1715
2 6 1715
3 7 1715
3 6 1715
1 7 1715
4 1 1715
7 4 1715
2 6 1715
3 2 1715
1 2 1715
2 6 1715
5 7 1715
6 4 1715
6 2 1715
7 3 1715
7 5 1715
5 4 1715
7 5 1715
6 3 1715
7 6 1715
2 6 1715
3 2 1715
3 1 1715
7 2 1715
2 4 1715
6 3 1715
4 1 1715
6 5 1715
5 2 1715
1 7 1715
4 7 1715
3 4 1715
1 7 1715
2 4 1715
6 1 1715
5 1 1715
5 4 1715
3 5 1715
5 7 1715
6 2 1715
2 1 1715
7 6 1715
2 7 1715
6 2 1715
1 5 1715
2 3 1715
6 2 1715
5 6 1715
1 6 1715
5 1 1715
7 2 1715
4 7 1715
2 4 1715
