8 196
2 7 3691
8 2 4425
5 8 4748
2 6 339
2 4 1368
1 5 55
6 3 3982
2 5 180
8 1 4436
4 8 4275
6 7 4204
6 3 99
2 5 4969
4 6 12
3 6 3232
2 4 3115
7 5 3879
2 4 4903
5 1 1445
1 5 1036
3 2 4794
6 8 4836
1 4 4461
4 7 2147
4 8 2326
4 8 4717
2 4 2397
6 5 3217
1 7 2219
2 5 3826
6 5 4138
2 8 963
4 3 3898
1 8 3984
2 3 2751
6 5 4634
5 4 3329
6 1 2805
7 6 2729
3 7 816
6 2 299
7 2 642
6 3 725
4 8 449
6 1 3962
7 4 2256
3 2 1325
3 5 4219
3 2 3084
5 8 245
2 1 3662
2 6 3383
4 1 793
6 8 4845
2 3 1889
8 1 3609
5 6 222
3 8 199
7 4 1212
7 3 1355
6 8 576
1 5 3031
5 7 1449
5 3 2997
6 2 677
4 1 730
2 1 1978
5 7 134
1 5 3848
2 3 1508
8 7 1738
1 3 4228
5 8 4765
2 5 2243
4 8 4131
5 1 35
3 6 1997
2 8 1959
4 8 1511
5 8 4185
8 5 2480
4 6 1357
6 1 2388
8 5 773
2 5 327
7 6 414
5 6 518
6 1 21
4 5 4021
5 4 3217
4 8 1934
8 5 3006
4 5 810
8 6 1379
1 8 2143
7 6 3301
4 2 1874
1 7 723
5 3 231
1 7 4627
1 2 26
6 2 22
3 5 3746
7 4 2575
5 2 4772
1 5 4781
3 5 4452
5 1 1646
3 2 4196
5 2 3637
6 8 3622
4 2 4242
5 6 1269
2 8 2561
5 1 2565
2 3 1265
5 7 34
2 1 2891
5 6 3052
1 3 2451
7 6 445
8 3 2842
5 6 2373
4 8 1180
5 4 2564
1 5 4750
2 1 3460
3 2 277
5 6 4826
8 7 3484
3 5 1274
7 4 3292
7 8 4060
3 8 4424
8 1 881
4 3 3722
8 7 4848
1 7 2894
4 1 1482
5 7 2557
8 6 1037
8 7 2271
3 1 150
3 1 3911
3 4 3585
4 3 3416
8 6 3798
1 3 2244
6 2 3689
1 2 2111
7 4 536
4 6 2824
2 8 3787
3 4 53
2 6 1447
7 6 2804
4 6 398
7 3 224
7 4 345
7 4 1506
5 2 62
4 6 3139
3 7 1619
5 1 4222
1 2 795
7 8 1936
8 1 4920
8 5 3495
1 2 1201
6 5 4974
1 8 2780
3 4 1853
8 5 3310
2 3 902
2 5 1128
7 5 1233
6 3 1255
1 2 2644
8 3 2509
5 8 1560
8 2 2356
4 1 584
2 3 1338
7 4 3775
6 2 4643
6 7 4165
5 8 391
8 7 3473
4 6 3472
4 2 4880
4 1 4313
7 5 994
7 4 823
5 1 1384
4 3 2501
2 5 3904
