10
103000509
002109400
000704000
300502006
060000050
700803004
000401000
009205800
804000107
300800000
060305040
002060300
041600579
000000000
973004810
005030200
030402060
000006008
600040307
000320050
054006002
031000600
000503000
006000840
100700290
090034000
405010008
671090000
800000700
004001002
100560000
009403200
000072008
400800100
007000004
000020879
601090000
800000700
004001002
100560000
009403200
000072008
400800100
007000004
000020879
601090000
800000700
004001002
100560000
009403200
000070008
400800100
007000004
000020879
601090000
800000700
000001002
000560000
009003200
000072008
400800100
007000004
000020879
601090000
800000700
000001002
000560000
009003200
000070008
400800000
007000004
000020070
001090000
800000700
000001002
000560000
000003200
000070008
400800000
007000004
000020070
001000000
800000700
000001000
000560000
000003200
000000008
000800000
000000004
000020070
