100000 100000 2000
1 77990
1 89536
2 81183
3 49242
5 98490
6 86846
7 70523
8 613
8 77183
9 35098
11 24794
12 32999
13 87335
14 64411
15 93807
16 56053
17 80330
17 96966
19 34091
19 51371
19 70071
20 44737
21 39048
23 36958
24 32139
26 52523
27 43876
28 83085
29 14361
30 4441
31 6909
32 7159
33 26347
34 72725
34 94862
36 58146
37 24934
37 36490
39 54038
39 90357
41 42550
42 83422
43 65737
43 82973
44 84293
45 29830
45 48532
48 63529
49 57067
50 57906
51 92497
52 50700
52 55331
54 83074
55 1047
55 56738
55 74502
57 35463
59 78496
60 5541
61 70983
61 93816
63 80369
64 27031
64 72017
66 4598
67 75535
68 99595
69 92351
70 30430
71 58385
71 83642
72 99033
73 4346
75 1449
76 4000
77 15312
77 99960
79 3170
79 11871
79 73253
82 29339
83 95635
84 82735
85 27648
86 69131
87 31600
87 37743
88 19861
88 31486
90 58279
92 82726
93 50657
93 71659
94 97286
95 56669
97 44384
97 73072
99 1069
100 53528
100 78805
101 23319
101 42016
104 72073
105 56916
106 58884
107 69277
107 74073
107 90331
108 36189
108 65060
112 64632
113 53648
113 90453
115 58445
116 65137
116 78894
117 36975
119 31510
120 89673
121 84869
121 90406
122 25175
124 74349
125 94636
126 74957
127 92725
128 95392
129 67123
130 14513
130 57385
132 97372
133 38309
134 58791
134 64171
136 64352
137 7759
138 4329
138 12509
139 9273
140 35882
141 39435
141 55010
141 73549
143 97685
145 50381
146 81209
147 64209
148 27441
150 95972
151 17392
151 75753
153 20047
153 70863
153 90785
155 7748
155 11828
156 6752
156 34997
160 82934
161 90032
162 28322
162 55664
164 66501
165 58606
166 11597
166 59658
168 68244
169 48290
169 82465
169 96591
170 66247
172 88131
174 86828
175 50462
176 84636
177 32142
178 8215
178 95617
179 96350
180 57723
181 64700
182 93437
184 29264
185 68648
186 37595
186 60177
187 40048
189 67350
190 75544
191 49876
192 92471
193 83464
193 98762
194 80891
196 39412
196 85342
198 79359
199 28721
199 81126
200 72166
201 3086
203 59160
204 37092
204 92700
205 61086
207 28453
207 34617
208 51643
209 85469
211 74117
212 53063
213 98786
214 74245
215 86349
216 60591
217 50858
217 92356
218 63432
220 42722
221 90936
221 96053
222 26886
222 51368
222 59085
225 98868
227 8872
227 80582
228 70669
229 85980
230 75652
232 8807
232 42785
233 71904
234 5168
236 51687
237 54080
237 73734
239 77992
240 45938
240 68870
241 78009
242 64829
244 85425
245 29219
246 78908
247 92612
248 22515
249 54838
250 29577
250 61192
251 50014
252 10584
254 44641
255 23065
256 98343
257 12732
258 29362
259 3770
260 87133
261 83200
262 49094
262 94607
264 3151
264 81847
265 35367
266 81837
267 69205
268 20466
270 2809
270 58046
272 48672
272 55145
274 73288
275 48020
276 78388
276 90254
277 18478
278 43609
279 92115
281 42864
282 2712
283 79164
284 325
285 9750
286 37449
287 49968
287 57146
288 83066
289 9889
289 90209
291 88958
293 1733
293 54506
295 58684
296 61746
296 82125
297 53360
297 62240
300 50317
301 32434
301 38312
302 78942
303 24782
305 94059
306 65000
307 55203
308 90050
309 48024
310 16383
311 63571
311 76074
313 64335
314 78944
315 47258
315 57241
316 19205
318 18032
319 25222
320 7746
320 47934
322 58162
323 6059
324 55831
325 36422
326 14823
327 95132
328 10246
329 24130
330 63968
331 97389
332 312
333 62507
333 81219
333 92534
334 43056
337 28353
338 8571
338 10082
339 98664
340 19330
341 66030
343 17485
344 26346
344 69297
346 12736
346 69550
347 60912
349 27301
350 77331
351 9042
351 62811
353 55509
354 38021
354 69376
356 11363
357 95509
358 91587
359 46826
360 80204
361 4950
362 39904
362 97102
364 18770
364 55291
364 94762
366 17549
366 90349
367 10084
367 14392
370 47775
372 90661
373 67508
374 56806
375 38465
375 80385
376 25137
376 96092
378 98504
380 86026
381 93834
382 46980
382 53787
383 69571
385 50191
386 29513
387 96457
388 18647
388 44569
390 57533
391 26283
391 33803
393 44284
393 84973
395 65921
396 60740
396 78904
397 74613
399 91829
400 13420
401 13218
402 71103
403 86267
404 81924
405 69298
405 93759
407 71385
408 13001
408 61938
410 59961
410 88635
412 41536
413 31102
414 2328
415 49647
416 42539
417 77485
418 23752
419 69513
420 68445
421 59596
422 64787
422 72426
424 3748
424 22258
426 16172
427 12637
427 29922
429 22713
429 48739
431 93026
432 35678
433 23332
433 98588
435 68817
436 28812
437 68946
438 33459
439 81572
440 34531
441 33933
442 31309
442 50692
444 49885
445 64362
445 94058
447 84815
447 95364
448 36579
449 97494
450 92255
451 22078
451 69916
453 93517
455 47149
456 40107
456 62374
458 73451
458 89647
459 14814
459 59085
461 14685
463 41882
463 59838
464 74193
466 65429
466 68855
467 8604
468 58481
469 84284
470 12523
471 23521
471 87224
472 45703
475 84722
476 41166
477 28636
478 24057
479 55962
479 56639
479 66379
481 5321
481 72427
483 72307
485 94811
486 30932
486 30942
486 94584
487 40632
489 91287
490 36729
491 70515
492 5562
493 92311
495 91573
496 14205
497 27658
497 62437
498 92035
499 47848
501 42060
502 28892
503 82597
504 62008
505 9867
506 91034
507 65271
508 54942
509 59887
510 28532
511 98995
512 40894
512 80737
514 68108
515 82060
516 14101
517 97226
518 6151
518 44485
519 27651
519 68169
520 35025
520 95752
521 63509
522 71768
524 78352
526 53009
527 80731
528 79307
530 97371
531 3194
531 67000
533 10275
533 93543
534 48445
534 51603
537 72833
538 150
539 23827
540 35118
541 97125
542 41551
543 90884
544 65973
544 74937
546 72422
547 82050
548 33606
549 37052
550 84614
551 36136
552 7567
553 4387
553 95809
554 48105
555 11658
556 30727
557 67217
558 95327
560 86640
561 36829
562 68597
563 6852
564 41781
565 24788
565 89156
567 38987
567 96935
569 5171
570 76288
570 85403
571 34893
573 37617
574 27610
574 91727
575 75793
576 24474
578 69258
579 23852
580 96647
581 61585
582 69203
583 8023
583 66162
584 52192
586 85846
587 12762
587 92346
588 1800
588 41609
591 6238
591 27525
592 86814
592 90531
595 10796
596 98335
597 22970
598 84851
598 96227
600 44840
600 64871
602 66907
603 15025
604 54864
605 68203
606 4878
606 16107
607 10660
609 39511
609 92339
611 22834
612 50519
613 91879
614 39867
614 94838
615 80450
616 97050
616 99605
619 57680
620 95636
621 87865
622 50950
623 73646
624 77970
624 96564
625 98570
627 81065
628 92983
629 51641
630 54782
630 94098
631 80648
633 29577
633 31525
634 16
634 41776
637 62782
637 77031
639 7207
640 90784
641 17087
642 48929
643 13023
644 86286
645 47706
645 82540
645 88617
646 48816
647 76748
650 43351
650 90640
651 73950
653 13502
654 85074
655 82925
656 70629
656 94810
657 89354
658 9786
660 42464
661 82893
661 95275
662 39454
662 39791
664 4913
664 68276
667 74155
668 4112
669 48144
670 19761
671 32966
672 12073
672 46470
673 90992
674 60385
676 64984
677 52931
678 66249
678 79653
679 54877
679 94921
682 32936
683 44915
684 3685
684 71221
685 51218
687 9384
688 655
689 46007
690 66057
691 13495
691 49769
693 68720
694 14288
695 24565
695 55556
697 51887
698 74669
699 27131
699 55402
701 73118
702 94458
703 88854
704 32924
705 32627
705 51248
707 72349
708 94222
709 73992
710 82712
711 2039
711 9618
711 87980
712 46126
714 37259
716 85511
716 88567
718 41160
718 65725
718 90366
720 45302
722 71708
722 89947
724 77029
725 47796
726 2132
727 16150
728 59897
728 89826
729 39586
730 84730
731 21700
731 74948
733 701
733 68999
736 69398
737 63756
738 33891
739 32093
739 87821
740 50720
741 38093
742 66758
742 80623
743 81706
746 94744
746 96408
748 46853
749 63846
750 56981
750 90490
752 45525
753 69962
753 80383
754 19162
756 58272
757 74388
758 74512
758 86508
760 84237
761 85947
762 61451
763 92738
763 98923
764 22040
765 41305
766 82868
768 36688
769 92919
770 42076
771 64750
772 10102
773 18420
773 43041
773 56981
776 43507
777 27407
778 77875
779 74532
779 90138
780 16513
782 40097
783 74347
783 92552
784 34983
784 49486
784 49839
784 92699
788 13127
789 55495
790 98482
791 20290
791 90982
794 78372
794 88606
796 36714
797 5398
797 92041
798 31832
799 56433
799 72109
802 22257
803 62159
804 35609
805 79378
806 23446
807 70767
807 97509
809 22482
810 21982
811 20040
811 89934
812 26312
814 49183
814 58384
815 11660
815 63693
815 97934
819 83900
820 57829
821 30160
821 31868
823 77394
824 39615
825 69136
825 81663
826 23205
827 51748
829 75237
829 95840
830 71316
832 47125
833 45333
834 64920
835 56413
836 76803
837 43325
837 51098
838 99350
839 19174
841 26745
842 10673
843 58241
844 49712
845 80571
845 95349
847 74555
848 55376
849 10093
850 31310
851 98314
852 40398
853 50152
853 98662
854 95099
856 94563
857 12348
858 79506
859 94333
860 35088
860 42841
861 67088
863 98159
864 81669
865 59846
865 65576
866 98524
868 47540
869 14117
869 73262
871 85972
872 31786
873 20695
873 83058
874 9393
876 71050
876 87741
877 57013
877 83981
878 73684
881 22082
881 71943
882 16799
883 30138
883 51398
884 68035
887 91017
888 52115
889 92248
890 60119
890 64919
891 47622
892 77222
893 62020
894 19050
896 31246
897 47296
898 87503
899 90402
900 49165
900 82322
901 17557
901 23479
901 31452
905 67746
906 2695
906 65877
907 46307
909 86160
909 93179
910 40255
911 56951
912 73502
912 94545
915 74930
916 2794
916 85786
917 98513
919 95617
920 14441
920 67069
922 5977
922 44279
923 69140
925 38064
926 15418
926 93169
928 86030
929 5183
930 80066
931 38388
932 39182
932 40301
933 74714
933 74834
935 39607
937 53140
938 25416
939 94314
940 1311
940 19954
941 44579
943 63884
944 62284
944 93247
946 57535
946 79985
948 63687
948 75997
950 74325
950 86245
952 3875
953 52092
954 5735
954 10902
954 29329
957 51913
958 79730
959 39047
959 54574
959 81982
962 73644
962 81098
963 2252
964 30190
964 53603
967 18650
967 62668
969 9777
969 81471
971 53799
972 83509
973 60774
973 97094
975 80467
976 20066
977 45013
977 56998
978 39778
979 37406
980 44253
981 9114
981 75941
983 67402
985 38286
986 3914
987 61720
988 27330
988 41908
990 71434
991 17792
991 19209
993 63329
994 85486
994 97919
995 23489
996 47494
998 77604
999 70845
1000 96351
1001 47281
1001 55929
1003 83963
1004 23502
1005 32159
1006 25293
1006 75855
1007 84684
1009 1549
1010 21321
1011 49794
1011 59984
1012 32308
1012 63315
1013 84819
1015 10340
1017 44516
1017 64977
1018 27702
1019 52823
1021 78515
1022 56126
1023 91081
1024 70620
1025 3818
1026 47516
1026 99279
1027 18567
1028 39374
1029 25546
1031 67669
1031 84156
1033 23582
1033 80492
1035 21216
1036 1233
1036 64538
1037 91949
1038 30042
1040 96988
1041 32809
1042 33618
1043 27948
1043 33705
1045 17682
1046 93492
1047 95190
1048 15664
1048 28089
1049 88041
1050 53716
1051 4521
1051 39674
1054 82186
1055 81474
1056 60988
1057 79818
1058 72015
1059 27885
1059 68951
1060 26136
1062 59812
1063 84907
1064 20039
1064 41532
1065 71356
1066 54834
1066 70877
1067 66344
1068 36720
1068 70314
1072 97848
1073 94890
1074 48795
1075 41755
1075 60331
1076 75443
1078 3389
1078 54260
1080 3835
1080 71263
1082 28153
1083 27656
1084 3168
1084 27391
1084 77951
1087 87139
1088 51348
1088 78002
1089 21679
1091 58270
1092 39386
1092 96491
1093 39727
1095 81423
1096 6580
1097 41404
1097 57978
1099 42487
1099 59429
1101 23365
1102 40478
1103 21852
1104 52748
1105 16785
1105 83373
1105 89623
1108 2796
1109 55331
1110 3349
1110 80326
1111 38480
1113 54814
1114 9462
1115 15878
1115 70652
1117 66252
1118 2512
1118 43834
1120 18986
1121 35195
1122 41992
1123 43199
1124 33773
1124 86858
1126 25620
1126 70158
1127 14060
1127 76914
1128 34603
1131 44349
1131 57223
1133 17339
1133 46658
1133 70777
1135 59051
1137 42179
1137 53534
1138 38846
1140 77244
1140 93756
1142 92543
1143 34451
1144 5425
1145 44924
1146 59330
1146 80235
1148 94088
1149 31510
1150 71588
1151 32537
1152 28509
1153 11696
1154 66459
1155 26722
1155 38536
1155 46986
1156 50515
1157 77333
1159 1676
1159 11275
1162 4998
1162 53018
1164 65817
1164 82618
1165 80175
1166 36776
1168 34744
1169 96335
1170 37210
1171 70496
1172 12549
1172 48386
1172 78565
1174 14321
1174 77804
1176 72740
1176 85919
1179 22953
1180 75049
1181 32538
1182 62674
1182 70207
1183 71018
1184 9978
1186 61501
1187 98816
1188 29391
1189 11750
1189 62358
1191 26850
1192 58684
1193 790
1193 44866
1195 89643
1196 69717
1197 20912
1197 49454
1197 93602
1200 77291
1201 70326
1202 19167
1202 79108
1203 17627
1205 74163
1206 8406
1207 36092
1207 47323
1209 85342
1210 36060
1210 71648
1211 54977
1213 49732
1213 59467
1214 54207
1214 95290
1216 43972
1218 98540
1219 71575
1220 27483
1220 83875
1221 41803
1221 55700
1221 67766
1222 87138
1223 97941
1227 92462
1228 55212
1229 82212
1230 98687
1231 60592
1232 6939
1233 55581
1234 56088
1234 95466
1236 26718
1237 92368
1238 19077
1239 95287
1240 11694
1241 68831
1242 93324
1243 95192
1244 79388
1244 99498
1246 59880
1247 20353
1248 17035
1248 41947
1250 67326
1251 24577
1252 76802
1252 80794
1254 30373
1255 61958
1256 44006
1257 76436
1257 99335
1258 94387
1259 59602
1260 850
1262 47444
1262 78383
1263 45201
1265 25347
1265 40713
1265 65114
1267 22995
1269 63162
1270 45861
1270 83779
1272 71424
1273 87178
1274 75375
1275 19166
1275 38925
1275 85738
1278 77060
1279 23612
1280 73017
1281 505
1282 29441
1283 27811
1284 92219
1285 98065
1286 19176
1286 89529
1287 77522
1288 21318
1289 96768
1290 29929
1290 42030
1293 40226
1293 88217
1294 40850
1296 68186
1297 51133
1298 87719
1299 54279
1299 86588
1301 38661
1301 79158
1303 5794
1303 50210
1304 6635
1306 93760
1307 34052
1307 52109
1309 8798
1310 2096
1311 73313
1312 51313
1313 89597
1314 1173
1315 18419
1316 97165
1317 96357
1318 57083
1319 14061
1320 23641
1320 65200
1321 53691
1321 73506
1324 82969
1324 86445
1325 77973
1327 59262
1328 80523
1329 3327
1329 52164
1330 3536
1330 54960
1330 96728
1331 80715
1333 57866
1333 70210
1335 13758
1337 34765
1337 51543
1338 13912
1341 58990
1342 74217
1343 48089
1344 69423
1344 89458
1346 89547
1347 61726
1347 63054
1347 96188
1349 32976
1351 33466
1352 11945
1352 12084
1352 88256
1353 44690
1354 822
1355 7428
1357 6920
1358 6547
1360 68844
1360 76447
1362 32749
1363 41993
1364 5859
1364 80230
1366 4169
1367 53260
1368 50936
1369 69062
1370 28083
1371 44497
1371 82879
1372 70995
1373 79185
1373 95803
1375 79991
1377 76651
1378 50294
1379 63755
1380 84305
1381 22254
1382 76431
1383 85541
1384 3543
1384 55109
1386 64844
1387 27001
1387 52330
1389 14688
1390 38328
1390 71476
1391 64553
1393 63679
1393 79731
1394 31753
1396 11879
1397 49070
1397 58244
1397 87583
1398 18487
1399 13325
1402 39394
1403 81812
1404 64650
1405 18426
1405 83225
1407 96388
1408 54913
1409 47513
1410 45319
1411 33677
1411 46474
1413 71136
1414 33378
1414 34650
1416 47292
1416 49126
1418 69829
1419 44069
1420 7286
1421 5053
1422 64322
1423 49912
1423 98837
1425 49566
1426 65988
1427 55510
1427 55514
1428 8236
1430 86776
1431 96398
1431 98548
1432 93525
1434 89397
1435 70093
1436 87418
1437 49945
1437 51734
1438 56341
1440 52666
1440 64619
1442 72857
1443 95630
1444 70360
1445 29553
1446 52405
1447 68503
1447 75161
1448 24297
1450 50159
1450 82828
1452 96331
1453 42441
1454 10777
1454 35895
1455 46509
1456 70755
1458 87683
1459 77801
1460 23878
1461 99165
1462 30171
1462 81488
1463 89502
1464 90370
1466 96856
1467 28445
1468 54942
1469 415
1470 10469
1470 97290
1471 67576
1473 9072
1474 77102
1475 16512
1475 53071
1475 97568
1477 42895
1477 97215
1480 51044
1480 66361
1481 32166
1482 34288
1483 65123
1484 33212
1486 19580
1487 98914
1488 37118
1489 58580
1490 37056
1490 95460
1492 79974
1493 41131
1494 57801
1495 57090
1496 61591
1497 54904
1498 11132
1498 87586
1500 38494
1500 65410
1501 36386
1503 51362
1504 99899
1505 72406
1506 50169
1507 44942
1508 81208
1509 87477
1510 99216
1511 39184
1512 20566
1512 52911
1514 66080
1514 80791
1516 57625
1517 58246
1517 78039
1518 2247
1519 42487
1521 40921
1522 47216
1522 92870
1524 51413
1525 80078
1526 79940
1527 75595
1528 62960
1529 22143
1530 92472
1530 97534
1531 55562
1533 93657
1534 48283
1534 92927
1536 34479
1536 90959
1537 37642
1539 56781
1539 57097
1540 52713
1542 28771
1543 6506
1543 19346
1544 62596
1545 96203
1547 40348
1548 69761
1548 74176
1548 77803
1551 29797
1552 91445
1553 88286
1553 88905
1554 71278
1556 37765
1556 38824
1558 28387
1559 47818
1559 78903
1561 12195
1562 16802
1563 62081
1564 47938
1564 99810
1565 32012
1567 61766
1567 81136
1569 82877
1570 4445
1571 6477
1571 97275
1572 82020
1574 50011
1575 34153
1576 58525
1577 94528
1578 82429
1579 81905
1580 20598
1580 83511
1581 14869
1582 29311
1583 19866
1584 90902
1585 93543
1585 96782
1587 47905
1588 80510
1589 53639
1591 79776
1592 11035
1593 31020
1594 17091
1594 52170
1596 48391
1597 55906
1598 95469
1598 97523
1600 88447
1601 4460
1602 76013
1603 30270
1604 18697
1605 49309
1606 2364
1606 26538
1608 796
1608 65963
1609 11421
1611 53747
1611 67513
1613 69525
1614 85759
1615 86340
1616 41022
1616 57489
1618 95705
1619 40007
1619 96414
1621 23329
1622 4493
1622 26593
1622 60035
1624 75876
1625 4174
1626 54255
1628 66677
1629 13911
1630 23203
1631 86430
1632 98514
1633 51222
1633 93273
1635 86426
1636 92683
1637 55774
1638 34443
1638 92051
1640 8397
1641 817
1641 61762
1643 47856
1643 91670
1645 74412
1646 99802
1647 90677
1648 5036
1649 28205
1649 63023
1650 65991
1652 88100
1653 46939
1653 91663
1654 36987
1654 56530
1654 75137
1658 32120
1659 42894
1659 62701
1661 10347
1662 45448
1662 88666
1664 70998
1665 26850
1665 81381
1667 39390
1668 50041
1668 96589
1670 74424
1671 92154
1672 60900
1673 67460
1674 95986
1675 45783
1676 43460
1677 50365
1678 57169
1679 47199
1679 98000
1681 81860
1682 33620
1683 18611
1683 91974
1684 35310
1684 59662
1686 2390
1686 97697
1687 66738
1688 33760
1688 96153
1691 68521
1692 34360
1694 26132
1695 33395
1695 64657
1697 75759
1698 33545
1699 34173
1699 34941
1699 62176
1701 4737
1702 54268
1702 61334
1705 99017
1706 13808
1706 23632
1707 54710
1709 8113
1709 12039
1711 68632
1712 99052
1713 75899
1714 96395
1715 16277
1715 92997
1717 43452
1718 83872
1719 91270
1720 44886
1721 45192
1722 34382
1723 93999
1724 50612
1725 24448
1726 57158
1726 70391
1727 8277
1728 35645
1730 95116
1731 66589
1732 56790
1733 95795
1734 11048
1735 91580
1736 90717
1737 72647
1738 14063
1738 80222
1739 47306
1740 92437
1741 60006
1742 26538
1744 33127
1745 46243
1746 56524
1746 57099
1747 12515
1747 21016
1750 22805
1750 96622
1751 20961
1753 16390
1754 19476
1755 47933
1755 62311
1757 90135
1758 33464
1758 55999
1758 66291
1760 7436
1762 30052
1763 55969
1764 58299
1765 61044
1766 14352
1767 7234
1767 81916
1767 90306
1770 39092
1771 51110
1772 14873
1772 94807
1774 75133
1774 98946
1776 50957
1776 67704
1778 4567
1778 41753
1780 14102
1781 24900
1781 51348
1782 2003
1783 60248
1783 63399
1784 36216
1785 10352
1787 27925
1789 37227
1790 91850
1791 5225
1791 72438
1792 5808
1793 87200
1795 29330
1796 71705
1797 8078
1797 51552
1799 2694
1800 78195
1801 81583
1801 82339
1801 98355
1804 34877
1804 65361
1805 64369
1807 4316
1808 29993
1809 14838
1809 89067
1810 40490
1812 99575
1813 25286
1814 9440
1814 10121
1815 4861
1815 73474
1815 91557
1817 67528
1819 18506
1820 24822
1821 95635
1822 35035
1823 6103
1823 87594
1824 45514
1825 26040
1826 24504
1828 39001
1830 11699
1830 96481
1831 23150
1831 98413
1834 7265
1835 23337
1836 15399
1836 70796
1837 37102
1838 69910
1840 25920
1840 39904
1840 58996
1843 22652
1844 39862
1844 99601
1846 55158
1847 98514
1848 97408
1849 72956
1850 58674
1851 83085
1851 92310
1853 91752
1854 57271
1855 55010
1856 72842
1857 51463
1858 93165
1859 67121
1860 58587
1861 56265
1861 73355
1862 24941
1864 26428
1865 3519
1865 74892
1866 4855
1867 1718
1869 96642
1870 97016
1871 80875
1872 56384
1873 19267
1873 21694
1873 52044
1874 99
1875 14258
1877 85453
1878 96676
1879 40525
1880 11113
1882 79762
1883 67887
1884 84493
1884 88111
1886 88621
1887 48400
1887 55653
1889 77472
1890 18802
1891 62071
1892 8654
1892 67464
1893 89996
1895 95216
1896 78982
1897 30745
1898 2774
1898 93418
1899 11624
1900 90640
1902 18246
1903 12564
1904 95134
1905 33679
1905 93698
1906 82562
1908 76052
1909 46708
1910 14957
1910 55534
1912 83741
1913 93003
1914 34684
1915 97867
1916 75303
1916 90296
1917 43712
1917 95710
1918 17155
1918 50481
1922 96133
1923 77560
1923 80128
1925 11909
1925 70429
1927 62328
1928 15508
1929 61241
1929 66706
1930 20135
1930 51638
1933 96410
1934 980
1934 63398
1935 38258
1937 88787
1938 68705
1939 91069
1939 91753
1941 55982
1941 56645
1943 14868
1943 83149
1943 95873
1946 6549
1947 49213
1948 37259
1949 2957
1950 31090
1951 15314
1952 13022
1952 60300
1953 14368
1955 52755
1955 96783
1956 87337
1958 48809
1958 92761
1960 4056
1960 12764
1962 20652
1962 44239
1964 64306
1965 28700
1966 96828
1967 71247
1968 70641
1969 43153
1970 86869
1971 9177
1972 10047
1972 89772
1974 85815
1975 79955
1976 4001
1976 11203
1976 59104
1977 96207
1979 15679
1980 36951
1982 55073
1982 73285
1983 31223
1985 16318
1985 21065
1986 90214
1987 37384
1988 6571
1990 87040
1990 95933
1991 27565
1993 8231
1994 82203
1994 91407
1995 627
1996 14434
1998 75785
1999 34168
1999 71054
