97
-13411093 -14416280 -13635017 -12969006 -9960611 -7366605 -38986087 -34608810 -32002567 -26832271 -19394437 -14965630 -68400143 -68189544 -68002723 -61124601 -53198534 -45383989 -84211817 -81729381 -73606484 -74313714 -72352838 -68213843 -107802907 -100974647 -93185407 -87306419 -88299312 -85557380 -132660568 -132790938 -125434841 -124458239 -123156058 -114795562 -156410876 -152512850 -153489028 -145870451 -137966729 -134225289 -176282726 -170631659 -164069940 -163937860 -163760545 -163695573 0 3385737 7323164 15018281 21232234 24611213 30100450 32615379 36669040 36920183 38075267 37875487 43170287 45671738 50991851 56305940 65431699 67268512 73193490 75597290 80815112 80527457 84914028 89184452 95659263 98509676 100653275 101758563 102753673 109826973 115165521 114484630 118289758 121847110 127305600 130808842 132593829 133432218 142665311 150642453 155342140 160408238 166388002 171112619 178010610 186985220 192160761 192707399 199265116
10218209
79
47 79878776
70 244237711
92 14904299
78 262472055
10 1000000000
71 247152771
3 190753299
57 402002618
79 111282188
25 184271761
29 228880766
22 858074438
84 33715768
19 278666198
70 118064182
86 219106163
40 125799050
43 184486690
89 22397452
69 351675759
66 339971709
45 343332438
62 106808581
50 441966
95 52589656
63 16776657
8 73998972
21 119963097
8 103875715
10 55361524
64 51702100
95 1000000000
30 11514404
57 180387311
78 475036345
88 4287239
68 234363025
36 165477492
5 3121572
86 83028547
56 65465439
96 627792885
68 1000000000
9 62973097
4 1000000000
76 816977990
55 253498065
74 13981858
37 35194539
1 2797914
27 287023584
27 12794572
69 132850392
80 1000000000
86 1000000000
5 68267867
29 128875125
44 37207052
79 297092396
9 53775307
75 159540879
2 178451058
77 59307541
12 263467198
38 65722120
86 261736424
73 1000000000
4 90980587
27 7470754
60 33608077
68 645404979
72 125256394
53 259798174
75 1000000000
75 21368331
60 105365927
15 76614422
62 921485955
31 44480604
