5000 1 4500 4000
2 1
1 3
4 5
5 6
6 7
8 9
8 9
12 14
12 14
16 15
17 18
17 18
19 20
19 20
16 22
15 22
23 11
11 24
25 10
31 32
32 30
30 33
29 33
35 36
35 36
34 37
37 28
28 38
38 27
27 39
26 39
43 44
43 44
42 45
45 46
46 47
47 41
41 48
52 51
51 53
53 50
50 54
54 55
55 40
40 56
25 56
10 57
7 57
59 58
60 61
60 61
63 62
62 64
67 66
67 68
68 69
74 75
74 75
73 76
76 77
72 77
80 81
80 81
83 84
83 84
85 82
82 86
87 79
88 89
88 89
87 90
90 91
79 91
92 93
93 78
78 94
97 98
98 96
101 100
101 102
100 103
104 99
104 105
106 107
106 107
105 108
108 109
99 109
96 110
110 95
95 111
114 113
114 115
113 115
116 112
117 119
112 119
121 122
123 124
123 124
122 125
94 125
128 127
127 129
131 130
131 132
130 132
133 134
137 138
137 138
140 141
141 143
147 146
149 150
148 150
152 151
153 154
158 157
160 161
159 162
157 162
163 156
165 164
167 166
170 169
171 172
172 173
175 174
177 178
177 178
179 180
179 180
174 181
182 183
173 184
185 186
184 186
169 187
193 192
192 194
194 195
195 196
196 191
199 200
200 201
201 198
204 205
206 203
206 207
203 207
210 211
211 212
209 213
213 208
208 214
214 215
217 218
218 219
220 221
220 221
222 223
222 223
225 224
224 226
226 227
227 228
228 229
219 229
232 231
231 233
233 230
230 234
234 216
216 235
235 236
238 239
239 240
242 243
243 237
237 244
236 245
245 246
246 247
250 249
259 260
259 260
261 262
262 263
263 264
264 258
258 265
266 267
270 271
270 271
272 269
272 274
277 278
277 278
276 279
276 279
281 280
280 282
275 282
274 283
283 284
289 288
288 290
290 286
293 294
295 296
296 297
294 297
298 299
298 299
303 304
304 302
302 305
305 306
308 307
310 309
309 311
311 312
307 313
306 313
315 316
315 316
314 317
314 317
301 318
321 320
328 327
327 329
329 326
326 330
330 331
335 336
337 339
337 339
343 344
343 344
347 346
347 348
352 351
352 353
357 358
357 358
360 359
360 361
359 362
364 363
364 365
363 365
366 356
366 367
370 368
372 373
373 374
374 371
377 376
380 378
381 382
384 385
388 387
388 389
389 390
390 391
391 392
387 392
386 393
385 393
394 383
396 395
396 397
398 399
398 399
397 400
400 401
403 402
408 407
407 409
406 410
410 405
405 411
411 404
404 412
412 413
415 416
415 416
420 419
419 421
422 418
418 423
417 423
424 425
424 425
414 426
403 427
429 428
428 430
430 431
433 434
433 434
436 435
436 437
439 438
442 443
443 441
441 444
444 440
446 447
447 445
457 456
456 458
458 455
459 460
459 460
464 465
465 467
467 468
463 468
471 470
470 472
474 473
474 475
473 476
472 476
478 479
478 479
481 480
483 482
484 485
488 487
487 489
490 486
494 495
494 495
501 500
500 502
502 499
506 505
506 507
509 510
509 510
508 511
508 511
512 513
514 515
513 515
507 516
505 516
518 519
519 520
517 520
525 527
525 527
529 530
530 528
528 531
524 532
533 523
536 538
536 538
539 540
542 543
543 544
546 547
546 547
545 548
545 548
544 549
549 541
551 552
552 553
553 550
550 554
559 558
559 560
558 560
561 557
563 562
566 567
566 567
565 568
568 569
569 570
574 573
574 575
573 575
572 576
577 578
576 578
571 579
571 579
570 580
581 582
588 589
588 589
592 591
592 593
596 595
595 597
597 598
600 601
601 599
599 602
604 603
604 605
603 605
602 606
609 608
614 615
615 616
619 618
621 620
620 622
619 623
624 625
626 627
626 627
628 629
628 629
625 630
618 631
633 634
634 632
636 635
638 639
638 639
640 637
642 641
641 643
643 644
650 649
653 654
654 655
655 652
652 656
656 651
658 659
659 660
651 660
649 661
666 667
666 667
676 675
676 677
675 677
674 678
674 678
680 681
680 681
682 679
685 686
685 686
688 689
688 689
690 687
692 693
693 694
691 694
690 695
687 695
696 684
697 698
697 698
684 699
699 683
700 701
700 701
683 702
703 704
682 704
706 705
706 707
709 708
711 712
714 713
714 715
716 717
716 717
713 718
718 710
720 719
720 721
721 722
719 722
710 723
709 724
724 725
727 729
734 735
733 735
732 736
732 736
737 738
740 739
740 741
741 742
739 743
738 744
731 744
747 746
746 748
749 750
749 750
753 752
754 755
754 755
752 756
756 751
751 757
757 745
760 759
761 762
762 763
763 764
766 768
768 769
769 765
770 771
765 771
773 772
772 774
776 777
776 777
778 775
779 780
778 780
782 783
783 784
784 781
785 786
785 786
788 787
787 789
789 790
793 794
794 792
799 798
798 800
802 801
804 803
803 805
802 805
808 807
810 811
814 813
815 816
813 817
812 817
818 819
818 819
811 820
809 821
809 821
808 822
807 822
824 825
823 825
806 826
826 827
801 827
828 829
800 829
830 797
830 831
797 832
833 796
836 837
836 837
838 835
840 841
841 839
843 842
844 845
844 845
843 846
842 846
839 847
850 849
854 855
856 853
859 860
862 863
862 863
864 865
867 866
867 868
868 869
869 870
876 875
875 877
874 877
878 872
878 879
881 882
882 880
884 885
884 885
886 883
890 889
892 891
895 894
894 896
897 898
896 898
899 900
899 900
903 902
903 904
902 905
905 906
907 901
907 908
909 910
909 910
913 912
914 915
915 916
921 920
920 922
922 919
923 924
929 928
930 931
929 931
938 937
940 939
942 943
943 944
946 947
947 945
945 948
944 948
941 949
941 949
950 951
950 951
952 953
952 953
955 956
956 957
954 957
959 958
960 961
960 961
959 962
958 963
940 963
966 965
965 967
967 968
968 969
973 972
972 975
975 971
977 976
978 979
980 981
980 981
983 982
982 984
976 985
971 985
986 970
988 987
988 989
987 990
993 992
995 996
996 997
994 997
992 998
991 998
999 1000
1003 1002
1003 1004
1007 1006
1006 1008
1011 1012
1011 1012
1010 1013
1010 1013
1014 1015
1015 1016
1016 1009
1020 1019
1019 1021
1021 1022
1023 1024
1023 1024
1027 1026
1030 1031
1030 1031
1033 1032
1033 1034
1036 1037
1036 1037
1038 1035
1043 1044
1043 1044
1045 1041
1046 1047
1047 1048
1041 1048
1049 1040
1050 1051
1049 1052
1054 1053
1057 1056
1059 1058
1064 1063
1063 1065
1065 1062
1069 1070
1069 1070
1068 1071
1068 1071
1072 1067
1072 1073
1067 1074
1074 1075
1066 1075
1076 1077
1076 1077
1079 1080
1080 1081
1062 1081
1061 1082
1061 1082
1088 1089
1089 1087
1090 1091
1090 1091
1087 1092
1086 1093
1095 1096
1096 1097
1097 1085
1100 1101
1101 1099
1099 1102
1102 1098
1104 1103
1103 1105
1098 1105
1108 1107
1107 1109
1106 1110
1110 1111
1085 1111
1084 1112
1084 1112
1119 1118
1121 1120
1122 1123
1122 1123
1121 1124
1126 1125
1127 1128
1133 1134
1132 1134
1131 1135
1131 1135
1136 1137
1138 1130
1138 1139
1130 1139
1141 1140
1140 1142
1129 1142
1143 1144
1128 1144
1148 1149
1149 1150
1150 1147
1147 1151
1151 1146
1153 1152
1153 1154
1158 1159
1158 1159
1160 1161
1160 1161
1162 1157
1164 1163
1166 1167
1168 1165
1168 1169
1169 1170
1165 1171
1173 1172
1173 1174
1172 1174
1171 1175
1177 1178
1179 1176
1181 1180
1184 1183
1185 1186
1188 1187
1192 1191
1191 1193
1193 1195
1196 1197
1199 1200
1200 1201
1197 1202
1195 1203
1203 1190
1205 1204
1205 1206
1209 1210
1211 1213
1210 1213
1215 1214
1217 1216
1217 1218
1216 1218
1219 1220
1215 1221
1214 1221
1222 1223
1222 1223
1208 1225
1225 1207
1207 1226
1228 1227
1227 1229
1231 1232
1233 1230
1234 1236
1237 1238
1237 1238
1241 1240
1241 1242
1242 1243
1240 1243
1246 1245
1245 1247
1247 1244
1244 1248
1250 1251
1251 1249
1252 1253
1252 1253
1249 1254
1254 1255
1256 1257
1261 1262
1260 1262
1263 1259
1259 1264
1264 1258
1258 1265
1266 1267
1266 1267
1265 1268
1269 1270
1268 1270
1271 1272
1257 1273
1273 1239
1239 1274
1236 1275
1233 1276
1230 1276
1206 1277
1204 1277
1190 1278
1278 1189
1286 1285
1288 1289
1290 1291
1292 1293
1293 1294
1295 1296
1294 1296
1289 1297
1287 1297
1285 1298
1298 1299
1284 1299
1304 1305
1305 1306
1308 1307
1308 1309
1309 1310
1307 1310
1315 1314
1317 1318
1317 1318
1320 1319
1320 1321
1319 1323
1323 1316
1326 1327
1326 1327
1325 1329
1324 1329
1331 1330
1332 1333
1330 1333
1336 1335
1337 1338
1335 1338
1339 1340
1334 1341
1346 1345
1346 1347
1347 1348
1345 1349
1352 1351
1355 1356
1357 1353
1359 1358
1358 1360
1353 1360
1368 1366
1371 1370
1372 1373
1372 1373
1378 1377
1377 1379
1381 1380
1384 1385
1385 1383
1383 1386
1388 1387
1389 1390
1389 1390
1391 1392
1391 1392
1393 1394
1388 1394
1396 1395
1395 1397
1397 1398
1387 1398
1399 1400
1386 1401
1402 1403
1401 1403
1404 1382
1404 1405
1407 1408
1408 1409
1409 1410
1406 1410
1382 1411
1381 1411
1380 1412
1414 1415
1420 1422
1420 1422
1419 1423
1425 1424
1428 1429
1432 1433
1432 1433
1437 1436
1439 1440
1439 1440
1438 1441
1436 1441
1443 1442
1442 1444
1444 1446
1446 1448
1448 1435
1435 1449
1449 1450
1452 1451
1452 1453
1455 1454
1457 1458
1457 1458
1462 1460
1463 1464
1466 1465
1468 1467
1467 1469
1470 1471
1477 1478
1480 1479
1481 1482
1482 1483
1483 1484
1479 1484
1478 1485
1485 1476
1487 1486
1490 1489
1491 1492
1490 1492
1489 1493
1493 1488
1488 1494
1487 1495
1495 1496
1486 1496
1476 1497
1497 1498
1475 1498
1500 1501
1500 1501
1503 1502
1503 1504
1502 1504
1505 1506
1499 1506
1474 1507
1474 1507
1510 1509
1514 1513
1520 1519
1520 1521
1521 1522
1519 1523
1523 1524
1525 1526
1525 1526
1524 1527
1518 1527
1528 1517
1517 1530
1531 1532
1531 1532
1536 1537
1535 1537
1540 1539
1542 1543
1542 1543
1544 1545
1545 1541
1541 1546
1539 1547
1538 1547
1548 1549
1534 1549
1550 1551
1530 1551
1516 1552
1553 1554
1555 1556
1555 1556
1554 1557
1515 1557
1558 1559
1558 1559
1514 1561
1513 1561
1564 1565
1566 1567
1567 1568
1568 1563
1563 1569
1569 1570
1572 1571
1572 1573
1571 1573
1570 1574
1512 1574
1575 1576
1575 1576
1580 1581
1580 1581
1586 1585
1586 1587
1585 1587
1588 1590
1584 1591
1591 1592
1592 1583
1583 1593
1595 1594
1596 1597
1596 1597
1598 1599
1605 1606
1605 1606
1608 1607
1613 1612
1612 1614
1614 1615
1616 1611
1616 1617
1611 1617
1610 1618
1607 1618
1621 1622
1622 1623
1620 1623
1619 1624
1619 1624
1625 1626
1626 1627
1604 1627
1628 1603
1628 1629
1603 1629
1630 1631
1630 1631
1632 1602
1635 1636
1635 1636
1638 1640
1638 1640
1643 1644
1644 1645
1647 1646
1647 1648
1650 1651
1650 1651
1649 1652
1648 1652
1646 1653
1645 1653
1642 1654
1642 1654
1655 1641
1655 1656
1641 1657
1637 1658
1634 1658
1665 1664
1665 1666
1664 1666
1663 1667
1663 1667
1668 1662
1669 1670
1670 1671
1662 1671
1672 1661
1674 1673
1673 1675
1661 1675
1676 1677
1677 1659
1679 1678
1678 1680
1659 1681
1633 1681
1602 1682
1682 1601
1601 1683
1600 1683
1594 1684
1593 1684
1686 1687
1685 1687
1582 1688
1691 1693
1691 1693
1690 1694
1694 1695
1695 1689
1696 1697
1699 1700
1700 1701
1698 1701
1689 1702
1702 1703
1688 1703
1704 1579
1704 1705
1579 1705
1706 1578
1708 1707
1707 1709
1709 1710
1710 1711
1713 1712
1714 1715
1715 1716
1716 1717
1713 1717
1720 1721
1724 1723
1726 1725
1725 1727
1723 1727
1728 1729
1729 1722
1722 1730
1733 1732
1733 1734
1735 1736
1732 1737
1721 1737
1742 1743
1744 1740
1740 1745
1745 1746
1748 1747
1747 1749
1749 1739
1752 1753
1752 1753
1751 1754
1750 1755
1758 1759
1763 1762
1767 1768
1766 1769
1766 1769
1774 1775
1775 1776
1777 1778
1778 1773
1773 1779
1780 1772
1781 1782
1772 1782
1783 1784
1783 1784
1771 1785
1771 1785
1787 1786
1789 1788
1788 1790
1790 1791
1792 1793
1786 1793
1770 1794
1770 1794
1764 1795
1763 1796
1799 1798
1798 1800
1797 1800
1796 1801
1762 1801
1761 1802
1761 1802
1803 1760
1805 1804
1805 1806
1804 1806
1803 1807
1760 1807
1759 1808
1808 1757
1757 1809
1809 1756
1756 1810
1755 1811
1739 1812
1813 1738
1738 1814
1814 1815
1815 1816
1816 1719
1819 1818
1821 1822
1820 1823
1824 1825
1818 1825
1826 1817
1830 1829
1829 1831
1832 1833
1831 1834
1835 1836
1838 1839
1839 1837
1842 1841
1842 1843
1841 1844
1840 1844
1837 1845
1847 1848
1848 1849
1846 1850
1852 1851
1852 1853
1855 1856
1855 1856
1857 1854
1854 1858
1861 1860
1864 1865
1865 1866
1868 1867
1876 1874
1881 1880
1883 1882
1885 1884
1887 1886
1889 1888
1890 1891
1888 1891
1895 1894
1897 1899
1897 1899
1901 1900
1901 1902
1904 1903
1906 1907
1906 1907
1911 1910
1912 1913
1910 1913
1914 1915
1914 1915
1909 1916
1916 1908
1918 1919
1918 1919
1920 1921
1921 1917
1922 1923
1922 1923
1927 1928
1927 1928
1926 1930
1933 1932
1934 1935
1933 1936
1932 1936
1939 1938
1938 1940
1944 1943
1946 1945
1949 1948
1948 1951
1947 1951
1952 1953
1954 1955
1955 1956
1957 1958
1958 1959
1961 1960
1961 1962
1960 1963
1963 1964
1959 1964
1956 1965
1969 1968
1970 1971
1971 1972
1974 1973
1974 1975
1973 1975
1978 1977
1977 1979
1968 1980
1980 1967
1967 1981
1965 1981
1946 1982
1945 1983
1983 1984
1943 1984
1986 1985
1988 1987
1989 1990
1993 1992
1994 1995
1994 1995
1993 1996
1992 1996
1991 1997
1991 1997
1999 1998
1998 2000
1988 2000
1987 2001
2001 2002
1986 2002
2003 2004
2003 2004
2010 2011
2009 2012
2016 2015
2016 2017
2017 2018
2021 2020
2020 2022
2023 2024
2023 2024
2025 2026
2029 2028
2029 2030
2028 2030
2035 2034
2034 2036
2038 2037
2040 2039
2040 2041
2039 2041
2042 2043
2042 2043
2046 2045
2048 2047
2047 2049
2046 2050
2052 2051
2052 2053
2051 2053
2055 2054
2055 2056
2054 2056
2057 2058
2045 2058
2038 2059
2037 2060
2062 2061
2065 2064
2064 2066
2067 2068
2067 2068
2066 2069
2070 2071
2070 2071
2078 2079
2080 2077
2080 2081
2077 2081
2082 2076
2085 2086
2087 2088
2087 2088
2084 2089
2089 2083
2090 2091
2090 2091
2083 2092
2082 2092
2076 2093
2094 2075
2075 2095
2097 2096
2097 2098
2096 2098
2100 2101
2100 2101
2103 2104
2103 2104
2105 2102
2108 2109
2107 2110
2107 2110
2114 2113
2114 2115
2113 2115
2112 2116
2116 2111
2111 2117
2117 2118
2118 2119
2119 2106
2121 2122
2121 2122
2123 2124
2124 2125
2125 2126
2120 2126
2129 2128
2129 2130
2128 2131
2132 2134
2132 2134
2135 2136
2135 2136
2138 2139
2137 2139
2131 2140
2127 2141
2106 2141
2105 2142
2102 2142
2143 2099
2149 2148
2148 2150
2152 2153
2152 2153
2151 2154
2151 2154
2155 2156
2155 2156
2150 2157
2147 2157
2161 2162
2161 2162
2163 2165
2163 2165
2167 2168
2168 2169
2169 2166
2166 2170
2170 2171
2176 2177
2176 2177
2180 2179
2182 2181
2181 2183
2185 2184
2185 2186
2186 2187
2188 2189
2188 2189
2191 2192
2193 2190
2190 2194
2184 2194
2179 2195
2178 2196
2197 2198
2197 2198
2203 2204
2204 2201
2201 2205
2206 2200
2207 2208
2200 2209
2209 2210
2210 2211
2212 2199
2199 2213
2213 2175
2175 2214
2214 2173
2216 2215
2216 2217
2217 2218
2215 2218
2173 2219
2221 2222
2222 2220
2226 2227
2225 2227
2228 2229
2229 2230
2230 2231
2224 2231
2223 2232
2223 2232
2220 2233
2172 2234
2234 2235
2235 2160
2160 2236
2236 2159
2159 2237
2238 2239
2237 2239
2158 2241
2146 2241
2243 2242
2246 2247
2246 2247
2249 2248
2249 2250
2250 2251
2248 2251
2261 2260
2262 2263
2262 2263
2260 2264
2264 2259
2267 2266
2269 2268
2270 2271
2269 2271
2272 2273
2272 2273
2275 2274
2274 2276
2268 2277
2267 2277
2279 2278
2279 2280
2283 2284
2284 2282
2285 2286
2285 2286
2289 2288
2288 2290
2292 2293
2293 2291
2299 2298
2299 2300
2298 2300
2302 2303
2308 2307
2308 2309
2307 2309
2306 2310
2313 2312
2312 2314
2317 2318
2318 2316
2319 2320
2320 2321
2316 2321
2324 2325
2325 2322
2322 2326
2326 2327
2330 2329
2330 2331
2333 2332
2332 2334
2331 2334
2336 2335
2337 2338
2342 2343
2343 2344
2344 2341
2341 2345
2348 2347
2347 2349
2349 2350
2351 2352
2351 2352
2346 2353
2346 2353
2355 2354
2355 2356
2357 2358
2356 2358
2367 2366
2366 2368
2369 2370
2370 2371
2372 2373
2376 2377
2376 2377
2378 2375
2375 2379
2380 2374
2380 2381
2381 2382
2386 2385
2388 2389
2391 2390
2391 2392
2393 2394
2393 2394
2392 2395
2397 2398
2397 2398
2399 2400
2400 2396
2402 2401
2404 2403
2404 2405
2403 2405
2402 2406
2401 2407
2407 2408
2396 2408
2390 2409
2409 2410
2410 2411
2413 2412
2414 2415
2414 2415
2417 2416
2420 2419
2422 2421
2427 2426
2432 2431
2434 2436
2434 2436
2439 2438
2438 2440
2440 2441
2441 2442
2443 2437
2448 2447
2451 2450
2450 2452
2449 2452
2454 2453
2453 2455
2447 2455
2456 2457
2460 2459
2463 2462
2464 2465
2468 2467
2468 2469
2473 2472
2476 2477
2477 2475
2481 2482
2482 2483
2484 2485
2484 2485
2490 2489
2491 2492
2491 2492
2493 2494
2493 2494
2497 2496
2498 2499
2502 2501
2504 2503
2506 2507
2506 2507
2505 2508
2505 2508
2511 2512
2518 2517
2520 2521
2520 2521
2519 2522
2517 2522
2523 2524
2516 2524
2525 2515
2526 2527
2526 2527
2525 2528
2528 2529
2529 2530
2532 2531
2534 2533
2536 2535
2536 2537
2538 2539
2537 2540
2540 2541
2544 2543
2545 2546
2545 2546
2544 2548
2543 2549
2542 2549
2535 2550
2534 2551
2533 2551
2532 2552
2531 2552
2554 2555
2554 2555
2556 2553
2559 2558
2561 2562
2560 2562
2558 2563
2563 2564
2557 2564
2553 2565
2565 2566
2569 2570
2568 2570
2567 2571
2530 2571
2515 2572
2574 2573
2574 2575
2573 2575
2572 2576
2577 2514
2580 2581
2578 2581
2583 2582
2583 2584
2582 2584
2585 2586
2577 2586
2589 2588
2591 2592
2592 2593
2593 2594
2590 2594
2596 2595
2595 2597
2588 2598
2587 2598
2514 2599
2603 2604
2605 2602
2606 2607
2606 2607
2609 2608
2610 2611
2613 2614
2615 2616
2615 2616
2617 2618
2614 2618
2619 2620
2619 2620
2624 2625
2625 2623
2623 2626
2622 2627
2622 2627
2629 2628
2630 2631
2629 2631
2628 2632
2635 2634
2636 2637
2637 2638
2640 2641
2641 2639
2644 2643
2647 2646
2649 2648
2651 2650
2654 2653
2653 2655
2652 2656
2656 2657
2658 2659
2658 2659
2664 2663
2663 2665
2665 2662
2662 2666
2661 2666
2660 2667
2660 2667
2657 2668
2651 2668
2650 2669
2649 2670
2648 2671
2647 2671
2646 2672
2673 2674
2677 2678
2677 2678
2676 2679
2679 2645
2681 2682
2682 2680
2680 2683
2685 2684
2684 2686
2689 2690
2688 2691
2688 2691
2693 2694
2693 2694
2696 2697
2698 2699
2698 2699
2701 2700
2702 2703
2705 2704
2705 2706
2704 2707
2711 2709
2711 2712
2709 2712
2713 2708
2708 2714
2715 2716
2715 2716
2723 2722
2723 2725
2725 2726
2727 2729
2727 2729
2722 2730
2731 2721
2731 2732
2721 2733
2733 2720
2720 2734
2719 2734
2736 2735
2742 2743
2742 2743
2744 2745
2748 2749
2751 2750
2750 2752
2749 2752
2754 2755
2755 2753
2753 2756
2757 2747
2759 2758
2758 2760
2757 2761
2761 2762
2747 2762
2746 2763
2741 2763
2765 2764
2770 2769
2769 2771
2771 2768
2774 2773
2775 2776
2776 2777
2781 2782
2782 2783
2783 2779
2779 2784
2786 2785
2786 2787
2785 2788
2788 2778
2778 2789
2774 2789
2793 2792
2793 2794
2794 2795
2795 2796
2797 2798
2797 2798
2796 2799
2801 2800
2800 2802
2803 2804
2802 2804
2807 2806
2810 2811
2811 2809
2809 2812
2812 2808
2814 2815
2815 2816
2816 2817
2821 2820
2823 2822
2824 2825
2827 2828
2826 2829
2826 2829
2831 2832
2832 2833
2833 2834
2834 2830
2830 2835
2823 2836
2822 2837
2838 2839
2820 2840
2842 2843
2842 2843
2841 2844
2844 2845
2819 2846
2846 2818
2818 2847
2847 2813
2813 2848
2851 2852
2851 2852
2850 2853
2857 2856
2859 2858
2858 2860
2862 2861
2864 2863
2864 2865
2863 2866
2866 2867
2861 2868
2868 2869
2876 2877
2878 2875
2882 2881
2882 2883
2883 2884
2887 2888
2887 2888
2896 2894
2899 2898
2898 2901
2901 2902
2903 2897
2897 2904
2907 2908
2905 2908
2910 2909
2910 2912
2912 2913
2909 2913
2915 2914
2918 2917
2917 2919
2920 2921
2920 2921
2924 2922
2934 2935
2935 2933
2940 2939
2944 2942
2942 2945
2945 2946
2946 2941
2951 2952
2951 2952
2950 2953
2953 2954
2958 2957
2960 2961
2960 2961
2963 2962
2965 2966
2964 2967
2964 2967
2968 2969
2969 2970
2962 2970
2959 2971
2959 2971
2958 2972
2976 2975
2976 2977
2977 2978
2978 2979
2975 2979
2981 2974
2974 2982
2982 2983
2983 2984
2984 2973
2986 2987
2988 2989
2989 2985
2991 2990
2995 2994
2994 2996
2998 2997
2997 2999
2999 2993
3001 3002
3001 3002
3003 3004
3000 3005
2993 3006
3007 3008
3008 3009
3011 3010
3012 3013
3012 3013
3015 3016
3020 3019
3019 3021
3023 3022
3022 3024
3024 3018
3025 3026
3025 3026
3027 3028
3018 3029
3017 3030
3017 3030
3016 3031
3034 3035
3037 3036
3037 3038
3040 3039
3039 3041
3038 3042
3048 3049
3049 3050
3051 3052
3051 3052
3050 3053
3053 3047
3047 3054
3055 3046
3046 3056
3058 3059
3058 3059
3061 3062
3062 3060
3065 3066
3065 3066
3068 3069
3069 3067
3072 3071
3074 3075
3074 3075
3077 3076
3080 3079
3082 3083
3083 3084
3084 3085
3081 3085
3087 3086
3087 3088
3086 3089
3090 3091
3091 3092
3089 3092
3079 3093
3077 3093
3076 3094
3099 3100
3099 3100
3098 3101
3098 3101
3102 3103
3104 3097
3105 3106
3097 3106
3107 3096
3110 3109
3109 3111
3112 3113
3111 3114
3114 3115
3108 3116
3117 3119
3116 3120
3123 3124
3122 3124
3127 3126
3129 3128
3128 3130
3131 3133
3131 3133
3134 3135
3127 3135
3126 3136
3125 3137
3137 3121
3142 3141
3142 3143
3143 3144
3141 3144
3145 3146
3140 3146
3147 3139
3139 3148
3150 3149
3151 3152
3151 3152
3154 3153
3155 3156
3153 3156
3158 3157
3158 3159
3159 3160
3157 3161
3167 3168
3167 3168
3166 3169
3166 3169
3170 3171
3171 3165
3165 3172
3172 3173
3174 3164
3174 3175
3164 3175
3178 3179
3178 3179
3181 3180
3181 3182
3180 3183
3186 3185
3187 3188
3188 3190
3186 3190
3196 3197
3196 3197
3195 3198
3198 3194
3201 3200
3203 3202
3205 3204
3206 3207
3205 3208
3204 3208
3203 3209
3202 3210
3201 3211
3200 3211
3194 3212
3213 3214
3193 3214
3192 3215
3215 3191
3216 3217
3216 3217
3191 3218
3185 3218
3184 3219
3221 3220
3227 3226
3231 3230
3233 3234
3234 3235
3235 3232
3232 3236
3230 3236
3237 3238
3229 3238
3239 3240
3239 3240
3242 3243
3242 3243
3244 3241
3244 3245
3241 3245
3228 3246
3226 3246
3248 3247
3248 3250
3247 3252
3252 3225
3253 3254
3225 3254
3255 3256
3259 3258
3259 3260
3263 3262
3265 3266
3264 3266
3262 3267
3261 3267
3260 3268
3274 3273
3276 3277
3277 3275
3275 3278
3281 3282
3281 3282
3283 3284
3284 3280
3280 3285
3279 3285
3290 3289
3292 3293
3292 3293
3301 3300
3302 3304
3304 3305
3309 3308
3311 3310
3315 3314
3317 3318
3317 3318
3321 3320
3322 3324
3325 3326
3327 3328
3327 3328
3329 3330
3332 3333
3326 3335
3324 3336
3321 3336
3320 3337
3337 3319
3338 3339
3339 3341
3319 3341
3342 3343
3342 3343
3316 3344
3344 3345
3346 3347
3348 3349
3347 3349
3350 3351
3353 3352
3352 3354
3351 3354
3314 3355
3312 3356
3358 3359
3361 3362
3361 3362
3364 3363
3365 3366
3364 3367
3363 3367
3370 3369
3370 3371
3369 3371
3373 3372
3372 3374
3375 3376
3374 3376
3377 3368
3382 3381
3381 3383
3380 3383
3384 3385
3385 3379
3379 3386
3386 3378
3388 3389
3389 3390
3387 3391
3391 3392
3378 3392
3395 3394
3396 3397
3394 3398
3400 3399
3399 3401
3402 3403
3398 3404
3393 3404
3406 3407
3405 3407
3408 3409
3409 3410
3377 3411
3412 3413
3368 3413
3360 3414
3416 3415
3419 3420
3420 3418
3418 3421
3421 3417
3422 3423
3423 3424
3424 3425
3417 3425
3416 3426
3426 3427
3415 3427
3431 3430
3433 3432
3434 3435
3432 3435
3436 3437
3431 3438
3438 3439
3430 3440
3440 3441
3442 3429
3444 3443
3445 3446
3444 3446
3443 3447
3442 3447
3429 3448
3448 3449
3428 3449
3452 3453
3452 3453
3454 3451
3456 3457
3459 3455
3459 3460
3455 3460
3462 3461
3465 3466
3465 3466
3464 3467
3461 3467
3454 3468
3471 3472
3471 3472
3473 3470
3478 3479
3477 3479
3480 3476
3482 3481
3484 3483
3483 3486
3482 3487
3490 3489
3492 3493
3492 3493
3491 3494
3491 3494
3496 3495
3496 3497
3495 3497
3499 3500
3501 3498
3501 3502
3504 3503
3506 3505
3506 3508
3510 3511
3510 3511
3516 3517
3517 3518
3518 3515
3521 3520
3523 3522
3530 3529
3532 3531
3535 3534
3537 3536
3538 3539
3537 3539
3536 3540
3534 3541
3541 3533
3544 3545
3545 3543
3543 3546
3542 3546
3533 3547
3531 3547
3529 3548
3550 3551
3549 3551
3553 3552
3558 3557
3557 3559
3559 3560
3566 3565
3566 3568
3571 3572
3572 3573
3573 3570
3570 3575
3577 3576
3579 3578
3581 3582
3581 3582
3580 3583
3583 3584
3579 3584
3593 3594
3595 3596
3594 3596
3597 3591
3598 3599
3597 3599
3602 3603
3602 3603
3601 3604
3605 3606
3605 3606
3608 3607
3608 3609
3611 3612
3611 3612
3613 3610
3613 3614
3610 3614
3621 3620
3624 3623
3624 3625
3626 3627
3623 3627
3628 3629
3628 3629
3630 3622
3638 3639
3639 3637
3637 3640
3640 3635
3635 3641
3641 3634
3634 3643
3643 3633
3633 3644
3646 3647
3646 3647
3649 3651
3649 3651
3653 3652
3655 3654
3655 3656
3656 3657
3654 3657
3652 3658
3658 3645
3645 3659
3659 3660
3644 3660
3661 3663
3661 3663
3664 3631
3667 3666
3669 3668
3670 3673
3669 3673
3675 3674
3674 3676
3668 3676
3666 3677
3679 3678
3681 3682
3681 3682
3680 3683
3678 3684
3687 3686
3686 3688
3688 3689
3693 3692
3693 3694
3692 3694
3695 3691
3697 3696
3696 3698
3691 3699
3690 3699
3685 3700
3685 3700
3665 3701
3704 3705
3704 3705
3709 3708
3710 3711
3710 3711
3709 3712
3714 3715
3717 3718
3719 3716
3716 3720
3720 3721
3722 3713
3725 3724
3725 3726
3724 3726
3728 3727
3730 3731
3730 3731
3729 3732
3729 3732
3733 3734
3738 3739
3738 3739
3744 3745
3746 3747
3747 3743
3749 3750
3752 3753
3752 3753
3758 3759
3758 3759
3760 3761
3760 3761
3763 3757
3757 3764
3764 3765
3768 3769
3767 3770
3767 3770
3772 3773
3772 3773
3775 3774
3776 3777
3782 3781
3788 3789
3789 3790
3793 3791
3791 3794
3797 3798
3797 3798
3804 3805
3803 3806
3801 3807
3810 3808
3815 3814
3814 3816
3816 3818
3818 3819
3819 3820
3822 3823
3825 3826
3825 3826
3828 3829
3828 3829
3830 3831
3827 3831
3824 3832
3821 3832
3833 3834
3820 3834
3813 3835
3813 3835
3836 3812
3839 3837
3839 3840
3837 3840
3812 3841
3841 3811
3844 3843
3844 3845
3843 3845
3848 3847
3851 3850
3851 3852
3850 3852
3862 3863
3862 3863
3865 3864
3864 3866
3866 3861
3861 3867
3867 3868
3869 3860
3871 3872
3870 3872
3873 3874
3873 3874
3877 3876
3880 3879
3885 3884
3884 3886
3892 3893
3891 3893
3898 3897
3899 3900
3901 3902
3901 3902
3900 3903
3897 3903
3904 3896
3906 3907
3909 3910
3910 3908
3911 3912
3908 3912
3914 3915
3913 3916
3913 3916
3905 3917
3905 3917
3904 3918
3922 3921
3921 3923
3920 3923
3925 3924
3926 3927
3924 3927
3930 3929
3932 3933
3934 3931
3931 3935
3938 3937
3937 3939
3939 3940
3936 3940
3941 3942
3941 3942
3944 3943
3946 3947
3946 3947
3948 3945
3953 3954
3954 3952
3952 3955
3951 3955
3958 3960
3958 3960
3962 3961
3962 3963
3964 3965
3964 3965
3968 3969
3967 3969
3976 3977
3981 3982
3981 3982
3983 3980
3984 3985
3984 3985
3986 3987
3986 3987
3989 3988
3989 3990
3991 3992
3990 3992
3996 3997
3996 3997
3995 3998
3998 3994
4001 4002
4001 4002
4000 4003
4000 4003
4004 4005
4006 3999
3999 4008
3994 4008
3993 4009
3993 4009
3988 4010
3983 4011
3980 4012
3979 4012
4014 4013
4015 4016
4015 4016
4017 4018
4019 4020
4018 4020
4013 4021
3978 4022
3978 4022
3977 4023
3975 4024
4024 3974
3974 4025
4027 4028
4029 4026
4026 4030
4025 4031
4031 4032
4032 3973
4036 4035
4038 4037
4038 4039
4037 4040
4042 4041
4042 4043
4041 4043
4045 4046
4046 4047
4047 4048
4048 4050
4051 4052
4052 4053
4053 4054
4057 4059
4059 4056
4056 4060
4060 4055
4063 4062
4065 4064
4064 4066
4067 4069
4067 4069
4066 4070
4073 4074
4076 4077
4077 4075
4079 4080
4079 4080
4082 4081
4085 4086
4085 4086
4084 4087
4088 4083
4088 4089
4083 4089
4091 4092
4091 4092
4094 4093
4100 4099
4100 4101
4101 4102
4099 4102
4108 4107
4107 4109
4109 4106
4111 4112
4115 4116
4118 4119
4121 4122
4126 4125
4128 4129
4127 4129
4126 4130
4125 4131
4131 4132
4124 4133
4133 4134
4135 4136
4137 4138
4138 4139
4142 4143
4142 4143
4144 4145
4144 4145
4141 4146
4147 4148
4146 4149
4149 4140
4140 4150
4136 4151
4134 4152
4153 4123
4123 4154
4154 4155
4158 4157
4158 4159
4157 4159
4163 4162
4162 4164
4167 4166
4166 4168
4170 4171
4170 4171
4174 4175
4175 4176
4173 4177
4178 4172
4180 4179
4179 4181
4181 4183
4183 4184
4172 4185
4186 4169
4169 4187
4168 4187
4165 4188
4165 4188
4164 4189
4189 4190
4161 4190
4191 4192
4194 4193
4195 4196
4196 4197
4199 4198
4202 4203
4202 4203
4204 4200
4200 4205
4207 4208
4208 4206
4209 4210
4209 4210
4206 4211
4199 4211
4198 4212
4197 4212
4193 4213
4192 4213
4160 4215
4160 4215
4156 4216
4156 4216
4155 4217
4217 4218
4221 4219
4221 4222
4222 4223
4219 4224
4225 4120
4120 4226
4119 4227
4117 4227
4114 4228
4113 4228
4230 4229
4232 4233
4230 4234
4229 4235
4237 4238
4238 4239
4240 4236
4236 4241
4112 4242
4243 4110
4243 4244
4110 4244
4253 4251
4255 4254
4259 4258
4259 4260
4258 4260
4261 4257
4257 4262
4256 4263
4264 4265
4264 4265
4267 4268
4266 4268
4254 4269
4251 4269
4250 4270
4249 4270
4247 4271
4246 4272
4246 4272
4245 4273
4245 4273
4106 4274
4274 4104
4104 4275
4103 4275
4098 4276
4097 4276
4096 4277
4095 4277
4093 4278
4278 4090
4090 4279
4082 4279
4081 4280
4280 4078
4078 4281
4075 4282
4282 4072
4072 4283
4284 4071
4071 4285
4070 4285
4062 4287
4287 4061
4061 4288
4055 4288
4054 4289
4050 4290
4035 4291
4291 4034
4034 4292
4033 4293
3973 4293
3971 4294
3971 4294
3970 4295
3970 4295
3966 4296
3966 4296
3961 4297
3957 4297
3956 4298
3950 4299
3949 4299
3948 4300
3945 4300
3944 4301
3943 4301
3935 4302
3929 4302
3928 4303
3928 4303
3919 4304
3919 4304
3896 4305
4305 3895
3895 4306
4306 3894
3894 4307
3890 4307
3889 4308
3888 4309
4309 3887
3887 4311
3886 4312
4312 3883
3883 4313
4313 3882
3882 4314
3881 4314
3880 4315
3879 4315
3878 4316
3877 4317
3876 4317
3875 4318
3875 4318
3869 4319
3860 4320
4321 3859
3859 4322
4322 3858
3858 4323
3856 4324
3855 4325
3855 4325
3854 4326
3853 4326
3849 4327
3849 4327
3847 4328
3846 4329
3842 4330
3842 4330
3811 4331
3808 4331
3807 4332
3800 4332
3799 4333
3796 4333
3795 4334
3795 4334
3787 4335
3787 4335
3786 4337
3786 4337
3785 4338
3784 4339
3784 4339
3783 4340
3781 4340
3780 4341
3780 4341
3779 4342
3779 4342
3778 4344
3774 4344
3766 4345
3766 4345
4346 3756
3756 4347
3755 4347
3754 4348
3751 4349
3751 4349
3750 4350
4350 3748
3748 4352
3743 4352
3742 4353
3741 4353
4354 3740
3740 4355
4355 3736
3736 4356
4356 3735
3735 4357
3734 4357
3727 4358
3722 4358
3713 4359
3708 4359
3707 4360
3707 4360
3706 4361
3706 4361
3703 4362
4362 3702
3702 4363
3701 4363
3664 4364
3631 4364
3622 4365
3620 4365
3619 4366
4366 3618
3618 4367
4368 3617
3617 4369
4369 3616
3616 4370
3609 4370
3607 4371
3604 4371
3600 4373
3591 4373
4374 3590
3590 4375
4375 3589
3589 4376
4376 3588
3588 4377
4377 3587
3587 4378
3586 4379
3586 4379
4380 3585
3585 4381
3578 4382
3577 4383
3576 4384
3575 4385
4386 3569
3569 4387
3568 4387
3565 4388
4388 3564
3564 4389
4389 3563
3563 4390
4390 3562
3562 4391
4391 3561
3561 4392
4392 3556
3556 4393
4393 3555
3555 4394
4395 3554
3554 4396
3552 4396
3527 4398
4398 3526
3526 4399
4399 3525
3525 4400
4401 3524
3524 4402
3523 4402
3522 4403
3520 4403
4405 3519
3519 4406
3515 4406
4407 3514
3514 4408
3513 4409
3513 4409
3512 4410
3509 4411
3509 4411
3508 4413
3505 4414
3504 4414
3503 4415
3502 4415
3498 4416
3489 4416
3488 4417
3488 4417
3481 4418
3476 4419
4419 3475
3475 4420
4420 3474
3474 4422
3473 4423
3470 4423
3469 4424
3469 4424
3468 4425
3451 4425
3450 4426
3450 4426
3414 4427
3356 4427
3311 4428
3310 4428
3308 4429
4429 3307
3307 4430
4430 3306
3306 4432
3305 4432
3300 4433
3299 4433
3298 4434
4434 3297
3297 4435
3296 4435
3295 4436
4436 3294
3294 4437
4437 3291
3291 4438
3290 4438
3289 4439
3288 4439
4440 3287
3287 4441
4441 3286
3286 4442
3274 4442
3273 4443
4443 3272
3272 4444
3271 4445
3270 4445
3269 4446
3269 4446
3268 4447
3258 4448
3257 4449
3256 4449
3224 4450
3224 4450
3223 4451
3223 4451
4452 3222
3222 4453
3220 4453
3219 4454
3177 4455
3177 4455
3162 4456
3161 4456
3150 4457
3149 4457
3148 4458
3121 4459
3096 4459
3095 4460
3095 4460
3073 4461
3071 4461
3067 4462
3064 4463
3063 4465
3063 4465
3060 4466
3057 4466
3045 4467
4467 3044
3044 4468
4468 3043
3043 4469
3036 4469
3035 4470
3033 4470
3032 4471
3032 4471
3031 4472
3014 4473
3011 4473
3010 4474
3009 4474
2992 4476
2992 4476
2990 4477
2985 4478
2973 4478
2957 4479
4480 2956
2956 4481
4481 2955
2955 4482
2954 4483
4483 2948
2948 4484
2947 4485
2941 4486
2940 4486
2939 4487
2938 4488
4488 2937
2937 4489
2936 4490
2933 4490
4491 2932
2932 4492
2931 4493
2930 4494
4495 2929
2929 4496
2928 4497
2927 4498
2927 4498
2925 4499
2922 4500
4500 2916
2916 4501
2915 4501
2914 4502
2894 4503
2893 4504
2893 4504
4505 2892
2892 4506
4506 2891
2891 4507
2890 4507
4508 2889
2889 4509
4509 2886
2886 4510
4511 2885
2885 4513
2884 4513
2881 4514
4515 2880
2880 4517
4517 2879
2879 4518
2878 4518
2875 4519
2874 4520
2874 4520
2873 4521
2873 4521
2872 4522
4522 2871
2871 4523
4523 2870
2870 4524
2860 4524
2857 4525
2856 4526
2855 4527
2854 4527
2853 4528
4528 2849
2849 4529
2808 4530
2806 4531
4531 2805
2805 4532
2792 4532
2791 4533
2790 4534
2790 4534
2773 4535
4535 2772
2772 4536
2768 4536
2767 4537
2767 4537
4539 2766
2766 4540
2765 4541
2764 4542
2739 4542
2738 4543
2738 4543
2737 4544
2735 4545
4545 2718
2718 4546
4546 2717
2717 4547
2714 4548
2707 4549
2700 4549
2697 4550
4550 2695
2695 4551
4551 2692
2692 4552
4552 2687
2687 4553
2645 4553
2643 4554
2642 4554
2639 4556
2635 4559
2634 4559
4560 2633
2633 4561
2632 4562
4562 2621
2621 4563
2612 4564
2612 4564
2611 4566
2609 4566
2608 4567
2602 4567
2601 4568
2600 4569
2600 4569
4571 2513
2513 4572
2512 4573
2510 4574
2509 4574
2504 4575
2503 4575
2502 4577
2501 4577
2500 4578
2500 4578
2499 4579
2497 4579
2496 4580
4580 2495
2495 4581
2490 4582
2489 4583
2483 4584
2480 4584
2479 4585
4585 2478
2478 4586
2475 4586
2474 4587
2474 4587
2473 4588
2472 4588
2471 4589
4590 2470
2470 4591
2469 4591
2467 4592
4592 2466
2466 4593
2463 4594
2462 4595
4595 2461
2461 4596
2459 4597
2458 4598
2457 4600
4600 2446
2446 4601
2445 4601
2444 4602
2444 4602
2443 4603
2437 4604
2433 4604
2432 4605
2431 4606
2430 4606
2429 4607
2428 4608
2427 4608
2426 4609
4609 2425
2425 4610
2424 4610
2423 4611
2421 4611
2420 4612
2419 4612
2418 4613
2418 4613
2417 4615
2416 4615
2412 4616
2389 4616
2387 4617
2386 4617
2385 4618
4618 2384
2384 4619
4620 2383
2383 4621
2382 4621
2374 4622
2373 4623
2368 4624
4624 2365
2365 4625
4626 2364
2364 4627
4627 2363
2363 4628
2362 4629
4629 2361
2361 4630
2360 4631
2359 4631
2354 4632
2345 4633
2340 4634
2340 4634
2339 4635
2339 4635
2338 4636
2335 4636
2329 4637
4638 2328
2328 4639
2327 4640
4640 2315
2315 4641
2311 4642
2311 4642
2310 4644
2305 4645
2305 4645
4646 2301
2301 4647
2297 4647
2296 4648
4649 2295
2295 4650
2294 4650
2291 4651
2290 4652
4652 2287
2287 4653
2282 4653
2281 4655
2278 4655
2266 4658
4659 2265
2265 4660
2259 4661
2258 4662
4662 2257
2257 4663
2256 4663
2255 4664
2255 4664
2254 4665
2254 4665
2252 4666
2252 4666
2245 4667
2244 4667
2243 4668
2242 4668
2144 4669
2099 4669
2095 4670
2074 4671
2074 4671
4672 2073
2073 4673
2072 4673
2069 4674
2063 4674
2061 4675
4675 2033
2033 4676
2032 4677
2032 4677
2031 4678
2027 4678
2022 4679
4679 2019
2019 4680
2018 4681
2015 4681
2013 4682
2013 4682
2012 4683
2008 4683
4684 2007
2007 4685
4685 2006
2006 4686
2005 4687
1985 4687
1942 4688
4688 1941
1941 4689
1940 4689
4690 1937
1937 4691
4691 1925
1925 4692
1924 4692
1917 4693
1908 4693
4694 1905
1905 4695
1904 4695
1903 4696
1900 4697
1896 4698
1895 4699
1894 4700
1893 4700
1892 4701
1887 4702
1886 4702
1884 4703
1883 4703
1882 4704
1880 4704
4705 1879
1879 4706
4706 1877
1877 4707
1874 4707
1873 4708
1873 4708
1872 4709
1871 4709
4710 1869
1869 4711
1867 4712
1863 4713
1863 4713
4714 1862
1862 4715
1860 4715
1859 4716
1858 4716
1853 4717
1851 4718
1845 4718
4720 1828
1828 4721
1827 4721
1826 4722
1817 4722
1719 4723
1718 4724
1712 4724
1578 4725
4725 1577
1577 4726
4726 1511
1511 4727
1509 4727
1508 4728
4728 1473
1473 4729
4729 1472
1472 4730
1465 4731
1460 4731
1459 4732
1456 4733
1455 4733
1454 4734
1453 4735
1451 4735
1434 4736
1434 4736
4737 1431
1431 4738
4738 1430
1430 4739
1427 4740
4740 1426
1426 4741
1424 4742
4742 1418
1418 4743
4743 1417
1417 4744
1416 4744
1415 4745
4745 1413
1413 4746
1412 4746
4747 1376
1376 4748
1375 4749
1375 4749
4750 1374
1374 4751
1370 4752
1369 4752
1366 4753
1364 4754
1364 4754
1363 4755
4755 1362
1362 4756
4756 1361
1361 4757
1352 4757
1351 4758
1350 4758
1349 4759
1344 4760
1344 4760
1342 4761
1342 4761
1341 4762
1316 4763
1314 4763
1313 4764
1311 4764
1303 4765
1303 4765
1302 4766
1301 4768
1301 4768
1300 4769
1283 4770
1283 4770
4772 1282
1282 4773
4773 1281
1281 4774
4774 1280
1280 4775
1279 4775
1189 4776
1188 4776
1187 4777
1184 4777
1183 4778
4779 1182
1182 4780
1180 4781
1176 4782
1163 4782
1157 4783
1156 4783
1155 4784
1152 4784
1146 4785
1145 4785
1126 4786
1125 4786
1120 4787
1118 4787
1116 4788
1116 4788
1115 4789
1115 4789
4790 1114
1114 4791
4791 1113
1113 4792
1083 4792
1060 4793
1060 4793
1058 4794
1056 4794
1055 4795
1055 4795
1053 4796
1040 4796
4797 1039
1039 4798
1035 4798
1034 4799
1032 4799
4800 1029
1029 4801
1028 4801
1026 4802
4802 1018
1018 4803
1017 4803
1009 4804
1008 4805
1005 4805
1004 4806
1002 4806
1001 4807
1001 4807
1000 4808
990 4808
986 4809
970 4809
969 4810
4810 964
964 4811
939 4811
938 4812
937 4812
936 4813
4813 935
935 4814
4814 934
934 4815
933 4816
933 4816
932 4817
928 4818
4818 927
927 4820
926 4821
925 4822
924 4823
919 4823
918 4824
918 4824
917 4825
913 4825
912 4826
911 4826
908 4827
901 4827
4828 893
893 4829
892 4829
891 4830
890 4831
889 4831
888 4832
888 4832
887 4833
886 4833
883 4834
880 4835
872 4836
4837 871
871 4838
870 4838
866 4839
865 4839
861 4840
861 4840
860 4841
858 4842
858 4842
857 4843
853 4844
852 4844
851 4845
851 4845
849 4846
848 4847
838 4847
835 4848
4848 834
834 4849
833 4849
796 4850
4850 795
795 4851
792 4852
790 4852
781 4853
775 4854
774 4855
759 4856
4856 758
758 4857
745 4857
4858 730
730 4859
729 4859
4860 726
726 4861
708 4861
707 4862
705 4863
679 4864
673 4865
673 4865
672 4866
672 4866
671 4867
670 4868
4868 669
669 4869
4869 668
668 4870
665 4870
664 4871
4871 663
663 4872
662 4874
4874 648
648 4875
4875 646
646 4876
645 4876
637 4878
635 4878
632 4879
631 4879
617 4880
617 4880
4881 613
613 4882
4882 612
612 4883
4884 611
611 4885
4885 610
610 4886
608 4886
607 4887
606 4888
594 4889
594 4889
593 4891
591 4891
590 4892
590 4892
587 4893
586 4893
585 4894
583 4894
582 4895
580 4895
564 4896
563 4896
562 4897
557 4897
556 4898
4898 555
555 4899
554 4900
541 4900
540 4901
4901 535
535 4902
534 4902
533 4903
523 4903
522 4904
521 4904
503 4905
503 4905
499 4906
4906 498
498 4907
497 4907
493 4909
4909 492
492 4910
491 4911
491 4911
490 4912
486 4912
485 4913
482 4914
480 4915
4915 477
477 4916
469 4917
462 4918
461 4919
455 4919
4920 454
454 4921
453 4921
4922 452
452 4923
4923 451
451 4924
4925 450
450 4926
4926 449
449 4927
4927 448
448 4929
445 4929
440 4930
438 4931
437 4931
435 4933
4933 432
432 4934
427 4934
402 4935
395 4935
383 4936
378 4936
376 4937
4937 375
375 4939
371 4940
368 4940
356 4941
355 4941
4942 354
354 4943
353 4943
351 4944
349 4944
346 4945
342 4946
341 4946
340 4947
336 4948
4949 334
334 4950
4950 333
333 4951
4952 332
332 4953
331 4953
4954 324
324 4955
323 4956
323 4956
4957 322
322 4958
321 4958
320 4959
319 4959
300 4960
4961 292
292 4962
4962 291
291 4963
286 4963
285 4964
285 4964
284 4965
269 4965
4966 268
268 4967
267 4967
257 4968
4968 256
256 4969
255 4969
254 4970
254 4970
4971 252
252 4972
251 4973
251 4973
249 4974
4974 248
248 4975
4975 202
202 4976
198 4976
4977 197
197 4978
191 4978
190 4979
190 4979
189 4980
189 4980
188 4981
188 4981
168 4982
167 4983
166 4983
165 4984
164 4985
163 4985
156 4986
4986 155
155 4987
152 4987
151 4988
147 4988
146 4990
145 4991
145 4991
144 4992
4992 139
139 4993
136 4993
135 4994
135 4994
126 4995
126 4995
71 4996
70 4997
66 4998
4998 65
65 4999
64 4999
58 5000
3 5000
