1
200
1 2 495
1 3 48
1 4 62
1 5 300
1 6 76
1 7 17
1 8 492
2 9 481
2 10 55
2 11 295
2 12 87
2 13 242
2 14 143
2 15 209
2 16 246
2 17 69
2 18 333
2 19 470
2 20 415
2 21 198
2 22 211
2 23 227
2 24 434
2 25 24
2 26 442
2 27 164
2 28 174
2 29 381
4 34 26
5 33 266
6 30 397
6 31 200
6 32 215
29 35 330
29 36 473
29 37 483
29 38 45
35 44 415
36 39 349
36 40 150
36 41 26
36 42 205
37 45 370
37 46 343
37 47 25
38 43 158
43 67 16
43 68 245
43 69 437
43 70 209
43 71 186
43 72 224
43 73 171
45 74 143
46 75 1
46 76 178
47 48 160
47 49 61
47 50 377
47 51 307
47 52 494
47 53 15
47 54 371
47 55 348
47 56 191
47 57 14
47 58 306
47 59 335
47 60 194
47 61 145
47 62 104
47 63 182
47 64 361
47 65 186
47 66 491
72 77 144
72 78 354
72 79 465
72 80 109
72 81 229
72 82 309
72 83 71
72 84 227
72 85 400
72 86 424
76 87 497
76 88 5
76 89 39
76 90 145
76 91 134
76 92 441
88 93 244
93 94 289
93 95 132
94 96 24
96 97 67
97 98 48
98 99 133
99 100 53
100 101 423
101 102 424
102 103 289
103 104 355
104 105 361
105 106 451
106 107 152
107 108 26
108 109 129
109 110 64
110 111 83
111 112 57
112 113 89
113 114 385
114 115 9
115 116 339
116 117 48
117 118 103
118 119 326
119 120 72
120 121 73
121 122 241
122 123 375
123 124 5
124 125 124
125 126 128
126 127 429
127 128 279
128 129 262
129 130 379
130 131 460
131 132 220
132 133 80
133 134 68
134 135 107
135 136 290
136 137 25
137 138 464
138 139 109
139 140 239
140 141 219
141 142 350
142 143 490
143 144 189
144 145 370
145 146 393
146 147 407
147 148 284
148 149 27
149 150 421
150 151 57
151 152 79
152 153 422
153 154 272
154 155 434
155 156 269
156 157 281
157 158 197
158 159 73
159 160 197
160 161 32
161 162 77
162 163 264
163 164 128
164 165 40
165 166 236
166 167 376
167 168 389
168 169 286
169 170 406
170 171 483
171 172 451
172 173 81
173 174 365
174 175 108
175 176 65
176 177 450
177 178 103
178 179 182
179 180 46
180 181 432
181 182 338
182 183 347
183 184 197
184 185 145
185 186 462
186 187 147
187 188 305
188 189 11
189 190 307
190 191 357
191 192 125
192 193 21
193 194 41
194 195 330
195 196 59
196 197 167
197 198 187
198 199 74
199 200 353
