100
44088 37068 1
2028 24325 1
23546 23277 1
15345 15603 1
37568 7688 1
27547 2355 1
34648 38549 1
48841 15566 1
25490 2553 1
38167 48831 1
45532 8229 1
39788 29074 1
5315 3445 1
46993 2349 1
24271 21752 1
8589 38926 1
36131 9489 1
40023 37662 1
14426 3035 1
49615 49300 1
38561 33919 1
1716 17238 1
17301 23905 1
17509 40277 1
32222 25478 1
32068 43905 1
20941 40013 1
6494 23181 1
43988 13913 1
17536 27841 1
28578 40760 1
24081 25071 1
3711 5408 1
27074 21956 1
38136 3536 1
16406 47548 1
23003 27948 1
25977 228 3
30316 42260 1
31731 36228 1
49842 49768 1
27536 10477 1
35356 14567 1
39381 9228 1
481 39002 1
4230 34499 1
14570 43471 1
48029 7155 1
18546 14984 1
7096 16314 1
3561 23447 1
25239 37336 1
28320 39590 1
27807 10922 1
25851 14953 1
41162 37984 1
27960 43476 1
27042 17623 1
15389 30606 1
21529 45479 1
38844 30629 1
49436 12616 4
169 49383 1
32768 28640 1
45636 5181 1
49421 10025 1
31764 23928 1
47698 7678 1
31211 33888 1
41842 22512 2
38788 603 1
48316 24959 1
24889 47317 1
23351 27923 1
4385 39886 1
24411 35927 1
18831 37704 1
25589 19375 1
13144 48000 2
18527 31784 1
36613 7871 1
26218 12180 1
3639 27911 1
3940 35436 4
39433 19977 1
42987 42885 1
43792 49662 1
15494 28746 1
17808 27345 1
22502 41380 1
30711 33370 1
44312 32393 1
4682 38918 1
34112 31246 1
21788 33549 1
34097 18461 1
43737 28254 1
8955 12414 1
36207 16127 1
9735 43038 1
