3124
4364 16256 2
8069 5194 1
6116 11966 2
3146 5477 1
11188 35724 4
19078 7032 2
5035 21045 5
41410 32120 10
24438 44634 6
922 7930 1
18384 7254 3
2685 6512 1
29912 27628 4
23290 25970 5
5978 4665 1
7653 7150 1
8341 833 1
15695 41745 5
4448 36176 8
17661 9573 3
5152 9701 1
33852 10094 7
5789 44968 7
43170 9505 5
19434 9730 2
20727 27303 3
22108 12188 4
17604 13500 2
8952 1095 1
14637 4424 7
17408 12288 2
16670 32225 5
24738 27474 3
22000 33828 4
43939 30359 7
25764 36870 6
1780 16002 2
9298 5220 1
47250 19600 7
36444 744 4
17624 3804 2
4107 15480 3
15328 7072 4
14184 10413 3
9299 3533 1
4636 5147 1
6482 14412 2
34386 20911 11
14162 10698 2
24000 17056 4
1464 8822 1
36120 47568 6
18216 19008 3
326 5288 2
37004 35046 11
34480 30640 4
762 48762 6
45126 15480 6
331 6030 1
26665 32285 5
11496 14340 2
17358 4970 2
39128 12116 4
26742 22209 3
23464 43824 8
2616 36668 4
18282 7620 2
1150 29960 10
15900 35640 6
31795 10245 5
46300 22180 5
40250 651 7
47710 48465 5
38780 24316 4
14973 16520 7
9112 5542 1
49490 44660 5
9568 7426 1
857 7192 1
846 42216 6
37504 6824 8
16860 22044 3
44209 19305 11
3465 42372 33
43582 35616 7
8909 3729 1
38076 19564 4
12804 6510 3
4040 1284 1
21292 36824 4
16916 15346 2
35580 25432 4
44380 2960 20
47484 27882 6
2042 15572 2
8964 45120 12
4142 19076 2
6458 18990 2
39248 39184 4
18011 23219 7
33470 42945 5
17965 22035 5
48456 28392 6
3745 45206 7
784 22936 4
11478 24330 6
21231 540 3
27005 25885 5
38348 18068 4
23952 1968 8
16580 606 2
6261 1547 1
37835 11340 5
27665 25975 5
1876 4484 2
18717 10863 3
34326 37920 6
22248 34752 8
19740 7508 4
47568 33192 6
20016 39060 12
29425 43025 5
26125 28715 5
40315 40225 5
27450 22569 3
43085 16610 5
49770 4470 10
16745 43420 5
14688 5562 6
13024 31752 4
343 49490 49
43080 48960 24
5885 8094 1
4092 7241 1
11932 34428 4
14392 25204 4
18212 23108 4
7204 3588 2
28112 47696 8
49518 24066 9
44052 35802 6
8486 19734 2
33196 19684 4
1078 9901 1
28416 33008 8
6616 35420 4
4240 46360 8
13992 4602 3
31888 19712 4
36757 1897 7
5300 30310 10
8212 23520 4
40518 28074 6
27402 11649 3
10028 14242 2
6457 725 1
9543 5928 3
12351 29046 3
27846 43518 6
11956 5586 7
45225 36370 5
8268 26436 4
2890 37990 10
1969 2654 1
5588 2288 1
15050 9392 2
50000 48980 5
43470 7800 6
2435 4355 5
26994 21387 3
36390 44175 5
42724 4917 11
12240 8532 6
19290 12270 5
9975 25655 7
48784 29600 8
12624 6594 3
8400 23300 4
11515 41727 7
8458 6498 2
12602 15324 2
6714 7985 1
26589 5427 3
4504 7830 1
17934 9430 2
27306 29124 3
3414 8951 1
28845 22940 5
7653 8676 1
34980 7510 10
34255 43420 5
34588 29252 4
8060 24935 5
38640 27300 6
11388 2910 2
3761 3877 1
10065 31615 5
16324 13794 2
43824 31526 11
33532 8520 4
40725 8235 5
41590 45185 5
47208 1820 7
32416 10332 4
20920 29276 4
31996 37540 4
39035 47110 5
13344 18690 2
2535 2533 1
22975 955 5
635 45090 5
9830 42420 5
16908 7742 2
26151 11880 3
7864 2833 1
23952 18471 3
7600 31544 8
45248 22372 14
33344 2556 4
17680 762 2
48084 23754 6
4956 19072 2
9013 9781 1
14439 23490 3
15358 6460 2
15938 7564 2
14805 37254 21
5545 8435 1
25218 43860 6
4703 6851 1
7298 11680 2
1638 20514 3
4317 9680 1
40815 5920 5
5601 3966 1
29829 18267 3
5698 15974 2
6047 4402 1
32000 38345 5
9258 2022 6
17400 27084 3
45980 3935 5
17856 8073 3
35032 352 4
19862 11618 2
13494 21516 3
19616 35772 4
36640 35336 4
38752 17772 4
35845 380 5
5006 16686 2
12411 25701 3
1140 37206 6
47106 22680 9
12171 10563 3
26290 25135 11
19338 32784 6
8115 27660 15
2634 43836 6
10000 3328 2
38572 3980 4
8852 6556 1
4942 20503 7
2784 18798 3
35010 780 15
18834 17480 2
17424 27696 3
14478 27576 6
33396 39112 4
11144 17404 2
39220 49720 20
33930 31293 9
15130 30630 5
22575 39540 15
5799 5573 1
11612 14204 4
8688 5944 1
16920 14940 18
43158 8454 6
13614 17133 3
21006 18012 3
5164 30004 4
30795 5110 5
19947 9888 3
23176 4592 4
7213 690 1
7074 26166 3
38184 15768 12
25776 35586 6
15696 4948 2
9004 19820 4
9251 6351 1
16016 21572 4
21066 7188 3
22722 10890 3
8802 9548 1
19006 16552 2
11365 39630 5
16220 13488 2
11379 8721 3
48690 21180 6
2019 9790 1
14490 16460 2
12794 14028 2
23760 19557 3
30401 8281 7
27993 9667 7
23948 39844 4
39560 3880 5
20640 11028 4
20028 6400 4
8507 3688 1
45828 26064 6
1808 4129 1
26412 29808 6
26988 7188 4
36624 32328 24
28820 30808 4
18448 5788 2
80 49620 5
12730 41645 5
24384 41216 8
29986 7920 11
1935 8666 1
45055 45935 5
49799 39330 19
9720 43260 5
5700 11295 5
17064 816 6
44472 10440 24
7584 6400 1
20835 5658 3
30845 39500 5
9081 25146 3
624 14400 3
31302 8694 9
24626 48944 7
7048 9076 2
37524 26334 6
9476 18776 2
402 27780 6
24295 49710 5
3744 1512 1
22780 36092 4
31008 6108 4
25392 15225 3
7878 12792 2
35940 32764 4
18744 28299 3
1856 4723 1
5644 7792 1
36255 5510 5
12360 2637 3
17589 17001 3
12432 17910 2
21520 28164 4
8519 5276 1
34336 30896 4
15310 7486 2
47530 29375 5
16920 46175 5
28380 37180 4
8053 4158 1
34775 33520 5
22268 23748 4
27876 49632 6
5523 21414 3
8265 3031 1
14742 46035 9
34960 32625 5
14480 14402 2
26829 20172 3
16008 19996 2
23556 45024 6
17586 13570 2
12170 31275 5
5376 5946 1
11745 40655 5
5862 7850 1
10086 17974 2
25784 9528 4
9320 16270 10
15547 5565 7
36468 38352 12
3905 6589 1
12340 15254 2
23553 15678 3
2451 3028 1
26368 6168 4
34104 25752 6
29888 44264 8
17586 9720 6
38241 27755 7
4102 6701 1
44712 49928 8
10890 32790 30
36432 45672 11
9803 6646 1
12368 42192 8
8569 6144 1
2530 27016 11
33540 22274 86
34984 24760 4
33060 15745 5
15648 2428 4
47117 26866 7
3573 26664 3
8904 21888 4
19445 40920 5
7532 4523 1
32780 12840 5
3270 36396 6
27189 8868 3
8733 859 1
19004 24492 4
8928 19936 2
12582 34380 9
5136 6833 1
43713 17226 27
6310 8799 1
19691 15190 7
26439 2976 3
22650 9195 3
33580 16596 4
5616 14952 24
18908 7976 2
25308 3940 4
42985 22000 5
26272 29056 4
1036 12094 2
27738 21354 3
34676 28104 4
30478 11914 14
11877 27459 3
42400 19910 5
11844 30360 6
13576 22612 4
3504 9109 1
11392 7700 2
14526 19908 3
3537 24921 3
6421 3461 1
49008 46584 12
3394 11168 2
27925 4685 5
6545 4774 1
22665 8505 3
16676 14890 2
22572 6246 9
15808 992 16
6950 37175 5
18095 21775 5
21312 19413 3
24480 15335 5
26915 46788 7
25290 7455 3
2362 17124 2
5991 7988 1
13950 13060 2
15195 47415 5
27596 29556 4
37372 16464 4
18272 10376 2
27195 23898 7
6853 534 1
26238 14160 3
15544 8332 2
24081 3795 3
15544 7052 2
48170 40400 5
13803 28491 3
2850 8635 1
43668 20232 6
35288 15396 4
6008 29388 4
13347 29511 3
14642 14252 2
6918 2822 2
43905 5210 5
5214 3133 1
4136 19848 4
45120 35628 6
24018 45822 6
13895 6370 5
33652 788 4
33956 14640 4
24072 42564 12
17968 4568 2
32373 9306 9
34016 35912 8
4963 3625 1
948 19416 2
6692 1997 1
17878 1043 7
12684 26007 3
2256 26792 4
16696 18748 4
23287 23727 11
5170 7180 2
26632 32100 4
1676 11076 2
4932 9062 1
15750 10976 7
2918 18408 2
14148 9168 6
4196 9204 1
6580 7192 4
31997 40971 7
21876 8958 3
41610 38260 10
40794 35466 6
9337 4682 1
19588 4060 4
49035 46172 7
38655 35030 5
33920 28732 4
15132 572 52
6075 44325 15
11928 8354 2
42130 7335 5
15278 13364 2
38284 4756 4
25338 8439 3
16438 6824 2
21385 36555 5
29007 22410 9
10035 24039 3
17986 10388 2
19628 3284 2
36832 8004 4
16152 24244 4
41945 3340 5
22284 23172 6
21756 11607 3
28962 32202 6
14932 5374 2
5040 25900 35
20868 8820 3
21420 36080 10
40243 48930 7
7341 27027 3
16578 29118 3
7196 9784 2
41083 29610 7
32175 23192 13
432 7356 1
16200 7695 3
20695 36400 5
21111 28854 3
49360 3375 5
33383 22218 7
19143 15774 3
5628 19881 3
18920 24632 8
8948 35168 4
19325 31410 5
40530 7985 5
27465 7329 3
24528 42684 6
17606 5822 2
31343 3471 13
26316 31592 4
29792 21912 4
12699 26697 3
34320 45440 10
9320 668 2
48240 27010 5
11610 40035 5
42100 23835 5
30405 14325 15
3476 17464 2
24780 46896 6
16860 2505 3
12150 24140 5
8637 6481 1
15160 29252 4
3607 8875 1
4146 15278 2
32540 30850 5
2143 7740 1
15928 17116 2
156 32616 6
24045 42800 5
3366 44238 6
10758 13023 3
24888 10480 8
4396 26481 7
4462 9872 1
22316 13160 4
2457 10734 3
33856 19616 4
44954 39970 14
25492 356 4
2233 9873 1
48102 29982 6
30360 28362 6
3300 44290 5
33220 29552 4
33464 35564 4
26756 21200 4
13475 49575 5
15488 6662 2
13778 18702 2
8508 16809 3
27036 8036 4
27711 3180 3
29946 19290 3
2204 32352 4
871 9443 1
17508 18810 2
9188 8158 1
20277 29994 3
40900 16385 5
37121 31003 7
20544 20409 3
19475 3075 5
28450 10290 5
47000 12035 5
31486 35477 13
11158 722 2
29099 399 7
34040 41370 5
8007 9144 1
1462 9106 1
4844 35980 7
20385 8562 3
49100 3590 5
19248 9576 12
1584 12870 9
9354 24462 3
17444 9681 7
42240 31108 22
21296 2392 4
42408 29250 6
38550 43704 6
19302 10690 2
33852 17214 6
6166 5813 1
23319 9588 3
23810 30465 5
33590 22940 10
32298 48097 7
28080 25152 4
47990 4195 5
22590 32484 6
5618 8994 1
4884 7902 1
4820 38260 5
38028 28728 4
33408 12884 4
41175 2665 5
18459 38514 7
17400 35622 6
17756 16844 2
20555 44790 5
23130 1743 3
6333 6281 1
30456 7520 4
38490 10050 15
13120 17562 2
27736 36624 8
26883 23070 3
25784 33700 4
32830 22350 10
14284 14464 2
6039 17172 9
5558 16108 2
26176 16912 4
17424 22197 3
19020 46980 20
422 9326 2
22851 10542 3
23980 32940 20
44634 9546 6
36512 22813 7
49379 9735 11
38972 15220 4
5176 3694 1
34624 6672 4
13746 17116 2
6583 8684 1
7060 7662 1
14260 25370 5
18806 7600 2
14296 16986 2
1032 32700 4
3781 1862 1
10917 29823 3
48930 8134 7
18380 19090 5
12192 41424 8
13136 3634 2
19902 41178 6
4916 15468 2
16458 22443 3
12066 24699 3
25935 21180 15
15264 26514 18
36688 43096 8
7444 8503 1
25350 47330 5
28104 18216 4
37972 38068 4
34224 11228 4
9157 2389 1
46358 38064 13
30126 1470 6
5538 33810 6
22428 46067 7
20615 3542 7
1700 5244 2
22434 2367 3
7815 24525 3
22724 23856 4
9030 6606 6
29165 47655 5
43568 13584 8
48411 44199 9
43032 6912 24
46473 22575 7
25965 17330 5
25521 17718 3
34036 14500 4
6653 6490 1
28128 34952 4
44256 31722 6
24606 30231 9
43722 38626 7
31816 17276 4
5484 48378 6
10887 7551 3
5115 28770 5
16788 32444 4
1547 1597 1
2496 29208 3
19386 4408 2
39816 15714 9
45171 11158 7
39120 36580 20
23970 14365 5
27945 12468 3
10533 22365 3
35128 12868 4
18360 11028 12
20520 3168 9
8673 5415 1
5262 40746 6
19422 32010 6
37121 43771 7
25644 46968 6
17094 16062 2
16486 14930 2
37284 26244 4
9720 24660 15
9086 3938 2
3776 2376 1
12902 17682 2
16875 28578 3
7915 3267 1
17379 10161 3
13300 29778 7
12670 38370 10
10839 27 3
29336 18556 4
5479 9958 1
6127 8525 1
13884 548 4
34350 47745 5
1210 43090 5
14645 13375 5
39004 12264 7
23256 36860 4
27588 15504 3
17912 3972 4
16938 9872 2
41027 31507 7
32755 20690 5
2255 30680 5
32788 31444 14
18676 10168 4
48202 16643 11
16662 7146 2
6481 8620 1
29031 14955 3
11170 9884 2
15315 33225 5
24645 8790 3
2296 45864 7
9639 28194 3
1164 18804 3
12948 14636 2
28416 3879 3
7274 4453 1
41877 9531 9
16360 170 10
7072 5566 2
44945 13700 5
22061 21320 13
25125 23979 3
1581 18420 3
39480 9110 10
15944 29492 4
29320 48565 5
37646 46914 14
27420 31870 10
41745 45160 5
19539 42867 9
6327 8113 1
19620 3000 3
25167 1482 3
11520 5178 2
29716 17360 4
7867 1283 1
9032 6281 1
14022 27150 6
35056 38064 4
21315 30772 49
17195 39565 5
12350 41960 10
29955 44880 5
39285 8082 9
36545 16265 5
49842 1935 9
45840 38760 6
48685 45031 7
3159 6236 1
31528 33552 4
25323 8964 3
25095 46788 7
41657 46256 7
29155 47065 5
25490 20580 10
39785 11810 5
19665 25665 15
24651 41217 11
49800 41675 5
31122 18243 9
10977 14895 3
22370 42390 5
21792 7239 3
16578 2148 2
14886 2098 2
8672 6464 2
7844 16964 2
40145 33740 7
46548 19818 18
45000 46280 5
3839 9604 1
7680 890 2
39340 42280 5
41950 31400 5
333 29316 3
20076 48264 12
6920 4920 1
20916 46620 12
42144 33366 6
606 17352 2
27736 39152 8
755 39010 5
16368 1320 2
9482 15740 2
14940 28110 5
16936 1080 2
32880 6976 4
19480 36164 4
43356 46344 6
4281 28986 3
4232 6600 1
1885 32935 5
10612 45129 7
33138 44352 7
22500 41020 5
29375 14110 5
37955 17750 5
40518 42558 6
23590 36780 10
13770 48695 5
3396 9455 1
11946 17988 6
30500 17548 4
9022 9761 1
6041 1599 1
12216 47076 12
15982 9366 2
4013 8047 1
43495 6175 5
9907 3748 1
15320 47925 5
26808 1089 3
21320 26740 20
9772 44443 7
8288 12934 2
35586 612 6
37256 5736 8
33820 17600 5
9208 11116 2
3888 2693 1
5404 29644 4
30590 14777 7
36050 37289 7
22224 25808 16
17066 12980 2
12024 2340 6
15854 16442 2
26286 10719 3
9700 20144 4
19888 6158 2
8040 10420 20
23845 44060 5
3351 17961 3
6690 11712 2
27095 34490 5
6872 9689 1
6265 8564 1
38012 39260 26
27024 32128 4
40362 33582 6
27392 5468 4
5502 9973 1
15252 16030 2
49788 34254 9
43205 8715 5
3000 42630 6
35392 28104 4
19016 15008 4
6844 17350 2
20109 2118 3
9997 6670 1
25808 38592 4
8176 36120 4
36315 9010 5
15609 7797 3
4578 33852 14
11980 20270 10
37152 46272 8
7496 6928 1
9978 17802 6
38885 24750 5
2454 9836 2
48720 30565 5
22589 42 7
9663 4906 1
26648 26328 8
34915 48885 5
10120 49148 11
38050 17020 5
32634 46326 7
22932 47271 7
23100 42819 7
9276 28473 3
38990 20435 5
3240 4691 1
3042 35737 13
5605 32690 5
16930 19006 2
8424 2848 8
4512 4937 1
35700 36432 6
34460 9076 4
7212 8844 2
31512 9498 6
47160 48036 6
8598 3771 1
7168 18332 2
17169 15486 3
8018 2063 1
14565 23283 3
17650 11174 2
43700 26230 10
47424 26124 6
18484 700 4
7730 1542 1
24228 43122 6
15068 3052 2
7382 19154 2
2240 36664 8
10332 12638 2
4017 9865 1
6369 5819 1
31125 37260 5
23275 31690 5
32526 31224 6
13500 3234 6
47976 20336 8
474 13670 2
8134 13790 7
26680 21825 5
16656 38264 4
4951 9732 1
13030 27945 5
21147 39123 7
29035 35005 5
11550 7948 2
6943 9790 1
41748 21518 14
18596 10432 2
18450 49176 9
6369 7008 3
10725 19680 3
17340 15168 6
16642 15404 2
6901 6446 1
20034 6264 6
20650 43680 5
44628 20394 6
37516 2348 4
18672 25620 4
25440 2523 3
1544 4706 1
47105 10190 5
26892 37048 4
25017 28674 3
12900 852 4
9002 5750 2
21952 30432 32
9377 820 1
17242 10436 2
4833 19029 3
26736 16408 4
20412 11658 3
17022 726 2
8709 539 1
22498 19838 14
14606 3580 2
34256 12736 8
6788 8781 1
27012 44388 6
33439 41440 7
15468 28566 6
16785 20736 3
37704 22200 8
49340 11615 5
23553 17874 3
11876 12416 4
23700 7390 5
48510 15344 7
9918 48102 6
9390 44510 5
26168 5640 4
16053 6777 3
6434 5293 1
8840 8888 1
48365 26895 5
25077 13845 3
5013 3659 1
24177 25299 3
5013 8186 1
17490 24270 3
45126 15930 6
11884 38912 4
46764 5652 9
5292 3538 1
11136 23100 4
41085 43125 5
16948 14324 2
23961 12801 3
7868 19544 7
20615 29775 5
42744 4200 6
39228 9360 4
1782 7155 3
29856 22036 4
22818 22272 3
38171 13839 7
24174 2130 6
5043 8459 1
37205 36895 5
5708 16136 4
18645 10728 3
3110 8183 1
3280 8884 1
24530 48760 5
29766 14085 3
14505 5010 5
31518 26190 18
21055 38325 5
10176 42480 8
14855 36490 5
39364 14742 13
16964 39408 4
14892 39462 6
29385 48835 5
3786 46176 6
19425 11064 3
29046 12129 3
30312 20324 4
8160 21516 4
554 7960 1
9576 43236 12
15740 11346 2
22185 18513 9
13300 5526 2
27720 645 3
45066 48354 6
1905 29343 3
1048 6439 1
3980 31720 4
15678 5858 2
6099 4189 1
18300 34850 5
33548 10052 4
44473 6732 11
4956 36918 6
5678 8873 1
22518 48132 6
19330 14542 2
4956 8822 1
6119 7859 1
2850 20345 5
19224 16316 4
13268 22656 4
42768 42624 8
10042 10074 2
2436 6900 1
17275 36770 5
23958 46278 6
12990 18888 2
26028 21825 3
8399 6921 1
8121 9576 1
8162 14168 2
45738 45444 6
28504 19260 4
39264 45920 8
41860 12628 7
19728 8186 2
30015 2988 9
45221 15070 11
5110 49285 5
30600 13545 5
29544 4412 4
10316 14840 2
23600 31080 5
27960 33840 20
35700 11328 4
30036 17166 6
25935 6726 19
10518 4173 3
29435 25186 7
2823 7629 1
6840 7728 24
19962 2493 3
25980 18135 5
12852 13462 2
399 20958 7
32252 33976 4
21784 29980 4
36948 14766 6
26828 24380 4
11154 46079 11
43795 31685 5
29319 14337 3
36764 8108 4
31930 44290 5
5958 4448 1
1980 45820 5
30856 36784 8
23142 38647 7
28572 49140 6
44340 41185 5
26550 24414 3
1451 1855 1
38932 28328 4
6915 47845 5
38531 18285 53
37052 27660 4
3564 39616 4
25640 960 4
4137 15897 3
5502 1383 1
5777 8503 1
3497 7323 1
41952 29678 19
43800 9966 6
25795 19695 5
8 10674 2
31472 29596 4
29328 14259 3
15872 3644 2
12528 30560 4
11856 33888 6
3685 15807 11
17304 12912 6
35376 18544 4
16714 17320 2
18832 19800 2
9290 9192 1
14812 41496 7
4628 39496 4
23170 1806 7
17484 29697 3
43208 45488 8
24552 49500 33
22770 48168 6
15438 7182 2
11670 43175 5
6600 38740 20
48392 34232 8
24192 34552 7
4254 17853 3
8929 5983 1
33870 4525 5
49590 24507 9
9003 858 3
3856 38164 4
18856 19976 2
23926 36218 7
44315 9790 5
25555 12610 5
8760 6906 1
13242 16300 2
6462 15735 3
44 15114 11
45078 48587 11
7638 7669 1
17638 484 2
8502 27468 3
17634 6584 2
15582 42498 6
38880 44008 8
45240 2005 5
35244 10424 4
18333 15003 9
677 5852 1
21519 11493 3
41342 23716 14
41136 1224 8
9748 13782 2
28512 46593 9
43002 39186 6
32020 11988 4
4015 4883 1
29970 1240 10
366 4119 3
9874 6957 1
2796 17006 2
42978 15180 6
16800 37872 4
1171 5119 1
49500 15890 10
33744 3420 12
9115 25450 5
37020 22255 5
15612 10854 3
18100 1850 2
26736 25380 12
7512 17188 2
26505 24642 9
5094 19898 2
16095 15486 29
29292 4708 4
36568 18332 4
9296 46736 16
5012 6321 1
11062 19798 2
20940 37410 5
44905 30191 7
2345 9012 1
4139 7418 1
1682 3077 1
14236 19200 2
40704 21900 6
26604 29847 3
22149 27351 9
26280 38388 6
4532 38360 4
33257 4277 7
23742 9348 3
6907 7994 1
6750 5238 2
3793 8883 1
3878 2309 1
6845 35446 37
28624 6844 4
8043 24178 7
2910 11396 2
990 37686 6
16070 16600 2
33506 49148 11
4614 10538 2
12130 40665 5
11326 18928 2
26908 12676 4
15072 42120 6
39565 46430 5
7923 4535 1
3789 9825 1
18730 12518 2
9450 7863 1
4180 8804 1
13996 12616 2
6804 48648 12
36750 34832 7
34912 37152 4
44198 13503 7
21865 22890 5
8802 10024 2
10248 22416 3
7339 7247 1
6477 6345 1
3742 3960 2
23085 22510 5
9065 27245 5
39676 37688 4
16304 7224 2
7446 44532 6
43310 14740 5
2594 8628 1
35350 13496 14
8078 7282 1
17490 18164 2
13581 29604 3
16854 4500 2
34904 18708 4
12168 25452 4
7375 1071 1
24550 28355 5
17424 20328 264
38696 24584 4
10190 41370 5
19648 10562 2
36816 3088 16
36162 31512 6
7677 9584 1
18676 17507 7
47493 1980 9
2166 7190 1
29886 17400 6
5811 8158 1
33580 24356 4
5262 12288 6
14256 17790 2
15120 29556 18
6882 1809 1
18132 5394 3
6985 33620 5
10260 18952 4
423 27963 3
31998 4014 6
26412 24138 6
40712 38689 7
12752 18832 4
38015 21670 5
29514 13740 6
47439 17087 7
9512 48328 8
25980 43940 10
2250 10712 2
18051 24090 3
28110 14000 10
4596 29538 3
47675 46900 5
28840 27695 5
144 6274 1
10479 44205 21
32739 24808 7
17232 6504 2
5159 25377 11
3434 8298 2
36036 9424 4
21464 28172 4
18476 14978 2
12075 20946 3
33456 17072 8
16282 3832 2
16996 340 4
10730 1378 2
18275 30680 5
26598 10977 3
26532 28023 3
27900 19569 3
4020 23853 3
10208 28088 4
7818 13226 2
39104 23768 8
37184 30088 8
20979 14754 3
639 8404 1
45070 24585 5
23140 18005 5
4540 17276 2
4782 16946 2
7068 31988 4
37128 2220 4
49506 46362 6
43674 26592 6
13960 13924 4
3054 7728 2
8286 18512 2
9000 44340 15
15912 19314 9
4059 8825 1
1130 16430 2
33894 45996 6
22950 17769 3
7625 1606 1
39990 45738 6
432 21429 3
7791 1009 1
29592 11592 4
4194 48966 6
8116 34960 4
46656 24183 9
18809 19782 7
15832 20640 8
39837 17710 7
48280 39415 5
4131 25467 3
240 44940 5
28725 27654 3
38036 15308 4
25680 7482 3
659 613 1
42935 26035 5
34620 27664 4
9262 49082 22
31305 16430 5
5600 26844 4
35296 33488 4
16942 13216 2
8886 8841 3
2067 9233 1
9391 6549 1
33984 7740 6
39870 24450 6
28572 16764 12
7372 8107 1
36365 36925 5
48104 19509 7
6362 8559 1
19740 7074 2
6660 6383 1
29051 49962 11
13406 11718 2
27225 17781 3
12888 37396 4
8155 21231 7
5922 4144 1
736 7342 2
12849 28539 3
3890 11098 2
45135 8355 5
46060 10685 5
6810 27777 3
15768 31936 4
6120 33020 10
48620 40890 5
42700 47887 7
45873 8091 9
20532 7563 3
27846 17408 17
8691 8514 1
7140 13881 7
9185 5719 1
23450 42427 7
9682 11244 2
4758 12002 2
3683 7267 1
3051 7706 1
21402 27444 6
20088 8140 4
10536 19004 2
13332 19605 3
7408 542 2
16062 17034 2
1140 14580 5
16038 10926 6
425 16705 5
65 35724 13
222 8790 2
37236 21810 6
37380 20922 6
34880 34676 4
47505 39060 15
14154 8750 2
20398 49756 7
4344 9832 1
42834 36240 6
3912 18684 3
24903 8508 3
23845 10250 5
4536 7737 1
49300 4660 5
9831 7076 1
8876 6098 2
9198 6384 1
33060 41290 5
36470 18700 5
44902 43780 22
4779 22167 3
21888 11310 6
45960 41915 5
1352 5705 1
6350 112 1
1898 8921 1
1239 9958 1
2547 15834 3
11730 11079 3
15148 15688 2
976 7790 1
24829 40726 7
24063 21762 3
28260 17484 3
7786 8276 1
17108 8526 2
13364 17616 4
17200 38052 4
15147 2358 3
4210 29300 5
40325 18990 5
47316 31026 6
3560 11630 2
29334 11223 3
38248 21368 8
7479 1702 1
38436 28120 4
24252 3392 4
41004 37368 6
19330 234 2
7267 2430 1
33075 32010 5
9309 6849 1
11535 19380 3
5342 9702 1
9018 9196 1
11808 32139 9
22646 29718 26
36164 32476 4
37575 6265 5
45138 24240 6
46981 22649 11
11475 40020 5
3333 8000 1
39804 31244 4
3638 5797 1
20902 49756 7
1086 6936 1
43165 25420 5
16245 14782 19
4765 39370 5
28896 1290 6
18840 26400 8
21855 1506 3
7092 36672 6
16281 7695 3
17580 16108 2
2719 8569 1
944 9571 1
12259 39689 13
3175 6840 1
44785 17230 5
8189 45125 19
34736 6560 4
5737 3400 1
19068 8442 2
34672 5544 4
49600 5930 5
12940 41410 10
11510 2284 2
49038 19030 11
12594 936 2
11104 33200 8
28390 39225 5
42642 3636 9
17256 15364 2
46832 43056 8
23576 19380 4
46625 36585 5
41795 31950 5
10626 7736 2
4014 22797 9
46270 34145 5
26020 760 4
1190 19270 2
3118 19714 2
42918 45708 6
49200 17785 5
44609 44082 31
4650 2774 1
26747 26516 7
14552 15432 4
6391 20944 11
13928 29024 8
21741 20013 3
49794 47094 6
34940 30684 4
44856 44247 21
38910 43404 6
21072 23703 3
16824 30872 8
4686 1212 2
19035 43130 5
3520 1011 1
15592 28244 4
45900 14260 10
13388 15298 2
2526 4287 1
19377 4767 3
15516 36112 4
21120 44024 8
9292 5673 1
17065 44835 5
5100 2338 1
18584 2884 2
5390 5176 1
29535 7998 3
21987 5820 3
2278 8262 1
34560 25176 8
31705 7888 17
25464 39552 12
11124 37048 4
28170 6525 5
20304 26744 4
5770 11060 2
5140 7004 1
9159 17544 3
16024 7256 4
14118 14394 3
5223 6580 1
16940 9796 2
44990 36510 10
25496 32136 8
34531 11116 7
22065 2388 3
14908 35252 4
6076 49308 14
657 14250 3
9020 40995 5
28470 12282 6
6253 39442 37
876 20481 3
19851 18897 3
3472 16426 2
34076 34706 7
4622 1384 1
36960 16014 6
25025 31122 7
36588 18372 4
28185 15924 3
24624 24004 4
30339 48537 9
8355 9300 1
31440 47280 15
1092 6007 1
966 15496 2
26780 46420 10
23172 49092 12
14248 17904 2
23903 20500 41
24204 3339 3
36639 5106 23
3120 37896 12
15164 17520 4
25753 14931 7
2410 17076 2
4762 11694 2
14286 12549 3
20256 21700 4
33440 38668 4
7215 9456 1
5990 3313 1
21788 14572 4
25125 33175 5
3252 23418 3
23898 10521 7
21788 45812 52
2130 9330 3
5094 4546 1
19596 43068 6
24535 21940 5
9156 2470 2
23172 12465 3
14916 5134 2
37080 46836 12
36108 16893 9
31288 9184 8
9561 7055 1
5434 11868 2
14679 28722 3
39080 8260 4
6990 37360 5
16676 15904 2
45780 33600 7
8771 4237 1
26322 23319 3
25476 25756 4
9246 20160 3
6114 14092 2
18750 12340 2
175 21820 5
20898 3576 6
47892 39144 6
44424 43608 12
42426 17034 6
37100 825 25
15935 34690 5
21090 43645 5
31944 42372 22
6717 11685 3
18354 15674 2
16236 1284 3
8240 1394 1
33950 2618 7
1312 36484 4
11286 35720 38
35240 21296 4
32804 22524 4
5527 1194 1
16734 17048 2
20615 42560 7
15908 38860 4
25524 20808 4
39900 17752 4
11810 45315 5
11480 25240 4
22393 3038 7
26805 33935 5
24492 24684 6
44382 7680 6
23528 3444 4
26125 37050 19
9063 5045 1
2913 27153 3
4900 28462 14
5108 31244 4
28974 27258 3
21429 29886 3
31355 30410 5
46989 4680 9
16768 15912 2
33000 16875 5
3540 27732 4
28452 47616 12
25872 47656 7
3169 7556 1
19802 2788 2
44270 21590 5
15405 31035 5
25011 2739 3
12213 6825 3
45840 14390 5
42785 36120 5
30075 10875 5
30228 34564 4
25017 6585 3
5328 38256 4
7240 35015 5
40200 5316 12
12884 12592 2
10800 33642 27
7980 7172 1
5482 9654 2
34349 49070 7
25718 42306 11
29286 1932 3
24038 30736 17
200 46830 10
34110 42935 5
34052 12448 4
9164 1891 1
18387 48330 27
47616 17136 12
4300 8164 1
32844 17968 4
21603 8646 3
38065 49785 5
13748 43036 14
5505 6933 1
8335 38980 5
8890 21209 127
2508 27123 3
46610 27460 5
4011 8941 1
10992 38844 6
25257 16791 3
7651 7036 1
31229 40007 11
39270 6072 11
47040 31884 6
5859 21966 21
2366 10306 2
32746 7924 7
44163 32361 7
8159 539 1
28872 33552 6
563 8186 1
22535 15060 5
26803 1876 7
15474 15522 3
9066 22908 6
44390 49690 5
12202 18356 2
2273 2243 1
3196 8064 4
2563 41404 11
6405 23901 3
7402 8606 1
3964 398 2
11356 17996 2
47575 9840 5
24936 45072 6
28630 36770 10
32965 17715 5
5930 7222 1
27456 6094 22
14950 17670 10
14234 41371 11
25345 32955 5
21465 10080 3
18480 19540 2
14862 39324 6
11595 43055 5
19500 12624 2
19168 33664 8
18358 1926 2
3700 7266 1
8168 3270 2
20787 26211 3
5175 3770 5
6767 6956 1
31780 19845 5
6400 5196 1
13264 37040 8
2615 8809 1
45424 6528 8
5646 8000 1
43470 27828 6
10040 6560 5
42126 35454 6
47585 41830 5
18184 24092 4
5130 2184 2
16165 11940 5
25569 28848 3
9488 35480 4
8418 4769 1
18042 13358 2
15210 45422 26
35880 41704 13
9878 7324 1
23412 38564 4
45954 23112 6
42343 44849 7
19288 28744 8
46501 34034 13
6945 12918 3
18004 16930 2
8224 40184 8
49295 4790 5
21636 9594 9
13098 48072 6
13272 43722 21
21068 33124 4
14178 45384 6
32184 7148 4
20403 25371 9
27288 4680 6
35352 47310 6
14764 13852 4
4235 49425 5
11190 31545 5
5262 17428 2
31172 9084 4
18678 3628 2
1312 32092 4
3209 7220 1
35156 19646 11
9100 39088 4
47560 49520 8
7348 35072 4
26094 19095 3
28100 34492 4
29973 792 3
7218 8529 1
1850 28810 5
8623 4770 1
8928 9560 1
43505 20846 7
14300 39055 5
5600 16075 25
27861 29712 3
3571 4708 1
2590 5856 1
15522 4614 3
15521 27445 11
22353 18963 3
11524 1166 2
29718 7656 3
30430 3395 5
18968 984 2
30600 6355 5
38100 18050 10
9436 14875 7
36832 30080 4
14697 45594 9
20064 7986 66
9864 27648 3
4200 8208 3
5458 18964 2
18875 48420 5
5256 5349 1
19540 32484 4
24204 19254 3
8450 6841 1
9382 15272 2
4373 5586 1
10220 18528 2
2402 6980 1
11847 21989 11
2585 30065 5
15141 28023 3
28660 15710 5
46305 5500 5
16584 20649 3
43860 13275 15
30630 14256 6
3514 6454 1
13386 4588 2
39438 43362 6
5497 262 1
12582 5914 2
7736 2576 1
24884 4884 4
10400 21664 8
3225 17535 5
15082 9098 2
1211 4970 1
40272 41358 6
7013 6562 1
37590 14205 5
3538 15904 2
20940 42855 15
1375 8391 1
30555 47035 5
7027 1309 1
23900 39932 4
4554 25503 3
5933 9929 1
12396 9698 2
36236 22944 4
36944 3496 4
47984 10080 8
45895 49390 5
10006 18724 2
32250 3096 6
11762 6272 2
26334 14256 9
12726 33649 7
4462 16842 2
28784 8348 4
43318 23727 11
24264 20884 4
40698 18963 9
9744 5946 1
37824 20064 8
18699 17844 3
9286 8096 2
47674 26246 11
25336 38800 4
38120 17580 5
24424 32992 4
8721 7355 1
26970 10040 5
32724 12996 4
11256 17668 4
22338 34896 6
8811 1587 1
1499 1234 1
1854 19314 2
24516 21942 3
18245 45200 5
23995 47680 5
7338 2168 1
5194 1880 1
41830 35205 5
4666 15722 2
17584 26536 4
9532 39348 4
19356 38200 4
8866 17094 2
1769 9093 1
45300 17200 20
38040 44802 6
7203 6858 1
8118 7042 1
42147 29421 9
15370 12530 5
13952 4056 2
3616 12738 2
15912 18876 2
18046 5264 2
242 7123 1
18125 49465 5
25662 28854 7
8066 15676 2
34386 7007 11
26948 16576 4
16485 37425 5
5252 36672 4
17564 4060 4
26568 34392 12
29544 16904 8
14164 776 2
12192 24594 6
44745 21250 5
4362 23109 3
30462 8052 6
3024 3304 8
14922 40290 6
29847 5538 3
3152 13360 2
2520 33648 4
14928 25551 3
9511 4401 1
14691 18180 3
14260 16588 2
49110 7350 15
44420 46800 10
29184 16368 6
24766 23464 14
25746 603 3
47907 24165 9
18104 17578 2
31968 1476 4
15984 1488 2
27018 24315 3
21136 32040 8
36250 45645 5
48862 21769 11
9207 5124 1
1772 4796 2
34279 44898 7
3736 27056 4
24171 26718 3
48240 42430 5
6219 48825 9
2147 737 1
32452 46702 38
2976 14832 2
8106 25164 3
29895 33990 5
8162 6782 2
48870 20350 5
20976 15828 4
26616 45630 6
12676 9508 4
1376 8978 2
4031 8649 1
18764 10864 4
40464 4032 9
9104 3948 2
37080 43400 10
38275 34465 5
43047 34848 9
17818 10474 2
21987 7224 3
46420 37920 5
4778 9589 1
39904 37272 8
38736 30488 4
2706 26976 3
18648 12744 4
17264 252 4
6352 8153 1
6320 1374 1
19806 18022 2
46000 37740 5
26550 36920 10
5916 16680 4
22479 7323 3
2590 39660 5
45550 35670 10
23700 8815 5
19378 1332 2
32830 48244 14
46525 6605 5
5234 4799 1
7551 19260 3
6880 42460 5
16116 17298 2
2156 9340 2
39084 17238 6
8369 9214 1
16842 13854 6
8142 2715 1
28815 28362 3
45034 29326 22
18739 46130 7
5460 29775 3
17278 17872 2
27015 4125 5
11275 35660 5
38500 22208 4
22770 41584 46
14864 38068 4
594 24126 3
7782 5852 1
37859 35632 17
15310 18590 2
39593 34595 17
270 25050 5
31902 4314 6
17060 8666 2
14090 19420 5
3328 9771 1
9516 26058 3
49280 22295 5
10924 16684 2
12984 24066 3
35105 49680 5
8332 15686 2
8892 19214 2
6856 861 1
10018 13138 2
6275 6780 1
23332 18376 4
32975 46495 5
18064 13612 2
43450 4225 5
48516 27366 6
19326 15696 2
4447 9132 1
1293 22857 3
19056 29376 3
13436 7950 2
18210 26745 5
12552 17036 2
44525 4995 5
4150 5630 1
10320 30732 6
43518 10146 6
18084 21822 3
9723 6529 1
9675 7458 1
25044 28254 3
23348 36576 4
23064 37662 6
48405 40950 7
31348 1692 4
9318 278 1
19602 35387 11
24423 47684 7
2225 43015 5
16452 24832 4
42705 17810 65
37176 12592 4
17700 1848 2
5562 17698 2
13924 33568 4
18202 4510 2
9146 4326 2
88 30056 4
32100 31000 25
11835 22685 5
19644 42810 6
6132 29013 3
10216 30708 4
40380 1260 30
16315 33310 5
19772 10740 4
5703 9871 1
2234 4130 2
23604 6580 14
33822 30186 6
25230 7365 3
16332 31974 6
16959 8271 3
4399 6207 1
48342 34636 7
6330 26170 5
17108 27580 4
1728 27726 3
7131 9242 1
16952 12540 4
5004 3052 2
12148 24604 4
28116 468 3
15984 9756 3
21416 9736 4
46635 12685 5
11014 3124 2
29358 10014 3
15960 49086 6
17278 15966 2
3143 1248 1
19197 28224 9
752 14826 2
10784 9552 2
27786 18951 3
6416 717 1
19116 17470 2
19959 14601 3
9772 13532 4
39428 19132 4
1629 9658 1
9708 17468 2
27375 17695 5
3276 530 1
1669 9068 1
26868 17388 3
3150 21225 3
7835 43325 5
16558 592 2
5754 4762 1
2245 49820 5
33990 9835 5
19584 21448 4
31184 21684 4
29556 4947 3
24093 16740 9
42624 48024 6
2274 14913 3
16128 32286 6
2074 10302 34
68 17892 2
23500 21648 4
8116 23484 4
45290 37930 5
23619 5763 3
21960 23874 3
22960 41528 8
6208 23836 4
7138 1812 1
32706 28404 9
31960 34584 8
26256 24192 8
6482 6151 1
21655 20805 5
31236 4914 6
17157 19164 3
4104 22892 4
39102 46102 7
29133 20028 3
4866 3591 1
8949 23724 3
1266 26598 3
19928 19482 2
34305 24190 5
21285 42360 5
35796 17214 6
41634 45024 6
44745 21135 5
8466 49758 6
2792 33208 4
17910 30366 9
20980 26730 10
37232 10972 26
29295 29778 3
41492 33264 22
31144 46616 8
4128 13724 4
15338 19396 2
28194 49188 6
48132 19890 9
31440 31355 5
15608 49856 8
5015 8261 1
22959 2583 3
14021 47355 7
744 23272 8
5191 9456 1
24867 22344 3
3400 1914 1
7950 7990 1
29442 13356 3
10020 14048 4
35430 37330 10
35140 9880 4
4898 11100 2
40300 26850 5
8080 25720 4
1319 7607 1
35718 43938 6
25947 4998 3
34153 49882 7
25236 10004 4
36135 29825 5
28683 30042 9
5530 19110 10
28976 36 4
17176 11912 8
10132 35780 4
41035 37655 5
44922 19812 6
14870 47920 5
9252 9988 1
7960 43980 20
7202 6772 1
13984 11994 2
25512 10752 4
4725 13205 5
29439 24306 3
27522 47484 18
39846 26106 6
19875 23847 3
16390 422 2
30528 48762 18
39150 10840 10
3506 4834 2
5444 32608 4
44920 46528 8
19430 15304 2
10929 29793 3
47860 30170 5
14204 3562 2
1800 1605 1
22712 37992 4
45612 24525 9
461 6623 1
29124 21300 4
7557 8915 1
36848 210 7
7586 1119 1
31776 20982 6
2988 18549 3
36323 17486 7
18270 15027 3
13025 42145 5
24724 8368 4
12922 4718 7
19390 17514 2
10317 23253 3
43960 41629 7
2188 7580 1
41888 27368 44
39904 5380 4
10166 7930 2
19614 34914 6
230 3641 1
1180 7519 1
10400 6156 2
19904 13728 2
14220 42375 5
32848 11916 4
20283 24708 3
21144 47622 6
29790 22542 6
38936 6456 4
26155 32155 5
28560 15052 4
47230 46840 5
20060 5272 4
9737 5389 1
122 17848 2
40735 20185 5
6144 43752 6
29136 18712 4
10662 14290 2
29097 7791 3
22084 34672 4
35200 34936 11
38135 47815 5
3554 3680 1
3948 19610 2
6494 12072 2
4606 9159 1
24020 29152 4
12910 33520 5
1335 37530 15
34456 39568 4
26073 8964 3
40159 25858 7
28244 37080 4
48500 25995 5
25101 11913 3
3387 5409 1
46230 42210 5
27380 37316 4
25362 7911 3
26358 44796 6
2614 19320 2
24975 12159 3
17269 21840 7
35800 21604 4
3897 24249 3
15774 5700 2
2673 13797 3
96 7873 1
1632 30162 6
11000 460 2
37240 46170 38
8145 14778 3
37773 15219 9
5004 23724 3
29480 49300 5
40055 49250 5
39252 29944 4
8823 7583 1
23836 3568 4
4218 27936 6
32640 21776 16
16980 44680 10
15015 28686 21
48708 12771 9
2660 3570 2
3658 18560 2
29931 4378 11
7414 16078 2
17780 21870 5
16272 14306 2
47020 11105 5
38910 33170 5
5400 9174 1
7192 9673 1
15448 20136 4
7255 7188 1
45954 3390 6
29160 26238 3
19728 6423 3
33474 36054 6
38036 11872 4
3900 37635 5
10934 25844 14
35275 17335 5
15030 47364 6
23556 7050 6
47950 14390 5
22707 23412 3
2602 8771 1
18504 17232 4
11901 25890 3
10910 15585 5
32144 31772 4
30630 43680 5
47706 46926 6
8832 16950 2
17217 24489 9
13306 14604 2
28084 1788 4
15717 8397 3
24081 27888 3
41845 34975 5
8772 19024 4
46115 25480 5
1245 6870 1
13030 38850 5
5124 14106 2
28038 16437 3
19996 37112 4
16890 15168 3
13544 17116 2
23244 27020 4
17720 31744 4
48774 29238 33
36258 5502 6
25328 936 4
42515 140 5
18678 36396 6
2667 8256 1
9540 13928 4
17160 41485 5
4600 26012 4
9332 1857 1
2535 3380 1
252 12162 2
8119 2069 1
4720 9845 1
5982 21018 6
12902 3938 2
33908 6993 7
27692 24420 4
20572 6464 4
2005 7547 1
13992 3504 3
1518 25278 3
20343 26010 3
15268 2962 2
33084 8124 4
26103 1515 3
46425 46390 5
6210 14718 2
47585 31690 5
26705 44650 5
27084 168 3
43044 48390 6
12981 4644 3
1853 4741 1
39475 45345 5
14793 14673 3
44385 22995 15
2094 17898 3
6375 37955 5
12276 19260 3
5733 24795 3
10958 7840 2
45402 264 6
5654 12396 2
3528 13798 2
29592 21804 4
1824 22452 4
42832 35496 8
16460 4695 5
8045 30055 5
1748 45471 23
28275 8787 3
10520 36420 4
15780 204 4
20820 33412 4
6000 4290 2
22959 15102 3
17152 26604 4
9504 931 1
17774 10166 2
44170 17122 7
1452 6844 1
24775 20985 5
47992 10304 7
7236 16530 3
35792 2980 4
33336 2584 4
12812 4960 2
3825 3298 1
48828 11682 6
37104 4468 4
5359 7461 1
36660 16652 4
6176 18186 2
2301 25386 3
21068 33648 4
11169 24819 3
18712 9354 2
10794 40362 14
38880 41488 8
3390 42340 5
126 6957 1
7186 2845 1
37664 4724 4
49092 726 6
41335 18850 5
8125 8397 1
4114 19642 2
32336 3296 4
47400 40440 40
45878 5677 7
29175 21390 15
18068 22488 4
23448 1516 4
37954 9618 7
2435 42535 5
16122 7960 2
807 3385 1
1534 10784 2
370 12390 5
31020 40500 5
8210 15956 2
48321 15827 7
7953 3301 1
15432 30384 8
8079 2925 1
34590 30498 6
36090 22310 10
43704 22296 8
48720 32610 5
22866 2235 3
2648 29648 4
17032 32312 4
10678 834 2
2688 35112 42
9482 3883 1
28728 22104 12
19060 35675 5
20580 1550 5
9946 7724 1
5013 19200 3
19060 8645 5
14168 6532 4
8184 18144 8
37674 10284 6
19551 13062 3
6702 18663 3
19504 2972 2
20916 46200 6
9615 6381 1
1890 18618 2
37044 31564 4
7837 453 1
35520 25445 5
16893 17253 3
4212 29334 3
31030 2170 10
17008 5104 4
43652 37646 14
39536 18476 4
48488 34792 8
9056 21936 8
16284 9732 2
46176 25332 6
27832 24812 4
3256 5047 1
38656 25288 4
26663 23452 13
47565 2070 5
19936 13968 2
22955 46270 5
25965 25659 9
8830 767 1
4592 18958 2
6241 8474 1
6461 37450 7
30710 41320 5
33890 2870 5
20672 3136 8
47230 6025 5
25104 2652 6
1835 22925 5
19684 34452 4
1336 8312 2
32021 40260 11
32192 39964 4
8104 12860 4
22953 13317 3
20852 36312 4
47412 14274 6
1234 8122 2
41335 4850 5
41461 27146 7
14121 14598 3
15210 47886 6
39645 30420 15
49923 16317 9
46870 920 5
8556 6011 1
35940 21104 4
5635 9498 1
15524 13268 4
9082 9249 1
4033 9959 1
47296 39136 8
28872 300 3
21924 35980 7
27448 45752 8
670 39760 5
17856 11294 2
9547 359 1
8025 14570 5
35850 23010 6
633 25797 3
7587 4674 1
11556 28494 3
24009 6306 3
20988 11572 44
16070 464 2
1958 6496 2
425 4995 1
19398 5232 6
42050 5045 5
20967 16854 3
34344 13380 12
24555 11853 3
19670 2740 2
15220 2530 5
17552 2176 4
46515 6010 5
37112 15280 4
19407 11688 3
26538 21675 3
37430 29965 5
44486 2842 29
5072 38492 4
17079 22923 3
25347 7557 3
25890 22845 5
16534 2106 2
40901 33404 7
36894 43206 6
9913 4850 1
6208 2985 1
28134 40398 6
17668 10808 2
16160 29255 5
28835 29935 5
38468 18168 4
6660 8385 5
29944 19640 4
6573 43820 7
27364 34356 4
25725 45871 7
35712 42096 6
21612 39732 4
35406 48426 7
18200 30680 4
9945 20724 3
4828 5398 1
20079 28323 9
28488 19708 4
20184 5212 4
14086 18394 2
12064 15272 2
41520 49730 5
8620 39864 4
47135 2790 5
46730 12855 5
49170 37878 6
42560 29488 8
18032 23704 8
17496 2571 3
5158 8945 1
40788 36636 6
26336 34228 4
19698 1857 3
4591 8886 1
10240 3480 2
42880 11285 5
6565 5919 1
8583 7241 1
22167 12138 3
9594 18993 13
9132 1446 2
6214 13100 2
3259 2665 1
17856 17706 2
29262 11640 3
959 8177 1
43566 44502 6
9299 5284 1
28668 14688 3
6706 47110 14
13660 17928 4
4728 11712 3
46434 2550 6
38050 45375 5
2044 20328 4
24615 23585 5
13648 32176 4
6447 9441 1
6175 9051 1
2825 2110 1
9386 5983 1
14898 24876 6
18798 47700 6
36516 11916 6
20629 24108 7
41340 12225 5
25004 14602 7
3995 3500 5
24848 39888 4
37905 48355 5
12219 25356 3
41860 24035 5
39380 47330 5
45090 8470 5
35412 4420 4
13002 6034 2
7827 8325 1
22875 45050 25
4432 15812 2
18351 13563 9
630 10060 5
11160 4940 2
43865 17375 5
15134 34362 46
4645 1063 1
45332 35154 7
29550 37750 10
926 17942 2
17136 21028 4
6192 15040 8
48951 22626 9
6584 9318 2
5142 25119 3
27410 49805 5
15588 28668 4
12162 31566 6
26895 24468 3
15148 29320 4
8226 23607 3
47330 44040 5
2098 5321 1
3360 9497 1
40020 48885 15
11580 46275 15
9602 17264 2
9428 23444 4
6184 1149 1
17244 20764 4
4590 29826 3
39645 5095 5
19584 18585 3
6480 18472 2
3692 9052 1
6952 11664 4
8586 1122 3
22302 22122 6
10444 9972 4
29018 42460 22
24528 27876 4
7172 2906 1
26040 14592 8
17140 44680 5
20267 6656 13
27555 28761 3
8315 1345 1
48917 22363 11
28299 17628 3
31700 6836 4
2346 4105 1
28535 28010 5
31200 46990 10
17811 22428 3
2730 4878 3
20085 29319 3
9451 2304 1
645 31735 5
8652 19266 6
10232 33204 4
8790 215 1
31275 30340 5
8868 1194 2
26967 22239 3
18808 45264 8
6945 4711 1
28427 11256 7
5658 13178 2
14160 46024 8
10776 52 4
1210 17494 2
8863 4 1
43976 28400 8
6203 1428 1
9340 5279 1
7626 7793 1
2775 27744 3
24087 1563 3
45635 48185 5
16444 13950 2
27648 29400 4
16908 26244 6
6692 39888 4
21300 46120 10
9085 40205 5
3094 31135 13
8569 4081 1
46795 41030 5
3792 9678 3
42306 2728 11
45145 21295 5
18288 36036 4
11948 12178 2
36354 39042 6
9478 30114 7
4845 23345 5
20277 2721 3
14068 14980 4
1502 8419 1
13864 418 2
2023 7503 1
28556 14520 242
6264 4672 1
21448 33196 4
40320 12771 9
2856 6434 1
1528 22744 8
18646 18168 2
10914 9340 2
3716 17364 4
7363 9285 1
16456 35820 4
27708 19032 12
29984 31856 4
11064 4106 2
29538 1191 3
15808 2472 2
24220 49675 5
40032 25728 6
17522 6566 2
4041 8477 1
6392 36680 4
27950 26442 13
710 21345 5
24048 20706 3
5444 12596 2
36032 2612 4
32685 14005 5
18415 790 5
4172 9802 2
39480 14152 4
11040 29817 3
3392 16894 2
19194 11574 6
6084 36184 4
17264 12952 2
7897 1470 1
25151 37639 7
10920 14424 3
994 16156 2
16200 5518 2
8939 9192 1
6408 7880 1
16048 19300 2
42690 34542 6
4262 2801 1
36536 29092 4
47176 5176 8
9759 16524 3
43560 32760 6
11084 19296 2
9624 16644 2
34760 12332 4
6436 9986 1
9480 33084 12
46424 35528 8
19424 9678 2
4975 9716 1
2892 8291 1
9435 20631 3
15042 15798 3
8140 25392 4
1224 11034 2
2933 7269 1
25884 47502 6
40572 19068 12
3195 7832 1
312 20988 3
2751 9670 1
38400 21808 8
15358 14390 2
17748 35676 9
654 6969 3
26157 27024 3
7143 8233 1
5550 19918 2
38450 2800 10
36660 43888 26
3577 8439 1
40086 48024 6
36153 47052 9
954 18858 6
18336 17898 2
26312 38948 4
17310 10650 2
1940 10582 2
25797 8550 3
37232 8568 8
8760 17832 4
23964 8226 3
23076 22026 6
3580 7812 1
9132 13198 2
6720 2689 1
1101 28830 3
18600 2096 2
12204 14730 6
22925 16320 5
9200 214 1
14746 15032 2
30966 6408 6
600 4704 1
6533 8542 1
27567 10920 3
23565 44130 5
16974 29916 9
3288 49240 8
34206 22836 6
43686 43584 6
1492 25808 4
6938 3124 1
20496 37072 14
45365 21605 5
8294 6649 1
7113 7566 1
40 16820 2
13325 40339 13
22644 31892 4
19342 16568 2
31560 42666 6
47358 42948 6
25992 2616 3
18472 14678 2
15194 11316 2
42420 43430 10
36748 4004 4
9343 4320 1
13980 16790 2
6274 3262 1
33596 14472 4
5878 1369 1
13785 46650 5
8363 6084 1
33030 26120 10
37618 4858 7
6568 1680 1
46092 7986 6
35835 6535 5
17238 6987 3
47751 12650 11
9488 37216 8
2985 17574 3
23212 13072 4
5918 7776 2
35292 26940 4
2511 7704 1
7485 27693 3
31030 26215 5
7092 33390 6
43974 7464 6
4733 8220 1
7182 7220 1
18956 3930 2
13515 20382 3
8215 30485 5
31332 33816 6
13666 282 2
6994 2318 1
31100 49335 5
39765 19060 5
44685 19525 5
38660 36704 4
7503 4426 1
42960 7744 8
47950 23600 5
40632 33280 8
8040 16956 2
4300 9511 1
25848 33136 4
14250 4138 2
18822 6830 2
7281 7914 1
41463 44361 9
15575 37370 5
49842 46266 6
2740 19804 4
45970 9885 5
15466 928 2
41046 27480 6
1960 44525 5
26579 33831 7
19056 43116 6
28134 30780 9
21266 39606 14
6330 41670 5
29524 32612 4
27892 24344 4
18660 22748 4
27684 11044 4
21907 21926 19
18564 30224 4
19035 3984 3
49550 23155 5
1313 8365 1
18504 17898 3
9124 3154 2
2585 3849 1
18960 24849 3
32904 24990 6
2990 8086 2
36630 30380 10
27312 27372 3
4529 5050 1
46067 32620 7
42905 34675 5
28293 28803 3
48300 8025 5
7682 9808 1
39250 19500 5
8463 9862 1
10270 44730 5
38460 4938 6
26808 26088 3
23300 46070 5
7202 4726 2
28317 6897 3
40165 835 5
44286 60 6
5212 4416 2
47633 10412 19
5940 9324 18
360 38382 6
8676 39132 12
41223 24339 7
19006 19564 2
23135 826 7
6221 7876 1
2907 25794 3
45930 20940 5
1452 18834 3
8861 4055 1
21108 39588 6
40910 20 5
32112 42957 9
12540 35286 6
16696 18812 4
36593 11408 23
26812 39348 4
2885 19755 5
21942 36384 6
2570 35880 5
6402 3053 1
17012 8858 2
15456 29056 8
25636 35828 13
6935 38925 5
462 9532 2
24108 39840 4
26125 43516 11
15210 19884 6
19650 46032 6
37002 36546 6
2876 10696 2
4520 13474 2
6837 3652 1
30961 47257 7
2670 34128 6
47243 29001 7
47430 31062 6
8332 562 2
45540 24660 5
6879 28515 3
22050 26755 5
4646 16846 2
2644 17044 2
45582 1746 6
27057 15924 3
17655 13719 3
13218 13494 2
2550 6900 1
3090 21870 3
28275 24128 13
22810 8470 5
19322 6906 2
9219 9075 1
5809 8718 1
34692 7076 4
49476 25356 6
