1000
445 228 838780
445 981 225726
228 19 550139
228 320 402350
981 689 161606
981 988 786004
19 6 807112
19 124 836017
320 229 870914
320 331 263682
689 494 101306
689 931 510329
988 986 72307
988 989 454317
6 5 382207
6 13 274045
124 23 804152
124 210 773485
229 261 26167
331 324 91317
331 389 833329
494 483 650040
494 571 498852
931 751 925525
931 953 824505
986 984 57096
986 987 525202
989 992 735798
5 3 586795
13 12 928034
13 14 854203
23 20 37792
23 99 656465
210 129 375841
210 213 70242
261 233 333893
261 317 366694
324 321 720156
324 325 788029
389 375 496967
389 420 325383
483 455 771411
483 484 407469
571 511 966141
571 677 505519
751 695 19342
751 815 556418
953 944 637134
953 962 608826
984 983 453648
984 985 901995
992 991 958440
992 998 894982
3 0 796174
3 4 612938
12 10 306648
14 16 743395
20 21 100957
99 60 672957
99 118 28101
129 125 230618
129 134 225393
213 212 723537
213 226 542919
233 231 647889
233 257 684615
317 274 297822
317 319 656574
321 322 961792
325 327 683100
375 339 664783
375 384 852968
420 397 56400
420 440 900361
455 447 994453
455 478 80980
484 485 570459
511 496 148943
511 555 221297
677 636 910107
677 682 311040
695 690 651531
695 699 972576
815 814 209879
815 853 910911
944 937 255585
944 945 183103
962 961 582911
962 978 312111
983 982 187453
991 990 269866
998 997 425759
998 999 758732
0 1 664721
10 9 178438
10 11 167247
16 15 222251
16 18 372082
21 22 501581
60 27 267577
60 93 184206
118 109 445101
118 123 285382
125 128 56860
134 133 201813
134 149 566372
212 211 896402
226 221 624603
226 227 742270
231 230 653281
231 232 472971
257 238 811501
257 260 398827
274 263 484334
274 303 203508
319 318 200712
322 323 783634
327 326 823123
327 330 885339
339 336 179160
339 373 113281
384 382 413570
384 386 328227
397 390 110769
397 403 856731
440 421 256387
440 441 870215
447 446 393123
447 449 849930
478 474 546326
478 480 542303
485 490 567810
496 495 771267
496 501 909100
555 543 87016
555 568 297525
636 605 745802
636 673 897160
682 679 736159
682 687 507045
690 694 375061
699 696 499929
699 738 111757
814 771 878997
853 837 127858
853 858 900300
937 935 668166
937 940 460936
945 952 315177
961 957 5951
978 970 448337
978 980 632146
997 993 173323
1 2 421812
9 8 633893
18 17 935846
27 24 713135
27 37 880984
93 83 112617
93 97 806962
109 105 370835
109 110 133227
123 120 651930
128 127 807507
133 131 428016
149 146 549660
149 171 352223
221 217 418480
221 223 344134
238 235 357668
238 241 987022
260 259 766730
263 262 374919
263 269 718481
303 284 354061
303 312 507300
330 328 640085
336 335 959490
336 337 589820
373 362 365017
373 374 896471
382 381 315545
382 383 908079
386 385 99574
386 388 963227
390 393 678830
403 399 899014
403 410 367279
421 437 216830
441 443 474243
449 448 214695
449 454 78834
474 456 779260
474 476 689494
480 479 92060
480 482 632563
490 488 274590
490 491 380130
501 498 831554
501 508 408524
543 518 154178
543 554 298482
568 565 48366
568 569 607609
605 580 73847
605 606 736614
673 656 844314
673 675 857661
679 678 503737
679 681 156194
687 685 420581
687 688 680976
694 691 164140
696 697 87112
738 708 904377
738 742 434806
771 755 859937
771 773 706935
837 817 743012
837 848 442409
858 855 140715
858 863 327130
935 932 980981
935 936 677495
940 939 968996
940 943 546286
952 951 739769
957 954 181999
957 958 719581
970 967 603438
970 974 774394
980 979 783917
993 996 56497
8 7 491271
24 26 458673
37 28 314963
37 58 960545
83 65 587375
83 90 317028
97 95 131436
97 98 790690
105 104 144937
105 106 419596
110 113 339003
120 119 721164
120 121 951400
127 126 916664
131 130 925750
131 132 648233
146 142 243841
146 148 355632
171 170 73217
171 206 486421
217 215 794610
217 220 213836
223 222 529557
223 224 86123
235 234 4371
235 236 126122
241 240 467732
241 254 212048
259 258 977920
269 265 895073
269 270 11586
284 282 553060
284 296 442891
312 310 182571
312 316 640536
328 329 79553
335 333 865196
337 338 43012
362 350 612281
362 370 413339
381 376 893924
388 387 362018
393 392 224156
393 394 933541
399 398 353669
399 400 547179
410 406 808077
410 413 663678
437 436 811203
437 439 833052
443 442 760737
443 444 2466
454 450 13919
456 470 177954
476 475 723667
476 477 121789
482 481 550833
488 487 70559
488 489 268000
491 492 700109
498 497 207048
498 499 968573
508 505 751999
508 509 575341
518 515 279116
518 539 357545
554 550 125162
565 560 433380
565 566 380207
569 570 817211
580 575 570797
580 591 225417
606 622 892869
656 640 981124
656 658 357561
675 674 50049
675 676 651650
681 680 95007
685 683 369247
685 686 683472
691 693 123992
697 698 118027
708 706 888630
708 710 141588
742 740 131099
742 749 895501
755 753 300864
755 762 661010
773 772 741476
773 787 271396
817 816 243513
817 824 378202
848 845 31877
848 852 351052
855 854 864436
855 856 836290
863 860 456392
863 901 957920
932 933 890028
939 938 499953
943 942 888965
951 949 519187
954 956 691709
958 960 355378
967 964 364955
967 968 534046
974 972 312426
974 975 796666
996 994 144331
26 25 340168
28 30 724167
58 45 441070
58 59 839751
65 61 317925
65 77 188448
90 87 467793
90 91 996694
95 94 661687
95 96 596892
104 102 314377
106 107 571401
113 111 695603
113 115 610872
121 122 927093
142 138 143909
142 145 113265
148 147 104485
170 158 755966
206 182 665963
206 207 363974
215 214 776624
215 216 932798
220 218 198187
224 225 703908
236 237 5434
240 239 777848
254 242 600633
254 255 66743
265 264 380949
265 267 769771
270 271 432
282 277 664885
282 283 721871
296 291 745855
296 297 662951
310 304 976457
310 311 575479
316 314 573121
333 332 844052
333 334 566299
350 349 484519
350 352 34135
370 368 129858
370 372 555622
376 380 147579
392 391 829917
394 396 678588
400 401 418014
406 404 890883
406 407 162285
413 412 510430
413 418 590898
436 435 757596
439 438 768419
450 452 879688
470 465 377109
470 471 116373
487 486 791556
492 493 545085
499 500 698852
505 502 635564
505 507 90826
509 510 498735
515 513 671887
515 516 240496
539 537 652548
539 541 858186
550 544 572916
550 552 902272
560 557 325362
560 561 519813
566 567 906497
575 572 153456
575 576 385533
591 585 129198
591 599 278307
622 610 104352
622 629 289327
640 639 61353
640 649 27300
658 657 779971
658 659 354808
683 684 489944
693 692 306076
706 705 115064
706 707 463154
710 709 52108
710 718 705380
740 739 827904
740 741 659360
749 747 114154
749 750 298015
753 752 111442
753 754 62100
762 761 306630
762 770 478757
787 774 203389
787 797 119136
824 821 796318
824 826 449236
845 844 458402
845 847 60185
852 851 325499
856 857 831551
860 859 679580
860 861 746810
901 878 180652
901 903 58958
933 934 628540
942 941 420216
949 948 940430
949 950 220821
956 955 276697
960 959 305502
964 963 289159
964 966 659786
968 969 588044
972 971 373548
972 973 88677
975 976 958876
994 995 515535
30 29 762473
30 33 813677
45 44 537594
45 51 124514
61 62 268673
77 71 991750
77 82 583528
87 84 544743
87 89 651106
91 92 464482
102 100 941098
102 103 876679
107 108 527964
111 112 682462
115 114 735946
115 117 477286
138 135 986701
138 140 959067
145 144 204342
158 151 747343
158 165 342049
182 181 77988
182 190 638135
207 209 765737
218 219 356974
242 250 105653
255 256 734557
267 266 709686
267 268 870169
271 272 529534
277 276 935935
277 279 768342
291 290 296367
291 295 357125
297 300 223233
304 308 353528
314 313 707789
314 315 412357
349 341 317280
352 351 245005
352 353 741754
368 365 498213
368 369 973656
372 371 439406
380 379 91577
396 395 637687
401 402 861965
404 405 74372
407 408 824621
412 411 627686
418 417 381485
418 419 68793
435 425 52
452 451 823559
452 453 983808
465 460 143234
465 466 630055
471 472 957254
502 504 229078
507 506 538793
513 512 54823
513 514 955287
516 517 573096
537 524 822194
537 538 275732
541 540 485134
541 542 427127
544 547 33563
552 551 210785
552 553 106966
557 556 113850
557 558 576427
561 562 655239
572 573 184420
576 579 439586
585 582 557105
585 589 568946
599 597 644455
599 601 929898
610 607 415430
610 615 283517
629 624 718487
629 630 501458
639 638 753230
649 646 160771
649 652 414737
659 660 291325
705 700 295783
718 713 68453
718 725 468484
747 746 672433
747 748 905276
761 757 95812
770 769 738681
774 778 177278
797 791 975525
797 806 708326
821 819 193334
821 822 330714
826 825 91529
826 835 494993
844 840 570848
847 846 206143
851 850 878774
861 862 224834
878 864 116257
878 884 13786
903 902 673426
903 925 908371
948 946 775143
966 965 293362
976 977 607688
33 31 394711
33 35 565223
44 39 83124
51 47 924217
51 54 128691
62 63 187990
71 67 32635
71 73 324296
82 80 234356
84 86 762182
89 88 658314
100 101 94140
117 116 597091
135 136 132112
140 139 617057
140 141 583557
144 143 620556
151 150 345038
151 152 295083
165 162 475751
165 166 868737
181 175 76858
190 188 205242
190 192 655346
209 208 785941
250 243 926647
250 251 240433
272 273 473007
276 275 370994
279 278 289455
279 280 501565
290 285 329584
295 293 67930
300 299 794280
300 301 333154
308 306 425993
308 309 695453
341 340 128161
341 348 454236
353 354 807143
365 364 845634
365 367 458028
379 378 788254
408 409 170812
417 415 991540
425 424 83846
425 432 907453
460 458 372239
460 462 236842
466 468 625557
472 473 579838
504 503 598411
524 523 677404
524 530 381969
547 545 65919
547 549 31428
558 559 403090
562 564 572173
573 574 565601
579 578 243878
582 581 193062
582 583 222487
589 588 906414
589 590 156661
597 592 208544
597 598 321764
601 600 476151
601 603 546648
607 609 500902
615 613 77341
615 620 441485
624 623 434939
624 627 846124
630 635 332211
638 637 924711
646 642 220443
646 647 371483
652 651 163894
652 655 489877
660 668 831562
700 702 12435
713 712 108719
713 715 146221
725 720 438800
725 727 85196
746 744 546077
757 756 504005
757 760 558912
769 764 874579
778 775 955636
778 783 681019
791 789 312692
791 794 699477
806 805 324290
806 812 73821
819 818 692417
819 820 364445
822 823 334316
835 833 520513
835 836 470390
840 838 841089
840 843 916331
850 849 813017
864 871 544227
884 882 855001
884 894 117054
925 911 908630
925 929 119962
946 947 573037
31 32 343898
35 34 481796
35 36 376510
39 38 103620
39 42 670525
47 46 709430
47 48 822960
54 53 774820
54 56 531223
63 64 89435
67 66 870567
67 69 865324
73 72 265473
73 75 857282
80 79 313776
80 81 470349
86 85 902347
136 137 882128
152 154 754476
162 159 173129
162 163 122088
166 168 480214
175 172 794490
175 177 780744
188 186 472325
188 189 400852
192 191 652166
192 204 681472
243 245 4375
251 253 484860
280 281 124593
285 287 40525
293 292 255010
293 294 996798
299 298 44666
301 302 297751
306 305 601193
306 307 865137
348 342 378887
354 361 774318
364 363 390799
367 366 479898
378 377 650056
415 414 585770
415 416 31581
424 422 917547
432 427 216102
432 433 847644
458 457 175083
458 459 324014
462 461 821385
462 463 713222
468 467 792050
468 469 739423
523 520 890825
530 525 526781
530 535 936038
545 546 967000
549 548 293478
564 563 289086
578 577 487908
583 584 224087
588 586 202013
592 593 985706
603 602 559289
603 604 148600
609 608 264353
613 612 429593
613 614 956073
620 619 126795
620 621 750261
627 625 578003
627 628 127131
635 632 981625
642 641 332272
642 643 387195
647 648 171463
651 650 793408
655 653 281157
668 661 495320
668 669 722332
702 701 378314
702 704 654522
712 711 191519
715 714 907111
715 716 362434
720 719 896339
720 723 48633
727 726 424679
727 733 676197
744 743 181538
744 745 271895
760 758 450306
764 763 429928
764 766 68382
775 776 408825
783 779 845903
783 786 459687
789 788 502567
789 790 262937
794 793 707821
794 795 555562
805 801 641086
812 810 428984
812 813 21502
833 830 440814
833 834 544486
838 839 680308
843 842 443949
871 866 174278
871 877 676382
882 880 675179
882 883 355125
894 886 404954
894 896 858983
911 909 752925
911 915 727928
929 928 261930
929 930 453948
42 41 712565
42 43 933334
48 50 333552
53 52 461255
56 55 763323
56 57 504051
69 68 401975
69 70 812333
75 74 812841
75 76 677433
79 78 708203
154 153 861153
154 156 309150
159 160 139616
163 164 944992
168 167 829932
168 169 96835
172 173 207628
177 176 560101
177 180 710929
186 184 765251
186 187 181415
204 202 277215
204 205 156289
245 244 522927
245 248 108341
253 252 5602
287 286 861406
287 289 939168
342 347 299507
361 355 744362
422 423 139941
427 426 732346
427 430 336663
433 434 846777
463 464 595003
520 519 560280
520 521 464925
525 527 595420
535 533 136213
535 536 456456
586 587 975639
593 595 868801
612 611 301078
619 616 358096
625 626 111085
632 631 931543
632 633 32002
643 645 623740
653 654 915859
661 665 828767
669 671 163951
704 703 723890
716 717 342479
723 722 23157
723 724 882033
733 728 844936
733 737 32128
758 759 281365
766 765 437065
766 768 737009
776 777 526340
779 781 237628
786 784 221956
793 792 282918
795 796 295334
801 798 836436
801 804 33582
810 808 978107
810 811 104828
830 829 639664
830 831 222471
842 841 700194
866 865 468266
866 869 273624
877 875 674064
880 879 543404
880 881 666934
886 885 601166
886 887 496284
896 895 657261
896 898 295863
909 907 292665
909 910 781665
915 913 76765
915 922 45058
928 926 811408
41 40 873975
50 49 987295
156 155 389661
156 157 154668
160 161 904616
173 174 278447
180 179 649033
184 183 915908
184 185 470656
202 199 761282
202 203 152234
248 247 455104
248 249 624350
289 288 805712
347 345 638283
355 356 558963
430 428 541277
430 431 618017
521 522 42908
527 526 386643
527 529 382561
533 531 258623
533 534 155262
595 594 151090
595 596 563988
616 617 913084
633 634 402662
645 644 957196
665 664 529814
665 666 970322
671 670 420215
671 672 9689
722 721 338523
728 731 91059
737 735 471921
768 767 467120
781 780 318000
781 782 102688
784 785 346124
798 799 175959
804 802 446586
808 807 971432
808 809 769328
829 827 574453
831 832 197251
869 868 833214
869 870 784579
875 874 970745
875 876 325512
887 890 898947
898 897 716816
898 899 631244
907 905 133093
907 908 394827
913 912 510010
913 914 332393
922 916 538487
922 923 409864
926 927 994795
179 178 930461
199 198 324217
199 201 888798
247 246 847341
345 343 529815
345 346 845168
356 357 436593
428 429 708020
529 528 639707
531 532 251025
617 618 386132
664 662 425027
666 667 785814
731 730 576713
731 732 836722
735 734 735771
735 736 446240
799 800 487613
802 803 358524
827 828 40652
868 867 359445
874 872 860670
890 889 735326
890 892 202138
899 900 402468
905 904 472480
905 906 686412
916 918 48604
923 924 853221
198 195 848233
201 200 642261
343 344 923436
357 359 584977
662 663 11051
730 729 245981
872 873 201095
889 888 21128
892 891 709944
892 893 166318
918 917 622053
918 920 852650
195 194 147296
195 197 155191
359 358 41586
359 360 383311
920 919 531932
920 921 235385
194 193 835801
197 196 432701
