25 76
-30 -61 -76 62 29 -24 -32 20 -23 71 36 -19 29 46 81 38 -22 -17 36 70 -49 17 57 -35 70 -4 44 -9 -50 -9 -61 5 -20 -64 26 -28 -52 -30 -20 -7 16 51 -5 46 16 4 8 -65 0 44 -39 -41 -33 65 -26 -18 42 10 -29 -34 -39 71 27 -16 48 6 -23 -4 -45 15 34 26 -17 17 -12 45 
0 4 -4 -29 15 -11 30 7 48 -55 13 -73 -84 -30 9 -19 36 27 14 66 -62 -48 45 81 -2 83 -49 76 -19 -23 -14 -50 21 -73 35 17 61 -69 0 -5 -42 62 -71 -60 -1 -52 -40 -6 31 -5 37 24 -10 -10 -79 -18 -14 84 65 1 50 -49 -7 50 4 -56 -28 35 11 -25 -21 -37 39 90 14 1 
-18 21 8 -59 29 9 -84 35 -49 -80 -7 -76 -33 -19 -10 43 13 -16 -78 -22 -34 -35 66 8 -56 1 -60 50 31 28 35 67 -24 24 14 81 49 3 25 18 -29 3 14 -20 -36 20 49 -19 -52 15 77 32 -74 -38 -7 -75 23 54 4 12 9 -62 -5 27 13 -13 -98 59 -19 -61 -78 -43 67 31 -39 45 
30 -73 -27 -48 26 -22 -27 -40 71 -66 -17 35 -24 8 62 83 65 -38 -1 -43 26 23 -1 41 -11 -5 -59 -5 64 64 2 42 30 -19 -49 -49 -17 -68 -8 53 -23 40 88 11 -4 24 40 22 71 -44 -9 4 10 11 30 -14 -22 -5 96 19 -55 44 9 -67 57 -1 -3 64 85 -40 -41 95 13 1 12 -20 
-7 20 -9 17 0 -39 26 -31 45 45 1 -16 -18 -25 10 68 -17 20 19 44 -10 49 66 -50 48 -14 -11 8 2 -48 -16 -44 32 30 -25 -26 -41 8 -69 64 19 29 29 43 -7 12 13 25 11 -29 -45 77 -3 -35 27 -71 13 -29 56 58 5 -23 -16 -79 -37 25 31 7 -37 44 4 -15 -32 -19 -47 45 
-11 -26 43 28 -39 -42 76 13 -13 40 -40 22 -13 54 -31 16 -44 23 42 13 -35 84 14 38 -5 -35 -55 -40 54 19 83 10 -92 27 -78 14 -58 -13 2 20 7 -19 -7 13 77 -56 46 -45 -56 96 44 -47 20 -77 -41 -3 43 -24 -31 -10 -48 -62 -82 -18 -48 -10 -6 37 -19 0 -2 21 58 18 36 3 
-85 -44 52 -13 49 -8 17 -22 80 25 46 58 -35 -5 -31 31 -52 -21 21 -15 -7 -66 20 17 -22 -61 -77 35 -8 14 30 -33 12 10 -58 18 17 61 31 -11 37 -6 47 -7 68 -9 -43 1 18 23 -78 -28 61 2 75 57 -54 -34 -7 17 2 41 74 -23 -3 29 -64 24 17 9 50 -7 20 -73 -2 22 
-13 62 -66 38 -19 35 12 8 -21 -9 13 -41 66 -11 -15 -6 53 -40 -21 27 -74 -12 70 45 -53 -13 16 -42 -11 -34 20 31 45 2 3 -74 -13 -58 -6 16 -58 -67 -41 -38 5 -6 -18 -12 50 -46 17 -37 16 55 -74 15 72 -36 50 -55 -5 -4 -23 -16 -39 -12 -5 35 15 29 38 13 -57 -29 -20 -65 
20 -75 63 -59 -2 -26 -39 70 75 29 9 -70 1 -43 27 -23 89 63 42 33 0 -4 29 -69 -52 -36 27 1 34 70 71 37 60 -1 -34 32 -58 -9 -49 -46 -18 79 -89 48 -82 29 -32 -18 -12 62 -23 39 -22 10 -25 93 -21 54 -45 -24 28 16 -14 -12 18 54 2 -15 53 40 -35 -80 -5 3 1 -14 
30 47 -32 -73 -33 50 -59 -12 -23 52 -16 -34 -52 -14 -18 6 -18 34 26 -60 10 6 -11 -9 26 -12 0 36 -1 44 -40 -7 -10 -21 -62 -6 -8 -7 5 11 30 -3 9 -49 57 -7 -41 -1 -60 -54 9 -34 60 -2 91 41 -62 44 -3 -52 -14 19 -39 10 59 39 53 -13 -4 28 45 -70 -36 17 -39 85 
-79 -12 -4 72 -50 70 49 -67 -6 13 21 41 -37 -14 3 -78 -47 19 -5 91 23 71 -73 -53 23 -18 -54 -7 19 -51 20 -8 14 70 18 0 27 -25 63 12 -17 28 -75 31 -55 -13 10 -30 55 83 -22 54 27 8 -11 40 -24 -10 47 3 14 66 31 -14 41 -50 -1 22 -28 71 -32 -47 -15 -1 -41 -39 
-41 38 75 -81 -5 11 0 2 -72 -29 65 12 21 -5 13 5 56 32 73 93 -23 -63 -10 47 -10 8 13 -27 19 46 -5 -25 -65 -54 23 11 10 -63 52 15 -17 -8 19 -38 -26 -23 29 -74 -70 41 54 -19 -12 -52 -12 -68 43 34 -3 -54 -35 2 20 16 -11 9 -10 -26 15 5 6 55 89 96 64 36 
16 -20 -41 -37 -3 45 -50 54 -28 -2 -60 -51 32 -66 44 -11 -2 16 15 -10 -62 58 5 -72 -24 -9 -30 52 -41 -24 5 -3 1 89 -78 -39 90 30 -59 -16 24 20 25 29 26 -47 -45 14 20 -40 19 43 28 -9 -6 -69 46 89 57 -3 8 18 -19 -27 -23 -30 -21 8 41 18 -57 1 -5 5 -31 86 
11 50 11 61 71 -36 14 -14 -39 -76 -61 80 67 -86 8 -54 -20 4 42 -5 -87 13 -4 42 40 3 -12 22 15 -30 9 13 -2 62 72 -34 -50 25 12 79 60 3 -13 17 -22 12 3 31 72 62 -44 9 -44 46 8 62 15 -66 -50 -15 -30 -47 -51 -67 -54 6 33 -25 16 22 26 -27 -5 34 -41 -2 
13 -68 -66 -34 34 -16 18 22 11 38 -16 -50 45 -55 13 12 2 93 -50 -50 30 2 44 -76 1 31 29 -86 -14 -4 2 -16 -49 74 -28 -2 48 21 -29 27 -14 -51 23 -29 -42 1 -42 -5 -36 -65 7 69 2 -77 33 -9 -35 1 46 -21 68 -38 -60 82 95 17 -39 -8 -15 -77 -54 82 -16 -60 -13 -39 
-92 28 46 -23 30 -26 -73 18 -14 46 -11 74 -5 -21 -28 -29 2 -78 0 -83 20 -43 43 19 -28 -11 -49 39 45 -33 45 5 -5 -62 0 -84 44 -6 51 12 20 -56 36 23 11 18 52 47 -29 -22 25 23 32 29 -18 53 -50 5 9 -79 -71 -32 -26 38 73 9 -6 10 -12 75 4 20 29 56 33 -22 
-54 4 29 -23 20 28 94 -7 36 49 46 13 -66 -27 19 35 31 51 -59 53 -22 -5 -4 -66 62 15 -81 38 0 -8 -20 -28 -37 69 -50 -26 69 12 -4 60 6 -9 -87 9 -6 73 -9 -27 -34 11 -13 31 39 -19 -52 52 -71 -10 -71 -3 27 8 31 -21 -58 -31 28 -11 7 -57 45 -23 9 38 18 -46 
47 -29 65 -32 2 9 -27 -28 1 -36 -31 -2 -3 -43 64 -68 61 -4 -71 -70 39 -11 6 62 55 24 -6 -52 -11 21 -28 29 -94 25 18 -51 10 50 -84 9 -4 -16 -23 -51 -26 25 27 15 38 13 14 25 37 -79 49 64 -6 -51 -5 -1 -11 25 -11 -4 -7 -35 46 40 -35 -22 -14 74 25 37 25 1 
61 -43 -53 1 14 48 60 -34 64 -9 -59 -51 -42 -47 -15 6 17 -84 89 53 -3 74 4 44 -23 20 66 -11 -19 2 1 -14 -30 66 -17 7 1 26 16 33 -20 -6 -18 50 61 17 -35 -75 40 -16 23 -65 30 35 21 11 19 -50 -25 6 -28 3 -46 37 15 -16 -1 -82 79 57 -69 4 -24 -26 33 58 
69 35 -38 81 -19 14 49 80 -84 -29 14 -7 -6 -36 25 -52 70 -18 -77 -64 39 33 4 -30 16 32 -18 18 -22 31 -83 -14 7 -31 -7 2 -18 56 51 19 -6 23 17 -12 -25 40 -44 4 72 36 2 32 -63 6 35 22 8 25 -53 23 -39 36 -72 48 -73 -23 44 9 -13 -8 -85 -56 70 28 4 18 
32 -48 36 -1 -4 62 61 40 -44 10 -83 -4 -28 36 5 35 -14 -44 -27 40 -25 -1 -32 90 58 65 15 1 59 21 -23 29 -9 -30 -16 8 46 70 -82 -13 64 67 9 -87 -12 -29 -58 17 -11 53 -18 9 35 40 44 -47 32 -64 -26 -12 -20 -15 37 37 7 -22 65 42 -16 50 9 -71 3 -40 -43 -72 
31 40 6 -7 6 56 40 53 14 -64 -4 -55 -68 26 78 -17 22 64 1 -84 -29 -36 -5 73 12 27 58 -13 -33 -25 14 16 -94 66 97 -33 60 17 -23 50 14 62 22 -35 20 -7 -75 -87 2 66 38 45 45 -20 2 9 44 -39 81 -64 8 16 -28 13 49 -13 -38 -47 57 70 -22 -25 26 -74 -22 54 
-45 -23 52 15 88 -27 5 2 -33 -28 -53 -70 46 -65 22 68 43 -29 26 -33 -82 1 6 9 10 -49 66 33 -59 -40 -14 15 7 -11 19 19 36 73 -16 -40 -12 -61 28 -78 0 32 33 -43 27 42 -31 76 1 -77 4 -74 84 -39 27 -85 61 0 32 -23 -29 2 -23 -3 41 -18 -7 23 0 10 8 30 
-42 -13 9 29 -28 -18 0 -5 2 -47 -17 14 31 52 -15 58 -6 -43 -13 24 20 -12 -27 -11 -42 -76 30 23 -19 53 -38 -41 -19 -81 60 70 -24 24 9 16 -36 10 1 -7 -1 -51 -6 17 -6 11 42 6 27 23 -36 -12 19 -39 -40 36 71 -45 -3 -81 11 25 71 -15 -10 -15 -28 42 -20 18 82 -37 
-14 45 89 -65 46 31 -3 74 47 -66 -14 -2 35 -12 6 6 -6 -64 -39 -28 8 -87 -75 -78 66 -52 -70 -8 -24 3 -21 17 30 37 -19 -14 6 -25 -43 68 -7 54 12 -25 30 18 -59 4 37 13 -42 7 3 30 14 -8 -43 61 -34 -66 24 36 74 -21 14 17 9 -33 -13 -24 -32 4 -15 88 12 -3 
