27 86
-16 -29 57 -12 -7 -2 21 36 9 -51 -9 -8 -2 2 49 26 53 19 79 -20 -5 62 -22 -44 44 21 -23 -26 -26 49 -41 -84 27 30 9 -40 10 -74 -87 52 -9 -29 -26 7 -1 -12 26 21 -10 -6 27 90 1 36 66 -30 -61 0 -20 -26 32 7 12 17 63 5 30 -12 -64 -31 -7 8 39 37 -46 -8 45 -53 -42 -7 -16 77 -41 65 49 29 
-43 31 -4 -85 -41 -46 54 -28 9 72 37 74 34 -42 14 -73 40 40 -44 1 27 23 -97 -37 -53 42 -13 41 21 -23 52 -50 -39 26 3 16 21 55 -17 -20 -27 16 56 16 2 61 -7 -44 -29 -7 -78 5 -16 -25 -77 -29 22 -58 -27 19 25 -64 -30 1 -23 84 17 -44 48 -39 12 -67 -40 16 10 32 21 17 -22 14 13 -21 -14 -11 -40 -8 
-52 -28 -49 2 37 -45 24 14 -20 48 -34 86 18 -15 -8 -81 94 36 -56 -35 2 40 -44 28 62 55 12 -78 29 76 16 88 57 46 28 -79 -6 -16 -10 47 10 26 -18 13 60 -32 28 -41 4 39 -11 -13 5 55 -71 -77 23 -2 -2 18 10 67 -88 78 12 -20 1 -11 -79 6 56 4 11 -31 -53 48 33 -36 11 55 -32 51 24 26 -13 6 
-64 -2 17 -25 -73 -6 -35 33 -24 3 9 -40 20 31 -68 31 -11 -9 75 -48 -13 25 -76 7 35 -65 37 0 45 -9 -72 5 47 8 53 -75 10 -8 -1 35 21 -23 -12 -72 19 -19 51 18 83 -64 -22 -47 -5 -25 25 26 -51 -65 -20 -22 29 23 -29 -4 -44 24 82 22 43 38 -28 -12 -22 -57 -43 34 62 22 -42 -91 6 -22 -63 -49 25 8 
84 -75 -12 22 -44 80 -31 -32 2 46 -1 -40 -39 46 68 -28 -62 -40 -3 -7 -10 -9 -1 -47 -41 62 -7 -31 20 -47 -41 -9 28 -44 46 83 -22 18 -13 -24 47 36 -3 11 28 9 23 -23 11 -33 16 10 -55 21 62 -4 -45 28 -16 65 27 33 59 -82 -32 -33 2 -6 15 2 -7 58 8 41 -68 -42 58 38 -40 -8 -6 9 55 -83 78 38 
1 -5 -41 -69 0 -26 -15 71 6 0 26 22 -12 49 16 -2 72 53 -10 -11 28 -27 -7 11 39 -73 -3 -67 -31 -19 -57 -13 48 -66 6 -1 60 -30 -34 -70 19 9 22 -59 -9 -4 -12 22 63 -57 -13 23 -21 4 15 32 53 23 35 71 -57 -55 14 -31 -18 -34 -33 -9 -7 -25 -55 -9 9 6 49 44 59 -33 3 4 -81 42 -27 69 22 -13 
-46 -40 -19 33 -22 13 -20 40 -29 1 18 48 33 -59 70 -26 -4 88 -86 -46 10 43 20 27 -47 10 32 -26 2 32 -44 -3 49 0 -91 -4 -85 -29 5 -9 -51 -21 -55 42 -49 45 -42 24 -13 -2 -14 -11 -4 7 46 -1 16 -39 60 -49 58 65 30 1 -56 30 15 -7 3 37 66 -1 -73 80 89 56 -88 -44 16 -12 -12 -46 60 61 10 0 
38 -66 -18 -28 19 59 32 9 21 3 33 -58 -71 56 -16 -17 -39 -45 28 -92 -20 -41 45 -36 13 15 -68 -16 -62 -13 -29 -4 -64 39 34 -19 45 -64 7 -39 19 37 -7 -8 -37 -4 39 4 35 35 -24 61 77 20 48 77 -13 49 58 -18 -55 -58 -36 34 -6 33 1 -22 8 -25 12 -67 7 -76 24 -14 41 13 24 91 54 40 -14 -50 -11 -27 
-79 17 -6 -2 74 -20 60 4 37 15 -22 -24 -80 -57 -4 2 39 -19 -53 4 21 -66 -16 5 19 44 25 -29 -43 -17 28 8 -7 -53 -50 -31 50 67 16 12 -42 -80 16 -50 -20 43 22 56 72 32 -53 50 -9 -10 -27 -51 -34 5 -68 -22 29 -12 46 -66 -16 -15 -21 -25 -61 -25 -25 -83 -59 -12 17 -51 -40 21 9 -34 -45 51 -64 2 -2 16 
0 19 -29 33 3 -17 -27 25 58 -25 22 10 -21 -57 8 27 66 -45 -22 42 6 -39 89 31 65 -45 14 61 -22 -82 11 -23 -45 -26 -23 70 64 82 32 3 -50 -43 -41 -64 -27 22 14 -6 2 16 39 4 19 -27 -86 -23 -15 81 3 -90 -8 -59 25 -73 8 22 3 -2 -22 -65 -51 -7 -71 59 -60 -26 -24 69 25 36 70 64 -64 16 58 27 
43 -59 -2 -17 -1 11 -27 37 -22 17 -5 -70 -40 33 -3 31 1 -19 12 45 40 53 -48 58 51 5 39 -1 -54 -41 -39 -22 -37 -8 -68 38 -10 -28 -2 33 -35 65 -12 3 27 -33 -64 -17 -1 -17 -13 35 -20 -7 -4 -2 57 -13 48 34 67 -5 -53 44 -61 33 67 36 52 -40 17 80 -9 -13 -26 -12 -82 -35 -63 33 -54 52 2 6 11 27 
-87 18 81 -5 20 -61 -21 23 72 -8 22 -52 -60 -25 -2 -39 -13 -21 -74 34 5 -36 30 42 -6 -61 36 55 56 -17 2 -34 37 -52 1 6 -3 42 12 -7 43 -35 -6 -62 30 73 -29 4 90 -3 -12 85 40 44 72 20 21 7 -52 15 14 40 13 -9 35 -16 23 10 -4 -43 -91 -1 -35 78 -25 -56 -11 -6 -3 -25 34 6 -55 -36 -43 6 
-33 -42 6 62 -45 -16 39 52 -23 47 -26 36 13 17 -15 -22 36 27 52 -43 32 79 -31 33 -34 20 14 -30 44 -41 36 -8 -18 -14 3 -55 41 23 -3 31 27 -17 -44 -35 -2 -56 10 -81 -1 -21 -48 -60 -52 39 10 -1 47 -6 -23 6 22 -4 -9 7 -35 78 9 -25 -50 -48 -2 34 -29 24 -17 -99 28 -43 4 3 4 18 -14 9 -51 -24 
32 45 69 52 32 19 23 -73 -21 16 -31 -25 -51 -15 12 47 15 -64 -8 -50 9 -56 -26 -21 -3 24 53 5 -34 13 38 18 25 -27 -24 -5 -9 33 -59 57 -3 -92 -76 36 29 54 -69 37 -51 -43 86 -3 42 -79 -47 -18 -67 4 19 17 -45 -28 -16 66 17 43 8 29 -8 -12 40 -23 -39 49 -22 22 12 -30 2 -52 -26 -82 -69 -53 47 -25 
16 25 -75 26 -42 -17 63 -40 -68 86 54 34 -25 12 -39 61 22 51 -22 -6 -39 -69 -80 8 31 4 49 -13 48 17 -9 26 33 -46 -72 57 9 54 -31 -19 14 18 23 -17 -2 -46 -15 25 28 -1 -84 45 38 20 1 47 -13 -43 -9 -13 -30 -85 8 78 14 40 -1 -13 -70 35 -14 72 -41 -3 -22 24 -22 -22 35 -62 -10 -12 -36 -56 12 47 
40 -11 -22 8 -17 4 -13 79 -6 16 55 -28 -5 62 -41 13 -15 6 -3 -50 76 -15 40 -59 39 -13 24 -65 35 -51 -30 9 65 37 37 -94 67 -9 -19 11 40 63 14 -15 -36 -77 -19 16 9 -63 -17 9 -38 17 40 -31 78 22 -20 -27 45 -17 22 54 -18 21 -25 79 -14 77 82 32 23 -2 -48 18 18 37 -38 76 21 -35 -25 -65 -1 -6 
29 -6 -4 -33 -22 -2 48 42 50 -64 -68 -62 13 35 81 4 63 -3 -41 28 -39 46 -35 -13 -5 12 -35 -48 -11 8 -18 57 68 -85 41 17 -11 64 9 76 -85 -24 -30 -22 -18 14 -69 89 47 84 35 1 48 -50 22 -56 -8 17 -34 -40 -7 -51 -46 31 48 -35 32 75 34 1 -18 29 31 26 50 4 -36 -4 47 -19 -5 49 -69 -44 18 -29 
70 48 -18 60 -4 8 -49 -8 -8 -38 14 74 26 23 -67 -75 31 2 -22 17 0 42 -36 -79 -4 87 -42 34 -70 -11 17 -27 12 26 31 74 -35 0 13 -5 -88 -6 20 -24 5 6 11 49 34 -28 37 -2 -10 -47 7 49 -3 42 11 15 22 -86 9 -21 -57 51 -87 -50 7 -8 37 56 18 0 -11 1 -32 15 -37 -66 8 -23 -45 -13 44 29 
24 38 25 3 -66 -8 18 32 -38 5 27 -13 37 8 -6 -3 -57 19 -41 -77 -25 3 26 -17 -63 -59 78 2 -1 36 2 -54 -6 81 31 40 -81 7 49 2 -3 57 -23 -33 9 8 -3 -19 -50 29 -16 55 -39 52 -16 32 2 0 70 -50 13 -22 -48 37 -52 48 -57 17 -10 0 -18 31 47 3 70 35 -37 0 51 -27 -37 -34 -79 -36 30 47 
-15 -19 33 -70 13 83 16 -18 28 34 30 -46 21 8 46 -15 16 -47 32 53 17 -19 1 -69 34 -30 30 -24 2 -2 -30 -14 -55 45 36 55 -73 10 -35 29 64 3 33 37 2 47 14 54 22 -23 -19 -8 -3 10 60 2 67 87 49 89 -27 1 -56 18 -25 21 3 -56 -11 35 -19 -16 -14 34 23 8 -22 12 -34 -93 -54 70 -9 -9 32 8 
11 -4 44 32 37 24 -10 -13 -78 -22 60 26 -7 -33 -60 -78 -40 18 41 28 -54 30 -13 -57 -63 51 -19 -8 62 -45 -51 12 63 18 28 -34 6 26 18 1 23 -20 83 30 48 41 -37 66 63 -20 -6 50 -38 5 6 -6 41 -15 -7 47 -28 1 -25 37 -72 -58 -61 -24 16 2 31 0 -1 -75 32 29 -52 -52 -84 -25 -8 79 1 -29 -52 -63 
-31 -13 -24 28 22 -12 -51 -65 -33 -26 5 -30 14 -12 -77 11 81 -29 -29 13 -39 55 18 -18 7 67 -65 74 -15 80 -9 -69 30 89 -13 74 63 60 49 14 -80 -13 17 -36 56 67 54 -6 -53 61 52 5 -15 70 -51 -25 54 -19 11 55 -84 40 -81 -27 -11 -71 51 18 -23 -7 70 60 -67 -63 50 1 -75 -11 -26 -74 -62 -14 3 -38 0 5 
23 50 42 -43 62 -26 29 -41 -2 0 2 14 -1 -50 52 9 17 -8 -51 11 23 -8 -34 -3 -12 11 -16 70 -66 -60 64 -30 5 -58 19 -77 25 -1 -46 81 -64 8 -28 31 -63 -8 74 -42 33 -8 48 -31 19 12 -7 29 -3 66 17 70 16 -5 62 24 -1 1 10 82 45 -23 -83 31 17 35 -29 30 -26 -19 -13 26 -44 21 17 -28 83 -16 
56 64 -37 11 13 -9 67 -11 20 41 -4 -48 -9 44 29 -4 53 50 -5 -96 10 24 -2 6 -44 -29 17 59 41 14 15 27 27 42 -8 -29 36 5 -40 39 63 -2 26 -38 -66 37 4 -39 24 31 -64 35 29 82 -64 13 2 4 -8 -19 -7 -42 15 67 -10 -32 24 71 0 10 1 -13 -23 7 3 26 -13 76 -49 11 13 47 52 39 -29 -36 
-9 16 37 56 23 -16 35 -61 -8 13 10 -42 -71 -11 69 19 -45 -31 20 -9 -25 15 -20 -13 88 15 -10 -4 -7 -8 8 -2 29 42 9 59 64 -33 75 23 -18 62 20 -18 -38 24 -4 3 -56 -3 77 0 -42 -37 -21 24 10 -38 36 18 63 31 34 25 22 43 18 32 -3 9 -41 -22 -42 63 -17 -24 16 51 16 -1 -2 -8 66 2 80 8 
20 -5 52 -27 -31 -12 52 -66 -15 -45 -40 6 7 14 -22 12 3 40 -22 -42 2 14 42 16 43 -35 60 49 35 -53 -25 6 -2 -50 34 52 -20 -37 -30 -47 -5 27 -49 15 -58 33 27 -50 -7 -67 59 54 44 29 33 -7 -45 31 29 16 -14 5 -56 -45 11 52 -8 63 -20 60 -32 -9 0 7 -35 -4 35 -52 -65 29 12 -8 -33 9 -25 17 
10 -66 -38 -90 -26 32 79 -38 20 46 37 -67 -24 40 -30 -46 46 44 45 7 -38 58 66 -51 -17 -25 -5 -25 69 56 73 -20 42 20 -80 54 -63 64 25 -1 -82 5 22 52 -71 -20 6 -89 -32 -75 -29 16 84 -12 -72 24 -52 -74 -38 24 -51 -30 51 -45 -27 15 -41 79 -72 -32 38 -63 70 36 -43 -71 34 -68 -32 -36 -53 -45 45 37 22 -79 
