62 99
-29 9 -42 16 -40 29 32 -38 47 24 23 5 29 -3 0 17 30 -4 25 -25 -11 -5 -62 21 -39 -6 30 -76 11 -15 -34 -14 -10 34 6 8 14 -65 49 -9 38 -13 48 12 51 37 0 52 -78 -3 -88 -54 54 5 3 14 23 47 -33 22 1 74 29 -38 6 3 36 25 63 0 2 -77 36 68 -22 44 -22 -47 -22 -38 -4 22 57 40 18 95 -32 17 53 17 -31 -59 13 12 -37 1 12 -25 5 
-34 11 48 -21 -39 -31 -4 -57 49 -34 24 -30 18 74 -45 -77 -20 -26 21 -8 57 2 40 47 -10 65 -29 -7 -63 -12 -86 -14 -71 -9 6 -61 52 75 99 5 28 22 21 10 -62 24 43 10 -41 -11 -15 -5 28 -19 3 88 -70 -9 -20 16 7 52 26 14 -70 11 47 -91 16 -68 9 19 -67 88 -14 22 12 -1 20 34 -31 -64 85 52 -19 16 37 -7 84 4 41 -10 45 -22 8 -37 -57 -59 22 
-56 21 80 53 61 -82 20 -54 32 -11 -68 -61 -33 29 4 -21 58 -67 -7 -1 56 -55 -30 -46 -39 17 -82 62 53 -4 -45 51 47 26 51 46 58 8 7 -1 -15 4 -52 -7 -42 -15 16 5 12 -5 31 54 -59 -9 41 12 29 -3 10 31 9 75 -35 -11 61 53 -58 -94 -11 -9 26 32 -10 -11 -21 29 -4 -19 81 -53 -12 60 -19 11 -16 -91 27 49 -67 -61 -36 -9 -71 -8 70 -45 -55 -40 34 
7 -32 27 -15 -58 -55 -14 -65 -4 30 -24 18 -65 -2 -23 -56 -6 25 29 1 29 -5 60 -40 -22 16 -40 44 47 -62 0 12 -20 -6 17 29 -40 28 18 -42 22 61 -16 31 51 59 20 10 13 19 -42 -24 -9 20 32 9 1 -59 9 -31 95 10 43 20 41 37 3 15 38 34 -64 -44 -6 -2 -33 -10 -5 -48 14 39 71 42 12 7 65 -51 40 -4 -31 -15 -58 -73 78 6 -2 -1 -13 24 -52 
-32 -24 -22 -28 -26 -46 -19 57 66 18 -3 51 -11 4 -59 14 -1 -1 -19 -54 -6 57 -14 -23 -73 10 65 -19 -13 39 38 -42 -63 23 -66 63 -57 -88 8 24 -46 -43 -79 -46 8 -89 -53 -34 -24 -21 -71 -13 28 -11 -21 -81 55 2 34 24 -70 1 -84 -55 21 -38 -5 -51 -1 19 22 51 -65 -42 32 -53 -3 32 -36 14 -21 -15 1 -34 11 -24 72 12 4 -9 -38 -1 -44 14 46 44 10 12 -29 
50 -22 56 -66 38 67 25 26 5 -45 -44 25 -32 11 -44 -11 -34 10 66 11 73 20 71 21 -1 48 34 -4 52 82 -3 6 -26 47 11 -43 14 24 -17 68 44 63 -2 -35 -9 80 -46 41 40 -56 75 -34 -13 -49 79 48 26 55 -18 75 62 -28 78 -31 -15 62 -22 3 -28 -38 21 -71 -48 -11 34 -3 -23 -53 -48 -18 -3 4 -15 -38 49 2 -14 -27 -16 -44 -10 16 -35 -2 10 5 -20 -9 -6 
9 -51 40 12 -4 55 5 3 48 -12 24 -8 -7 57 -28 67 -64 41 -9 -10 -82 12 -55 -74 1 -65 -15 26 1 -48 -21 -8 -75 36 -78 -60 27 67 8 15 -28 -35 58 57 30 6 -19 22 -46 -29 -34 4 26 -5 45 -50 -30 30 -72 1 -65 84 -83 -59 -62 74 -25 -16 -64 39 4 -42 9 -30 -3 -45 -8 -48 -1 -22 6 7 47 39 -19 -28 -9 29 56 67 -15 30 -26 19 -4 -18 -9 30 0 
4 49 -68 20 38 11 14 24 53 -51 36 70 -55 13 5 12 -10 -50 -11 -52 20 -34 -36 21 -49 -36 33 28 36 -35 58 56 -67 47 -31 5 79 22 50 45 -16 -34 12 34 -72 -8 -60 14 35 -3 -41 -77 1 93 56 -13 -87 -13 41 -19 -15 -25 28 -16 -10 17 18 -90 -17 38 12 -4 -31 -50 -15 5 -12 -2 -11 81 89 62 5 48 -80 49 16 5 75 72 -34 68 -37 -43 -11 -56 5 -34 4 
2 -35 72 11 -51 -2 -36 -38 24 -18 13 2 -73 -20 -18 62 -36 2 46 19 59 44 -11 42 -51 91 0 55 -52 -16 36 42 3 51 69 90 44 15 -43 16 6 34 57 -63 -48 34 -5 97 -8 4 -62 -18 -11 47 14 -88 25 -56 42 -28 -31 6 14 14 11 -72 4 35 -4 16 83 4 33 58 -1 -58 22 46 9 -69 -55 56 82 21 12 62 15 2 41 23 47 52 -56 19 75 -33 93 33 -26 
35 58 -55 -59 -5 1 11 -56 -49 14 -15 -7 9 82 21 -9 -49 -2 43 -17 11 22 -11 17 -41 -27 -35 -32 -19 48 -14 -27 56 -6 -45 -34 42 -24 -38 17 -1 9 -54 -4 71 17 -17 42 71 -53 5 -15 -15 -59 8 -9 29 11 -8 42 -64 0 -8 -8 76 36 49 -73 39 -6 7 15 -42 -1 -9 -21 -68 -88 -46 5 -59 18 17 64 14 35 -42 -36 25 -57 7 -47 -33 1 -18 71 50 -9 -1 
-9 -21 39 0 -28 -45 -34 52 -86 -14 64 -49 -43 26 -14 63 31 37 23 -39 -48 -37 15 -3 -59 19 -18 -29 4 -81 0 -34 -70 -24 -15 64 -25 49 -30 -38 4 -20 -4 26 -33 3 17 -9 67 -40 62 -53 -11 29 2 17 43 26 -19 -23 -90 17 17 55 66 -4 27 -18 67 15 -34 -15 -29 24 -17 -91 -8 6 50 43 39 -35 -7 18 39 -38 -65 23 -11 3 18 21 -57 12 6 -82 24 -47 67 
3 12 16 -56 45 13 -27 -20 -4 -11 -79 -15 69 5 -55 64 9 60 22 73 -14 -69 6 14 -2 90 30 -6 16 3 -70 34 -34 55 -22 -45 8 -36 -82 -22 13 35 34 -6 31 35 83 18 12 -49 32 -38 -5 48 14 -19 34 11 51 -56 -20 -18 89 -44 -52 -55 -4 -53 -6 -18 -38 -36 48 12 -63 18 17 5 45 5 -29 -70 50 24 -7 -15 -49 17 -60 -51 -92 20 20 -13 -1 -8 0 -76 2 
-35 -76 -22 -41 -7 11 -20 31 19 0 24 -2 37 48 7 -30 -14 16 -17 94 12 6 -85 -2 -21 -26 16 23 -2 -27 7 40 -49 53 6 -81 40 -57 15 -11 -63 28 27 22 68 -61 -27 -9 -45 58 39 40 2 1 -67 6 59 49 38 68 -6 14 77 -9 13 9 -18 -15 83 5 -28 65 -36 -29 -68 -27 9 63 -2 38 -8 -1 45 30 -21 -34 -49 -25 0 12 15 -69 9 -89 -52 60 43 33 63 
-27 11 -80 -24 40 -36 -68 0 27 6 -31 -6 31 31 -29 -4 65 -6 9 12 9 23 33 -24 -42 -18 -28 -9 -45 15 20 -41 62 57 32 -17 12 -72 50 68 12 -43 11 97 80 -42 -35 -56 73 -3 -53 -15 -58 28 65 6 6 -69 -35 52 -26 -39 -36 -81 10 -25 36 11 36 -10 12 36 44 35 -23 51 59 6 -39 -86 -6 2 29 69 -14 -60 8 22 55 -57 -50 -15 27 2 -51 -55 22 59 -32 
14 73 54 -2 -75 -34 -78 -33 21 20 48 -71 -36 -23 -73 36 -10 73 -1 7 17 85 -1 34 48 -28 51 -27 50 78 35 54 -20 -35 41 -7 1 -74 20 7 -64 18 67 25 77 -63 42 -36 67 -65 -2 -27 37 -19 54 -14 29 -14 -26 31 70 -86 -61 -15 -68 17 28 -2 31 -3 86 -2 1 -25 -68 28 -28 -7 -2 -13 -39 -68 -20 37 -15 74 43 5 -35 -53 -28 72 -52 -74 -72 -70 81 -66 -38 
-83 -54 -48 66 27 28 -5 59 25 11 12 -20 -2 -12 -36 43 -26 33 -14 -71 -20 52 -21 -74 -93 11 15 58 61 -4 28 44 -52 52 67 -27 -4 -15 -67 -28 -51 -15 80 -35 -8 62 -7 51 -1 12 9 -7 55 -77 47 -74 29 -1 2 71 -52 9 74 29 -35 8 -79 54 76 72 49 -40 11 -63 96 -30 5 46 27 78 55 9 11 -30 -17 28 -27 26 -16 95 -41 33 -9 -4 31 19 5 18 6 
34 -2 -54 34 -26 7 95 40 26 24 0 54 9 -38 3 -17 10 -50 24 20 27 9 28 -24 35 0 5 -3 -31 8 -29 19 -71 32 -33 69 -65 -29 -37 21 79 -12 5 39 -44 13 17 22 80 -5 16 3 -39 34 18 -2 78 -62 19 34 -74 22 85 -2 -34 51 2 19 8 -9 -66 10 68 -33 17 3 0 72 -1 -9 -7 -35 36 -3 -19 50 -11 -2 -66 67 68 89 15 27 5 80 -24 -2 12 
45 -54 29 58 7 3 11 4 38 -51 -19 -79 -2 34 -17 -17 -7 -15 50 16 14 14 2 8 -1 45 -8 19 -57 68 -32 29 -44 3 -15 18 7 35 23 -32 3 -6 16 -30 -22 92 70 -21 46 43 -51 -13 -35 -55 -2 -16 22 -3 81 -25 -24 3 -63 44 38 -34 30 -12 -40 74 65 18 -8 -44 -12 4 1 27 -66 54 -13 -76 -55 -42 -52 17 -45 -40 -10 -3 -29 -12 -10 -41 -9 50 -11 -30 59 
-30 -26 26 -64 12 14 -55 38 -64 56 46 30 -25 32 20 -20 72 8 -20 11 7 18 74 -2 -4 -81 -1 -5 -54 -60 -12 18 12 36 -60 17 5 1 -11 53 43 -41 -72 16 30 -91 -30 -61 1 13 -9 32 51 -40 -85 -19 -56 28 -39 46 -21 20 -60 40 -30 34 16 15 -70 6 9 19 -59 69 24 -28 73 9 8 -11 -16 42 29 25 -3 -27 -52 -15 37 12 2 -10 50 -35 54 27 -66 4 1 
3 10 -8 -8 28 20 -71 -41 -15 33 -8 -29 -13 33 -34 -19 -86 -4 41 -66 -9 -81 -4 -33 -68 -42 68 12 0 6 -46 44 42 -13 2 34 24 -16 -55 55 2 22 -3 -48 -18 -10 85 47 15 35 30 -1 13 -4 41 -22 23 1 -21 60 12 -72 -2 16 -71 33 51 -12 82 23 7 72 48 -27 16 -17 -26 57 -73 84 -38 42 41 12 40 44 -45 -44 -6 44 -52 -14 22 -57 7 -26 56 40 -39 
-24 15 22 -49 -24 -14 -77 17 -53 33 -57 -14 -10 11 2 47 -5 43 -4 -12 0 1 95 24 -52 -63 67 5 77 -35 49 77 -11 -9 14 15 38 1 29 8 14 -10 8 14 -46 -16 34 -15 -9 -9 -23 -6 19 4 -6 44 1 -10 74 -84 -13 12 -68 82 -30 -30 18 34 79 -27 -10 55 -39 -37 -4 23 18 -9 -83 -2 14 14 -83 -50 4 -33 -40 27 -88 -57 -67 38 11 -46 47 8 -19 -9 -48 
-33 -7 62 -24 25 -42 -4 -58 -11 44 26 -7 -69 11 -10 -16 31 57 -42 34 19 -60 -76 9 28 -36 -88 -28 27 40 -35 -45 -37 25 -25 6 35 70 -34 -14 -88 20 3 -41 -51 -9 -76 -47 -33 -17 -23 -85 -35 11 10 -29 83 -36 -31 -30 24 43 -32 -2 32 6 -30 66 -5 47 -12 62 -43 -17 -11 31 59 -26 15 -48 -10 -39 18 29 -10 7 25 -4 -8 -3 3 -15 45 -15 20 -19 48 31 18 
-50 -56 -10 -11 23 5 12 30 27 -42 38 -46 -20 -21 -7 -30 -65 64 -6 9 7 -9 -37 65 -23 34 37 -2 32 16 -40 26 2 38 16 -24 65 9 -88 6 8 -61 98 -18 -35 -36 -64 -21 -80 33 43 25 91 -12 -22 -63 -20 -21 62 -33 5 -54 84 2 -29 66 19 -5 24 41 -70 30 -30 -75 28 18 54 19 74 -23 -28 15 7 -13 61 20 75 -62 -45 37 -5 48 26 -40 31 25 62 9 -30 
11 -53 31 -44 80 19 -4 46 -21 30 5 6 -25 -39 -95 8 -2 -41 -2 -33 -14 61 18 -16 -38 -22 23 -20 -23 8 17 -24 -92 -22 10 39 26 -21 3 15 32 32 16 -17 -13 11 24 -18 -51 -10 8 31 36 3 31 -29 -68 61 -59 50 -8 -40 82 39 3 -3 -61 -28 -71 57 5 57 -34 82 28 -70 53 -12 -80 60 -14 -45 -59 -21 -23 -67 -71 73 -95 -24 -65 32 -37 56 -27 79 -28 -17 77 
-35 84 -60 -46 21 -18 71 40 22 33 -34 -32 31 33 -48 -19 -85 50 -25 1 18 -65 15 39 -2 -5 -26 -66 -51 10 -26 -16 -19 -29 -63 -19 -79 6 44 -31 20 -87 -60 -14 94 52 15 4 -36 -35 41 -78 21 58 -72 15 20 -35 1 8 -33 -29 0 23 59 -65 -70 29 -58 -34 16 -24 -16 21 7 -6 78 4 50 82 -36 -27 46 51 -13 -13 59 6 -10 -41 3 19 -51 -7 -58 50 -28 20 16 
-20 -22 -61 27 31 -38 -48 -67 -64 -58 13 96 -25 15 53 16 76 -3 14 -18 11 -7 7 -5 -41 -46 -16 -88 -2 -15 53 65 33 4 -29 -4 -45 46 12 -59 -43 -21 -27 -4 -26 44 -3 -31 64 -72 -11 12 19 40 -8 -45 35 24 -50 46 -19 34 68 -40 -53 -8 10 48 90 -36 -38 -21 42 -9 -44 21 -38 48 58 -5 -52 11 13 41 67 -34 -73 -59 63 -70 17 -21 0 69 7 63 12 37 80 
50 -71 59 -53 15 -15 19 -27 -53 34 -14 -33 -11 1 11 50 49 -78 -23 -46 18 -10 4 62 40 -24 36 29 36 -13 -57 -19 -64 -23 80 -5 13 -6 51 49 45 -4 -65 32 -47 46 10 9 -3 8 -36 14 67 -91 -26 -5 46 1 27 -9 10 -20 -8 -17 -65 65 -78 27 24 13 -20 64 21 -30 -35 -34 -68 -34 -33 6 -7 70 -17 27 1 -17 -73 36 -32 51 23 3 -47 -45 8 84 -14 32 28 
-26 -18 -24 8 49 -5 -7 5 -60 6 -21 31 -16 53 43 -37 36 -21 72 -32 -20 -71 35 58 17 -60 -7 -44 -29 8 8 -35 -11 -28 -26 -8 7 -49 57 -4 -37 6 -31 -48 4 58 0 16 -71 -52 2 27 -43 -22 -43 -40 22 3 65 -54 52 -53 -65 7 -20 30 46 -13 -19 39 -1 -50 23 15 -17 -12 1 39 42 69 58 -36 35 -7 -4 -17 52 -6 20 -41 94 1 -28 39 52 -20 -19 43 27 
52 -22 5 -15 38 39 -18 57 50 -17 2 0 33 -61 -11 41 5 -58 5 -34 40 56 31 -5 0 37 25 -18 -48 -10 46 20 -15 9 27 -42 77 31 -20 -37 -21 61 -17 37 -62 -44 45 7 55 5 29 33 18 29 -15 -55 13 -53 68 -45 30 -57 -22 -9 66 18 29 -16 56 -21 -58 21 -46 18 -52 -20 35 5 7 66 -28 -61 -19 -71 61 -24 61 54 -52 -4 -59 35 -36 31 24 -5 40 2 11 
18 -63 19 64 15 -6 -13 -2 -50 -76 -11 63 3 31 -13 51 8 54 10 -19 19 -11 21 -64 26 14 -27 -52 74 -61 64 -23 62 15 83 14 10 7 -17 -23 -52 15 69 -25 -48 -10 -3 -37 -10 -57 -14 31 -8 39 -60 -28 64 43 23 -80 -72 -36 5 -31 -72 -52 -64 9 -13 -79 -20 -13 17 57 -23 -23 -94 -19 76 -29 -3 -3 13 -15 5 -6 76 13 -20 20 -72 23 45 14 6 -60 5 -14 -27 
-27 -57 -6 -15 11 -77 -33 19 -28 -52 -31 5 1 8 47 -1 -38 -40 32 -31 31 31 48 18 -69 -63 7 -14 10 8 -27 11 -76 -12 -19 -22 -12 -30 36 -44 -52 -53 14 40 -14 -44 -26 -74 49 81 17 84 32 -50 30 22 -67 -57 -15 -72 -50 -12 -83 46 7 -78 63 51 -59 75 51 12 -28 55 43 -42 0 -54 -28 31 51 -12 -75 -18 -47 -18 -95 -51 21 6 -20 1 77 39 -57 -4 -34 -66 -39 
-18 -7 -64 -12 -90 -36 -21 88 -55 -27 -10 34 25 -22 -37 0 -12 56 10 -43 -4 -54 -53 -69 -41 20 -54 -16 -25 -73 -79 -26 38 -88 81 14 -47 65 3 47 -44 27 -54 -18 -12 -37 -14 58 81 -15 -10 -57 45 -29 45 -45 -17 -84 -6 -20 23 16 -13 -1 -4 75 19 35 -28 -32 21 50 -8 -41 -41 0 -1 -40 34 1 -20 3 44 45 -15 -20 -14 37 -71 -16 34 -15 45 -29 -16 -81 -48 8 -27 
-68 27 29 36 14 51 -61 -19 50 22 -16 2 52 -81 -67 59 51 33 11 -4 36 25 -32 43 64 -34 11 69 -44 31 5 -50 -16 -63 -28 -18 -8 -20 59 -56 29 -38 -51 29 -57 -11 5 29 36 7 65 20 14 22 -87 2 9 30 54 40 91 -21 9 -51 -57 -68 -75 61 -34 -65 55 -64 34 -26 -28 32 -35 -9 49 47 44 -8 -32 20 -32 26 82 42 32 27 12 -34 24 -30 -28 -13 -24 -71 -27 
79 -36 5 -18 -20 16 -23 51 9 -9 35 -67 23 22 -38 4 -33 -17 -14 30 -30 5 14 23 -15 55 15 -43 62 -37 -11 -18 -4 37 43 70 76 -64 -19 -48 2 -1 10 -82 -32 27 -34 -13 -31 3 -45 -2 0 57 79 57 -15 -5 -14 -44 -12 44 19 -77 -52 -55 -62 46 -22 -3 34 -79 -93 -6 -4 23 -37 12 60 -7 -42 70 7 73 22 -12 31 -13 37 54 16 -22 28 10 -58 -30 52 18 -2 
-17 43 -77 -52 25 15 -23 -7 61 -49 -64 22 26 -11 3 42 -50 -72 69 -18 -33 -2 -17 35 -7 -22 67 50 -6 -56 -31 -32 37 -10 -27 -51 43 16 -3 57 -13 -76 -23 81 -9 84 54 73 -44 39 15 -18 33 0 53 -68 -24 6 50 -6 -5 0 11 47 11 5 0 71 32 10 -23 38 8 -19 -60 -17 96 18 2 -10 87 -1 11 25 76 28 21 -42 -10 63 -27 -16 -38 15 20 -53 -54 82 -5 
-8 -52 -93 12 50 59 -13 -11 4 -90 16 21 27 -39 17 -10 12 -25 46 54 4 56 -16 -79 -48 -77 23 73 18 37 -36 28 -35 -65 73 45 16 70 -46 60 21 -14 -26 8 54 -7 -8 36 -13 60 10 43 -91 -23 -24 18 88 77 -21 20 67 -21 -15 50 25 42 57 -25 16 -11 -45 -31 -7 53 67 18 14 -17 36 -15 17 35 -59 -8 16 96 20 24 38 -30 -20 27 32 35 -39 -33 66 31 65 
25 84 -22 -53 49 57 -36 -8 -13 -54 52 -54 -78 -5 15 28 -82 56 6 78 19 9 -55 14 -34 -83 22 -46 12 0 14 67 48 -21 -67 -6 4 -54 -12 9 -15 -48 -23 59 9 -54 -29 0 11 -19 -39 -32 46 -79 -87 35 -39 -28 43 -74 34 59 57 -60 -30 49 37 -1 56 24 61 69 39 29 -28 15 -41 -56 24 -64 1 -41 51 50 7 -14 -2 17 -8 34 35 -16 -62 40 16 -68 -21 -11 -6 
16 -13 18 -53 -5 -9 15 -14 -26 -10 -63 -1 -25 -69 4 -39 -70 4 53 -38 -17 12 -35 -16 -53 -17 -32 19 2 -1 -42 44 -36 67 44 64 39 -2 19 -34 6 -15 19 33 27 6 30 9 -3 -34 -50 -25 -6 20 -20 26 62 -36 18 8 19 -18 -79 -38 31 -18 56 -43 58 -4 12 33 -33 -34 -43 2 11 -40 -3 30 26 -34 -11 -30 -33 24 46 -43 57 -30 67 -63 30 -35 -81 -6 -14 -8 -21 
15 -67 -41 -42 24 -45 -3 -63 -41 -6 -45 -84 -51 31 28 38 22 46 40 -32 0 43 11 15 0 -71 16 -43 -66 -22 -2 -5 8 2 8 91 -66 54 34 38 37 -62 -22 -73 -9 -51 16 62 46 -18 42 23 -19 76 -58 -65 -17 84 -43 57 10 -51 22 -3 -58 -10 30 53 -8 41 14 -24 -26 -28 -48 28 28 -11 -51 -25 -29 -13 -10 28 58 37 0 17 28 22 -19 -77 68 8 -35 26 14 -68 -50 
5 -66 79 -8 6 -15 61 -34 10 -67 -20 -67 -13 -10 -11 48 -43 -37 26 -63 0 3 -14 9 25 -58 -31 -3 -48 -95 80 33 8 -3 1 0 -34 33 -17 -82 -4 4 0 15 -22 24 -7 -84 16 -1 -28 -19 70 -39 5 33 -39 10 -1 -17 63 -45 -38 -4 -28 -8 0 53 -74 -39 70 1 0 -59 -58 -22 1 26 -66 -35 -34 35 40 24 -63 12 -55 25 -80 -11 -51 25 0 -36 -15 -42 -10 -64 53 
-57 -76 -33 77 -84 -8 -46 32 -9 5 -28 -53 -7 0 -43 -30 -20 19 26 26 -4 1 -42 -48 71 -37 48 72 12 59 79 -23 43 -58 -66 -35 49 -41 -65 -30 29 -2 41 14 -9 57 -26 32 -32 -56 -38 -50 65 31 -65 31 27 -9 -92 33 45 76 -75 8 -17 -74 -47 -4 11 -31 52 13 47 29 4 -70 -10 32 37 34 66 8 -21 72 -3 -34 6 17 11 -33 -36 -50 -83 18 -49 -54 21 -12 24 
7 37 -23 -35 40 28 -35 -18 53 -18 -36 -85 16 -93 -27 -11 64 52 80 -15 -46 -33 66 44 -38 -25 -13 18 -31 -51 4 -17 67 42 -1 37 37 -4 41 41 -49 7 -5 12 -26 20 -28 14 -24 -26 15 -30 32 -3 -47 90 -13 50 -41 19 6 64 -49 0 -67 2 61 -26 26 -64 -8 -15 10 26 -70 -54 39 -1 -28 -22 -23 44 2 19 80 -14 -22 53 -11 65 70 68 -19 51 -83 -10 -55 9 13 
-50 -13 -46 -10 -6 -6 61 8 7 -42 -9 27 37 -89 13 -10 36 -22 0 4 -55 2 -47 60 -18 55 45 -54 -6 -15 63 9 -13 43 -59 90 38 19 0 -10 40 57 59 1 38 -39 -47 7 78 16 24 23 -61 48 -9 -34 -55 12 48 -41 47 3 -32 47 0 -45 -17 37 -51 59 27 50 -77 1 32 -2 -20 -5 -15 -67 48 -37 -58 66 0 -52 16 -70 -2 80 53 -49 -5 35 -71 30 -9 18 37 
-72 46 -23 -54 34 29 -80 -13 -27 85 -75 47 11 23 57 -22 -20 -71 10 -38 47 67 26 -43 -15 -63 44 43 -45 -3 -12 -34 -8 80 -34 61 8 -1 32 -12 2 -2 -5 29 63 -64 3 22 -1 4 -56 24 6 -18 59 -47 -48 -32 -24 -2 65 21 -44 41 25 -68 -45 1 -34 29 -19 4 -78 42 46 -54 40 -22 4 -50 31 5 19 29 22 31 -57 -21 30 -5 -21 -16 1 25 -81 -20 -36 57 31 
-24 -34 16 -3 -71 64 35 -58 -35 -4 54 36 -12 19 -59 -1 -1 -74 -17 8 -57 -9 -32 -11 65 16 -28 31 48 -16 19 6 -23 43 -61 60 -16 63 -53 -18 27 -26 51 35 9 80 -20 -2 -9 -10 46 18 64 24 7 5 36 -58 -37 17 -87 35 19 -8 -3 14 8 36 48 -78 -24 32 46 53 -18 -56 -21 73 39 -3 -5 -62 20 -30 -75 -44 -58 11 3 -18 60 -23 -48 -39 4 -20 36 -88 63 
-15 -1 32 -19 1 48 24 -37 51 25 22 -85 34 -1 32 27 52 2 -71 -15 -68 -11 59 74 -9 48 60 13 -28 30 -66 -43 36 17 42 -9 8 5 -61 30 10 -9 1 66 -20 -62 32 -23 42 7 91 -43 -42 -35 -4 -53 -5 -15 59 -38 31 63 5 -47 -39 10 22 26 -17 82 -13 12 17 24 -56 -5 -8 24 -7 4 -6 -45 -41 12 -11 16 -20 57 47 -28 32 73 28 -37 24 -46 3 -2 -53 
-11 -12 -49 27 62 -69 -20 -64 66 -5 25 -1 8 -29 44 5 49 -3 20 -9 35 -74 14 -43 0 -23 -49 -70 7 -3 -63 23 31 -40 68 -5 24 -8 -4 -27 28 -51 1 -56 -57 23 -15 8 -21 10 4 11 -10 16 -46 13 -21 -51 50 35 -5 -73 81 2 -41 36 22 9 33 -20 52 18 69 -22 64 77 -51 61 -26 8 18 43 -85 -29 8 -5 3 -38 15 -20 7 5 -9 13 -13 -31 60 65 -33 
-28 13 59 -1 8 79 71 1 -68 -28 4 64 31 13 4 -16 -24 27 78 22 44 -40 -51 -36 -17 49 2 76 -56 -3 36 49 65 -8 -2 -51 -37 -28 -61 -62 88 -41 -6 -20 -67 0 -72 40 37 26 -19 -20 21 -47 19 66 -30 -38 -29 57 6 27 14 61 -58 54 -35 -11 0 -46 85 -6 25 -50 29 51 -49 -78 -18 3 -5 -17 4 31 -62 35 18 -34 70 -31 27 -31 -45 -21 62 68 -5 20 4 
66 -59 60 50 10 -18 13 -44 -27 -12 -46 63 54 7 -24 -1 -46 42 12 -15 7 71 69 22 23 -54 21 88 9 -25 -40 77 -7 50 55 51 80 -34 11 51 46 -76 33 7 -44 24 -34 18 -80 -65 55 7 83 -38 -7 54 -32 -38 -67 21 35 -25 -55 36 39 30 -37 99 4 -31 -2 7 8 27 -20 64 62 29 80 -17 -13 -22 13 7 71 29 14 -42 97 -30 -51 -17 -47 34 -55 -17 38 11 16 
50 -55 -3 -51 -54 3 -19 37 19 16 1 -42 13 13 46 -4 -28 26 30 -15 -60 32 -21 -26 -6 -73 9 11 -57 -24 -1 -55 -43 37 -8 58 -29 34 -25 1 -62 14 5 -6 -1 -61 52 -75 50 53 52 -70 -56 72 38 -42 -44 94 4 5 43 63 71 -30 26 36 23 13 46 -27 -74 -71 1 58 43 -88 46 33 -82 12 10 -22 0 -80 -30 -16 22 -73 -42 29 32 47 -23 -62 -16 -35 -49 -35 4 
12 15 38 15 35 46 -4 65 61 -3 50 39 -8 -22 -12 -21 -43 -80 2 6 50 12 41 24 19 53 41 -13 -27 -73 -37 -23 46 -18 -12 -24 14 -86 42 10 60 23 73 -11 50 24 -12 42 -69 -53 20 -11 -15 4 -50 76 65 80 -19 4 -77 31 81 34 -62 13 48 -41 23 -70 19 1 -37 -21 -7 -75 46 33 -63 -33 48 8 8 -30 -18 59 -12 19 0 -70 -1 4 -45 13 -39 1 -20 26 -10 
50 -76 -58 80 -16 -24 50 64 48 17 -13 46 -19 -32 -46 24 -28 -17 0 24 82 26 32 -61 -30 -43 -17 -11 -16 -14 66 -7 -13 10 -56 12 28 5 70 -20 -9 2 -20 -31 -85 -36 10 19 -9 95 -42 -19 8 16 -82 74 -2 55 -37 86 36 45 54 21 -35 18 3 -37 -41 42 -64 -6 -58 42 -23 -12 45 -20 -5 79 -25 -11 -36 -59 17 63 74 -65 -51 -8 79 38 -89 46 29 -5 -26 -78 -49 
-21 -23 4 37 -15 91 -18 95 -30 43 87 7 45 19 -35 40 -33 51 38 78 -11 -32 -26 5 47 46 0 24 46 26 -34 28 15 43 31 -9 -5 24 -19 -15 -33 21 -8 -54 15 10 -13 19 10 -11 -81 -58 51 40 21 -45 -72 53 -6 -60 -8 -7 34 -4 -35 -54 15 -42 52 -45 -1 3 -81 -1 -14 8 -47 80 59 -38 -74 -26 36 23 -13 12 30 -24 78 -32 -25 50 37 50 38 -52 -62 40 16 
47 36 -85 0 -20 65 57 -1 7 43 7 15 -25 23 17 -24 -13 -78 -37 -21 -13 -81 8 15 -46 -24 -7 -22 25 -18 73 5 -9 -5 -16 -32 -33 -18 -41 68 -5 -31 33 2 3 52 8 -47 80 -8 25 44 -15 -11 5 59 -39 53 -57 -21 -65 -26 -61 42 -3 -56 -7 8 28 40 -30 22 -39 -59 -16 48 -3 -46 31 6 -33 -9 61 23 -17 -34 81 59 1 23 49 23 -42 -41 61 75 22 -3 -65 
-47 40 12 44 -12 56 24 -38 23 31 -11 53 7 -37 -9 -21 11 7 71 -42 84 68 4 85 1 -6 -31 -48 -8 -81 50 55 -4 -94 -73 -12 -33 -54 -18 11 51 2 54 4 34 -17 66 -59 44 44 -39 -42 21 60 -66 15 79 -78 -34 11 -24 -8 18 10 61 18 -62 -3 18 -10 -65 -4 14 78 19 -36 41 60 -15 -35 12 -58 37 68 46 -6 -34 -44 17 30 76 -74 8 35 -63 16 51 15 0 
40 28 13 45 47 11 7 -45 22 -35 12 -75 3 -52 56 31 92 31 -30 11 41 23 24 -76 -31 -46 -84 31 27 -4 49 -78 19 34 7 -81 17 41 -25 -55 -45 -11 28 9 -15 -36 -48 -22 -2 -42 -23 -52 -1 74 -38 63 -9 0 -6 13 -72 13 -9 -41 46 11 -50 -15 3 76 -28 14 -87 18 -38 -25 63 -16 -1 -54 50 72 -61 6 -23 -3 43 18 38 -20 69 -58 54 -68 -18 13 29 -19 -7 
26 22 5 82 -29 46 -48 35 -55 25 13 -24 35 3 23 58 -11 96 2 -44 84 30 44 -73 73 -31 -7 -9 -3 -15 -54 23 29 37 26 17 33 63 -8 -45 -32 26 -7 -55 -2 -16 -29 -5 10 39 -45 -58 34 58 29 12 38 85 -37 2 -72 -29 -16 38 74 67 -71 -52 32 -15 14 -16 -7 -24 21 9 25 94 -2 5 67 20 -49 3 -28 50 -23 -3 18 67 32 -87 15 -57 15 22 38 -76 -19 
13 64 -31 31 -25 -23 85 -42 -15 7 -39 0 28 38 -13 -4 -66 -23 -13 -8 -36 -80 -34 3 17 -37 -53 22 39 -14 68 -15 55 -60 19 -54 -72 -65 -11 -1 -29 -55 1 52 63 -29 13 -30 -6 -54 10 4 -44 41 24 -64 29 51 -79 -37 19 -31 -39 -24 -8 10 -12 -19 46 16 15 8 8 -42 54 -56 -3 23 -8 86 45 -9 26 8 -17 -40 -7 -8 80 -67 85 19 -34 -72 -51 -15 -40 -72 36 
48 48 -41 -32 -34 -2 -60 -72 52 3 19 74 -27 -44 -43 -47 -56 73 -53 -18 29 33 -8 -28 67 2 -4 42 0 90 -46 -11 19 -12 -13 -7 -24 38 0 -7 15 -26 -30 3 30 32 54 74 13 -70 79 80 23 41 12 -81 32 33 58 -6 -9 -13 37 -1 29 20 8 41 -13 -29 12 70 -29 44 70 51 23 -44 6 -26 12 45 -68 4 -6 91 -47 -77 -41 55 -21 27 34 37 37 -31 -26 -43 -47 
-4 16 -64 46 30 -13 -25 -34 35 -9 30 -73 -73 -2 -38 24 0 -25 3 -53 -64 44 98 -13 -12 -39 21 46 26 80 -62 1 -42 -4 -45 -83 -56 -20 -9 -31 67 41 -59 33 19 -6 -50 -3 -8 26 36 -14 19 -11 35 -41 -22 -30 -3 -7 43 49 27 -58 83 82 75 24 -43 37 21 39 14 -49 74 49 43 19 45 -1 28 11 12 -44 2 -46 39 46 -22 0 26 -13 23 57 2 68 -53 -3 -11 
51 57 -8 26 21 -22 -73 -71 -48 -69 41 9 6 -34 52 24 9 60 4 -52 -28 -69 -24 -23 72 89 64 42 -30 -11 -21 -5 23 2 -17 -13 -72 -44 28 -24 3 32 34 -55 -44 -13 38 -27 -46 -37 -83 -78 19 -20 -19 21 19 -24 -56 4 -32 6 0 -28 -17 -5 -9 -49 29 -39 63 -25 74 66 53 50 31 17 84 25 -25 -2 60 -61 -21 24 11 -15 -92 -97 33 85 -52 54 23 15 -77 86 -14 
-55 -18 81 -42 -6 19 34 37 -36 23 -12 5 -32 -32 -37 -21 15 56 -50 -6 56 -60 35 -7 -11 11 -21 2 -82 -60 16 -16 -68 52 6 72 76 49 19 -42 -11 14 -11 -40 -23 64 -66 88 -3 -65 -13 6 -10 3 21 -18 -41 -4 10 -28 -14 1 25 24 -42 17 -50 -11 6 -64 -39 -51 44 -81 -11 10 39 6 -7 38 52 -59 -14 -90 44 -8 30 -42 0 -43 -40 11 -28 71 50 -12 3 11 17 
