18 77
-5 9 31 39 60 56 -36 -60 -2 61 -62 33 -7 17 -18 -13 -67 82 14 45 -47 -30 62 43 -36 -12 36 -19 -59 -71 -83 -35 -41 32 24 10 5 -29 77 4 72 -21 26 -17 -20 -86 67 8 0 -50 -44 -8 21 39 84 47 17 18 -50 -49 -88 -31 20 11 3 12 -42 -37 40 57 38 50 -6 -27 -11 18 -83 
51 -52 -4 17 -48 28 -51 59 81 -14 5 40 49 44 14 28 18 64 7 71 25 -35 -16 -33 2 -52 59 68 43 19 -26 -94 -37 -22 -27 -56 -31 -4 -35 -46 -1 -59 -58 -61 24 -6 -7 7 14 -11 -21 -28 -44 38 28 -78 -84 -19 -66 -67 2 -31 14 2 1 15 1 -59 -14 -46 50 59 -73 34 -61 39 20 
26 32 -42 -62 -40 21 66 6 -2 -49 44 -8 64 62 46 -72 65 2 16 25 23 -28 23 27 -4 72 52 -55 -40 10 -96 53 33 -27 53 7 -56 49 -5 39 3 -53 -84 -56 39 88 71 -15 -11 -10 4 38 14 50 4 -20 -10 7 -13 14 23 81 -75 -21 23 -23 -25 -5 -78 -4 1 -44 -43 -88 -91 -2 12 
-3 -86 -32 -62 22 42 -19 63 4 50 -1 8 -3 -14 37 81 -41 -21 -11 28 -31 17 -24 20 -34 -4 45 -44 -1 68 40 -5 -1 -33 59 -14 41 -43 -48 65 2 87 -38 -3 -4 86 -42 63 79 78 -32 26 -12 -7 20 84 -34 -50 -78 -3 24 14 -21 3 45 33 -16 -21 -5 47 -5 -53 30 66 -21 -5 21 
-40 29 5 -44 36 35 -59 -81 66 26 55 -9 27 -72 -65 46 -26 -25 27 65 50 -1 4 -38 -31 70 19 -10 31 -2 35 1 -10 -58 -12 47 6 90 45 -49 -2 -25 49 33 -54 24 28 -34 32 61 -58 86 27 -74 27 -43 -3 55 -77 -21 44 -76 2 8 20 27 24 -36 -3 19 -43 -12 38 -40 -35 11 47 
-50 -45 -26 39 -43 44 -45 -29 41 5 -4 29 -7 -20 16 -92 -46 -5 -28 28 -4 -5 34 14 55 -29 -21 1 8 74 6 -39 6 -14 52 -15 -78 5 58 12 -42 -79 -7 72 -48 40 64 -1 -64 -64 59 -25 -71 1 -50 -57 -52 -99 82 -74 37 -65 -48 -60 38 -74 11 41 -34 68 44 -80 87 -19 36 -56 55 
35 69 65 58 -20 -27 0 -30 68 -65 -48 25 -61 -4 50 -27 -43 15 39 30 21 -63 -1 26 -80 -90 -64 40 -17 15 -82 -27 68 33 -45 -66 25 -22 66 -16 13 -20 -36 20 -16 -32 32 -36 -13 23 -46 30 -47 -77 16 -56 -86 -1 -34 80 -23 39 -59 -47 24 -25 54 27 -33 -63 45 -24 42 -60 16 -20 71 
60 -41 6 -28 24 58 43 26 -48 -56 43 6 0 58 43 -58 -54 36 26 -9 -32 22 2 -1 17 -15 -10 79 -4 26 -80 -1 -1 1 65 -58 -60 60 -8 1 -7 14 6 -12 55 2 7 -11 -70 20 40 -2 27 78 -18 -16 -1 40 6 -72 24 -1 -8 -43 -30 -48 55 11 -49 -16 10 2 -16 20 -49 -9 8 
-27 -33 -42 -2 -2 -26 -10 93 64 -37 34 18 -56 9 -8 -29 -20 -80 -40 -18 56 10 53 -2 1 -19 46 2 5 52 -31 -55 65 -13 -14 -27 41 20 -59 38 54 -12 31 58 5 18 -7 -40 -58 49 47 -66 -36 -78 -14 -16 -71 -4 -6 27 40 -36 -47 57 -71 -30 -10 -44 70 62 39 -30 61 -37 -10 65 27 
-14 46 -58 -50 -48 -29 -3 39 -9 -64 -49 -48 3 62 -59 67 -30 -10 -22 33 -2 14 6 24 -38 -75 -27 28 -31 -6 34 -20 -32 77 27 11 -68 -79 -23 7 12 8 21 -79 -21 11 -17 -62 19 2 20 -2 12 16 13 -10 -99 -4 2 -18 14 37 28 -3 -5 43 29 -43 28 1 7 31 -53 -28 -29 -43 3 
-28 -3 -2 -17 19 5 -23 -2 70 -12 -68 6 -82 -40 47 -1 2 -39 13 -19 -45 79 84 -55 12 5 4 -34 72 -36 -1 -40 38 60 4 3 -87 -45 -75 26 -36 -4 -22 -16 25 -41 14 -8 -29 -25 -5 37 20 -35 68 -72 30 -26 -22 22 93 -30 30 -30 -61 49 -87 -13 -68 -52 -36 41 58 33 12 -21 74 
-6 -28 -3 51 -4 -22 1 -63 -1 -54 12 62 42 59 -48 -13 -63 -66 24 27 -14 21 1 -55 -24 -6 71 -63 65 17 54 -42 -11 -69 14 -18 34 30 -61 10 -56 9 -37 60 34 -26 40 24 -39 9 -35 -65 -18 -46 -22 18 82 -66 -2 -34 17 -77 46 -61 -42 44 -9 36 -41 15 -50 48 -13 -16 -30 -20 49 
24 -81 -53 -77 3 -3 -19 3 -32 42 93 -37 -20 43 -28 -15 -26 -62 -11 30 -4 -57 -25 -9 24 -86 -75 6 -13 -41 -38 82 61 33 -93 44 -6 -20 -48 39 3 85 11 5 37 82 3 -38 7 -29 -46 46 33 -14 -16 60 -52 -17 53 -53 -66 -56 64 -15 39 -2 -15 6 22 63 37 -19 22 11 37 -81 52 
-65 3 -20 -61 34 -63 -24 77 5 19 81 1 -13 -8 63 14 19 19 13 32 63 45 -12 23 58 38 -11 -38 28 86 2 -30 28 2 -67 -32 -41 -22 49 -4 68 27 28 -49 59 42 33 -51 -66 -29 68 -60 10 -28 7 44 32 -73 21 -29 52 -5 20 18 -88 0 8 43 -28 41 35 -22 -1 3 42 40 -14 
-75 -35 6 3 -18 22 -44 -12 -49 13 -37 -20 -72 11 -65 -6 -18 9 -32 -31 1 20 -6 -25 4 -87 1 -46 -16 5 -16 23 -32 -49 -41 -9 3 9 -8 -16 3 22 -49 -43 35 -42 30 71 -85 10 42 42 -20 -49 68 64 36 -86 15 -11 -76 45 2 11 -19 26 10 -9 -1 41 -73 -84 -58 -13 11 26 5 
16 -79 -70 5 -95 29 39 -2 11 75 -17 -71 72 21 32 31 41 0 44 -32 -52 10 -20 -36 -39 44 47 -63 25 75 -25 47 -65 -15 10 -27 45 -27 12 -23 41 49 23 -30 -30 -5 11 -34 0 -53 -46 -58 0 52 47 -6 58 -20 -3 -40 -31 -46 -90 -22 -13 0 43 63 -60 -14 2 34 29 60 -39 -69 25 
46 -26 -14 -12 -74 -20 13 30 4 1 10 -42 -3 26 -13 -54 -58 17 27 -21 14 -3 64 -32 51 -18 4 61 -28 20 -43 -27 -2 -19 26 -6 91 52 -49 36 -34 54 -45 26 -14 46 22 -36 -75 49 7 47 17 48 -22 -23 8 80 -56 -28 2 -2 -27 -6 76 -47 -36 19 -61 -27 -37 41 -56 -10 21 -14 -15 
-18 -13 4 62 -1 68 8 11 -42 53 -25 -53 7 -65 82 35 -2 3 -64 -38 -67 2 -37 -17 24 -66 -23 -19 -4 26 30 -34 -61 57 34 -3 14 0 5 -57 83 61 58 24 33 -19 7 -51 -3 -47 -13 13 -14 -13 -21 15 -2 -82 -41 2 64 21 -13 1 8 15 -38 -65 24 38 19 -88 6 27 16 -15 52 
