112
1 2
1 10
2 3
3 4
4 5
5 6
6 7
6 53
7 8
8 9
8 15
9 10
9 11
9 22
9 32
11 12
11 14
12 13
12 39
13 14
15 16
15 21
16 17
16 28
17 18
18 19
19 20
20 21
20 44
22 23
22 27
22 91
23 24
24 25
24 83
25 26
26 27
27 81
28 29
28 31
28 52
28 62
29 30
30 31
32 33
32 38
33 34
34 35
35 36
36 37
37 38
39 40
39 43
39 54
40 41
41 42
42 43
44 45
44 51
45 46
46 47
47 48
48 49
49 50
50 51
50 71
54 55
54 61
55 56
56 57
57 58
58 59
59 60
60 61
62 63
62 70
63 64
64 65
65 66
66 67
67 68
68 69
69 70
71 72
71 80
72 73
73 74
74 75
75 76
76 77
77 78
78 79
79 80
81 82
83 84
83 90
84 85
85 86
86 87
87 88
88 89
89 90
91 92
91 100
92 93
93 94
94 95
95 96
96 97
97 98
98 99
99 100
0
