133
1 2
2 3
3 4
4 1
2 5
5 6
6 7
7 2
3 8
8 9
9 10
10 3
4 11
11 12
12 13
13 4
5 14
14 15
15 16
16 5
6 17
17 18
18 19
19 6
7 20
20 21
21 22
22 7
8 23
23 24
24 25
25 8
9 26
26 27
27 28
28 9
10 29
29 30
30 31
31 10
11 32
32 33
33 34
34 11
12 35
35 36
36 37
37 12
13 38
38 39
39 40
40 13
14 41
41 42
42 14
15 43
43 44
44 15
16 45
45 46
46 16
17 47
47 48
48 17
18 49
49 50
50 18
19 51
51 52
52 19
20 53
53 54
54 20
21 55
55 56
56 21
22 57
57 58
58 22
23 59
59 60
60 23
24 61
61 62
62 24
25 63
63 64
64 25
26 65
65 66
66 26
27 67
67 68
68 27
28 69
69 70
70 28
29 71
71 72
72 29
30 73
73 74
74 30
31 75
75 76
76 31
32 77
77 78
78 32
33 79
79 80
80 33
34 81
81 82
82 34
35 83
83 84
84 35
36 85
85 86
86 36
37 87
87 88
88 37
38 89
89 90
90 38
39 91
91 92
92 39
40 93
93 94
94 40
0
