0 200
2 3 99 26 181
2 76 140 109 166
2 4 24 163 185
1 76 150 738
1 158 170 7464
1 12 4 5534
2 92 59 153 141
1 69 52 8162
2 14 56 194 195
2 122 83 156 150
1 143 46 7689
1 39 133 6288
2 90 14 152 133
1 159 55 7142
1 68 151 3862
1 141 125 2425
1 32 136 7882
1 46 167 60
1 161 22 8010
1 5 18 3995
2 21 55 156 85
2 53 6 150 110
1 151 189 8154
1 111 78 2179
1 48 167 238
2 54 25 197 153
1 25 161 4738
1 163 33 5731
2 9 41 185 66
1 91 14 9140
2 58 85 155 159
1 113 179 9806
1 12 86 3835
1 80 129 5618
1 28 113 6663
2 26 30 185 137
1 40 176 8907
1 145 156 2981
1 189 108 2193
1 108 165 3918
1 134 100 7629
1 85 117 3587
2 8 173 198 187
2 6 20 188 152
2 9 38 190 163
2 15 88 173 126
1 40 151 2471
1 190 20 5115
2 10 24 186 182
2 28 166 119 191
1 88 42 7974
1 105 174 6121
2 102 113 161 198
1 181 142 7464
2 51 3 104 197
2 3 107 192 108
2 29 11 149 192
2 149 115 161 143
2 13 174 186 198
1 124 165 495
2 153 80 197 150
1 198 72 9222
1 117 63 8301
1 50 178 5645
1 110 172 8687
2 37 2 182 198
2 50 97 67 148
1 76 26 123
2 77 33 112 118
2 39 5 99 28
2 86 28 110 200
2 35 176 126 183
2 77 35 152 102
2 74 7 81 111
1 185 157 8257
1 173 21 7883
2 30 2 170 187
2 76 113 177 198
2 2 33 199 89
1 92 165 13
2 72 76 175 100
2 74 31 182 90
2 64 28 128 191
1 36 93 2334
2 84 11 93 135
2 2 26 9 140
1 91 174 7457
1 41 113 8706
2 25 12 186 107
1 186 13 5374
1 153 143 5519
2 60 48 198 148
1 54 162 3234
1 111 178 7128
1 151 45 8783
1 83 165 6355
2 107 25 190 166
2 95 55 117 190
1 5 160 2392
1 118 51 6491
2 14 60 160 176
1 79 42 2454
1 100 133 9796
2 62 16 164 69
2 72 160 129 168
1 169 6 1860
2 161 79 191 121
1 191 14 6380
2 77 69 122 147
2 1 25 142 87
1 148 111 4077
2 18 8 75 60
1 71 177 2052
2 21 101 93 199
1 195 44 9516
1 45 124 2014
2 78 26 163 97
2 86 40 135 90
2 25 115 146 135
1 199 150 5470
1 198 115 2289
1 64 145 3861
1 71 134 6954
2 6 16 197 26
1 153 94 6767
2 15 120 157 127
1 168 130 949
2 25 67 167 138
2 20 131 67 170
1 134 122 3028
1 143 10 8936
2 158 42 195 184
2 21 20 183 120
2 48 68 195 199
1 160 48 3870
2 17 101 120 122
2 88 29 189 135
2 1 158 19 181
1 102 159 7985
1 72 167 5569
1 118 185 2513
2 68 117 109 171
1 131 140 5348
1 41 159 9017
1 76 130 2720
1 135 129 5859
2 29 11 84 49
1 83 168 9806
2 95 5 184 199
2 79 14 181 173
1 120 170 2193
2 130 43 198 198
1 115 78 6465
2 6 78 200 80
1 148 132 9848
1 60 69 5177
2 4 92 85 200
2 3 2 190 52
2 121 20 166 89
2 13 60 152 92
2 1 5 168 192
2 15 78 191 196
1 126 5 6442
2 48 93 140 149
1 66 81 406
1 146 194 6538
2 19 70 188 77
2 14 120 189 172
1 164 63 4985
2 32 5 179 174
1 14 86 8580
2 30 86 162 186
1 105 176 2180
2 61 18 198 63
2 71 93 179 149
1 53 16 7679
1 186 101 6186
1 153 189 203
1 41 125 5973
2 1 39 199 165
1 50 59 3695
1 10 5 3372
2 64 75 199 116
1 53 193 1336
1 74 27 2202
2 1 26 198 33
1 136 69 6174
1 145 131 6178
1 186 32 2163
2 17 4 137 167
1 128 110 2956
1 188 73 4491
1 178 127 5471
1 4 160 2542
2 163 76 199 188
2 2 57 15 151
1 150 85 8618
1 72 132 9726
1 12 145 86
2 31 21 106 184
2 20 7 187 192
1 17 149 4922
2 36 17 64 54
1 112 183 6064
2 44 77 166 118
2 21 27 187 138
2 12 43 115 100
2 78 90 197 185
2 16 5 185 176
1 11 129 1631
2 31 154 196 182
1 78 13 165
1 74 28 825
2 56 55 117 84
1 66 56 4595
2 36 21 187 200
2 129 2 154 178
2 47 102 185 185
1 148 139 8255
2 138 109 148 151
1 99 102 9932
2 80 106 188 199
1 180 112 4505
1 127 70 7294
1 33 48 9904
2 102 1 110 193
1 31 35 5051
1 169 64 9797
1 100 27 1747
1 68 9 3056
1 141 91 6731
1 173 61 9378
2 102 21 144 183
1 128 81 5023
1 188 10 9382
1 97 182 9927
1 178 40 5334
2 27 26 180 181
1 176 170 1015
2 21 12 190 151
2 84 18 186 198
1 199 20 7432
2 98 69 177 185
2 13 70 151 152
1 22 82 213
2 20 10 186 129
2 19 58 157 76
2 33 92 200 164
1 186 125 192
1 177 91 1670
2 24 87 169 199
1 156 125 5409
1 178 16 901
2 29 144 137 150
1 184 197 4360
1 59 197 42
1 56 6 8848
1 51 172 3653
1 188 15 7830
1 30 61 7906
2 7 44 180 146
2 111 130 167 180
2 191 38 198 131
1 190 140 4765
2 76 73 187 88
1 144 135 586
1 34 159 1511
1 86 152 3333
1 60 153 8216
1 38 182 2758
2 77 40 78 167
2 45 177 162 180
1 153 7 580
1 6 170 5879
1 22 6 8944
2 73 30 96 159
2 56 56 108 177
2 5 5 195 182
1 136 40 5448
2 22 103 176 137
2 155 34 157 154
1 29 30 2475
2 54 150 159 166
2 2 9 179 188
1 189 98 1698
1 127 59 8063
1 6 154 2621
1 33 41 8627
2 30 20 186 181
2 105 15 108 191
2 5 50 132 148
2 16 15 150 152
1 59 31 1348
2 7 26 131 150
1 49 139 2567
1 30 116 5931
1 11 24 1254
2 4 69 198 136
2 39 71 151 106
2 122 90 149 136
1 154 166 4889
1 100 39 5979
2 35 15 145 125
1 170 160 4842
2 41 26 181 74
2 25 106 59 170
1 13 81 4799
2 25 23 189 189
2 71 105 189 184
2 190 70 198 75
2 169 94 181 102
1 169 63 2677
1 6 76 1925
1 2 18 5220
1 196 12 3632
1 21 108 3942
2 113 19 174 159
1 124 18 1312
1 77 160 1173
1 182 43 2958
2 153 97 200 189
1 168 30 7441
2 165 1 166 143
1 171 3 2998
1 94 88 7398
2 2 19 198 189
1 76 188 6897
1 118 56 5063
2 2 2 185 198
1 59 162 8979
1 63 45 8998
1 20 49 5280
1 91 72 3563
2 143 4 158 96
2 1 32 182 102
2 3 8 200 178
2 23 45 165 162
2 134 51 140 197
1 107 3 2386
1 105 127 350
2 14 5 164 124
1 17 5 2925
2 128 60 170 183
1 198 54 6710
2 74 69 150 162
2 31 34 185 44
1 69 131 7810
1 94 193 5598
1 71 43 4059
2 35 93 132 188
2 43 39 89 137
1 185 188 2747
2 7 128 159 170
1 194 80 32
1 119 75 8563
1 28 83 1368
2 58 96 195 106
2 1 170 41 187
2 30 71 90 143
2 153 11 171 181
2 146 153 187 185
2 72 79 143 134
2 36 101 169 178
2 79 31 199 107
1 10 19 6418
2 77 96 174 120
1 114 66 103
2 4 19 195 141
2 31 142 193 186
2 102 135 169 196
1 189 129 4096
2 6 21 147 53
1 65 55 9320
1 135 155 615
1 123 51 2612
1 168 9 4290
1 62 35 8408
2 128 31 140 81
1 19 84 757
1 148 176 2125
1 51 126 3517
1 120 45 1624
2 27 36 46 150
1 145 122 6349
1 29 35 352
1 182 14 3173
1 45 148 5798
2 24 54 45 122
2 142 54 197 200
1 11 30 2267
2 70 19 149 104
2 97 29 154 107
1 20 76 5849
1 188 54 5794
1 152 59 3271
1 94 32 4152
2 92 54 194 114
2 97 54 153 127
2 45 39 118 94
1 108 177 740
2 49 15 159 154
2 3 51 199 75
1 95 34 3086
2 6 6 70 195
1 184 16 9116
2 69 1 151 109
2 70 17 189 61
1 102 47 5310
1 158 189 1444
1 4 17 7652
1 86 34 259
2 115 2 196 148
1 120 171 6287
1 88 169 3966
2 6 65 185 112
1 1 179 5132
1 116 139 8007
2 50 58 156 114
1 105 106 5886
2 15 89 187 176
1 153 125 3958
1 64 29 8719
2 25 10 30 200
1 27 146 1237
2 20 45 73 128
1 100 94 4891
1 158 197 456
1 35 106 8869
1 56 71 1837
1 152 131 3474
2 143 159 184 160
2 8 14 134 197
1 115 84 563
2 60 111 116 129
2 72 98 81 102
2 108 147 159 188
1 83 3 9440
2 11 1 123 197
2 102 100 197 150
1 153 89 4222
1 158 185 451
1 141 91 9527
1 186 13 7349
1 107 62 5558
2 191 7 192 187
2 18 83 198 157
2 32 61 138 173
2 79 90 194 114
2 15 20 193 123
1 125 181 8407
2 96 44 117 74
1 43 72 5309
2 137 21 140 138
1 19 91 3260
1 139 183 6578
1 102 170 9796
2 83 25 116 103
2 137 23 184 187
2 8 65 163 151
2 18 45 197 98
2 115 38 200 77
1 22 108 4044
2 8 153 197 158
1 14 44 4681
1 41 111 7726
2 72 8 128 177
2 175 14 189 25
1 159 94 4901
1 180 72 5944
2 112 15 182 129
1 33 33 5106
2 71 38 167 187
1 42 45 6860
1 54 4 7563
1 53 164 1326
2 24 68 76 136
1 59 161 1035
1 13 109 7196
1 19 80 5102
1 152 83 7728
2 2 70 199 146
2 77 19 79 200
1 187 152 3877
2 5 26 198 67
1 23 88 8117
2 8 9 186 200
1 64 151 2357
2 4 14 119 158
1 41 65 9548
2 24 82 174 125
2 35 70 199 133
1 131 81 8575
2 80 130 193 189
2 23 56 195 200
2 102 72 174 179
1 9 177 9258
2 10 11 170 68
2 8 138 70 141
2 42 128 192 195
1 87 113 9708
2 7 1 142 198
2 24 113 139 179
1 122 133 1703
2 3 153 89 191
1 105 11 857
1 105 45 436
1 183 62 3328
1 97 184 8735
2 16 36 185 120
1 167 110 3775
2 73 43 150 179
1 77 152 5062
2 3 7 191 198
2 15 1 178 146
2 5 1 171 193
1 124 23 6431
1 151 40 4976
1 155 7 7109
1 110 76 7488
2 58 130 59 164
2 61 6 179 171
1 106 167 9033
1 82 60 8804
2 16 80 160 136
1 183 65 8255
2 8 54 18 176
2 64 115 76 185
2 1 27 126 156
2 136 25 138 186
1 96 109 6719
2 3 40 200 178
2 114 2 160 199
1 5 72 4054
2 71 56 98 197
2 19 27 165 47
2 24 11 73 153
2 70 69 133 187
2 9 136 152 190
2 54 141 161 154
2 38 10 149 105
1 75 153 9706
2 4 3 187 200
2 56 25 138 71
2 27 26 191 119
1 91 59 6481
2 31 69 187 120
1 118 187 515
2 30 33 178 144
2 40 49 81 62
2 160 21 196 195
1 113 137 3839
2 4 117 186 177
2 9 113 187 146
1 200 154 7194
2 29 47 160 181
1 199 6 1779
2 39 25 194 194
2 4 112 131 164
1 33 83 4578
2 19 30 196 181
2 81 15 156 196
1 146 182 1608
1 89 58 1856
1 19 137 4537
2 77 6 200 192
2 66 30 184 200
2 116 15 199 50
1 142 106 6726
1 101 170 3249
2 94 4 158 200
1 145 114 4134
1 4 36 5435
1 59 169 1193
2 14 150 198 153
1 159 199 1453
1 140 188 6205
2 8 48 61 187
1 59 15 4116
2 27 105 183 141
1 120 35 5427
2 78 84 110 159
1 90 107 3791
1 75 130 8073
2 11 10 195 75
2 136 7 147 158
2 83 148 159 175
2 72 80 102 92
2 63 16 102 171
1 46 8 9487
2 155 17 183 85
2 82 27 184 180
2 11 85 130 176
1 189 127 8874
1 8 17 5249
1 38 179 8973
2 65 2 181 200
1 44 188 615
1 103 94 8523
2 30 37 127 83
2 62 5 148 186
1 38 98 7268
1 160 102 6253
2 53 27 125 168
2 111 20 136 141
1 165 166 9796
2 61 15 192 198
1 177 39 1958
2 71 81 72 180
1 176 28 668
1 151 18 947
2 26 39 138 175
1 142 90 9594
2 46 33 158 183
1 110 166 9843
1 144 21 7270
2 16 97 86 182
1 135 114 9691
2 24 109 61 199
1 174 56 8815
1 106 68 430
2 152 24 191 73
1 95 47 6576
1 5 151 9136
1 78 102 6297
2 30 129 134 153
2 74 43 167 184
1 162 168 3447
2 102 29 154 131
2 113 24 192 198
2 148 61 160 125
2 77 12 186 198
1 118 2 5168
1 161 188 6173
1 71 166 9780
1 147 45 5126
2 5 52 61 192
2 11 21 143 129
1 15 29 4638
2 13 106 179 142
2 42 14 133 157
2 21 29 22 130
2 23 57 132 128
1 162 64 5272
1 157 50 7524
1 93 199 1656
1 133 183 9097
1 198 93 9263
1 87 190 361
2 44 72 184 158
2 28 16 73 26
1 21 96 3997
1 110 36 8319
2 29 169 177 173
2 17 15 193 158
2 105 11 136 191
2 10 13 181 185
1 44 195 1889
2 42 26 67 166
2 48 103 159 122
2 63 31 180 83
1 132 186 4209
2 5 121 109 183
2 11 34 143 172
2 117 90 195 167
2 116 58 170 70
2 66 59 175 113
1 76 14 5765
1 98 116 4889
2 125 61 165 160
2 16 76 135 88
2 10 79 168 113
2 151 145 162 155
1 26 47 7255
2 34 83 199 119
1 129 91 5856
2 7 54 142 144
2 12 12 125 195
2 20 2 21 200
2 14 53 183 54
2 100 116 169 149
2 110 28 124 196
1 11 49 2244
2 57 5 123 199
2 111 23 148 154
1 99 42 560
1 127 155 6407
1 47 19 9191
2 15 15 197 43
2 135 168 144 178
1 45 105 1744
2 146 15 182 192
1 100 162 9475
2 108 79 194 177
1 45 133 1104
1 108 88 2251
2 8 146 197 159
2 22 71 189 177
2 99 70 114 158
2 12 57 56 133
2 14 57 195 199
2 12 24 122 56
1 16 2 3690
2 50 1 191 182
1 8 108 1176
2 42 16 92 95
2 182 3 182 167
1 62 192 1291
1 54 69 3991
2 99 100 159 186
2 22 125 138 172
2 9 77 196 154
2 19 1 118 196
1 73 191 9209
2 32 15 55 187
2 104 52 179 177
2 16 50 188 144
2 10 170 183 190
1 101 139 1313
1 123 36 2328
2 65 61 130 136
2 48 117 115 123
2 27 49 98 78
2 119 46 136 163
1 153 82 3219
2 139 67 176 87
2 21 18 173 184
2 21 55 109 114
1 111 67 3392
2 35 19 56 200
1 31 162 1403
1 187 162 2498
2 46 22 102 196
1 154 117 4946
1 197 51 3594
1 85 36 1557
2 53 16 185 165
1 179 71 4539
2 49 2 69 187
1 187 95 5564
2 1 29 122 86
1 107 114 9717
2 90 56 184 193
1 64 115 8074
2 16 1 196 162
2 47 54 190 157
2 95 59 198 186
2 145 6 195 184
1 9 112 3422
1 11 26 9779
2 15 100 60 146
2 5 24 76 189
2 36 20 198 150
1 61 91 6871
2 39 5 194 173
1 175 61 2020
2 45 91 68 181
1 152 123 6204
1 63 32 1393
1 64 7 6899
2 18 16 144 70
1 96 35 2529
1 42 1 9183
1 52 179 8598
2 21 32 140 195
1 93 27 9595
1 94 104 4594
2 18 14 163 189
1 145 64 8785
2 28 12 155 151
1 185 110 5719
2 164 112 178 197
1 97 138 795
2 52 50 144 164
1 55 178 876
2 15 40 74 168
2 64 108 181 177
1 177 126 462
1 193 83 2013
2 136 108 195 188
1 159 139 6326
2 1 83 200 190
2 21 72 40 85
2 27 60 180 189
2 9 4 168 193
1 155 158 7058
2 102 17 183 200
1 47 110 3792
1 64 142 4053
2 5 17 40 190
2 14 18 162 158
1 6 11 6873
2 165 3 182 195
1 109 78 6503
1 15 127 6545
1 71 116 8991
1 116 144 2544
1 34 179 1464
2 3 1 194 178
1 179 30 9559
1 146 8 1589
1 164 95 9420
1 117 153 882
2 25 4 69 193
2 34 106 186 124
2 32 8 162 29
2 15 38 192 106
1 2 4 2605
2 93 26 200 53
1 164 86 7818
1 128 173 9154
2 22 34 98 196
2 11 3 192 129
1 138 57 3972
2 186 16 192 164
2 1 26 190 81
2 12 60 168 145
2 18 88 154 135
2 164 94 170 170
1 180 96 6319
1 165 130 471
2 1 15 196 165
1 74 100 5913
1 37 10 386
1 97 69 6136
2 3 27 166 88
2 1 13 192 89
1 141 85 5246
1 86 14 8772
2 45 8 200 44
1 60 191 8045
1 173 198 5332
1 54 137 8504
2 10 80 186 195
2 82 164 192 181
2 34 34 154 87
2 91 4 106 90
2 29 28 36 60
2 26 1 194 93
2 26 70 164 185
1 136 53 3892
2 33 3 135 181
2 20 37 185 158
2 30 8 109 40
2 88 108 172 198
1 83 49 3680
2 36 56 61 153
1 62 27 7169
1 110 182 1954
2 30 74 194 179
2 42 1 168 157
1 83 8 1853
2 18 18 196 19
2 24 5 189 118
2 18 61 142 171
2 94 8 200 37
1 65 165 5981
2 5 76 96 111
1 148 155 5007
2 156 85 178 177
1 28 96 7198
2 115 26 150 161
2 128 38 182 110
2 53 13 115 193
1 184 25 7524
2 21 11 149 107
2 65 72 107 166
1 49 165 7437
1 105 65 8425
2 127 31 136 144
2 44 90 167 157
1 118 2 9527
2 34 23 193 128
1 33 166 1877
1 172 63 8410
1 80 45 5436
2 20 3 35 94
2 152 1 179 199
1 32 25 8091
1 63 130 1547
1 41 35 2109
1 110 84 4329
1 71 171 5699
1 31 78 6931
1 103 106 9588
2 35 22 175 135
2 28 27 94 163
2 35 10 53 149
2 55 2 182 200
2 59 30 192 172
2 130 80 174 186
2 29 3 77 188
1 97 155 1790
1 181 104 4768
1 1 113 6754
2 39 62 194 188
2 2 2 169 155
1 73 124 5519
2 59 83 167 181
2 14 3 88 180
1 172 79 3717
2 14 37 186 153
1 56 129 1040
1 99 85 8336
2 4 47 186 141
2 84 53 151 110
2 2 85 183 170
1 128 58 8113
2 9 72 190 99
2 39 5 190 83
2 3 31 200 188
2 37 45 107 132
2 25 1 106 200
2 25 106 126 123
2 149 85 151 132
1 178 33 6072
1 149 170 3019
2 37 157 192 170
2 125 28 137 141
2 3 60 157 158
1 100 19 7246
1 61 197 9209
1 145 179 9059
2 129 35 165 161
1 172 118 7844
1 113 166 5783
2 16 56 195 172
2 5 93 44 172
2 11 28 106 168
2 118 1 151 200
1 185 54 2623
2 71 63 83 124
2 6 1 187 200
2 78 31 158 127
2 33 4 165 140
2 80 27 132 180
1 21 88 5123
2 1 5 197 191
2 62 55 181 158
1 87 112 982
2 90 86 107 173
1 147 135 1427
2 17 92 176 119
2 34 11 130 48
1 104 58 6292
1 111 12 7349
2 65 9 138 78
1 54 58 9163
1 6 71 4993
2 41 10 63 98
2 27 13 100 113
1 42 173 3982
1 77 132 2283
1 45 46 1691
2 15 66 137 159
2 106 82 120 198
1 74 75 6964
1 48 196 226
2 5 7 191 198
2 68 4 74 158
2 197 6 198 41
1 95 108 9013
2 69 66 120 195
2 116 114 163 124
1 1 127 4577
2 32 108 171 192
2 66 9 96 145
1 5 68 8521
2 28 79 90 97
2 146 65 148 88
2 67 131 197 195
1 135 128 5371
2 24 78 193 197
2 117 31 124 95
2 165 66 177 182
1 15 87 2355
2 108 20 142 99
2 48 61 190 179
1 32 106 5762
2 14 80 200 129
1 102 107 4159
1 40 179 286
1 130 142 2834
1 179 162 5500
1 58 41 9539
2 95 38 124 172
2 21 106 195 174
1 112 49 6012
1 41 149 8681
2 9 3 115 177
1 169 5 1872
1 92 123 8985
2 142 127 166 136
2 13 29 89 142
1 155 193 7754
2 26 82 180 186
1 125 3 9212
2 67 35 149 176
1 7 5 5474
2 4 5 146 171
2 4 89 173 200
1 68 111 2271
1 168 124 2670
1 32 144 6918
2 7 62 34 182
2 35 1 132 193
1 25 1 4223
2 88 21 160 196
2 173 115 200 161
2 19 24 119 121
2 69 4 131 149
2 22 63 181 138
2 61 5 159 193
1 80 75 7721
1 31 174 5879
1 173 153 8299
1 165 127 1008
1 15 121 294
2 2 107 196 169
2 35 49 196 115
1 63 64 3179
1 55 181 5718
2 15 7 136 195
1 23 96 2018
2 77 77 165 132
2 33 3 162 182
2 130 89 136 172
1 135 51 5672
2 66 118 170 174
2 19 2 38 199
2 100 61 126 103
1 41 109 8042
2 43 16 169 188
1 170 192 8746
2 3 190 200 197
1 71 165 954
2 1 1 170 200
2 2 10 99 54
2 94 114 131 182
2 29 71 132 162
1 94 158 9260
1 143 110 8879
2 71 11 167 165
1 148 107 2422
2 1 18 197 186
2 6 18 183 112
2 72 63 149 156
2 53 31 177 70
1 123 166 6704
1 138 72 4968
2 49 14 177 199
2 23 6 126 177
2 101 4 106 145
2 69 26 106 158
2 10 59 198 185
2 23 70 192 100
2 57 38 171 195
2 1 16 200 191
2 20 38 200 187
1 131 150 6973
2 56 33 169 168
2 111 8 132 106
1 63 147 2654
2 28 28 134 132
2 38 121 69 187
1 182 139 143
1 21 47 5768
2 110 62 143 189
1 36 133 8700
2 22 167 185 187
1 164 56 9739
2 61 91 101 145
2 62 24 187 151
2 12 70 182 112
2 1 170 200 183
2 3 50 122 116
2 110 11 138 159
2 67 10 89 195
1 175 24 6967
2 31 25 53 60
1 110 16 6362
2 28 92 170 189
2 165 139 187 154
2 11 98 193 145
1 62 34 5550
1 114 191 680
1 151 19 1141
2 88 27 190 177
1 59 184 8630
1 57 194 4543
2 62 111 143 115
1 22 70 2294
1 38 2 7578
2 95 135 141 162
2 31 38 191 140
1 115 133 1745
2 41 151 174 183
2 41 28 165 196
1 41 103 8237
1 39 110 3483
1 49 65 3633
1 49 120 6747
2 42 29 85 162
1 165 139 6364
2 102 10 183 83
2 37 17 185 168
1 194 70 6730
1 59 131 7124
1 113 58 5461
2 35 34 141 115
1 1 83 3027
2 29 43 103 200
1 189 160 9505
1 160 110 7811
1 36 45 9869
1 99 95 5718
1 108 100 6527
1 179 135 1436
1 133 126 6426
1 197 23 5301
1 182 131 1867
2 89 3 157 170
1 4 145 4431
1 190 42 8065
2 1 4 194 162
2 18 54 173 193
1 3 193 293
1 149 6 7861
1 54 65 4836
2 57 61 143 132
1 32 189 6622
2 75 78 108 188
2 154 28 178 142
1 181 56 6897
2 46 8 198 196
2 28 57 122 128
2 1 51 191 107
1 52 8 5274
1 21 48 9295
2 3 17 118 128
2 11 29 61 94
2 79 4 191 44
1 55 135 9645
1 63 129 4911
2 10 93 200 99
2 160 167 167 183
1 200 88 5866
1 69 64 2494
2 95 116 107 192
1 76 173 5266
1 47 99 5210
1 38 194 3996
1 9 6 1609
2 69 93 195 162
2 54 145 150 196
2 17 55 199 62
1 88 41 3516
1 73 21 132
2 79 26 79 187
2 53 65 186 91
2 4 35 187 136
1 110 68 1495
1 44 152 3761
2 21 30 133 126
2 23 1 70 166
1 59 69 3831
2 183 15 193 160
1 69 122 3959
2 18 92 190 158
2 54 42 158 140
1 103 2 3378
2 91 32 109 136
1 190 192 8369
1 64 103 9070
1 81 77 7326
1 164 176 4748
2 4 83 173 198
1 111 90 6163
2 34 23 173 75
2 85 81 91 109
2 93 30 138 93
1 96 84 3140
2 12 65 170 104
1 177 154 6384
2 15 30 118 148
2 28 74 183 161
1 18 179 9371
2 82 2 102 200
2 2 13 89 180
1 161 105 9663
2 54 45 87 100
2 11 47 155 65
2 48 88 134 89
1 35 67 5710
1 40 95 9524
1 35 167 192
1 93 128 3169
2 15 24 164 63
2 120 165 196 180
1 42 149 24
2 41 156 165 188
2 30 24 190 192
1 98 168 7824
2 38 1 136 143
1 75 166 7552
1 88 167 9739
2 74 61 136 168
2 9 131 194 186
2 89 23 185 25
2 100 78 120 194
1 107 150 4327
2 38 80 72 181
1 44 173 7086
1 129 125 3265
2 44 130 103 178
2 10 105 166 132
1 40 135 8063
2 39 19 198 198
1 164 161 2857
1 187 149 1086
2 67 12 118 139
1 75 55 2201
2 34 95 178 198
1 54 65 7880
2 8 25 28 199
2 2 23 200 118
1 162 172 1455
1 144 105 9631
1 98 149 2629
2 51 156 86 176
2 18 54 134 168
2 154 52 160 181
1 75 112 8965
1 70 37 8797
1 45 21 5006
2 30 48 168 71
2 29 32 190 84
2 42 119 70 143
2 80 53 100 164
1 184 57 5829
2 22 22 190 36
2 164 27 178 172
2 7 94 199 194
2 39 16 72 187
1 74 84 95
2 35 6 84 153
1 17 97 3365
1 160 19 4010
2 17 55 187 177
2 2 108 30 191
1 155 172 1201
2 160 81 183 134
2 31 92 84 148
2 48 166 192 198
1 50 172 5949
2 55 10 149 30
1 114 71 1491
1 66 180 8767
1 71 93 7080
1 98 41 5481
2 31 36 96 186
2 37 24 66 125
2 12 68 200 149
2 14 47 175 83
2 6 47 179 101
2 59 18 82 200
1 87 86 8755
1 77 86 5647
2 39 55 169 63
1 17 107 2697
1 42 173 6096
2 2 6 165 187
2 88 2 170 106
1 124 92 8281
1 77 53 4612
1 175 8 113
1 140 46 1220
2 1 6 196 198
1 192 184 5808
1 24 59 7888
2 6 56 141 164
1 169 164 7573
2 81 100 170 134
1 139 127 2194
1 79 87 485
2 25 138 134 186
2 23 10 105 188
1 17 96 3004
1 21 198 1520
1 3 179 1063
2 49 81 90 175
2 137 57 167 131
2 105 147 180 164
1 67 57 6384
1 173 29 1110
2 149 110 170 137
2 25 21 141 182
2 53 126 111 191
1 129 190 946
1 97 30 9916
2 105 133 140 196
1 110 86 656
2 115 20 169 106
2 59 85 189 107
1 71 146 6559
1 28 147 3004
2 13 131 178 178
2 40 138 196 187
1 122 112 8656
1 126 87 1898
2 28 116 37 172
2 19 60 170 198
1 72 111 6289
2 23 28 174 162
2 170 40 183 178
2 11 33 180 189
1 55 48 3243
2 150 139 168 180
2 49 1 197 174
2 137 78 176 188
1 195 176 773
2 3 134 163 183
1 169 192 5681
1 31 169 2675
1 63 5 4362
1 107 52 9445
2 68 89 167 145
2 33 29 105 52
1 116 140 5552
1 54 176 1169
2 40 142 43 170
2 54 5 143 194
1 175 16 6640
1 115 77 1268
2 12 16 123 194
2 3 84 18 165
2 116 47 143 98
1 143 190 7970
1 149 117 9513
2 30 26 183 47
2 89 32 134 164
1 147 145 8410
2 117 52 134 110
2 38 28 183 195
1 148 194 6196
1 142 109 281
2 140 39 146 153
2 38 22 111 119
1 130 163 7826
1 148 157 6462
1 8 86 1262
2 77 45 130 158
1 27 199 8108
2 7 168 177 170
2 22 108 199 189
1 184 99 9145
2 8 63 198 122
2 6 113 190 143
1 23 108 363
1 17 78 83
1 91 85 5110
2 15 13 187 194
1 114 158 3394
1 72 81 9381
1 96 62 4263
2 10 112 196 132
1 166 107 6256
2 4 28 192 154
2 5 17 177 152
2 76 190 193 193
2 28 9 188 194
2 15 23 161 72
2 18 46 32 85
2 4 127 190 136
1 186 132 313
2 91 139 103 194
2 20 31 55 168
2 14 139 141 162
2 176 25 188 78
2 93 4 112 177
2 33 94 156 128
2 22 40 174 51
2 20 107 199 132
2 48 5 194 200
1 61 89 222
1 190 14 9599
1 173 20 8888
1 120 56 1993
2 25 11 140 155
1 108 162 3469
2 1 87 186 93
1 111 83 2691
2 3 40 199 151
1 115 124 2346
2 7 59 148 153
2 21 7 181 197
1 98 62 863
1 181 112 9287
2 190 75 192 155
1 63 50 3750
1 102 140 7609
2 76 47 192 169
2 50 137 196 186
1 3 50 3967
2 79 28 179 190
2 1 21 199 53
2 30 53 169 190
1 128 200 8483
1 192 87 2580
1 33 84 5036
1 110 185 6617
1 110 1 6293
1 141 103 4996
1 44 96 308
1 43 146 5594
1 142 148 9468
1 102 143 8937
2 20 48 47 175
2 10 150 195 196
2 11 55 34 179
2 7 24 199 136
1 95 199 8008
2 72 13 112 159
2 51 12 93 180
2 28 102 197 114
2 29 1 42 200
2 82 57 193 123
1 174 183 8697
1 138 176 8160
2 131 75 199 179
1 134 159 8584
1 107 124 4117
2 109 67 152 198
2 36 29 145 177
1 59 68 3919
2 106 121 154 161
2 58 114 112 182
2 156 15 194 108
2 23 23 185 195
1 24 16 5073
2 10 111 177 148
1 127 56 4339
1 13 86 8873
2 66 17 124 165
1 136 60 3383
2 2 57 198 127
1 117 192 9714
1 138 109 1085
1 195 158 8619
1 58 45 527
1 156 68 3159
1 22 30 9811
2 1 61 51 166
2 28 25 108 34
2 73 2 150 144
2 1 36 163 107
1 120 106 3358
1 171 36 5752
1 200 114 3391
2 77 74 93 127
1 52 87 950
1 187 129 1395
2 158 20 161 199
1 153 194 8124
2 145 16 146 197
2 46 119 200 120
1 23 69 1381
2 60 1 191 115
2 42 33 176 151
1 133 198 4388
2 49 81 191 198
2 42 119 157 143
2 58 2 74 200
2 78 23 189 135
2 74 55 161 164
1 191 22 1019
1 90 2 8224
2 23 78 64 189
1 26 134 7569
1 34 120 949
2 7 45 188 96
2 47 3 92 197
1 142 101 3971
2 77 2 122 200
2 6 46 200 188
2 76 96 79 140
1 173 3 230
2 88 77 156 170
2 39 1 189 175
1 36 182 4235
1 170 182 5783
2 2 65 176 173
1 168 127 1903
1 82 35 9454
2 77 12 135 170
2 36 12 197 159
2 129 104 186 133
1 87 79 2323
2 41 76 170 132
2 20 31 50 181
2 32 63 93 132
2 42 9 144 75
2 66 7 180 8
2 6 109 198 128
2 11 21 11 197
1 9 76 3582
1 34 153 5255
1 34 84 3099
1 113 98 9082
1 78 186 1441
1 86 200 121
1 80 18 8636
2 5 37 143 65
2 13 17 196 191
1 14 144 4372
1 23 73 2942
2 66 125 145 185
2 33 13 132 124
2 45 46 172 192
2 87 9 131 166
1 137 144 6493
1 51 124 6677
1 119 75 7893
2 8 27 183 93
2 48 106 140 193
2 69 62 153 138
1 12 29 8173
2 14 55 145 118
2 19 23 199 91
2 2 156 197 158
2 17 16 86 188
2 14 22 171 196
2 75 99 106 134
2 5 20 37 119
2 68 13 172 108
1 137 154 261
1 38 70 4618
2 23 65 156 132
1 138 100 1616
1 169 127 2540
1 7 116 6634
2 72 27 179 160
1 23 58 7912
1 114 155 8050
2 43 12 182 125
2 26 21 187 199
1 8 46 5548
2 109 41 157 102
2 68 19 106 124
1 96 66 1064
2 110 92 185 101
1 145 134 1846
2 4 16 193 168
1 44 182 7742
1 117 37 6250
1 14 27 8981
1 142 197 1587
1 144 113 9157
1 182 130 5707
1 49 63 9346
1 173 138 2980
2 16 77 101 107
1 88 144 7833
1 171 53 401
1 161 56 3194
2 2 1 200 96
1 87 94 7279
1 117 183 207
2 27 34 143 46
1 90 143 3767
2 49 88 162 107
2 26 38 93 109
2 67 38 127 196
1 33 77 4822
1 94 160 92
1 68 153 5516
2 6 11 192 196
2 74 40 110 106
2 81 103 194 168
1 127 28 490
1 67 176 7049
2 129 32 133 172
1 32 68 2435
1 12 144 7318
1 159 183 7940
1 175 141 5363
2 19 138 164 163
2 52 26 159 132
2 10 151 200 190
1 127 165 2572
1 7 77 8931
1 183 59 5483
2 73 8 176 158
1 76 92 8249
2 88 101 170 127
1 123 41 567
1 95 120 8931
1 117 48 976
2 1 32 37 151
1 48 27 56
1 199 170 6404
2 13 15 147 168
1 112 37 7717
2 108 30 137 165
1 7 114 4080
1 15 55 3759
1 13 130 8343
2 121 98 142 194
2 75 61 162 118
2 8 82 67 185
1 80 139 9988
2 43 7 155 33
2 18 49 84 93
1 156 89 3775
2 13 149 50 152
2 94 30 104 152
1 8 81 7084
1 83 113 9091
1 86 92 3969
1 121 65 3883
2 6 19 185 190
2 7 79 103 176
2 6 14 145 122
2 14 84 183 88
1 9 102 9061
1 139 32 7447
2 70 35 195 192
1 42 44 9278
1 18 96 9152
1 4 145 122
1 9 65 9249
2 16 62 123 183
1 52 129 126
1 130 14 8287
2 2 137 200 145
1 185 125 1620
1 44 124 5636
2 82 15 171 93
1 147 4 7751
2 54 30 55 192
1 168 26 6230
1 3 36 1906
1 115 150 4936
1 19 39 6481
1 48 157 1537
2 53 65 86 180
2 133 10 144 52
1 172 58 4476
2 5 39 114 187
2 12 7 198 190
1 111 183 3044
1 162 178 2045
1 183 127 4433
2 176 111 181 126
1 54 42 1522
1 190 157 9186
1 42 83 1888
1 81 100 7429
1 69 43 8081
2 21 6 191 54
1 128 109 7265
1 69 114 6190
1 81 25 8676
2 93 7 176 28
1 158 65 6597
2 3 34 151 158
1 35 24 2171
2 19 56 113 143
2 107 62 156 128
2 12 90 182 95
1 199 89 4675
2 5 109 48 182
2 1 43 200 87
1 119 163 5887
2 5 4 193 189
2 87 112 134 133
1 131 118 9835
1 88 25 295
2 5 8 199 152
2 32 15 184 98
1 105 183 6908
2 56 9 74 194
2 14 39 190 190
1 124 133 1934
1 121 140 9469
1 186 198 9439
2 14 149 171 172
1 164 58 7669
2 50 65 196 199
1 92 111 3649
2 4 30 191 125
2 39 12 90 191
2 7 53 156 93
2 94 6 109 190
1 17 93 6064
1 187 67 24
2 47 62 82 182
1 45 150 4943
2 92 62 145 136
2 14 9 189 122
2 153 27 198 189
1 31 11 8457
2 6 60 183 198
2 85 94 119 111
1 189 120 9543
2 22 48 40 180
1 160 93 7886
2 44 62 191 196
1 106 177 355
2 5 66 116 158
2 50 24 172 93
1 196 74 5255
1 156 103 5948
2 84 2 175 188
1 188 56 5705
1 126 181 5105
1 139 113 1895
1 92 108 2943
2 80 67 133 101
1 126 138 9837
1 52 73 8212
1 127 138 1488
1 88 133 4817
2 6 9 200 130
2 19 92 190 157
1 47 26 7719
2 83 149 97 149
2 50 20 200 115
1 118 90 7074
1 28 141 9218
1 82 59 9668
2 30 76 188 163
1 154 131 7955
1 7 89 4722
2 21 21 63 197
1 57 6 2579
2 127 69 143 134
1 181 92 2918
1 172 76 2608
2 18 31 193 192
1 126 107 7974
1 143 49 4677
1 123 74 3753
1 14 123 8331
1 133 18 1254
2 4 90 181 188
1 76 98 5931
2 53 116 189 141
1 115 41 9387
1 35 26 1809
1 91 163 2073
1 78 151 286
2 2 42 179 199
1 196 11 1340
2 31 61 148 174
2 132 47 157 183
1 48 93 1654
1 132 69 2141
2 131 106 199 128
1 152 39 5102
2 5 127 112 200
1 181 171 2586
2 123 17 126 175
2 20 81 152 170
2 125 22 187 186
2 74 11 182 86
2 2 34 189 185
2 35 6 191 183
2 21 8 194 86
1 26 110 6182
2 115 99 183 200
1 24 171 4649
2 4 81 197 175
2 8 53 83 189
1 25 37 3261
2 158 130 169 138
2 5 64 67 128
1 16 19 8735
2 10 29 198 147
1 22 122 154
1 82 10 2569
1 63 151 8405
1 170 55 17
2 63 33 126 180
2 9 64 187 163
1 103 157 1858
1 6 40 9955
2 91 23 197 183
2 52 30 80 179
1 119 60 9760
1 200 13 6680
2 47 22 190 187
2 5 54 197 145
1 75 99 2023
1 89 88 5738
1 172 122 3241
2 83 108 150 192
2 55 48 158 163
2 81 35 167 84
1 23 184 6015
1 8 56 7840
1 57 119 1577
1 19 161 1127
1 189 12 100
1 18 19 5621
1 133 65 8733
2 167 97 189 111
2 10 20 181 116
2 34 3 105 38
2 5 117 196 196
1 152 173 4119
2 6 11 161 180
1 147 133 584
1 174 48 3126
2 137 40 137 116
2 13 38 78 102
1 63 4 8529
1 101 7 834
2 2 77 200 189
2 10 44 103 200
1 189 184 9826
2 28 2 49 200
1 164 25 3914
1 104 190 984
2 20 16 167 192
2 20 8 184 186
1 133 80 9185
2 72 19 196 140
2 88 1 155 200
1 146 177 9819
2 93 25 96 111
2 49 114 169 151
1 14 117 10000
1 164 22 6282
2 127 90 135 135
2 32 76 93 191
2 37 27 200 191
2 3 19 199 48
1 181 168 6202
1 68 26 6680
2 59 84 60 94
2 47 189 187 200
1 39 170 3366
2 32 117 155 178
2 25 24 176 29
1 149 74 5145
1 142 6 8058
2 49 60 153 161
2 18 143 27 191
2 48 19 183 156
2 115 78 182 162
1 98 103 8669
2 6 13 21 195
1 150 195 1224
2 8 76 186 184
2 60 17 166 146
2 139 15 190 163
1 172 83 5840
2 99 56 194 97
1 191 93 4154
1 145 189 5531
1 157 40 7322
1 134 33 7714
1 193 92 6899
2 54 102 194 195
1 149 102 5446
2 144 19 166 182
2 14 79 177 118
2 42 122 187 158
1 63 129 1327
2 78 19 186 164
1 123 88 8876
2 6 72 178 123
2 150 42 150 176
2 9 57 20 195
2 51 72 130 138
2 10 17 88 190
2 23 41 171 128
2 44 2 181 110
2 22 61 23 195
1 160 94 4021
1 130 161 7357
1 174 11 9325
2 47 65 173 169
1 100 124 8255
2 13 68 180 95
2 97 5 164 186
2 163 45 163 55
1 101 126 8966
2 103 65 145 132
2 4 7 196 78
2 37 168 88 173
1 13 104 8302
1 50 22 9355
2 75 157 147 174
2 122 3 178 101
1 122 31 4364
1 22 80 7168
1 161 181 8032
2 7 101 99 182
1 185 64 8481
2 46 41 184 125
1 75 23 4670
2 43 150 145 171
2 1 56 199 62
2 51 13 163 199
1 23 59 8809
1 188 138 8833
2 128 106 141 193
1 101 132 1451
2 40 106 43 132
1 18 71 3643
2 62 9 196 193
1 192 119 3793
2 23 98 197 193
2 34 136 167 160
1 199 43 5669
1 160 6 6171
1 51 12 4275
2 57 62 196 192
1 193 13 6174
2 27 39 189 110
1 101 104 5092
2 27 37 187 132
1 125 111 9011
1 36 88 3435
1 40 102 6380
1 18 187 5198
2 3 38 157 193
2 28 37 179 123
2 137 136 144 188
2 117 15 173 182
2 17 82 181 165
2 27 10 142 200
2 29 102 187 116
1 76 192 8955
2 83 26 154 173
2 15 37 176 151
2 12 44 72 61
1 109 182 326
1 95 80 2392
1 28 11 4686
1 122 43 4767
1 57 185 3806
2 57 71 198 164
1 24 28 4429
1 89 25 8150
2 3 114 197 195
2 72 11 150 181
1 39 197 3610
2 45 31 198 134
1 25 118 7796
1 163 92 2248
1 137 56 3135
2 59 14 93 177
1 132 93 8601
1 14 197 8004
1 98 153 7837
1 147 81 7050
1 183 29 1906
2 18 22 85 123
2 2 12 191 93
1 31 99 3032
2 146 27 156 183
1 80 150 8276
1 7 175 7591
1 136 144 2136
2 4 48 96 99
2 170 3 195 180
2 61 129 63 162
1 113 60 5871
2 14 181 40 189
1 199 106 6204
2 131 90 193 127
1 164 90 3541
2 103 74 114 189
1 185 198 2091
1 122 73 9074
1 97 117 1804
2 119 93 196 155
2 17 158 186 194
2 47 115 72 191
1 151 59 3208
2 114 2 175 13
2 158 1 160 63
1 32 180 3779
2 89 49 147 156
1 159 50 174
2 11 68 62 166
2 20 5 199 187
1 45 82 4940
1 100 16 8001
1 7 135 158
2 57 52 61 166
2 99 56 159 108
2 45 22 102 118
2 46 79 184 188
1 8 168 4561
1 127 61 9721
1 102 52 6299
2 24 48 198 163
2 1 1 200 200
3
