2000 3000
825 32 8416
1226 1466 5339
55 949 4330
771 1566 5717
927 668 4784
912 1537 15993
1924 1345 1864
637 369 3388
1354 1145 6869
1923 1139 6148
953 808 7333
838 65 6703
1700 1939 1982
1531 1556 9367
93 330 9273
1153 1600 9057
275 1330 16046
650 1897 977
1702 285 3826
1483 1366 8117
323 521 13419
1674 842 5149
932 1015 73
1262 1926 6332
686 1622 2843
1807 803 13295
1150 85 1680
1818 1765 12039
1191 1785 837
1222 645 6011
733 34 4625
1948 1193 6587
1339 390 4508
685 1264 8117
576 1727 1354
1271 487 16188
328 1171 6520
1195 1998 2237
138 672 4554
1076 85 869
1858 22 10646
1050 1693 667
1574 369 2022
1926 593 1680
607 1078 1135
136 615 12178
1371 1172 7058
210 756 235
410 556 5861
1699 1909 15472
569 613 2262
1590 419 16028
105 1384 6827
1347 1813 3209
1652 498 7220
107 1172 5761
1960 1299 12590
1284 672 206
1074 1097 4220
1516 313 282
185 656 1853
865 673 7668
80 79 4037
345 750 15948
368 1944 7602
1590 1496 4811
515 43 4529
1694 1912 6559
835 612 10865
922 936 7679
1977 41 5225
1995 416 903
1368 1381 6957
1011 237 1493
1390 46 7275
1377 135 13742
1618 1250 13755
114 1848 7860
1276 1025 13783
811 313 4018
1077 49 7293
107 1221 12692
1593 570 14623
560 320 12523
1914 1326 15895
705 509 13965
1952 190 5555
304 314 2022
449 227 2559
1149 1338 12178
258 912 6973
1764 916 4890
239 163 2417
745 91 6144
1818 972 15438
1593 1724 7157
1804 137 11191
1429 561 3790
1228 1521 3722
1219 707 5463
432 810 3893
433 1626 12381
1320 720 6884
1827 1908 10639
531 861 12182
482 1824 1376
897 145 7602
1606 936 7123
900 1867 10259
829 771 11724
1272 1602 1574
44 459 2202
200 1779 11951
582 197 6011
708 580 12984
215 642 15029
1010 889 1953
1996 1551 1493
1184 224 4890
456 1650 4916
886 1042 7777
1499 1112 9411
1289 375 8635
287 154 9560
1521 156 6532
133 1389 10332
143 1868 14711
1168 1616 7204
619 798 5197
595 1433 9554
1152 1330 8130
1968 477 7206
999 322 1246
1737 1459 7175
1198 260 1376
1154 1797 3265
314 642 14018
120 1915 9579
1647 1655 950
1553 1478 5992
1629 1712 898
153 1976 2169
83 1770 12648
1088 1765 8928
65 1589 9603
1384 1068 12562
178 205 1047
411 1998 7093
165 189 1155
349 549 12002
1314 1571 10492
188 1899 4852
1279 1216 6389
1528 550 5463
1922 650 11894
1996 763 11965
458 1520 11304
1560 1129 184
1041 446 13876
1084 170 1246
508 1392 11034
161 1036 4464
821 1119 16027
1772 1090 7449
1060 1042 5530
85 1599 4391
1040 1501 1464
541 1549 9588
1273 1490 3867
1325 1450 10038
65 1457 13198
1984 1907 5261
789 1169 771
255 389 11130
658 1481 3320
613 1418 6683
1666 285 794
1270 970 8184
982 550 4360
1634 1663 9244
236 333 935
387 1504 12956
1972 1409 6491
1119 1816 7600
1991 308 3233
592 52 8054
162 1501 3320
121 1551 9778
911 264 3823
1451 141 13074
1140 958 5766
1288 54 11830
426 1797 2407
127 259 13998
1930 1226 13174
1756 1367 8243
335 1365 3877
378 58 2202
952 903 13940
1157 1578 7902
1447 323 1777
833 914 5392
631 79 8152
1729 815 16010
498 97 1879
241 1655 5221
1195 1544 13628
1102 29 14883
1456 1847 950
869 444 7342
1634 1323 1302
286 1851 3494
71 531 3590
1468 83 9382
1497 1721 15903
1225 271 7121
413 561 6415
1993 466 9334
752 1522 22
1177 1812 9555
1942 1328 6011
976 1253 235
320 729 5547
202 1801 2701
1406 1078 4053
1497 945 22
1062 1280 2262
169 548 8928
937 556 7473
42 791 5594
1490 1791 12374
1241 1212 5840
1188 477 7943
1255 1060 794
1114 762 5315
899 670 4371
1232 1305 4292
781 1803 1125
1532 424 1202
50 559 11130
1813 32 11778
461 1696 1339
500 502 12359
762 1858 8291
673 96 4368
483 1026 1594
1778 388 6181
1857 932 1339
398 937 13318
686 1780 15117
1118 1680 5569
1514 920 13876
467 52 7977
1063 1456 656
885 237 11628
727 1223 13990
854 1324 7516
844 1463 9223
1806 1292 65
679 341 2991
160 317 14140
255 517 2869
737 1522 10543
1580 872 1339
64 1136 15767
870 1107 481
1952 968 15129
836 1895 1424
1701 638 1447
1009 1099 7139
423 900 12786
1829 1664 384
1836 1801 976
1867 883 5105
1799 426 6181
1342 513 1953
1879 1480 14434
643 741 10723
108 157 457
167 508 10543
1441 760 15976
622 170 617
133 1495 5928
118 262 894
303 1895 11965
563 1186 6389
1884 1036 9494
455 643 6059
872 298 4722
233 220 8530
1315 531 914
942 1796 4650
406 1111 384
993 1052 7924
759 673 7791
997 782 3555
292 1940 2423
603 1304 6617
487 357 13838
1417 801 6693
1548 1820 5875
146 1685 7838
824 1767 7245
949 1375 5146
838 1477 14500
1129 1952 73
396 1168 1750
1161 945 849
480 1597 14140
541 1115 1447
132 1081 10342
1815 1635 1215
526 1084 6763
254 1026 5316
1029 106 4850
1976 847 6629
299 339 13150
160 792 10833
1517 56 15180
798 1324 15280
1136 816 2359
315 1911 4159
196 1736 1732
980 564 3159
306 841 5717
1598 735 7485
1543 1682 12327
793 1410 7293
1648 769 6415
190 314 7204
1232 974 9293
896 1084 3298
1812 1897 7642
818 1107 1549
394 543 3814
443 1671 12156
1875 730 13755
502 1044 2013
1536 801 5676
990 540 6331
934 1222 5772
205 1181 7602
441 1262 11709
736 965 5614
1363 1132 3877
76 751 3524
299 1875 6369
1943 936 4579
895 406 12748
991 1237 12581
1628 1783 8772
1438 629 2490
1024 1540 2085
415 1966 15074
1827 1234 6869
1742 1123 3073
1576 113 35
1123 1731 1777
1957 68 7171
1828 995 8451
1098 1791 6902
546 421 9214
1065 995 5279
192 1355 14405
374 1114 2307
1803 69 13089
131 934 6846
1115 802 8944
514 1917 15955
1695 1220 11130
599 551 15637
1019 662 2033
1545 1172 8771
1078 404 8990
82 1892 13280
832 1344 6515
1112 486 6774
1473 177 2857
1441 1452 14669
1086 744 4417
314 1881 7877
1969 313 3100
1093 635 2099
371 1099 7930
1382 1630 2307
1176 782 6763
1385 703 6693
77 1458 7602
1037 1187 6488
476 846 15413
1206 1263 13952
1841 1705 3520
955 439 3273
956 1170 3233
1282 559 7030
833 1244 12104
1111 296 14031
1009 1395 8777
107 511 8275
354 801 1670
350 60 4067
168 10 7642
1083 1404 11286
214 1409 4813
1155 1298 2322
1543 1478 1267
1671 325 13850
610 98 578
1746 1287 4417
1993 873 11709
721 907 1574
1202 116 7679
255 834 8547
487 1117 65
509 1426 14575
499 306 11965
471 1305 6774
824 1008 12966
665 450 3852
1201 1968 95
1335 1498 15618
234 1310 13096
197 471 14669
1966 1862 1173
314 999 13096
630 1578 7111
384 247 6827
271 1358 1065
987 1725 9657
1376 1796 13972
1592 1396 6515
1651 424 4454
1020 1009 6798
634 122 9532
1789 1005 2417
200 1516 8423
12 160 12156
608 159 15418
670 53 1779
311 520 13603
562 1028 3320
479 1708 274
489 1337 11068
1484 1862 15803
1067 747 2202
568 1460 4140
40 1887 321
79 1692 6127
1673 135 7278
578 1635 5222
1623 1490 1003
945 223 13212
280 1152 2435
1075 167 4965
1616 408 3588
1691 1685 5129
1531 1087 12345
743 1258 8643
557 571 4969
22 1173 5261
1436 184 9657
1409 1411 11093
1841 544 8944
412 1718 6498
788 1005 7204
187 693 6011
246 877 3505
1697 234 13220
1294 1437 4828
1369 5 765
586 674 7039
643 1655 13162
1715 323 224
1537 781 16158
1261 601 1639
647 877 4053
29 727 8092
1300 405 5695
1144 1221 11628
1644 1115 3661
316 207 11268
878 277 4850
1369 1437 15589
128 1349 15502
716 250 6262
61 408 6893
522 1400 5874
1804 1813 4980
602 195 13638
1477 1028 4103
1734 486 4401
372 1382 769
1397 1054 6902
1538 330 4765
708 652 15348
1350 325 11205
38 1758 1518
389 393 5988
86 1116 5515
70 1852 6526
1196 806 3010
875 1498 2090
831 1303 4686
743 189 10941
1064 757 10034
1872 622 3350
310 1638 3710
1042 42 10446
259 1433 4655
251 1481 4852
1253 333 11079
1622 1480 3273
1436 1086 5703
141 423 10207
605 299 13198
1094 369 12692
1110 1839 9194
1951 1623 13198
144 1329 7060
1810 1526 3071
1639 1908 6629
469 1695 2069
385 765 9646
44 1742 9803
994 1816 7370
1348 1670 2513
1059 41 4850
1999 1349 12525
333 1415 1594
991 908 2948
439 1265 14883
871 100 4686
1179 190 3365
553 1588 6285
1498 859 14567
798 513 671
1133 1679 4103
1205 1617 5515
1068 1745 11447
840 436 6869
474 555 5339
667 1890 1184
717 1594 4737
1167 1186 7338
285 1268 12883
49 304 7930
247 786 3010
1904 706 9367
1144 1269 6453
1359 152 656
681 81 10002
443 1098 6783
1717 831 13280
894 138 2685
1195 398 16019
128 1729 14452
541 1997 8313
223 1216 3130
1666 1522 12123
343 350 13143
1266 721 14691
620 1445 6997
1930 28 2687
872 1686 9057
1699 855 4554
971 217 22
974 426 6683
305 101 573
1007 631 487
1987 626 9382
400 462 4103
1520 1589 7234
1816 190 6693
145 39 10835
1657 1682 14245
887 1033 5116
852 1083 5385
339 1727 3182
1759 53 7922
1675 1606 1101
1030 874 13000
170 1803 2990
1718 630 298
729 891 12866
1229 439 4314
1501 1117 4368
1090 1646 5911
20 1799 7516
1640 277 224
1519 1309 4284
1381 786 461
1415 318 10058
1627 1939 977
567 244 4727
302 652 12556
1661 1623 4192
303 1071 620
1288 187 7572
117 486 3249
1365 1399 542
1430 657 5642
950 1247 7111
1864 503 13713
442 243 4552
457 136 5913
1835 1824 14379
36 1293 15711
758 658 6098
503 1208 224
1554 1502 4330
263 1038 12984
715 1117 2371
1247 417 14653
1030 523 6452
900 1297 1498
228 1136 5559
390 1473 12747
1939 1408 7782
652 1381 3683
353 836 10833
987 553 5807
399 1016 2513
465 540 14342
1046 646 8445
1891 1150 2659
119 1766 3200
1950 1460 7393
704 1064 4918
470 1365 10723
1081 400 8054
656 259 1670
135 168 6028
1514 1278 12771
238 184 5221
806 756 4858
1237 909 2783
800 1576 8302
1319 242 1302
1280 836 1114
1873 1476 4863
1992 1043 11174
1604 1352 6802
895 1834 3949
350 611 12590
454 1458 7995
1785 499 1518
1298 1847 3590
1455 885 13993
1450 139 3787
1866 1932 6694
27 1655 3265
366 1364 10427
1292 1940 6440
1379 95 7514
1395 1873 4828
734 1638 13116
1268 1906 13517
1050 442 12549
311 361 2075
695 1372 8153
1944 1319 8220
1245 1408 12156
96 1007 10825
1222 673 14212
654 1877 4474
31 1027 8025
538 1208 11047
193 1642 3294
1833 1162 3567
909 1173 5717
808 540 7485
1927 1767 1860
847 972 1003
1698 1908 12549
958 1408 5807
1936 394 4292
1703 670 677
1777 1143 3813
763 1558 1364
1387 1488 321
1641 478 95
45 53 5364
623 1905 12850
1328 566 4529
643 68 5261
1535 583 13993
1739 1218 7668
928 184 4709
593 1282 15814
769 406 7039
981 1212 6669
1514 994 207
403 1030 8738
422 1961 3893
370 389 390
363 112 14782
1506 1550 11450
242 448 7782
324 941 366
1849 377 300
534 450 5314
1765 550 7175
232 403 5658
957 1610 2906
1700 423 13581
545 1455 7791
1540 1195 386
1370 1998 849
19 720 12082
1498 479 8220
1043 1474 6143
690 612 3628
1925 507 44
1783 161 1779
1089 686 260
1644 795 13921
878 524 15418
1237 717 11643
735 1127 9528
1827 191 9293
628 447 2431
270 1177 13264
1993 1108 1523
712 392 4508
1038 1646 815
674 1366 2170
551 1072 741
1515 567 12186
967 825 4713
800 982 11174
701 857 13399
89 1615 9486
1008 1974 9349
1894 914 241
181 1955 1657
160 22 7696
241 715 13638
1446 700 9033
441 49 4745
1470 1841 3597
623 1314 11268
1861 1946 6619
1811 1606 3330
1915 1577 2701
1408 936 3877
1513 343 13940
710 1139 837
370 1409 15642
1774 42 2879
1021 379 1982
1770 352 10585
523 269 8628
1509 388 7633
916 1302 1003
1584 1619 11082
338 799 2033
1373 752 10906
1461 585 4330
784 1831 3597
417 1214 4575
675 1264 1626
826 1107 2782
1862 979 2490
13 1075 1184
1482 275 6650
379 1609 519
341 243 3044
1653 898 3826
627 189 3437
1834 170 7699
1662 569 6590
142 1098 8922
1839 729 479
1885 694 10229
1088 10 2768
917 300 4220
450 386 14763
1770 1844 6869
1307 570 4575
1889 426 6836
1498 1889 3703
1948 1418 11760
1285 1246 12462
281 410 1657
1615 1963 12068
148 1728 3394
1230 1478 7483
583 890 9141
1837 911 5875
1809 612 4858
640 1854 5404
646 1187 5717
231 1054 914
625 64 4474
1940 1408 1864
583 838 4800
903 1282 2075
849 647 8549
466 1216 5676
320 1043 13876
1013 1715 8588
313 814 9565
166 1700 15261
1127 75 3361
1017 135 16161
746 894 7355
3 69 7877
1856 1201 5797
1841 133 10252
1880 390 5460
1340 1540 909
797 970 14691
587 756 3316
352 1415 5223
1780 1341 13638
1079 803 7202
276 1027 15182
1946 761 656
1022 744 395
1175 1713 7297
1389 747 9244
668 727 3588
17 1585 1258
1981 1591 15793
1588 1488 5797
388 47 6127
217 375 3616
409 1236 3294
492 1344 1107
345 1222 4709
1884 73 12966
1920 1943 13495
1245 1306 5339
1290 1636 743
491 1604 14449
747 1151 5460
979 989 11794
1914 84 6619
785 1184 1474
90 1555 4460
1395 1209 12215
1727 1079 10252
1731 1623 15413
255 1882 11480
1994 257 7510
889 750 11087
1180 1314 5060
1055 1885 7510
364 1239 2262
424 1390 8566
1864 1126 6452
217 1355 10628
1003 940 35
1085 1512 9091
1435 1420 4886
1511 1309 6415
1610 359 4875
1568 1247 3943
1935 762 7114
237 1544 7644
263 1943 1280
1917 1570 3494
1680 1818 8423
648 1695 7977
361 989 1686
184 1813 6703
1854 1442 6520
1012 610 1838
873 1487 10567
1013 1716 10372
321 1087 1628
947 1649 12906
156 964 1080
28 1193 6120
1577 53 2307
1707 298 4314
407 372 12303
968 1507 1915
1402 899 123
18 356 4469
882 741 14883
1685 1111 6244
525 92 9868
1019 420 14411
1587 76 3343
573 385 13525
1449 1044 10541
1664 706 207
1749 1838 4886
939 120 6262
961 914 381
419 1698 13251
54 787 11767
212 1686 77
1004 1881 814
1935 1149 14357
623 281 3613
1698 1691 11241
298 977 6314
1234 1849 13020
1498 1368 15531
1551 393 1879
1235 1485 9953
616 896 1101
917 1213 8755
1308 1246 11535
535 1817 5861
425 1293 3732
1686 794 8672
496 345 5928
566 1507 4730
1 1631 7548
1595 1921 8172
1795 1762 4087
688 665 3388
881 400 4507
1107 951 15642
961 1799 9803
191 847 1686
163 576 7602
950 317 12906
387 1946 9581
645 1599 6011
1690 114 2687
344 55 5315
506 584 11087
63 1190 4255
1728 12 8977
283 773 3113
1605 546 12304
1243 553 13700
1949 1622 3590
1937 1859 1477
735 1004 5453
169 119 6884
794 1748 10393
54 1797 182
152 1074 100
892 850 5132
699 286 9025
1275 1644 7924
325 1578 7481
790 1764 6332
773 1678 1657
301 979 1398
1152 1602 3263
598 904 1953
1193 1754 12826
1609 317 2307
1046 1794 5536
767 459 4089
1203 19 1125
436 795 8076
1544 1106 9223
21 1018 9588
1569 1157 1488
874 1860 10451
1800 779 460
1723 1341 14935
293 13 3787
764 883 615
761 1084 4371
1339 1240 12738
1760 1190 4875
1496 1613 5533
799 1521 487
718 1581 14226
1544 714 449
617 1399 2990
1441 211 8904
1253 798 6669
55 595 16161
548 171 1871
353 285 11666
497 1537 8275
493 1613 15910
541 365 15279
493 567 976
695 1732 5083
179 936 7532
638 866 13419
1258 61 1595
268 801 12494
1360 972 7217
1057 1036 7570
1584 1075 12327
285 1264 3179
1105 1882 2401
475 1303 7602
717 550 12866
1433 964 3661
315 1186 8588
748 1833 5261
579 1950 3567
723 968 6461
968 123 14401
940 176 8771
1162 329 3255
72 548 5385
1134 1326 869
1305 1768 3764
1345 1027 2274
1033 653 5761
969 1269 5797
317 758 10904
1895 400 7256
42 1488 10477
1884 1747 14192
1497 814 11708
1235 1757 4727
1682 1115 6404
102 11 11822
1487 1543 5221
721 1632 10452
1471 1768 8243
327 109 7976
1868 1420 8511
913 1810 16069
924 126 6763
478 508 7995
74 1128 8023
1427 161 12340
378 1234 10723
1068 106 578
1696 882 10833
595 1115 2318
387 1195 1871
806 317 13657
1818 696 3823
241 1663 14501
1757 943 15882
877 1076 3494
1822 91 260
1664 1935 8668
50 1202 8672
812 220 14621
1714 757 3814
1265 1726 5911
1310 1024 5453
861 761 6731
1781 910 4332
1725 778 8904
1108 661 3656
81 880 11962
814 126 1022
1303 1852 565
1349 850 6600
1643 1224 849
552 1026 11691
442 950 15245
772 1739 4067
1377 541 2659
1819 1590 10446
43 1700 944
421 1395 8035
595 180 14219
1215 1484 3290
750 541 4593
996 362 8023
112 251 2090
817 1595 6331
100 1682 3111
427 656 2237
756 1295 2834
758 483 13458
845 1992 1703
1393 737 13251
87 661 5547
760 1437 8771
866 260 6143
1413 1700 2151
1711 64 977
822 1459 1837
113 1076 3494
1854 1161 12819
1656 1620 12462
1535 1843 22
1859 1812 10354
1366 958 5901
520 450 5642
713 1886 7812
554 1492 12241
1631 250 1353
926 1184 7570
95 550 3872
1101 1973 1825
1306 1121 9069
1777 201 11087
649 902 648
357 1259 1626
1009 572 14357
1660 1905 8596
1727 1020 12921
1445 1370 2202
120 1789 7382
455 1203 11728
1779 1775 14118
1567 661 5874
1730 711 13306
644 1947 7481
430 734 914
1427 1476 2701
843 1528 461
760 242 13034
1686 1844 2099
262 497 3343
96 979 7644
602 1785 1498
1679 1542 12119
1047 148 3465
240 661 6487
507 1013 2170
531 160 3616
1221 1686 2783
1216 1664 7278
1083 309 4071
1362 1295 13998
464 1869 950
1784 202 3775
1131 1094 9822
620 1160 12321
463 403 14669
1802 1197 11845
1865 805 2086
1016 1160 9920
476 844 6976
1650 586 15279
1271 188 2262
284 424 1339
311 1121 13349
1933 1069 1919
986 21 5804
1865 1431 13739
459 314 6763
486 1707 7557
1499 1670 15279
241 754 10725
839 1381 5197
56 964 4508
1111 405 7644
1482 1988 12018
383 674 6127
1609 1943 14343
224 1066 4709
139 1678 6181
663 1077 6011
1097 1932 6225
1243 1142 4405
884 1652 104
89 1259 9378
510 584 3555
1412 450 411
1735 1899 8268
898 983 5797
1383 1049 5450
714 1222 1853
1508 727 7175
1331 586 14932
1023 1710 10958
914 318 3294
1981 761 2490
1672 795 384
1204 1783 15029
1832 341 6856
1791 928 7005
973 764 7067
1457 697 10628
255 1468 16185
625 57 13816
1469 640 4284
461 112 12359
408 661 4737
1117 190 3071
1633 856 15895
1564 240 1804
1549 315 14322
103 1956 10941
1617 145 3710
662 1169 12002
1780 982 7642
126 1685 7828
1116 1415 2149
910 1031 519
1870 1762 7883
192 1324 2812
220 507 6543
256 545 317
1903 85 794
919 65 4436
194 400 3298
1520 616 15019
1186 1940 5741
1978 1506 7791
1102 554 14692
639 904 3159
243 933 5309
858 1917 7355
1308 301 7275
14 707 6856
1238 633 2137
1036 317 3032
669 1261 4330
768 1751 13369
1770 1506 12382
1558 1932 3060
1443 794 449
177 301 6774
711 465 6516
1128 1283 13278
1046 220 8944
594 1485 14311
1398 1366 1294
631 1591 5941
384 1579 13698
1706 1678 1267
155 1420 2451
189 319 1750
446 1198 3070
662 1862 5225
1786 395 5763
470 1899 1401
273 974 2163
821 1687 3131
948 207 2262
1071 1146 13755
967 1061 12651
574 1954 1128
1481 1252 3946
876 613 914
209 1943 3098
565 1548 14030
1052 70 8073
202 1916 11035
1986 1460 8012
1687 938 950
1415 314 6978
1884 564 7342
1299 295 9450
1543 919 9920
362 1201 221
1671 1699 6415
1250 1308 14512
1474 37 12269
349 1996 13349
508 1356 11334
1191 225 9597
1023 1397 7902
1594 933 6933
904 1936 4650
1794 7 11109
1283 1022 4391
1142 628 7516
525 448 6453
711 365 13698
1151 720 4601
1331 163 5391
1459 1510 5924
10 1408 1896
1961 1794 1633
879 1035 6846
1613 308 15141
51 730 9019
1318 225 573
45 1122 14018
528 440 10541
1709 1423 13670
1423 911 1114
513 782 6532
554 1782 15063
1511 1467 10451
397 1457 2509
1053 645 11130
1143 1898 13367
516 1981 258
996 215 15397
1338 1833 2291
1159 1983 14462
699 1882 6902
176 1144 2697
615 1538 10730
373 1910 6650
1769 1886 1128
1904 1000 3233
1837 438 13272
1748 1587 973
827 1480 6600
1378 1074 3494
1128 1111 3187
1665 1767 3597
1352 779 7510
1346 332 3946
1741 1702 3131
1728 46 15199
1206 461 3111
850 1966 12425
423 1359 5741
1139 259 3732
1645 577 13849
975 1623 7516
1779 1792 15803
970 150 3361
506 1295 3555
1145 826 5874
1269 74 13143
1582 1848 3187
1688 538 2371
1799 1707 9149
926 10 10906
1165 1466 7121
556 743 9897
1780 220 14711
1900 689 2817
1001 1896 10714
337 696 321
1236 1693 9201
340 1642 15243
166 94 8755
753 732 1354
615 114 44
1402 83 14322
1831 9 7936
157 1539 4207
693 395 1107
1909 1851 3179
334 780 6370
288 1399 3100
664 1935 6011
286 68 12082
1493 1694 12123
661 409 15993
959 249 1474
1680 1883 2857
1324 1027 8277
305 1364 8582
1132 1335 9912
1991 1911 12304
651 811 7399
582 140 16222
762 1622 3653
1453 1391 9273
1463 417 8307
127 1097 9898
655 1787 7342
136 1941 14135
653 1410 1085
287 912 1498
297 67 9175
1931 495 4000
1753 1858 5060
514 857 14118
1113 881 8092
1963 1659 2086
168 568 11516
992 969 12321
285 426 8243
1192 1099 16027
331 1993 4554
810 617 13174
170 57 9236
457 1115 9069
1143 1195 6214
1187 1534 6802
1462 1966 6957
849 1596 10917
1778 1367 14970
134 891 771
26 600 1838
1763 1460 3159
1922 194 7157
405 380 10446
725 498 9646
940 1892 4203
472 1190 6694
1231 1262 13497
1394 1529 3852
537 1078 13497
963 1111 6515
540 1417 843
1031 387 969
1083 725 11163
538 1509 11820
1424 1116 2307
1451 1416 5509
652 1000 14908
966 994 6373
1488 1522 3663
249 269 12717
142 313 1302
109 1678 261
551 1095 14672
404 53 2431
1271 1831 13831
251 557 9687
5 368 903
499 1602 4036
1242 587 207
1355 1323 6893
560 868 3343
1650 260 4745
1951 1012 9952
698 506 1915
698 375 15880
1102 330 5223
614 1083 11130
422 1985 9660
1151 823 8977
544 111 1013
1188 885 8260
1646 304 2085
1561 729 6125
1367 410 12436
992 1534 4686
680 1097 7924
1135 33 6884
1337 1501 5875
1579 327 7067
556 1862 3044
1100 1162 2768
1583 1544 2202
525 105 10690
1837 313 9733
1738 1050 5463
1336 83 1339
1166 836 935
1133 22 12425
1507 1074 731
312 296 11516
1234 170 1982
116 1885 6373
1314 1091 123
425 155 8395
1529 1264 1339
257 1305 5642
433 264 3088
1110 406 3588
944 1434 7510
414 955 12601
1892 221 2697
1474 1682 5222
1490 1295 2169
247 1764 9486
1744 285 498
598 1434 15419
720 1505 11102
702 1218 4330
923 59 7293
1199 642 936
749 1617 11643
1155 12 11588
819 1704 13990
1945 1466 7399
1056 1525 10229
377 1907 2812
1478 782 2473
1282 1410 11153
1944 645 14484
751 584 4087
1911 727 6884
1966 139 9453
1483 249 4613
206 681 2633
1502 1084 14653
935 834 7093
670 267 13715
1646 985 11833
593 932 5261
87 1526 15180
908 1554 741
1547 1186 12776
1164 919 571
1670 1642 6657
559 1126 1713
248 550 10639
850 1128 3365
1464 1136 1488
1286 1041 3852
666 1013 5249
1491 312 3227
1147 1840 13940
250 1943 16185
727 617 4508
860 1728 315
21 761 235
945 1108 7008
336 1903 10316
1835 143 10115
848 290 1085
295 1578 6059
895 770 9856
1342 414 11628
1743 105 13727
774 327 224
225 47 7704
1358 1412 15437
1956 1859 1271
642 1161 7805
678 1042 4853
901 687 6056
132 19 7293
1185 111 4779
52 668 4601
1707 339 11077
1115 1881 184
1723 1637 15995
417 1312 15711
797 474 3555
855 541 8023
979 706 1915
799 1190 13586
1455 469 5884
1247 1862 1779
718 877 1107
1178 810 14311
906 1884 6721
1790 703 7821
1505 611 6590
1476 406 2919
1330 437 11079
156 630 11942
279 1834 3187
717 1284 13151
369 1803 3088
742 723 972
327 1192 14959
626 1399 5109
57 804 1773
530 1302 9236
629 1749 11643
1821 129 6674
1416 1758 5246
1409 1725 837
1357 182 230
296 1881 3179
244 703 1732
802 513 6222
1635 1726 1985
180 891 4829
1276 44 5988
82 1295 5857
1902 1579 5741
1643 1391 15364
480 9 5481
407 1938 4655
1951 470 617
539 177 4202
249 481 13124
1814 1570 8291
172 547 14103
1242 1125 10714
869 1497 10646
404 1298 11405
274 1358 11615
340 1562 5913
490 695 317
152 1355 11278
1114 111 8771
1999 441 8196
1374 1328 5165
981 784 12275
94 1138 1499
606 1362 14625
549 1315 15348
169 463 8931
1581 1467 6331
1731 556 456
1452 1878 4036
322 620 2013
1405 1767 977
561 560 9657
1082 1031 6619
615 1030 15341
1092 1427 8635
247 13 8362
1454 366 6757
1204 308 7256
1441 99 3182
624 1074 2274
573 1602 10548
1208 1588 282
1539 190 7644
1893 1949 6515
1212 1682 6879
208 1088 2071
1071 27 2359
1564 1689 9952
1213 1352 7922
885 1254 7995
124 313 3946
724 640 14804
1933 58 13957
1868 1397 6666
600 262 4969
1506 177 976
1493 1960 1680
1670 1681 16222
628 728 9382
1148 1944 6902
1914 1845 9560
136 595 1215
473 1982 6997
1466 707 2944
1121 77 15803
1472 1082 7828
260 668 4192
1426 155 6418
1401 1074 6067
726 1602 479
167 1376 648
1681 744 6997
1736 1555 2306
902 149 2559
692 441 1080
1887 743 8528
564 9 3363
88 1850 6757
1173 1600 1125
1984 926 10427
343 1726 7642
1732 1736 2889
741 868 2686
1852 499 8097
1036 1881 12002
1677 1820 6526
1171 1910 10825
1754 1389 5861
282 47 7111
393 369 5223
1708 327 2470
1990 661 2919
783 604 7570
1970 724 7625
1324 587 973
106 1757 7821
4 314 1657
1817 1287 10427
585 1335 9918
855 491 10973
1309 361 14689
1506 515 14393
1712 1867 2013
1697 314 3275
371 1002 9091
166 454 2389
36 870 12826
1182 1184 1013
1149 936 2307
681 585 1215
1897 991 15279
385 1796 2407
609 745 9223
740 1178 14920
269 1889 3255
554 367 7759
32 628 2306
964 408 7932
1885 1458 7936
770 824 16185
913 941 4134
346 868 8012
946 1599 6124
1002 1478 5988
495 907 3182
521 883 2351
1206 1630 11109
621 551 13295
882 407 6721
1103 380 15637
1819 1300 6836
1089 1233 15261
558 1107 4287
157 1400 8172
367 1401 16126
1945 1001 11935
841 314 941
1591 182 12340
1465 323 5813
50 1986 5481
1849 741 12692
1985 225 866
1796 203 14500
418 1799 1202
1197 1494 7604
890 612 3158
1198 1829 12340
737 714 2782
1233 727 6487
1692 782 3070
19 767 1128
319 933 1974
1045 798 1871
1563 243 2897
1028 53 4284
1618 212 5988
1160 1604 6940
265 813 14094
249 1061 6143
1994 640 14669
1874 662 914
372 1296 15335
89 1922 8857
596 179 12378
646 873 14272
834 779 4179
625 946 11845
1532 541 15350
580 345 3814
60 1844 5385
125 859 14379
1522 720 496
1337 1564 10225
1244 804 7257
323 1091 2768
78 220 6492
1584 508 3557
514 57 4613
175 762 1125
1645 775 10958
1890 548 1184
1599 1862 3031
1325 1986 5559
1485 11 1934
1672 639 15223
947 706 7805
1177 1042 15976
1689 1758 2013
207 107 4635
1557 1171 3388
36 1737 2976
1663 528 5118
475 1169 10723
1085 1316 4514
424 57 445
1431 1766 6036
1530 1419 12498
1625 1692 3740
111 62 1493
1605 1636 8469
1375 1126 3032
420 84 5785
1620 388 2538
1238 1800 13349
46 430 14621
1549 1813 6011
250 1511 12378
1361 1657 10833
34 466 4192
1534 1827 8527
1552 1830 2353
1928 1727 6532
1608 665 5761
1500 1123 7485
1350 1217 12469
581 278 6650
1636 100 6909
805 190 3376
1982 1153 2523
434 979 5440
1042 1682 864
891 560 6619
1032 1267 4330
1404 1274 7234
1263 1646 3748
494 1869 5658
130 933 6404
1842 701 1777
1780 423 12747
182 1661 4918
1138 10 7550
1121 763 5460
823 765 5385
1346 355 14624
125 67 11845
989 1952 589
834 1643 16222
1668 962 5116
1178 718 4248
612 1149 2429
75 1600 8076
1959 365 3010
46 672 13477
831 1493 15711
1716 45 6846
448 138 2616
200 732 7257
930 985 3179
401 170 1271
274 82 7860
221 1726 3388
614 395 5339
465 1112 5913
527 512 5339
309 362 12848
537 1186 771
159 552 2067
253 769 1838
1638 1937 2895
1442 1574 2990
33 1284 2092
697 65 6357
294 1946 11724
23 706 6111
300 606 10354
1295 1644 806
822 481 10029
367 1343 1013
395 450 9897
1533 1082 6963
759 1649 8275
621 325 2897
128 876 7750
268 1123 8977
300 1599 6617
59 868 3363
1814 1317 8130
1827 1538 15692
580 995 11916
743 519 7355
1122 275 6415
1210 731 6461
1954 562 2435
137 593 3628
728 1455 969
361 186 14527
1939 811 15502
1615 465 1732
1041 405 5417
11 2 3588
414 680 2329
380 1185 13844
1193 1084 3310
1106 447 864
1419 411 935
1353 645 2768
115 1229 14970
1927 321 10826
216 1042 3071
222 1074 395
1420 1495 6100
1525 39 11225
856 683 5373
508 1622 4686
1798 806 3388
506 968 12921
502 1977 8672
722 104 12393
599 1490 972
1871 1892 864
701 995 3388
1388 1273 972
1528 953 14804
1198 467 13957
1797 1682 7449
211 1376 7860
782 1804 2991
1941 806 104
708 1471 5009
1278 403 2090
714 145 8364
682 640 8364
1632 1573 6222
1263 414 11241
883 1682 5530
1693 1481 4623
215 141 3616
1655 734 4552
1862 1989 12214
1953 1526 7234
893 1863 2843
705 823 13054
1377 538 15618
1979 898 671
1146 453 7067
1120 1203 5911
1001 434 1424
1594 1772 15617
1194 487 15364
858 1753 9554
1058 1680 3557
278 1770 6629
1169 1612 7114
11 489 8141
729 1968 837
122 862 5682
1843 730 14357
97 1862 565
555 362 7382
1547 834 8023
1051 1799 4045
1091 1295 4890
1101 356 13990
902 1293 10207
709 1966 1398
1457 1478 6214
1392 1770 6067
1803 1881 667
1768 1103 1474
199 1794 1101
1373 1892 3032
636 540 4829
532 14 8036
56 1940 15264
171 1600 3406
809 427 11478
1820 1616 7225
125 393 3044
1402 1212 16055
722 406 2169
1802 755 4828
1058 1250 12990
804 1731 815
312 1883 11567
1958 497 4713
1869 225 104
1118 433 13761
40 577 10145
398 138 7473
1439 1302 7160
1510 653 1779
431 847 1065
815 1685 3273
594 1041 5874
1623 1033 8530
267 910 3520
912 619 10853
294 715 3032
1248 931 14877
1862 1781 12619
368 553 11897
39 773 7114
543 750 8977
528 275 3227
1776 411 2630
682 1661 6884
158 1513 5789
1947 1403 11153
659 690 461
1192 735 2636
1637 1264 6580
305 1085 16172
1156 1502 1915
1586 126 4507
353 673 4737
1878 1696 7402
366 1151 4371
1908 1859 5221
1705 1552 7704
545 1357 8144
1004 630 13715
1061 1247 7633
332 1476 1860
53 1549 1703
565 1117 6214
432 1929 15948
1176 954 12929
1479 618 5741
1859 1384 1871
931 1668 4255
794 376 7936
933 1370 14692
1236 1495 2329
561 1247 626
1992 868 386
915 1507 3489
1304 1646 3281
327 844 16126
230 1337 3867
31 387 14215
1709 699 366
287 306 16158
777 1818 7175
1840 834 6775
1906 1938 5435
801 1862 4469
641 1548 3010
1883 1553 7402
925 542 4966
914 1632 12738
1983 851 864
415 1725 4852
1936 1681 9792
40 1417 9329
1277 1017 3271
819 919 8073
1708 230 8530
1988 322 1356
1512 694 4593
862 1075 7625
15 742 7093
596 714 6526
68 138 4103
115 1442 1934
1530 1087 7514
1137 698 7842
141 1736 5807
1651 265 15617
308 1654 2713
1421 1773 12956
1555 1568 14212
791 1610 6881
1018 554 9686
1757 1932 4829
1997 1172 7205
763 669 14135
1053 1821 5941
1301 367 3227
785 397 11191
488 715 2919
104 1555 1677
951 22 461
643 103 10492
1539 1342 14588
1095 1055 7952
1327 741 6056
1980 58 1698
330 408 4072
1545 1440 6884
952 1348 2768
1174 1873 4203
233 486 4045
590 645 4401
1727 1269 6214
1886 1642 4045
1875 1961 3764
1874 563 12966
1918 1849 1499
1882 1111 4330
66 1860 4071
1389 841 4498
190 1274 16205
1071 1613 11643
1306 1060 4865
846 626 11724
1056 1495 3073
1153 10 743
309 830 6331
787 1207 5011
1376 181 12213
1747 1124 7210
1274 517 12573
1329 258 1498
1181 240 7732
500 1707 2048
1913 1077 7625
1214 958 1155
1395 163 8364
334 991 10002
730 1628 3158
995 556 4779
1704 403 4886
1018 672 7067
1633 90 3893
1879 92 6125
380 1338 888
874 1094 3524
573 1998 1003
453 1623 1125
1313 343 1258
1189 972 4507
1361 34 10906
1391 846 3187
1728 1111 5339
1813 1317 16205
938 828 2075
673 1436 9790
47 1602 4721
1407 203 6781
484 27 4248
1262 1410 10158
579 1408 13419
517 1835 9337
1669 15 11937
1104 499 2686
1679 1553 7548
174 398 1555
703 595 972
1364 1161 11241
1887 1061 2022
1069 543 298
1912 462 35
177 1463 8117
1534 1115 6221
1307 593 9758
933 1803 1488
1332 506 1085
982 1294 13718
1672 853 10332
836 1399 11547
302 1285 1334
276 1986 2659
1989 1697 2611
1330 1974 6596
1323 1031 4858
1888 383 11778
173 645 8130
149 1952 6879
778 785 6940
1342 1484 11942
6 1788 6974
1921 1585 6543
1644 1717 12418
289 1475 7200
533 670 2713
1794 645 1239
1098 429 9877
1597 9 260
12 1323 3310
629 358 142
616 1948 9367
1428 1256 4018
846 1476 8025
1309 1389 1267
1775 54 5339
1422 760 694
1779 869 1302
608 320 6488
584 1186 5314
253 1840 10502
197 1389 5132
1130 10 3275
1718 21 12906
1170 127 13442
1740 547 7080
1646 199 15504
1054 1766 10029
512 492 15059
933 370 10331
1971 1998 7821
1393 1120 386
538 515 4134
1886 1916 12327
273 1953 14026
1546 994 2879
1847 818 1442
1713 1847 10058
1512 113 9778
1096 197 4330
775 469 6299
1649 916 7516
1446 328 3361
1762 162 1633
1569 178 15279
1199 1726 11833
1005 1899 6879
1410 1744 14146
1362 117 4072
1765 774 8130
137 1166 11100
1126 1758 6214
1287 1279 3530
234 1907 5262
1091 1606 11822
1825 820 2523
1526 1458 1974
975 945 9450
1268 54 4727
68 1606 11498
1523 174 5695
1494 1847 4529
542 837 7402
1721 1488 5339
204 1094 2353
1726 883 6453
1207 617 2048
1023 153 16126
706 1881 8012
277 199 7777
91 1495 4464
529 1897 3365
1274 1838 3748
1745 721 4089
1743 1108 4284
755 989 3533
728 1165 8395
195 1449 3394
1808 308 323
1254 1690 7812
937 560 15103
1667 319 3310
1578 855 4863
1490 1194 11845
1463 1520 4238
1267 330 2513
732 431 1779
1832 1104 13737
638 724 2686
812 934 7877
1835 1337 12614
1863 395 235
1767 477 3394
565 189 14304
1056 1349 14841
1073 444 7425
336 729 5118
977 258 14908
1251 349 4722
1896 1589 5222
270 172 73
1968 1870 15413
1681 930 9924
1659 563 15413
307 1793 10479
313 1159 1294
795 1203 2869
929 901 15773
41 210 10229
1824 74 5309
376 1408 9121
1260 1803 3852
683 773 2266
1565 716 7829
1453 417 479
1944 1241 2274
151 563 6600
1134 1849 8857
829 1976 617
1505 1409 9579
1670 1673 11163
1289 1263 6036
715 495 14118
1113 1074 8777
1171 1844 416
421 622 15524
1525 400 5741
1321 877 6369
1613 927 4918
1796 1767 914
1070 1332 5857
1400 1444 449
402 1432 2825
633 561 6498
835 1555 6492
155 469 11034
491 520 7297
485 1873 2817
1907 1292 4965
1503 960 6836
1107 1881 5262
1291 771 4207
1817 246 2033
99 1384 849
1696 1320 479
343 873 14432
601 1292 3249
1001 3 15880
395 1309 4103
1458 933 1838
1907 1863 15103
579 1298 12156
1106 407 10695
1998 1460 2782
1792 1370 8054
1719 10 5735
744 723 7995
1518 1244 5884
1901 1661 6590
1372 2000 7633
998 1577 4018
418 1034 14932
1293 1042 3350
84 139 456
219 400 5222
1329 971 14725
1624 695 914
1057 1627 8583
1027 477 4737
779 1961 2701
1698 1936 126
880 1877 4292
1233 1821 12082
820 622 2092
1998 1982 8153
1048 1844 6974
1475 177 5569
1396 1271 6285
1311 1346 57
1611 1668 5170
405 1932 6308
1299 1011 7550
1796 1058 9337
964 1513 8734
1678 1998 677
941 375 4534
1851 1616 5316
978 1726 15024
1788 1348 1919
539 652 11082
859 594 7058
1658 1447 3249
1570 1713 6694
1905 1519 3914
6 379 15141
861 425 8509
1695 1488 2220
1075 1395 13628
972 1612 3494
1559 1627 6532
682 1551 15844
1888 1667 7139
332 1006 14782
1089 874 9217
924 1334 13658
1591 22 2685
816 190 2895
435 1471 2149
183 1689 235
517 785 864
1844 1115 309
143 1111 2123
1758 1903 2177
1771 142 7308
767 791 14642
317 1736 7952
1602 304 1354
375 177 16222
611 500 3914
1585 1017 2664
1596 535 2022
1279 1666 9560
419 582 381
462 1495 3703
1573 62 3110
358 197 7952
355 1077 3294
1916 1034 5279
1581 1502 9953
1575 1287 4671
1384 1642 6444
1782 1263 6418
1132 722 4207
198 176 6115
297 193 3298
1131 245 1036
1264 979 866
1223 879 2085
1218 1167 3275
807 880 2069
597 722 2664
1480 1649 8564
1669 35 2783
734 958 4765
73 469 667
41 1804 5132
844 1908 7175
450 1358 5875
1823 982 13349
572 653 2768
1072 656 4284
676 1890 648
727 1247 16051
828 129 3113
30 941 2086
611 1032 16126
905 1476 5924
1838 1642 4727
1014 1169 6418
962 1602 4292
1352 1159 15279
1312 533 3406
1960 867 1838
983 1976 2843
800 954 6143
1930 406 12819
1717 1741 4089
237 563 12327
347 833 1107
318 499 2906
355 1241 16126
1515 1036 4579
738 1209 4287
825 1542 6262
694 1206 7644
644 157 15223
1044 1177 10058
1660 507 3517
1605 1994 3148
509 1872 1985
1813 1757 3281
307 701 1464
101 729 7842
51 680 2701
1513 1604 7902
530 805 7759
543 126 7860
1092 1175 4508
796 735 4686
428 1588 5149
1426 1801 11047
266 1010 12306
1826 1471 2815
1974 1831 13419
705 1902 620
247 350 9025
626 1886 10149
440 290 1354
58 814 12494
1109 220 4140
1218 255 13000
1752 857 4401
1125 1091 888
1690 747 10176
100 940 9773
599 535 11130
1268 673 10941
1240 911 6370
1250 1313 6115
960 628 2048
1458 1134 9920
1623 919 8141
1344 1038 7600
1266 1019 3310
1705 1346 8672
605 1297 183
1938 577 7750
1876 997 3588
263 1218 9337
477 1616 2069
89 727 4534
1400 1635 9057
851 1726 7114
460 370 5569
1249 705 1703
1218 170 12321
505 1690 3877
1211 3 8117
1341 1874 445
342 1503 12866
1814 752 8527
483 587 12534
1846 29 3275
1710 1965 7548
1492 66 2353
918 706 3732
459 1940 12064
924 1785 9025
1411 501 3946
365 44 2523
591 196 3703
1987 423 6285
1334 85 2407
1103 1594 3281
786 1115 6617
1975 1472 4966
822 1598 12556
549 926 4489
16 1682 5874
632 1314 4671
760 266 8117
304 696 8304
56 693 9367
437 1447 7600
904 113 11241
1973 53 9790
1761 1991 6258
1346 973 13446
1756 1129 3388
1833 545 15806
920 580 3705
1404 8 9803
988 815 7039
725 517 13700
1092 191 15437
145 304 5105
226 25 5246
1421 137 298
853 1502 5569
936 979 6849
792 407 3298
250 309 5536
1064 653 7308
1131 1742 13369
1936 1687 12064
1541 1117 5481
430 1354 10034
25 477 694
1194 1574 3179
311 934 10521
1654 45 4980
48 1599 5424
1683 1767 2943
1455 489 14065
1904 177 12047
851 1120 12039
889 1951 15117
62 96 888
852 1588 12826
1358 145 6966
1449 1561 100
342 1494 10513
1471 1179 2237
1080 513 12469
943 1458 384
1378 1954 13588
1973 869 5559
722 57 11527
628 637 9149
677 1554 6884
235 653 6763
476 1049 9530
1656 1585 3661
1659 388 3187
1078 1107 6587
1025 619 7308
1500 487 8141
1621 193 3533
381 1084 5703
1897 1734 5569
1855 363 4800
739 368 3683
1765 1246 8926
1217 1116 4363
985 1112 3182
696 104 5960
547 87 6821
398 959 8302
1670 1608 15793
684 109 5132
585 1076 7473
1823 1348 6498
978 1184 6693
75 1127 16069
316 413 794
1562 1097 2123
1460 1117 6821
1003 75 12389
1486 717 5165
1801 1509 936
98 1887 7668
571 1666 3796
1720 1881 2686
101 1167 11018
1899 867 2869
1015 1478 1294
1167 615 15159
916 1286 14748
1159 46 571
1183 1489 13700
596 446 13921
1657 332 7902
921 1845 4853
1170 1389 5642
255 206 12966
1296 1992 4971
121 320 5149
1603 498 291
1777 51 11535
360 248 6059
1607 683 837
7 1656 8012
1313 1886 8291
1919 40 5417
1147 44 2943
1874 245 14669
1950 81 11820
1676 120 10973
481 909 6596
1361 1887 3893
1974 769 2943
731 1732 1339
1504 210 6461
1861 1505 15639
1343 940 5132
689 727 4765
804 1838 10404
1964 137 1853
1467 645 7550
406 1207 13628
867 841 4124
1158 1450 4575
1482 1071 11986
1857 826 14672
605 342 10835
1731 45 9953
618 454 1523
1351 10 3187
977 304 4836
265 1026 5309
1550 1502 6777
975 466 8771
1471 712 9060
863 735 4285
1835 861 6275
501 104 5857
352 1398 13054
1000 71 3179
329 722 3748
1316 1690 914
76 1019 16126
46 1646 3071
291 1903 4124
438 1726 7402
1081 484 13497
1414 756 6275
1322 596 4067
536 1306 5170
1225 1099 10825
1335 353 5149
1517 872 3363
1845 968 8917
570 940 2768
1152 17 13034
266 335 2490
1733 1639 1896
766 964 4330
1555 236 13034
1863 553 9773
889 153 6802
453 1983 11767
452 520 5857
577 109 5146
1386 1445 4255
467 1419 12929
1850 1588 7932
1612 1966 4203
765 1181 282
524 1758 7860
1630 734 7602
1566 415 1732
929 538 7572
842 699 1982
757 1728 6669
1929 1992 12002
1751 251 7810
873 260 2834
1231 1745 1047
375 1966 5223
1495 1646 6783
81 1190 5417
809 1963 5306
376 805 4363
864 409 4474
738 342 10311
93 148 5658
1059 373 9057
1055 1787 13074
275 1349 7359
634 301 3060
1668 1965 16229
1444 55 5874
1308 782 8275
1177 340 5391
363 941 6516
218 1799 1777
1575 1761 11077
1368 933 13628
731 8 16027
1571 1645 2237
1858 1365 4918
912 556 4469
123 806 3093
382 1164 73
468 1911 1017
1480 933 4779
512 645 903
267 492 15976
429 982 1549
562 971 12189
234 237 12306
1035 1396 15502
147 129 6487
1209 673 2897
1592 644 14935
8 55 1594
1967 584 5129
635 366 4779
721 866 14379
1531 916 3343
868 1495 5536
1809 219 11659
1302 1543 6619
1600 1599 667
1929 980 1493
1448 768 6225
1226 64 9686
1853 1076 6221
768 1803 411
219 105 9822
1555 1727 2764
1830 758 7829
700 318 667
1224 425 4863
121 1527 13517
1403 487 7093
1793 1175 4918
348 488 5165
1920 1899 6028
296 1741 8583
392 1740 2764
445 366 2291
1514 1445 10906
1484 1935 321
813 985 1982
295 1754 8291
1468 619 1837
250 1458 11384
1910 688 182
1049 1269 1953
1034 699 5547
671 1606 7114
1441 728 8620
518 1583 4828
1619 1317 2451
201 708 909
1938 98 9144
387 558 15711
378 425 11191
79 1357 14311
127 9 4828
1567 1546 12345
1730 1054 6596
1722 1185 2137
589 954 2389
1039 1552 694
1285 388 6963
1981 49 13124
1269 369 6731
604 1262 950
715 898 13349
1257 561 1202
984 727 4613
575 1112 2107
1480 883 9803
1071 1348 10002
609 1045 7514
1762 865 9082
588 1605 4765
444 1549 5555
69 1297 7625
907 1066 7080
172 408 8025
203 1566 4727
65 836 3179
9 1644 7838
64 964 6775
780 221 2048
1356 359 3135
749 1455 6036
326 933 4000
1787 1110 5149
1172 1214 5824
1848 1149 1864
1755 1071 7782
504 295 411
1676 663 4087
326 1429 9279
1270 679 3613
1832 1101 9237
612 1731 11527
1256 1097 6669
71 314 9487
451 852 6803
643 1974 14380
1589 1222 7644
1495 675 9660
644 681 14561
1434 1224 7425
1614 1595 1915
1645 520 6978
1532 1151 14146
1380 1235 5315
35 25 3100
2000 1477 6127
1050 1355 11405
154 213 1800
312 422 5555
1066 1770 3814
1137 1248 9236
1124 683 7111
1290 830 9088
801 1533 10340
1524 849 4865
1209 1667 12738
1281 95 7275
186 832 1128
16 410 15024
1766 260 5840
484 1992 9174
2 715 950
349 1159 3892
1877 561 4711
1017 720 1934
1807 820 2067
719 1433 11520
1054 1115 6314
1860 1690 221
1723 391 5594
351 1139 35
541 93 13367
707 855 3071
1259 989 6311
1778 1201 13849
1626 1633 677
770 1628 7883
511 4 323
359 1212 7759
1934 244 4089
245 363 5761
61 1387 13732
1087 1681 7625
1489 1725 4579
93 379 9687
458 168 6418
323 1895 9117
803 19 1934
349 935 15418
1229 606 10362
643 1683 11691
1200 730 2697
954 1229 2559
356 1844 969
719 577 3275
1999 1991 3590
264 715 7205
1035 470 6619
606 1254 8025
1246 38 3867
363 689 13162
227 1052 4053
830 968 7936
849 1830 7449
754 1705 4650
657 358 3520
509 640 14026
1399 867 6115
403 1661 5129
1160 880 11520
110 634 3852
1652 725 13298
655 115 10314
353 1553 15321
272 1862 5450
1542 685 4971
1635 1611 8530
1487 900 12601
661 1757 4534
1418 1477 5364
1333 1183 300
1731 1541 8771
995 1694 13070
1684 924 4360
1527 1672 542
1304 1359 11691
1686 28 13442
248 1809 5536
1305 1720 11352
996 929 10229
1099 1731 1013
837 92 4273
1326 264 7812
965 240 2976
259 584 9003
720 740 11780
37 1957 5735
1297 283 9727
720 77 12885
546 274 1135
1950 1424 10139
754 1290 15159
1580 400 9877
550 1903 3273
509 1141 11047
1805 1726 3567
103 975 3555
1437 221 4287
164 1388 7842
857 933 1313
1009 934 10342
722 171 9514
375 3 14245
1044 436 3290
8 1016 11659
1502 97 3590
391 366 104
559 776 10086
1094 784 6262
1239 301 2906
888 218 3361
92 661 903
725 1998 5221
47 1117 13549
1297 1740 7338
167 1275 8235
102 415 3914
672 1181 4368
810 1115 769
1965 1993 1626
1220 1822 3158
229 1959 4753
1595 1054 3683
1590 90 15429
497 720 2948
1725 1678 2513
1916 228 15182
1642 883 6389
1843 927 5676
1962 1309 6997
1252 326 5486
1314 812 11163
692 481 13727
1750 1131 2431
1163 1865 4498
1569 1609 15749
1350 908 7902
1080 542 5118
1995 882 13957
1961 420 11225
150 1605 1339
523 713 7058
724 873 6036
799 1735 9579
1556 1276 445
1906 510 12525
1476 1901 13183
213 136 1036
1410 661 89
691 1399 5109
1376 193 969
1587 1931 9334
403 566 8511
859 1698 9803
1026 1091 5037
306 1113 13742
887 336 10331
552 900 3683
1889 1487 8911
1248 1372 903
1492 1172 10479
489 1968 323
1183 1375 6222
1600 370 8220
1013 1697 5797
1735 726 3879
660 1776 4363
161 244 13074
1845 1255 366
1601 388 6415
447 595 3877
342 510 7532
252 498 7449
384 1105 13849
1569 1052 11093
421 861 13092
1141 1618 6902
1996 1133 12303
296 1671 12771
1499 787 7342
416 47 6884
1828 1869 2991
1773 1776 7275
67 1810 4018
1900 1469 8309
1008 1482 2834
140 1228 2401
58 461 5440
1340 92 11034
1367 1897 5614
1317 194 2523
1572 1283 5626
24 1165 2686
1006 1736 3852
1425 1373 6669
1724 906 3270
1364 1380 3296
1628 304 3613
463 1188 3179
720 1295 1777
63 17 10714
1713 298 8054
1432 881 888
519 1415 2329
1537 111 4417
390 1173 580
1422 1659 13357
423 1551 12619
1947 1181 7483
776 1497 2318
1227 319 6532
1440 1829 8130
386 202 7275
731 132 10543
687 989 6444
1729 1239 7273
1190 1501 4514
129 1381 6973
83 560 4625
433 1685 13676
1016 1691 3971
1570 1548 8628
460 133 15059
268 819 2220
740 1216 1985
947 461 9554
1526 1742 9293
1932 85 1670
439 1940 3494
1804 441 12651
1898 1126 7275
290 273 7058
215 1963 15880
1955 1004 3298
261 1231 7829
