1000 3000
637 229 4918
744 933 3343
277 810 6974
64 616 4368
281 299 741
321 619 2237
486 260 1574
293 186 6498
676 366 5116
374 212 182
774 48 5884
229 263 2307
800 924 1173
267 216 4330
458 992 6225
592 323 3275
161 192 5874
274 407 5225
448 611 5105
783 694 5221
668 782 4865
245 715 2431
511 306 7114
606 826 7570
945 742 2906
793 881 2401
85 525 3388
59 167 7333
511 260 5392
770 783 4355
185 69 7902
799 814 7481
627 681 6059
605 359 6856
358 43 2170
493 624 4890
261 106 6125
93 231 6721
630 465 4314
260 920 2812
896 308 4071
666 812 6532
968 763 6520
773 648 5450
192 863 5626
594 531 4508
369 100 5385
373 654 2523
875 44 5109
37 973 3406
692 301 4737
330 186 7198
572 142 7225
504 798 4722
15 288 4166
735 523 4969
917 535 4686
514 727 1353
478 597 5695
494 561 6369
496 213 4248
618 678 5155
957 573 977
756 474 4124
438 543 487
43 819 7359
725 252 6127
190 657 6596
847 958 5273
272 344 7200
585 818 2857
409 643 317
427 719 5392
887 95 3705
30 317 2685
572 281 4828
102 158 1135
691 510 7123
471 317 6821
549 688 3425
589 210 7058
139 867 6446
432 818 4881
738 653 4332
9 897 87
166 487 6492
748 310 191
935 318 3113
976 230 7402
789 55 5417
986 751 5785
549 753 7123
173 488 5826
567 141 4713
489 386 6532
32 321 5132
485 456 1518
673 561 7210
323 515 6011
117 653 3740
339 952 714
533 916 7206
120 453 5202
255 342 6059
15 592 6973
175 474 7160
321 610 7902
666 869 4529
772 481 6487
626 642 4514
308 20 7547
65 13 7557
675 616 8025
117 867 2431
407 466 1686
501 342 5626
216 472 2090
279 103 6933
81 140 864
834 943 815
712 641 4134
634 151 6997
759 237 4140
462 986 5364
374 34 2401
641 107 7989
946 784 3275
863 193 4709
389 908 6389
797 388 5857
500 586 3663
91 724 6452
453 965 5941
132 985 2509
736 605 6803
293 139 4036
440 13 6370
51 517 6894
28 538 7402
319 408 519
60 832 3249
62 347 4765
413 889 4730
344 551 542
248 877 3567
247 503 5221
367 6 7604
608 879 4671
942 225 4292
518 366 6600
664 631 6802
359 187 5132
242 141 5463
13 545 7514
276 422 3505
996 745 5486
547 802 6894
291 388 4368
911 577 7668
707 15 4460
756 854 1800
216 824 7473
382 22 5222
606 789 7473
176 585 6214
686 820 3971
778 742 5761
575 607 7796
981 904 6600
535 282 5279
57 657 3281
48 490 4753
343 767 5941
494 57 579
153 734 7308
248 344 7008
282 558 1919
591 433 6059
198 23 6973
995 870 6036
849 553 5083
247 303 390
158 746 5261
548 511 3852
972 765 2429
738 558 5874
465 599 2407
542 184 6559
428 530 6056
459 521 4709
41 104 3775
402 847 6590
297 349 1101
224 421 1639
742 596 7679
234 836 3187
530 227 7012
976 988 7175
194 111 3555
913 998 1945
156 819 4271
973 776 4140
864 493 1773
268 449 6440
58 483 1294
261 478 7205
759 11 5481
170 82 7198
775 9 7517
777 138 95
848 195 1047
541 713 6516
502 518 4207
121 271 4489
1000 160 6957
344 820 5826
996 275 3294
35 118 6856
702 572 5766
222 889 1779
380 131 6629
151 137 6774
188 495 4284
467 601 7257
743 967 6515
480 687 6515
722 591 935
120 815 7060
249 413 3879
150 26 3813
904 852 6846
52 105 1750
221 142 3710
242 682 6331
852 897 4727
575 95 5116
668 334 1670
816 911 4782
233 94 5424
228 379 5146
263 641 4140
571 695 6299
626 345 6587
414 645 7995
343 525 5197
127 636 4292
81 280 2616
585 907 3703
647 273 7278
712 347 5741
823 947 207
316 835 7829
983 858 2353
582 388 7821
696 629 5928
745 182 298
541 175 6798
821 764 3275
729 287 4779
104 802 3031
200 502 6098
996 174 3530
209 656 8054
955 558 6774
709 4 806
84 548 6331
670 748 3330
590 925 898
341 592 7532
852 74 224
300 541 6299
652 874 7030
691 87 3533
131 534 7338
496 588 5404
88 512 565
581 925 6214
823 126 8076
99 259 6515
103 833 3813
878 184 4753
574 834 3879
209 438 5197
331 589 6909
669 190 3555
569 465 8025
670 956 123
68 758 6115
674 374 2636
931 507 4529
539 377 4314
425 712 44
293 48 6619
125 27 4601
328 923 5417
308 505 3710
405 318 8092
464 869 3273
331 743 6415
873 107 8035
974 301 7111
416 142 4248
517 192 3740
426 535 6856
754 639 416
525 935 814
819 784 7245
394 681 5509
83 816 5460
216 739 7338
440 181 4858
324 488 3071
403 76 4273
705 510 5875
193 419 7547
321 302 5509
682 121 909
966 298 5515
809 347 2149
612 595 4330
449 996 4722
405 106 479
249 714 7625
445 11 2092
679 464 5116
203 630 7256
590 596 4722
143 685 6491
430 685 5614
346 457 507
511 950 5223
116 504 6127
293 435 4507
631 926 3376
733 207 1258
361 332 298
225 422 4625
574 908 4314
35 3 6940
551 942 298
46 622 4726
730 584 4745
650 796 241
913 505 7570
264 505 7738
282 443 6821
963 402 7402
326 430 6389
60 523 4635
951 570 309
7 429 6933
42 963 1178
286 36 1085
22 513 5486
106 886 3343
896 993 4238
358 184 2092
196 75 5261
536 253 5633
62 21 1804
168 552 2071
379 419 7547
455 381 4836
834 771 6127
634 150 6827
871 730 5132
544 200 3032
928 38 7922
37 975 5632
174 896 864
834 89 5789
859 273 4330
344 130 7877
913 5 6415
818 869 6884
362 571 1773
343 787 317
478 178 2423
771 145 3131
97 855 1838
857 908 5132
892 399 6120
276 874 1017
812 521 4391
696 314 6879
811 265 626
481 331 5149
943 354 5440
474 693 2764
368 609 315
895 410 6446
652 532 7111
246 1000 6694
602 30 7597
336 858 6404
494 197 1294
318 431 3363
828 562 4166
112 417 4401
55 79 620
375 728 3330
623 741 4945
340 165 1155
320 822 7976
551 60 6802
930 434 3533
528 751 4087
556 375 1334
751 657 4552
404 440 578
930 363 5614
828 773 4784
394 717 7774
415 240 5424
469 805 7225
368 350 5824
157 904 3732
724 492 6404
290 591 4721
579 329 2451
835 1 3265
506 289 258
583 996 4721
281 134 2750
191 776 3249
429 477 1239
742 996 1239
953 513 2149
100 616 7924
813 825 5977
930 325 4368
292 417 1013
375 725 1945
803 282 4092
138 183 4203
796 427 5092
346 654 5826
300 321 4722
987 895 386
181 890 4330
273 375 5633
873 786 5392
257 402 4134
854 739 4460
8 267 7058
849 380 7633
681 954 837
183 262 4753
241 544 291
454 68 6957
341 36 7044
201 46 6515
380 198 1985
604 311 4635
997 479 617
389 840 2067
249 468 5766
35 967 4355
248 181 5221
491 631 6669
136 134 5874
23 516 2274
132 994 5614
175 362 2092
945 243 449
685 553 5132
462 874 5132
192 27 2636
894 501 7902
887 810 1779
957 46 1271
118 17 7402
703 552 5314
647 147 4220
912 155 5875
572 714 2177
989 254 5486
341 222 6492
90 689 7821
970 585 5988
888 800 2943
906 860 5569
757 273 6167
844 953 6308
899 179 3073
33 7 3661
20 618 100
323 547 1773
661 966 7924
672 853 4727
760 45 5261
181 589 4655
526 233 5009
286 797 4087
245 959 6120
83 443 1294
465 254 1125
129 275 4779
181 304 2318
878 446 2202
156 665 4552
545 131 3567
373 27 6404
426 439 1271
751 735 3613
8 812 3790
133 39 5392
740 717 6846
57 549 6884
305 501 5223
713 35 941
941 861 4124
105 973 5450
110 422 7007
974 465 2812
487 797 5901
969 763 2092
927 755 3517
317 176 3361
221 87 4551
165 193 3200
657 343 445
483 288 319
396 562 6777
344 684 4071
645 364 5509
648 97 1267
939 551 7860
806 102 671
228 100 2107
278 127 3200
88 402 5861
450 330 6520
978 356 6369
655 533 1953
302 20 4655
866 991 498
37 697 4140
888 730 7114
178 744 6491
310 405 6369
936 704 2470
1 369 4368
333 125 7039
458 306 6214
461 820 5246
618 120 6098
881 365 6452
610 310 7220
290 395 6498
225 445 4391
135 746 7210
793 221 2262
310 730 7860
392 155 4278
771 488 5392
268 496 2318
159 612 1022
682 505 4507
771 747 5785
464 420 1101
242 686 602
555 64 6311
268 849 3703
15 32 8076
82 488 6440
910 413 4726
761 703 1574
898 729 7952
132 518 5460
417 740 7039
638 168 5105
117 615 7597
65 141 2538
66 436 5453
618 417 6444
286 661 4248
995 443 4865
456 416 1013
162 740 5547
581 706 7812
759 345 7860
968 721 3628
217 227 5703
624 146 7399
42 100 5109
55 69 4405
225 465 6098
137 457 5826
871 707 765
163 875 7930
510 311 2123
100 234 1101
328 875 2906
572 514 4248
599 754 4721
744 597 2318
856 760 6802
145 290 4036
356 252 5861
663 383 1800
158 17 4330
644 580 2359
875 94 2664
43 988 4949
241 92 3148
210 648 3628
871 738 6098
380 266 6976
165 344 2815
65 966 183
443 913 6731
958 786 5197
832 900 3265
467 848 1003
86 885 366
155 495 4965
465 64 6543
545 38 2353
253 126 5109
365 500 7007
123 579 6701
639 136 6225
519 433 2429
121 753 321
698 925 6775
149 460 7548
9 118 4514
337 544 5509
210 994 7704
717 817 3330
635 520 6559
418 1 6067
138 514 6191
642 940 5486
900 260 5766
53 301 4330
310 623 6587
521 295 7175
585 766 5453
672 695 7171
488 64 4631
732 238 2895
498 244 487
726 14 6453
55 313 6244
288 853 4713
157 976 7449
142 939 6056
444 545 184
978 888 4368
535 462 4287
558 633 5481
504 730 2812
405 337 7517
932 672 5149
917 691 3273
907 126 3200
967 205 5364
113 204 386
790 24 7425
969 458 2451
587 631 2768
849 191 1271
470 154 6894
226 283 7175
625 184 4945
157 594 7750
279 22 4779
78 815 2423
910 191 4813
220 940 3764
737 684 4507
456 301 5633
653 754 5316
560 428 769
335 741 6491
798 237 3361
42 507 5221
438 173 2636
211 309 6258
411 799 2473
674 222 3661
679 65 4711
69 358 5547
905 149 4635
113 150 2636
440 725 4865
829 451 1353
35 423 6262
504 890 7342
299 458 5391
374 723 7205
111 49 5314
938 180 1549
286 745 418
235 612 5435
334 716 6222
659 812 4966
73 855 5633
723 574 4330
204 815 6596
382 55 8097
338 883 5222
894 638 6520
859 75 1036
200 764 6957
660 157 4159
574 633 4890
524 353 4890
3 369 2318
75 662 7547
970 913 7759
793 776 5385
381 430 7160
750 518 1173
116 320 1657
914 45 3148
937 381 4134
262 522 258
622 788 4890
77 594 6802
432 940 6515
153 870 1518
958 791 1173
93 319 3668
586 192 6148
865 780 6763
245 556 4844
110 183 7044
590 859 7774
452 919 3113
632 481 3111
87 304 4625
166 872 1036
20 266 6012
524 465 6963
19 467 1280
752 936 1271
746 345 5435
989 141 5642
219 464 7572
846 590 4721
945 403 5676
36 132 1125
243 84 5011
242 946 580
355 958 7828
116 695 1258
197 41 500
108 941 7838
122 484 6973
861 501 4575
85 307 1080
903 619 6710
393 857 1155
596 406 858
318 452 5315
965 402 4314
273 188 6869
102 701 4087
174 308 7449
87 246 903
471 77 1670
457 261 5717
769 494 2022
53 716 7625
888 965 4965
389 23 3588
457 109 6590
301 596 3343
689 507 894
305 857 6619
271 325 3093
603 131 5132
304 500 4727
229 346 6244
126 345 1860
199 188 5309
413 970 6619
599 475 4853
906 902 2787
732 324 3494
126 861 7121
425 287 903
386 847 5861
750 430 2306
42 888 5807
670 143 5460
902 74 6781
635 130 5555
720 894 2897
987 531 7668
319 118 1626
765 591 7796
394 302 6526
770 293 6221
581 348 6543
74 205 741
343 225 2353
778 48 3505
384 257 4575
700 622 769
590 726 5385
823 892 6721
335 672 620
230 821 6783
417 896 6452
504 385 5385
818 99 5515
748 257 3813
789 188 2906
741 535 7202
574 907 5009
135 139 7210
547 980 2664
51 797 7952
379 411 7810
531 821 6803
159 673 8023
133 215 457
664 545 6532
884 65 5391
332 340 4711
84 153 1713
744 104 6703
203 709 6127
118 247 6148
379 577 6056
525 189 4166
545 76 7205
914 255 6757
36 471 418
409 124 241
146 282 4202
825 43 5279
144 714 8097
859 362 5037
208 437 7257
36 505 6059
680 570 6488
568 951 317
121 990 5279
806 608 298
900 852 6559
48 316 323
162 708 2291
907 761 5223
642 342 5874
411 98 3255
472 536 6331
899 759 1022
338 777 4087
167 714 4087
180 516 4436
34 574 8025
631 348 7828
377 957 2727
657 242 3748
872 959 2351
175 567 4089
81 122 6774
873 983 6721
161 611 3437
294 133 6974
580 866 3489
600 808 7273
130 820 5658
690 238 7668
912 301 3557
933 675 4220
816 890 5941
863 615 7039
350 901 507
346 14 7548
920 801 3971
728 555 4949
652 824 1800
983 874 7782
173 650 2099
8 389 3826
751 367 771
682 733 3852
998 576 519
226 997 6674
600 136 2114
563 207 5009
345 652 7805
253 245 806
79 530 7330
945 554 6124
126 744 7449
108 76 2768
676 888 1339
852 798 573
903 182 4103
374 759 7602
209 322 4631
936 525 6893
255 893 806
401 476 2262
630 104 4166
572 779 5261
426 78 2163
193 328 317
49 63 5559
379 906 2659
127 137 6520
221 206 5221
182 621 620
235 560 7198
971 89 4613
337 229 7257
805 435 6846
354 363 4575
139 529 3200
965 64 3227
679 844 6849
292 587 5614
100 155 7644
644 863 1464
38 912 4089
738 220 7123
801 951 6596
304 483 6444
902 494 6803
558 42 973
813 258 6619
2 432 6657
668 683 4971
823 593 183
938 159 7922
383 502 2965
862 944 3275
262 659 5533
293 737 6444
126 22 5741
293 450 44
677 844 2948
561 952 6373
258 439 6775
100 850 3626
885 6 1633
253 777 7738
781 51 3616
862 734 2559
55 623 969
845 761 7782
485 274 3458
982 75 7012
697 423 769
566 568 2353
128 710 3119
453 161 4949
88 50 7479
306 123 4721
931 681 5309
297 494 5309
582 304 5988
134 509 5132
763 159 5261
830 921 2782
1 518 4784
668 772 7205
653 988 4355
359 592 7425
998 475 5202
90 575 4554
663 548 4507
7 303 5941
853 92 6802
400 86 260
53 786 4087
832 780 4053
191 678 3071
450 774 77
888 960 7123
450 19 7838
702 107 5273
297 593 7256
41 256 4285
984 470 849
163 276 6940
198 760 2329
842 436 3533
101 62 4726
327 351 6453
68 399 6299
696 504 1934
547 981 1982
785 861 481
846 803 1698
497 280 7548
639 771 2237
884 869 5928
194 533 4784
23 676 6115
424 599 6973
237 372 6803
833 732 5387
470 667 5766
999 1 5785
261 678 6976
48 398 2401
991 773 1398
278 600 3010
161 80 460
536 948 1135
484 665 3517
361 794 3626
450 78 7668
94 1000 7642
154 850 6543
998 585 1750
817 849 6373
492 819 7058
58 26 6036
413 900 6492
327 964 3263
112 365 5633
337 416 5569
161 291 6127
314 71 3505
382 702 7157
898 602 4314
366 511 7402
633 435 2220
196 982 1022
279 854 4405
4 648 7123
360 738 1464
976 702 4945
69 653 6715
286 285 7256
950 339 5789
765 676 580
837 772 5695
902 354 5941
153 83 5011
439 239 6657
100 138 7160
454 575 4092
274 687 709
581 749 5594
282 619 6590
755 879 950
484 428 7485
212 121 5824
860 540 5132
643 928 3590
482 484 3755
264 750 1838
326 7 7750
144 121 6011
117 62 4800
635 30 5222
532 159 1953
921 736 6902
183 506 4726
590 247 298
26 170 4853
557 266 5435
847 540 4782
277 248 7008
523 345 7382
889 323 6127
283 719 4918
476 462 7402
340 241 2879
87 716 2948
621 864 4782
794 896 5536
443 87 6940
859 677 7557
615 129 4918
384 485 4391
253 88 1101
674 419 7668
469 305 7205
128 108 4853
230 169 7696
370 286 6452
683 612 4371
775 999 6373
384 926 5901
547 666 7355
868 514 7039
594 18 6520
428 543 7570
872 779 6893
461 287 6757
826 40 2686
441 308 6694
8 913 5481
825 837 3555
274 190 4287
554 762 5761
553 902 6657
286 265 7308
527 830 6783
178 535 457
599 899 7206
602 675 4454
393 89 1871
610 651 7264
79 253 1155
143 340 5515
450 783 6148
628 744 7175
56 214 615
726 724 1860
721 128 6966
577 731 3255
359 65 2879
584 824 4966
18 145 4248
39 172 4285
121 31 1442
196 447 794
214 569 1173
503 963 5785
887 250 7602
12 306 5009
896 290 5772
416 501 6191
426 141 7777
502 589 5262
828 789 6167
653 106 6515
338 73 5225
389 871 6543
655 88 6580
60 386 4552
359 313 7382
956 439 6909
175 52 914
249 256 2509
238 816 7782
758 762 2834
124 236 5530
159 752 7012
112 848 7842
639 292 4071
200 777 3270
735 461 6821
360 546 769
443 291 6619
450 510 3394
773 407 1670
70 327 4140
461 120 4036
283 227 6515
918 846 909
19 655 4271
755 249 73
763 257 7200
711 116 2307
850 694 1125
450 721 4159
798 828 3233
676 746 6120
30 34 5717
831 468 182
21 669 7548
479 618 6674
76 92 6590
493 33 5155
853 557 1339
80 936 6488
190 720 6191
181 562 2429
580 620 3200
263 746 7842
806 103 6763
540 565 2687
497 592 1353
415 309 4765
548 693 5316
24 646 2013
623 386 814
783 127 6893
812 579 5460
660 217 1464
128 135 2664
74 284 3263
362 874 5261
307 636 1302
968 907 5170
186 110 7732
632 616 184
679 864 206
554 949 3814
359 865 2086
532 905 5392
901 246 7479
168 112 2114
428 154 261
752 502 7600
499 297 3100
43 516 5988
429 648 4813
277 597 6100
342 185 5992
73 833 6976
179 985 4635
560 986 4575
938 117 3555
991 740 4045
541 645 4401
235 474 224
769 59 5273
494 244 7210
162 454 6693
605 786 6244
917 590 3320
384 74 4159
116 344 6222
978 698 4284
910 406 6444
739 963 5874
323 987 22
530 624 6777
750 934 6308
297 827 235
493 109 100
714 903 3148
504 120 7976
485 358 7256
782 867 7123
404 868 8025
628 449 2067
875 523 3656
648 335 6909
653 203 6492
298 180 4363
556 941 6781
615 823 445
567 221 7604
894 85 514
432 63 3877
751 297 7704
220 152 103
503 278 8025
321 279 2451
173 313 4355
443 923 3626
686 482 5222
906 226 2843
41 697 4498
236 882 3325
231 143 3187
701 485 7359
346 272 7633
451 409 4159
439 252 35
29 566 2662
910 370 935
73 487 4779
173 966 6802
456 781 4469
910 385 6629
570 658 73
731 537 5763
983 702 3465
787 816 4018
549 819 5547
952 332 5083
30 807 3656
758 93 6976
468 548 6997
111 182 7234
938 222 7796
560 756 3505
210 463 3119
850 119 2307
491 526 6181
174 793 1934
885 361 5555
594 340 1777
755 491 6373
366 784 5874
333 285 6683
831 527 7008
863 939 7204
26 380 6143
959 999 1825
309 210 2633
178 148 3361
879 976 2291
642 825 4089
771 953 580
965 144 5874
830 490 6543
83 637 5676
477 942 7633
631 283 2843
732 142 7810
687 550 2513
665 69 7902
831 640 2401
692 561 6710
86 175 5559
22 485 309
985 944 5197
313 469 6619
440 186 3494
498 922 7044
48 579 6221
961 127 6444
355 594 4971
529 683 2306
918 452 4784
744 520 6167
162 238 7217
565 875 5105
848 909 7483
697 479 6258
878 933 7425
786 913 298
329 994 8054
255 723 6415
859 813 6357
600 91 4514
509 30 6418
877 78 5109
943 66 4355
68 260 4863
195 661 7175
828 906 4945
846 5 3376
719 180 7548
42 425 2636
867 902 5807
911 580 6167
835 585 4916
186 633 6285
162 613 2451
389 789 7210
701 494 6881
870 622 4971
98 5 6127
568 998 4330
915 637 4220
690 826 617
265 670 7121
762 116 6976
263 663 6894
465 347 7139
721 567 300
612 880 6444
247 291 2664
626 26 7039
758 203 2602
26 59 6181
472 184 6781
453 145 6879
479 403 5392
594 56 1677
464 178 5481
65 585 7828
98 323 6973
335 378 3823
82 766 6127
31 536 4330
79 441 7812
663 219 7008
334 772 3270
843 335 300
137 881 5309
429 739 6097
686 230 1915
534 553 1318
300 426 4711
38 759 5941
927 101 7547
459 988 6827
548 883 1178
424 911 7080
765 915 6940
556 300 5763
332 645 5857
15 363 4779
970 836 7200
53 769 3361
890 608 7995
939 298 4220
405 775 1313
519 749 3628
868 272 3877
679 667 4727
926 691 6783
645 380 5060
460 689 4045
946 926 5761
955 816 5861
222 864 5924
651 521 5222
288 26 5249
949 615 2602
108 192 6111
170 559 2013
410 734 5594
662 287 5463
878 515 5555
255 408 7111
291 375 5385
871 81 3111
266 446 7449
423 643 6966
20 441 3867
247 784 7600
615 887 3949
10 212 7338
57 474 6757
482 904 5129
517 514 2701
198 438 4881
623 428 5404
877 640 4726
553 625 2092
176 863 4551
698 121 6827
731 339 3456
985 757 5221
786 713 5761
937 347 4363
440 980 4460
63 481 7220
229 164 3073
604 45 5374
972 652 771
920 123 1313
988 149 7532
466 807 6629
715 826 7338
752 527 22
276 408 6600
916 560 5807
648 806 7828
506 891 1353
271 737 7625
868 730 7121
223 168 100
561 594 1945
489 445 7121
807 410 3263
927 238 7838
867 730 7044
234 107 5533
80 428 6115
616 414 6669
927 445 1896
106 42 7234
589 813 3200
130 473 6262
180 256 4179
50 849 6763
927 423 7633
829 847 2523
136 694 7977
802 387 3365
351 968 4534
229 986 6191
126 364 2513
412 803 6012
131 993 894
968 625 8012
481 340 8036
916 368 3494
437 793 6221
24 40 4103
156 449 7812
45 914 5009
485 48 5874
776 147 6115
849 846 4514
743 24 6781
307 606 4971
606 754 8097
481 187 6144
85 786 7160
353 137 2473
62 59 2423
701 504 6332
300 987 7204
888 711 6097
968 696 366
975 534 5804
774 541 3032
961 52 5225
729 747 5861
540 355 5807
63 671 4852
816 677 5170
649 902 6650
642 132 6369
248 501 1013
284 276 5197
466 498 6721
11 634 4192
868 709 7943
414 538 2151
347 881 5481
775 19 1639
489 54 4087
185 478 2965
745 393 2353
492 223 5547
976 507 6331
68 419 7625
952 697 2090
854 139 7278
164 61 7093
984 698 6012
268 146 4368
198 377 4918
366 274 5658
243 22 89
326 353 3294
469 260 6491
740 404 6516
430 628 6222
97 702 4103
818 633 3249
694 409 7932
188 853 1732
603 91 7557
67 62 5146
358 314 6404
247 699 4765
703 789 5424
823 859 4278
596 347 4248
969 618 5901
277 782 858
800 922 589
29 936 4865
992 813 6559
369 382 7877
334 172 7355
443 238 5273
569 113 3663
491 330 7293
599 888 6262
958 931 4507
8 361 4287
225 427 1456
692 392 1549
118 514 7877
124 892 1447
475 313 366
182 227 1838
922 823 6869
101 736 3294
96 149 7995
99 763 5682
66 906 6757
95 8 7206
565 756 6532
870 644 4623
12 397 2431
726 360 6370
172 88 5875
37 851 7902
641 564 1488
94 53 4853
17 603 5083
110 104 4858
342 788 5857
73 196 1456
440 320 6148
552 158 4203
504 606 2435
559 973 7602
633 710 6683
382 503 5202
308 847 5116
610 455 7829
967 598 1101
723 790 6974
538 83 2843
699 269 7547
874 65 6629
672 202 580
430 377 7602
861 858 4765
711 327 6674
952 785 1982
7 751 5977
884 86 5463
220 906 7039
784 121 5992
743 47 5826
434 313 4514
968 629 5225
18 34 5761
72 635 7160
652 401 843
488 433 7633
35 561 4000
241 859 8073
460 62 3764
211 53 7111
534 821 6884
812 73 3505
909 261 6492
29 945 589
615 147 7005
76 113 6488
579 342 2843
462 448 6559
531 107 5988
714 52 4554
51 662 5083
223 224 1750
684 194 3233
12 189 3119
813 503 7008
574 862 2611
268 450 4800
419 147 3010
367 516 4454
372 655 1128
355 647 6191
617 422 7668
563 426 849
381 819 6515
774 232 1003
849 281 4087
859 365 3310
443 240 2523
174 826 4469
242 712 7308
621 463 7220
115 679 3557
546 772 4278
232 508 5105
264 432 496
577 414 909
228 835 1442
271 360 4811
206 385 5928
56 350 4278
549 266 235
44 868 1065
691 965 481
707 273 2633
358 237 6781
23 33 2137
574 917 4625
499 281 579
770 262 1985
894 500 3663
722 14 5901
215 37 6669
367 8 7532
592 253 7402
775 968 1353
145 528 3456
287 129 7517
47 407 4273
446 332 6881
587 809 3494
486 358 1339
166 279 4284
700 783 6275
65 763 7479
689 792 2713
883 401 7774
408 937 6488
187 9 6674
462 264 3310
658 221 5941
331 715 6331
495 238 4784
870 444 2713
145 719 7205
916 108 3852
953 110 944
525 306 2085
25 969 6763
26 357 6357
984 675 4000
363 481 6492
824 560 3524
866 917 241
191 972 7273
235 3 2151
292 830 2071
20 817 5632
172 322 2107
57 66 6543
848 822 2944
835 350 481
848 186 5941
737 298 2423
439 990 578
165 765 5339
586 235 2407
16 916 656
304 480 95
961 555 2067
991 941 5060
407 44 7633
212 59 7548
453 203 6849
231 598 6498
921 690 5901
913 29 7532
459 157 3365
304 752 7206
963 508 416
627 918 4368
389 632 5009
168 210 7217
987 792 4971
223 880 5547
76 992 4782
243 282 2359
539 101 4363
654 940 6836
893 82 3273
150 872 7225
514 974 7936
99 183 2559
410 851 4330
493 595 8073
935 601 4207
896 172 849
27 171 7473
106 219 95
940 364 8097
53 700 5547
571 673 5547
935 475 95
958 555 4360
686 147 4089
740 622 6940
16 563 4271
386 540 4067
403 508 6492
840 321 1493
657 980 7668
623 552 7402
380 532 7602
537 69 4552
84 577 771
210 239 4508
533 780 4671
596 993 6856
388 555 4625
452 975 2906
862 575 5316
973 865 6520
477 743 8092
963 819 4067
238 13 3187
965 988 2909
79 429 4890
724 526 5735
98 344 6846
259 455 1985
28 175 743
525 547 6657
415 967 6127
295 291 7829
551 467 5309
172 14 7642
114 948 5555
243 410 7625
315 273 8035
58 622 4469
396 659 3740
119 457 5569
177 757 6669
931 719 3343
571 354 5695
445 829 5633
470 362 6856
654 378 4635
658 166 6856
489 372 6415
657 933 4737
269 157 4853
573 348 7382
313 179 6803
701 368 7157
466 534 4529
385 908 5463
649 843 3616
11 107 6827
354 34 4508
139 751 1302
275 37 909
160 67 7777
809 446 5789
854 721 6997
956 241 5309
269 762 7338
596 366 142
498 814 3071
21 888 7205
679 988 4881
965 288 6849
680 683 7210
676 915 6836
886 682 972
240 618 6763
774 571 4255
44 449 5309
362 757 2090
704 677 2329
765 625 7922
352 1000 5992
976 371 7602
233 39 4045
819 784 6143
136 607 3949
424 412 4474
756 129 2085
516 656 2782
956 168 7952
904 357 5536
592 460 837
355 454 4552
577 938 6721
271 277 7696
770 781 3361
720 234 5450
534 859 7067
871 751 8073
294 589 3179
989 840 5339
690 330 6666
83 722 3590
314 431 5559
315 938 4314
875 465 4355
690 271 1128
227 236 5374
93 811 709
73 92 6856
771 505 4980
282 385 7952
737 312 620
99 413 6802
747 325 7838
177 332 4711
809 160 1493
355 164 5315
285 299 4966
43 629 2687
969 825 7245
660 741 456
299 965 5813
476 101 2768
273 265 7732
910 811 4784
177 939 3294
204 932 4969
374 948 5717
493 860 1339
640 900 6262
20 141 5509
769 611 4220
278 481 5658
662 953 5826
68 179 4405
272 119 7976
886 839 4417
821 17 3616
602 967 2151
140 514 4405
633 524 2033
193 818 6619
624 636 7642
709 232 7976
672 171 2611
231 395 1670
101 268 6957
224 356 519
573 601 5309
990 722 7402
722 453 898
630 699 5373
11 107 2616
935 670 4730
538 777 4159
620 578 3298
409 620 6285
22 789 3233
404 346 2086
539 821 1773
443 312 4836
571 728 4784
713 86 6909
959 573 7642
461 384 1732
762 992 6214
277 950 5703
554 714 6452
567 424 1853
958 682 5440
94 356 5385
92 974 1184
300 201 914
928 415 5273
15 637 3158
346 671 3872
912 576 5547
168 513 5761
33 647 3098
218 54 3597
700 411 4207
209 653 6902
741 447 7548
236 669 2429
234 167 3597
929 335 6331
311 276 6415
456 220 709
262 295 1173
83 42 4631
735 159 6783
677 487 936
347 858 4784
492 73 8073
83 213 5515
480 931 5246
280 96 4363
185 278 167
712 35 5391
717 53 3187
822 134 8054
946 52 5515
133 691 5486
405 451 7936
623 891 4726
787 173 7160
496 605 2636
219 60 3722
817 644 3661
863 845 4965
381 840 4220
536 537 7902
174 772 5928
472 241 8036
493 679 5460
746 162 5928
568 150 6056
939 744 4287
558 255 87
713 717 3111
545 138 5875
657 708 7080
307 371 6543
298 62 6011
902 548 5165
15 443 7510
918 1000 6701
806 339 4966
625 978 5826
230 965 7220
742 754 909
444 532 2022
516 250 1633
865 14 1919
7 604 4285
296 43 6893
218 876 7273
91 33 6997
211 352 6803
271 630 1523
938 990 7058
765 927 3877
623 359 1125
481 671 4507
896 114 6488
397 871 7217
259 286 7976
484 31 6763
936 778 456
863 752 3732
118 873 6332
469 588 1574
802 385 260
543 979 1313
139 34 7333
269 29 4969
997 416 5279
30 352 6059
1 315 626
842 114 2470
631 839 5037
853 47 3555
894 117 6369
497 566 4865
668 641 1779
90 839 5530
213 670 6056
905 743 3365
628 232 7044
622 783 6214
923 785 4436
484 79 4554
133 702 6258
894 763 4650
412 793 6115
68 120 4207
551 65 4737
212 527 4330
664 667 4727
57 947 5911
818 938 7008
314 442 2659
299 321 4220
654 963 6167
206 256 6997
662 905 6731
671 612 5642
64 813 4285
326 518 7121
882 18 7777
266 36 6191
782 955 207
932 837 7449
563 770 3520
186 877 7782
463 429 1670
578 409 2944
871 565 4623
174 866 4890
913 488 6098
900 710 4844
44 632 1879
94 726 7273
454 614 395
233 451 5170
416 839 3616
780 24 6783
361 620 5515
568 898 5789
475 994 2022
42 253 5515
974 161 1184
501 884 6973
9 909 973
778 673 507
641 963 7829
275 848 7699
842 275 5515
789 379 104
476 896 6669
73 9 2843
636 461 589
726 50 5197
739 646 4858
230 836 7060
9 953 6963
242 774 7550
766 338 207
785 706 914
931 612 6777
58 763 7058
217 78 6846
357 543 5463
496 360 3570
536 779 1114
403 107 7171
60 464 411
763 643 7278
411 622 6389
483 22 4474
510 267 95
353 336 95
907 832 4464
448 649 4575
525 552 5772
825 404 3557
541 266 4103
578 372 3914
868 495 1698
307 871 671
31 600 6331
309 185 3343
413 469 4166
845 477 7989
24 821 5435
396 155 3070
518 736 5364
710 254 6244
715 970 6098
144 776 5249
130 93 6902
657 741 5417
655 595 4498
904 934 3946
141 559 7175
713 257 6181
606 889 4355
576 852 487
417 17 4292
131 781 5569
852 43 6774
807 619 5105
577 282 6836
572 259 4045
1 150 6487
167 920 8092
103 209 2659
88 743 4711
97 480 6532
378 348 2664
55 669 6498
86 116 5373
769 309 3255
453 567 7532
679 210 7039
502 333 7829
779 550 4371
462 663 1499
830 302 7160
117 237 7338
140 837 4469
600 700 1339
756 84 5387
151 435 6370
382 289 7210
872 829 456
502 979 5481
603 810 5533
643 90 972
740 905 319
866 281 4330
30 652 7600
941 672 7932
718 238 5146
614 458 5682
817 380 6781
884 485 7202
680 851 7838
497 486 3813
250 60 4965
384 220 6881
318 239 3032
881 269 1474
478 452 3281
636 709 3388
931 531 2611
979 507 7516
662 995 5761
425 923 7157
656 105 7175
261 806 2664
946 415 65
816 671 6974
984 52 8023
199 550 6488
177 206 2048
820 394 5037
435 345 6798
469 645 602
371 683 6978
550 11 5695
206 568 7449
419 448 57
464 559 7796
225 14 6144
626 904 4631
329 146 5789
732 132 5391
704 242 6308
547 67 6299
510 818 7114
545 904 5105
689 765 5515
259 25 2123
803 927 7557
505 816 6884
328 758 589
456 767 5170
534 969 1364
194 915 2307
277 681 3093
193 18 7039
992 257 6181
817 689 6515
711 225 6444
86 930 3517
724 788 6461
238 252 5642
12 26 4811
956 19 5246
399 286 914
254 918 7548
108 403 1178
369 856 5614
696 396 626
568 720 5941
456 677 6957
379 99 617
896 625 6515
428 667 3010
300 908 7791
338 961 4089
569 699 5373
52 390 261
129 890 7210
687 521 3209
614 79 6144
783 208 7060
976 501 7625
239 974 6703
432 595 167
147 48 7989
186 14 7256
997 68 7093
109 590 6821
588 324 7633
142 603 5155
373 658 4507
695 646 7399
407 125 4709
760 614 5861
730 225 5011
629 424 4140
204 575 1354
932 43 6167
540 122 6650
184 788 2602
322 244 7257
511 781 6590
431 301 6452
210 300 7275
373 685 4881
663 548 868
399 228 4044
42 44 5392
77 409 5536
818 744 1424
956 412 3892
650 739 126
625 973 7930
200 314 1837
894 288 5440
416 151 3943
733 344 4271
160 894 8073
984 948 5658
527 938 815
731 166 3209
283 963 7812
602 685 6650
468 302 6461
328 231 4284
28 534 3325
958 583 814
17 497 4103
737 784 4192
913 554 1499
294 124 6311
305 950 7204
581 512 5273
71 291 5132
306 726 2322
440 213 2965
153 649 3914
367 685 4918
224 23 6763
467 859 3775
237 418 5105
158 43 7297
9 62 4730
658 411 2513
399 88 5309
669 68 3879
870 459 3135
24 876 2069
826 412 4529
541 376 4285
383 371 3361
978 286 6488
649 16 615
568 399 1178
352 61 5364
634 3 7481
306 506 2308
295 860 4220
744 913 4287
445 276 2630
166 482 3361
880 737 1080
136 635 1838
255 766 1239
954 35 4087
293 601 6444
564 556 7245
562 849 6299
43 768 3330
270 356 7782
214 293 2237
245 581 1837
198 170 3852
304 747 950
542 66 5132
828 649 6191
643 362 4360
591 780 5246
485 364 5392
350 520 3892
309 905 5735
692 503 4045
834 862 6285
492 240 6059
751 895 7359
673 187 1639
908 989 6059
27 306 6491
812 832 5761
364 209 5569
164 567 6011
411 366 5105
479 440 4601
283 801 7704
324 130 3879
525 517 5875
773 498 2611
236 724 4460
331 598 5632
378 50 3877
663 42 5092
589 515 3330
682 77 4202
473 173 6225
420 909 4745
99 384 5626
34 55 7402
201 962 3520
517 552 6703
335 325 4368
67 61 6067
932 215 5735
125 85 5339
655 26 7668
826 995 1173
314 195 4507
11 381 1838
176 280 5797
292 391 5761
209 577 6974
124 331 3877
815 996 7382
790 118 7308
527 30 1401
176 845 6418
875 168 6498
48 612 5913
781 357 300
524 277 6600
225 530 868
551 128 445
237 13 5315
598 518 4332
129 448 5875
961 698 449
698 640 6011
882 61 741
912 294 2220
782 855 4464
856 310 5761
993 954 5202
168 369 4368
467 647 7297
942 851 457
74 291 7355
240 218 4579
888 660 868
388 763 5481
301 427 4508
539 233 3296
101 352 3330
539 637 4853
753 551 7257
602 628 1302
231 51 4474
923 614 5481
350 636 7114
340 760 5105
994 435 7005
466 463 7902
53 1 5374
514 938 7245
781 892 7157
131 699 1523
377 901 4865
978 128 5391
823 583 5132
992 380 4238
885 890 7264
471 96 87
740 469 1334
553 10 241
987 853 4238
286 34 4238
596 634 5874
203 218 7293
259 478 5658
676 377 3597
172 941 1267
956 490 1003
1 996 6308
544 300 2157
979 258 1294
974 990 7293
874 112 5197
754 28 976
918 961 57
497 435 6587
916 52 6059
767 394 6974
709 66 3877
769 798 4635
524 573 7936
761 355 2022
569 539 3070
904 351 3130
720 405 2291
577 618 7297
670 343 7479
198 523 7668
89 808 5924
116 229 5797
627 984 3590
327 795 667
226 584 6262
772 671 6973
987 937 4072
240 679 7860
196 815 5626
787 537 1523
334 624 1067
614 511 5197
35 29 1499
832 61 5515
227 688 4844
632 694 5314
417 845 2099
229 775 7123
364 174 5826
407 137 4332
942 489 1118
26 450 6214
614 156 8035
621 569 8012
199 328 7402
676 620 5992
474 305 487
219 695 4554
535 444 7977
201 833 4552
484 388 1864
628 302 7382
261 58 479
282 268 815
663 78 7175
866 491 7058
319 984 6498
605 251 3877
197 740 5547
123 875 4285
949 690 3813
760 492 3892
807 169 4067
97 746 1896
716 997 7930
31 921 6703
570 44 1118
784 336 4726
152 649 6418
832 500 6285
545 222 4371
651 614 6415
677 104 7485
810 424 6111
262 388 6976
605 742 6666
274 491 6881
751 171 7989
645 362 4711
274 218 626
451 697 6781
794 712 7473
574 829 5364
271 588 4273
514 3 4166
189 484 7093
443 546 5703
442 821 6683
312 900 4271
341 529 6520
655 662 519
768 614 6331
628 960 230
797 309 6600
356 250 7217
181 589 5633
875 824 7548
886 602 3505
45 428 7217
566 70 1713
134 110 7557
302 383 7256
348 967 5772
652 867 4507
884 124 7860
883 828 6580
208 508 6453
221 856 4552
57 912 1294
928 34 4273
461 380 7114
1000 810 4730
865 18 282
115 166 8092
514 149 3879
306 114 4753
878 285 5861
222 601 7273
103 727 4284
645 155 7204
132 929 3790
912 343 6415
925 491 2048
275 556 366
16 326 2768
878 808 87
452 880 6275
38 376 319
398 584 6036
423 184 5658
642 84 6856
843 587 2086
883 897 7473
945 369 4863
127 899 3465
129 251 6547
820 102 5797
366 892 7123
897 604 7699
864 327 1633
779 339 4784
326 216 3388
760 626 976
726 160 7157
668 697 8012
599 457 4863
92 572 319
992 671 7007
607 487 4248
400 352 6357
63 841 6802
458 952 6124
787 470 6011
730 792 4552
189 849 4363
812 674 123
400 630 8012
157 869 7175
684 454 321
328 430 6516
792 200 6011
754 715 7877
777 685 3350
450 16 4575
254 538 7510
700 729 1080
194 664 8025
776 320 6731
262 959 7245
689 743 6703
692 470 4314
341 163 5132
376 898 5530
25 561 7732
254 305 5440
930 841 936
99 134 7425
561 462 6444
885 811 4890
699 501 6492
204 584 2086
552 907 6703
37 983 898
418 594 6124
70 8 2575
70 497 3877
997 664 2114
170 978 2991
771 535 6214
167 911 6940
381 217 4507
220 16 6492
240 55 6225
863 55 3494
658 761 1017
407 32 206
266 897 7175
322 900 6299
576 181 2990
53 571 7175
538 93 3200
173 579 1698
78 767 888
330 35 4203
104 910 2099
731 11 5533
397 40 4686
397 33 7750
623 51 4918
115 563 300
208 392 6148
239 407 6849
90 434 4686
549 765 5246
543 992 4089
721 248 1280
382 274 4529
373 718 6124
684 745 4601
80 671 5202
602 833 6012
641 932 1499
421 46 4248
976 984 5804
408 782 4314
941 881 4850
208 394 457
665 698 7485
41 445 6056
268 161 4436
593 592 7308
377 24 3826
363 160 5197
79 223 3877
133 603 4045
112 962 7902
521 648 7952
840 419 969
96 127 4368
53 205 7699
150 977 3570
328 966 5547
664 363 4551
494 515 5676
424 719 7382
607 142 6694
925 296 3914
145 479 4575
338 915 4671
811 754 5913
605 486 7516
387 250 4966
659 849 7297
589 894 4087
976 146 4192
516 801 7393
842 359 5763
919 125 3661
532 519 3361
83 699 4405
907 536 3376
767 469 7175
490 671 4721
623 327 7557
247 809 5695
548 649 5515
240 762 5874
345 748 6781
837 997 2306
180 509 4000
540 1000 2451
118 848 6846
373 856 542
994 446 7198
437 391 1173
852 196 7225
561 84 323
506 29 6487
251 653 4248
923 373 5857
902 198 7483
556 611 4192
627 549 1202
287 344 8092
208 783 3764
483 610 1800
278 231 5924
143 703 4405
24 880 7883
260 133 221
690 644 8076
417 244 5109
651 23 4508
346 300 7273
923 560 6666
765 767 6492
905 144 2701
818 651 7995
562 971 3148
329 597 7902
963 509 4330
346 493 5626
828 545 6299
605 714 5547
388 519 5037
470 439 7732
494 868 7338
554 261 677
673 838 1879
106 572 4813
971 595 7175
58 361 3113
879 163 3294
910 211 4072
414 438 1353
891 344 6120
835 774 5404
600 859 7902
556 842 1549
775 129 4613
18 965 5555
339 517 794
429 638 1447
317 363 1067
620 400 2523
279 584 4248
324 52 6124
27 252 5391
934 52 6373
966 464 6978
814 719 7550
562 199 3283
476 162 258
401 880 2318
548 10 5875
733 911 765
459 499 103
195 285 5246
554 578 7995
786 972 2513
840 81 6125
173 431 4865
256 962 6059
811 600 7275
784 645 7256
979 582 2322
260 12 7273
704 229 3271
608 333 1376
212 641 5874
798 927 4292
875 727 6683
824 670 1919
997 402 5861
714 302 677
68 704 5460
680 812 6332
924 930 6710
821 828 7821
893 873 941
834 953 7220
604 888 5857
215 129 7517
845 274 4489
880 146 2085
99 790 207
128 23 4811
146 970 235
127 916 6547
157 254 5766
228 48 6559
230 486 6694
932 959 7210
369 809 6547
924 159 4753
308 890 1202
578 30 7738
882 382 2817
991 80 7821
543 20 2318
118 771 6957
221 813 7922
193 277 1488
762 233 7936
932 852 5658
437 642 1639
300 931 3394
367 881 7481
973 804 3710
236 411 4554
570 97 4918
627 446 4238
707 651 2151
335 919 8073
90 235 5626
142 834 6674
255 839 6311
834 884 3209
374 325 4784
615 219 6011
893 441 6011
682 69 8012
19 574 2513
726 617 2473
306 623 5960
802 804 6590
163 52 7359
547 150 6650
670 112 4554
180 797 460
482 317 5766
368 337 1215
605 908 3949
201 503 7602
679 627 544
521 680 7514
527 558 6879
130 722 5676
674 979 5530
371 863 5633
296 349 6311
549 983 5633
211 414 6580
959 281 7256
454 449 5118
779 252 5314
93 67 6783
287 685 6884
402 516 7668
563 136 6369
770 122 7602
233 986 944
586 918 1488
232 125 5083
808 654 6881
810 322 7860
847 242 4464
681 705 2768
955 674 6415
307 448 7838
587 754 6373
818 109 4726
930 852 7198
332 508 7425
843 357 7633
901 634 6488
914 91 3597
533 256 6669
951 462 2069
477 369 5766
88 723 2435
867 731 6893
184 989 1915
221 354 1135
317 771 4949
782 330 2423
967 526 1258
41 668 3365
863 680 7123
518 478 6763
567 341 1354
844 989 7039
244 425 4671
608 2 2086
485 860 4916
390 560 5515
648 958 1047
199 881 5118
883 311 5960
410 220 5223
177 988 5453
47 16 7738
563 360 6559
726 47 4858
380 711 300
397 699 7139
547 155 7883
500 825 3892
24 381 6148
574 282 6966
594 81 5170
426 593 6498
828 949 4124
106 688 7175
198 368 6331
216 992 1825
569 7 7393
881 601 366
222 634 456
849 373 1837
174 336 4980
157 831 3710
427 432 6893
782 68 7883
697 402 1800
146 49 507
482 103 1376
336 850 6440
504 365 5533
323 22 4314
696 207 7514
197 380 1594
463 177 3943
219 732 2322
982 363 4613
400 236 914
644 581 5815
917 901 7625
166 76 5804
968 703 6127
611 318 4711
227 346 5225
885 666 3100
869 186 4514
404 122 6100
127 153 6331
811 72 2220
660 822 6516
218 270 221
913 927 6966
159 718 2401
10 521 4087
777 204 6775
3 285 3489
606 390 4159
766 661 191
261 207 4782
345 487 7572
843 528 4552
161 187 4371
127 692 500
493 257 6181
837 231 602
817 720 2857
830 473 671
238 67 3555
697 159 6879
903 91 4314
208 820 7257
887 85 4314
41 371 7572
15 950 2318
446 714 5261
41 659 6059
454 805 514
301 15 1879
192 542 1464
417 418 2429
411 48 5387
473 972 4192
434 171 7995
484 410 7860
56 115 1339
38 898 1184
606 96 4498
687 575 5741
718 160 7570
124 321 5223
681 984 7838
973 680 3271
850 461 4103
437 266 6191
791 639 5695
711 878 1107
827 554 7171
18 366 5992
525 673 4686
609 600 7924
372 208 3892
529 156 1657
201 604 615
386 437 1945
928 132 6803
222 211 5132
571 705 6491
850 514 6827
899 761 4916
294 12 3071
596 967 6879
188 914 89
557 602 4514
365 149 4890
677 507 5109
675 382 7121
173 142 4850
207 348 4248
959 69 2151
106 613 4971
162 338 5815
1 122 1555
