1000 30
592 22
602 26
847 13
645 11
-297 27
-963 8
-477 24
528 14
392 28
71 10
-648 0
-832 29
140 26
978 14
800 14
780 21
-720 19
143 16
758 16
-414 14
-186 24
456 6
135 0
-617 4
222 19
-943 27
449 11
437 27
99 1
666 20
170 6
-128 23
-607 11
-570 1
-634 30
102 20
-635 5
653 18
-414 14
-244 19
-338 3
656 9
-778 6
368 20
13 3
837 20
-971 30
468 15
55 18
-739 0
-441 8
120 11
-480 3
317 27
-918 1
-692 17
865 8
523 28
-921 17
-929 8
-9 20
131 20
841 8
-183 12
552 0
-828 11
-146 21
270 21
288 29
-248 23
396 18
572 19
-891 29
447 13
978 21
-297 23
411 12
881 7
313 27
692 18
659 15
956 7
394 13
606 14
-470 9
660 8
-383 19
428 27
-102 9
-569 10
551 17
-653 30
320 13
-896 4
-97 13
891 8
537 21
-100 3
352 22
-998 26
-904 26
-162 15
166 3
848 26
411 17
-407 1
-982 21
-453 13
50 26
-975 0
230 0
359 29
749 5
-521 15
-338 6
-18 5
463 6
345 29
608 21
31 24
-500 19
-577 21
-992 28
-613 21
864 18
730 29
-554 12
-209 6
-218 29
739 14
-970 7
254 2
-56 13
-311 27
976 11
179 16
-854 2
679 14
-677 16
896 22
469 6
-663 28
-137 0
-758 27
-904 11
588 10
519 19
-872 9
-425 24
185 21
456 21
-215 24
229 22
253 9
-957 16
-25 22
-153 13
374 20
-214 8
-586 25
747 3
517 8
-174 22
396 14
840 5
-144 5
-124 11
940 0
746 23
-903 6
-749 17
584 1
209 9
-240 20
-63 0
929 0
833 24
281 21
181 1
485 17
787 27
338 6
455 7
949 15
715 24
-630 21
498 9
848 6
773 0
347 26
-780 30
478 23
-4 19
-368 12
-428 25
-189 12
120 6
97 12
569 30
-960 24
411 23
-333 12
-301 12
232 28
-325 1
725 0
-533 23
-146 27
-250 2
672 25
-432 13
557 25
379 22
-270 7
-591 1
-301 15
-458 14
683 13
852 8
-379 25
-509 24
-56 20
206 24
777 21
-178 11
-587 0
-892 11
-197 24
-925 1
799 15
-469 16
306 15
414 29
-645 14
-783 13
510 4
143 21
277 16
-325 12
-956 4
-129 28
543 2
-910 27
-458 24
877 12
-904 13
473 21
327 22
27 19
240 23
-9 24
-959 7
-503 18
857 17
-97 29
575 26
157 28
815 2
-94 19
398 29
-936 13
-258 22
742 1
-958 3
-443 11
-16 16
-845 12
929 21
-609 29
-869 2
-55 10
-232 7
839 1
15 15
-649 2
251 1
-580 7
131 11
-491 3
618 7
374 30
-409 9
-831 19
490 19
368 2
-783 24
-70 7
662 11
-633 20
517 26
-497 17
-287 25
738 12
-360 30
363 28
-46 22
-449 10
814 7
381 30
904 27
-121 30
-249 7
-489 29
233 11
385 1
730 3
631 8
-379 11
-324 23
237 24
-503 13
-304 27
351 7
502 17
201 19
867 16
348 23
-699 4
131 30
451 21
-611 9
152 13
-696 4
-604 3
-960 27
-967 0
979 8
-592 8
215 12
552 30
-273 14
401 0
-888 15
310 8
-894 16
-750 19
-329 28
862 5
-901 7
-446 27
-512 10
740 11
530 19
710 27
-677 10
676 16
272 16
-282 26
-635 22
-7 14
-24 16
922 11
-502 12
-24 13
-906 19
-279 30
-690 3
-577 8
539 20
948 12
-227 20
-600 30
833 29
16 20
440 25
509 20
-29 24
97 16
-991 16
-693 25
-461 7
410 16
887 27
618 10
-404 30
871 19
379 28
541 3
680 25
-968 1
116 1
-174 9
-246 29
300 28
-580 27
446 7
580 4
-661 10
-625 2
-696 28
-878 1
-59 16
-474 28
-739 13
187 20
528 16
-320 30
-362 18
-649 11
-979 30
-663 10
-680 6
-925 18
-477 12
-633 7
514 13
-928 14
337 13
592 4
-96 20
-652 18
659 12
-37 30
351 13
937 19
813 8
564 27
764 3
272 10
-147 23
-21 7
-432 8
871 23
-958 13
-325 3
589 29
940 26
-935 18
891 12
380 6
-764 21
-656 27
8 3
-497 19
382 7
-169 30
896 1
-470 14
-479 14
979 29
-99 26
-117 14
-458 12
-399 1
123 10
713 12
381 12
-431 11
661 2
822 28
671 22
-536 9
-833 12
405 8
-713 0
737 12
-530 18
-703 20
29 29
103 21
891 0
-534 29
-958 16
365 30
-355 0
518 23
720 11
222 9
-537 2
-221 0
-24 8
-66 15
-222 26
-162 1
911 23
456 27
-332 6
432 13
301 10
-781 13
388 28
-28 10
95 12
878 20
192 30
759 17
-455 15
376 7
-551 8
-495 6
514 8
-524 26
-395 4
-46 18
746 0
178 17
170 2
881 30
608 29
-507 24
-836 17
-930 12
936 8
877 1
-425 0
-247 30
-575 26
458 11
-667 10
880 24
900 30
-376 27
65 24
675 7
-538 6
166 23
721 9
-453 6
-205 24
844 13
-974 13
-842 2
726 3
156 24
-247 2
-424 12
-877 17
-246 8
935 3
975 18
2 12
242 20
-224 14
-39 0
927 12
377 21
596 21
954 14
-600 27
769 11
-668 19
-288 2
233 3
-212 9
-611 12
-745 22
678 15
0 5
-64 1
-208 10
88 6
858 22
157 4
-605 22
-663 22
637 17
25 14
-914 2
-517 9
715 1
-456 5
107 20
545 14
882 27
575 12
-373 21
357 27
737 27
-156 21
919 1
885 5
483 15
-127 11
937 7
630 8
339 3
476 29
147 7
-201 27
491 23
359 5
532 18
-809 9
-446 24
-266 11
-914 30
46 22
-289 16
375 24
-795 21
-669 23
735 27
-997 26
-441 1
-325 13
-567 5
85 15
-866 28
763 12
-416 27
697 10
-211 8
-575 27
-918 22
-936 10
175 22
-164 27
56 15
87 2
-863 22
578 11
-342 30
574 9
657 17
564 15
-901 3
614 25
725 7
-963 23
216 7
644 1
-333 22
-584 14
820 7
-932 4
330 5
512 4
227 10
-242 21
395 30
-503 22
-335 12
794 25
217 9
974 5
290 21
-440 10
-480 20
753 26
889 15
-118 19
111 15
-854 9
-316 29
-491 22
-69 8
902 22
-176 30
444 15
-999 24
-467 16
-290 25
-790 18
921 0
136 22
559 18
700 15
-873 19
434 6
-771 12
-32 10
-229 26
695 22
-97 3
40 29
-228 18
897 18
10 11
-930 21
43 17
178 16
-30 7
-124 29
-582 16
-868 8
456 1
-698 12
-489 30
-784 18
-753 15
-744 19
639 7
133 24
848 20
-876 5
-995 3
-350 14
-68 2
644 29
-719 13
-288 7
265 13
-879 16
-141 16
-452 19
-727 9
-266 13
-652 15
345 14
-969 2
-13 0
483 12
-677 25
-232 6
-929 24
-715 14
91 21
-418 21
-526 0
511 25
-60 1
965 20
640 4
0 28
27 8
-185 27
126 3
-264 23
562 19
520 5
-412 24
-140 7
997 26
617 27
-392 21
913 7
157 10
120 30
62 27
-100 9
525 0
967 29
117 17
-295 8
807 8
-828 27
773 24
518 30
-573 14
-438 15
-895 13
-357 11
-641 13
262 1
978 1
-906 6
307 17
851 20
245 3
-630 2
363 30
603 8
-368 18
2 21
-412 29
-330 27
575 8
-947 7
448 10
-791 2
-943 12
221 15
326 3
-397 5
-240 15
-349 22
769 0
-633 4
-644 8
-800 28
788 9
826 27
-5 19
-751 27
-118 13
892 10
-33 0
-590 23
-842 24
-923 7
-493 12
-486 19
739 30
697 28
-601 8
944 22
-725 22
-925 24
904 13
198 26
-848 21
-649 25
718 26
-816 20
673 8
369 0
-647 17
668 17
-777 0
-399 9
-755 29
-888 18
621 20
-344 14
684 25
98 20
385 1
-816 27
9 1
-627 24
60 5
148 27
55 17
982 15
0 30
118 11
985 7
-458 13
94 6
566 1
-771 3
-116 4
-701 0
424 1
388 12
85 11
-631 8
-169 20
609 4
-805 10
303 17
512 7
230 11
-787 29
476 12
955 23
34 3
417 28
735 21
-916 4
-194 23
459 15
996 29
979 28
643 11
-887 9
902 13
35 19
97 15
-786 5
620 24
-300 13
552 17
-473 7
266 0
102 17
-125 30
-139 29
-373 1
-331 14
-394 29
-845 11
-866 0
831 0
958 4
996 28
-240 26
294 30
-127 24
677 7
510 19
-97 20
687 23
-711 17
-643 12
167 8
220 21
-883 23
792 24
994 16
361 1
-14 30
-869 25
-866 13
652 2
44 7
324 9
557 5
81 12
665 6
-232 23
527 15
-927 8
258 6
27 21
-949 13
517 24
168 14
-658 12
-686 0
-802 9
355 23
378 17
75 14
-725 11
-766 3
813 21
-767 29
-712 16
543 27
863 29
277 24
781 20
580 22
457 29
36 23
-866 23
83 0
480 6
274 5
39 0
-873 13
-531 15
-540 21
541 10
101 20
-522 5
-556 25
-286 29
965 19
763 19
-985 4
651 23
-313 13
-849 6
-487 24
924 28
118 4
-396 27
-537 3
-963 20
-644 8
-771 8
60 27
-999 4
-193 4
943 1
-101 1
-860 9
-298 29
-760 23
-998 2
711 29
396 4
-627 12
296 29
-457 20
461 28
246 27
-701 28
-373 4
397 10
218 8
-103 15
221 21
615 2
553 25
483 9
44 28
271 1
848 16
537 8
101 9
-983 6
8 14
817 24
302 21
319 30
-785 20
842 18
-369 19
442 4
37 9
-474 4
152 4
-712 5
199 1
291 14
-718 29
-667 9
635 16
-802 30
-247 10
378 30
925 11
-900 22
386 0
193 3
-973 1
-227 21
