100 50
592 37
602 44
847 22
645 19
-297 46
-963 14
-477 41
528 24
392 48
71 17
-648 1
-832 49
140 45
978 24
800 23
780 35
-720 33
143 27
758 27
-414 24
-186 40
456 11
135 0
-617 7
222 32
-943 46
449 18
437 46
99 3
666 33
170 10
-128 39
-607 18
-570 1
-634 51
102 33
-635 8
653 30
-414 24
-244 32
-338 5
656 16
-778 10
368 34
13 5
837 35
-971 50
468 26
55 31
-739 1
-441 14
120 18
-480 6
317 45
-918 3
-692 29
865 13
523 47
-921 29
-929 14
-9 34
131 33
841 15
-183 20
552 1
-828 19
-146 35
270 36
288 50
-248 39
396 30
572 33
-891 49
447 23
978 36
-297 39
411 20
881 12
313 45
692 30
659 26
956 11
394 22
606 24
-470 15
660 14
-383 32
428 45
-102 15
-569 18
551 29
-653 50
320 22
-896 7
-97 22
891 13
537 36
-100 5
352 37
-998 43
