500 100
592 72
602 87
847 43
645 39
-297 90
-963 27
-477 80
528 48
392 94
71 34
-648 2
-832 97
140 88
978 48
800 47
780 69
-720 65
143 54
758 53
-414 48
-186 78
456 22
135 1
-617 15
222 62
-943 92
449 36
437 92
99 6
666 66
170 21
-128 76
-607 37
-570 3
-634 100
102 66
-635 16
653 59
-414 47
-244 63
-338 11
656 32
-778 20
368 67
13 9
837 68
-971 99
468 51
55 61
-739 2
-441 28
120 36
-480 12
317 89
-918 6
-692 57
865 27
523 93
-921 58
-929 28
-9 68
131 66
841 29
-183 40
552 2
-828 37
-146 69
270 71
288 98
-248 77
396 60
572 65
-891 97
447 45
978 71
-297 78
411 40
881 25
313 89
692 60
659 51
956 23
394 43
606 48
-470 30
660 29
-383 63
428 89
-102 30
-569 36
551 58
-653 98
320 44
-896 14
-97 44
891 26
537 71
-100 10
352 72
-998 85
-904 88
-162 51
166 12
848 88
411 58
-407 3
-982 71
-453 42
50 88
-975 1
230 1
359 96
749 17
-521 49
-338 20
-18 17
463 22
345 96
608 71
31 79
-500 63
-577 71
-992 95
-613 69
864 60
730 98
-554 40
-209 22
-218 96
739 46
-970 23
254 8
-56 44
-311 89
976 38
179 55
-854 6
679 48
-677 54
896 72
469 22
-663 92
-137 2
-758 89
-904 39
588 33
519 64
-872 31
-425 81
185 69
456 70
-215 80
229 74
253 31
-957 52
-25 72
-153 43
374 65
-214 28
-586 82
747 11
517 28
-174 73
396 47
840 18
-144 16
-124 36
940 3
746 76
-903 22
-749 56
584 4
209 29
-240 69
-63 1
929 0
833 80
281 71
181 6
485 59
787 89
338 22
455 23
949 50
715 81
-630 72
498 29
848 19
773 1
347 87
-780 100
478 76
-4 65
-368 41
-428 83
-189 40
120 22
97 41
569 99
-960 80
411 78
-333 40
-301 41
232 94
-325 5
725 1
-533 78
-146 90
-250 9
672 82
-432 42
557 84
379 74
-270 26
-591 5
-301 49
-458 46
683 45
852 28
-379 84
-509 80
-56 67
206 79
777 69
-178 38
-587 0
-892 37
-197 79
-925 4
799 50
-469 52
306 49
414 97
-645 48
-783 43
510 16
143 69
277 55
-325 40
-956 16
-129 92
543 9
-910 89
-458 81
877 40
-904 43
473 71
327 73
27 64
240 78
-9 81
-959 23
-503 60
857 56
-97 97
575 88
157 92
815 8
-94 64
398 96
-936 43
-258 74
742 3
-958 12
-443 36
-16 54
-845 40
929 69
-609 96
-869 9
-55 33
-232 24
839 3
15 52
-649 6
251 3
-580 25
131 38
-491 11
618 24
374 101
-409 31
-831 65
490 65
368 6
-783 81
-70 24
662 38
-633 67
517 87
-497 56
-287 83
738 42
-360 98
363 94
-46 75
-449 35
814 26
381 98
904 91
-121 101
-249 23
-489 96
233 36
385 5
730 11
631 27
-379 38
-324 76
237 81
-503 45
-304 90
351 24
502 56
201 64
867 53
348 76
-699 15
131 101
451 72
-611 29
152 45
-696 13
-604 10
-960 91
-967 1
979 28
-592 26
215 41
552 99
-273 46
401 2
-888 51
310 28
-894 53
-750 63
-329 94
862 17
-901 25
-446 90
-512 35
740 39
530 63
710 91
-677 34
676 55
272 55
-282 87
-635 72
-7 46
-24 54
922 36
-502 41
-24 43
-906 63
-279 98
-690 11
-577 29
539 68
948 39
-227 66
-600 99
833 98
16 68
440 82
509 66
-29 80
97 55
-991 53
-693 82
-461 23
410 54
887 90
618 33
-404 100
871 63
379 94
541 12
680 84
-968 4
116 3
-174 32
-246 97
300 92
-580 90
446 24
580 16
-661 34
-625 7
-696 92
-878 4
-59 52
-474 92
-739 44
187 68
528 53
-320 101
-362 60
-649 38
-979 98
-663 33
-680 20
-925 61
-477 41
-633 24
514 44
-928 46
337 44
592 13
-96 67
-652 60
659 41
-37 101
351 45
937 65
813 27
564 90
764 11
272 34
-147 78
-21 24
-432 26
871 78
-958 44
-325 10
589 95
940 86
-935 60
891 40
380 21
-764 69
-656 91
8 9
-497 63
382 24
-169 100
896 5
-470 48
-479 46
979 98
-99 87
-117 49
-458 41
-399 6
123 35
713 40
381 40
-431 38
661 7
822 93
671 74
-536 32
-833 41
405 28
-713 3
737 40
-530 61
-703 67
29 97
103 69
891 2
-534 95
-958 53
365 101
-355 1
518 78
720 38
222 31
-537 8
-221 0
-24 27
-66 52
-222 87
-162 5
911 78
456 91
-332 20
432 43
301 35
-781 43
388 94
-28 35
95 40
878 68
192 100
759 59
-455 51
376 25
-551 26
-495 20
514 28
-524 86
-395 16
-46 59
746 0
178 59
170 8
881 99
608 98
-507 81
