1290 50 1288
497 3 11 44
279 159 40 31
760 265 24 48
360 104 32 41
903 675 12 34
90 18 14 34
633 32 26 21
112 57 33 50
961 889 15 15
345 233 15 8
474 54 7 40
450 246 26 29
618 346 47 43
9 6 6 8
226 41 16 2
491 318 31 49
463 104 41 36
159 130 4 12
708 618 18 16
545 178 50 36
598 567 22 44
231 40 30 34
495 152 10 37
215 60 5 17
956 783 50 21
272 143 46 21
927 719 11 1
420 160 9 48
173 119 2 45
877 807 17 27
592 228 33 40
404 121 22 42
375 265 31 4
371 2 20 48
273 237 32 21
917 150 35 18
118 76 13 6
897 587 10 1
654 162 30 16
387 364 43 44
871 399 43 24
978 718 28 49
571 537 26 40
707 325 15 2
192 71 34 10
844 701 38 14
495 52 6 38
714 210 33 47
46 5 41 39
140 105 31 26
166 64 6 9
61 9 29 10
373 164 8 22
102 88 42 1
149 3 23 2
74 27 1 32
947 250 15 9
577 94 11 20
544 325 2 30
853 663 11 5
780 106 44 17
656 392 49 8
398 266 50 34
524 252 11 11
605 39 33 13
768 632 29 11
715 485 18 11
250 52 22 20
589 382 47 14
552 400 16 13
940 782 30 37
646 302 18 36
270 202 18 21
331 244 33 46
134 28 21 25
788 638 13 9
120 30 28 44
904 505 19 33
454 275 12 29
394 210 34 12
637 392 36 18
945 673 44 25
168 40 45 21
67 51 26 8
677 90 40 18
726 11 7 20
67 31 5 48
782 148 47 11
850 329 24 12
123 94 27 2
707 543 3 32
55 9 40 28
780 516 38 3
564 463 9 29
893 240 38 5
196 153 32 12
37 22 11 45
743 512 2 34
86 46 45 39
16 11 45 15
397 298 10 34
328 132 4 36
723 295 36 44
314 74 26 11
775 432 19 14
214 175 48 49
321 22 49 3
583 549 38 33
712 643 7 37
228 178 1 17
333 28 9 47
954 353 3 8
854 520 4 17
80 35 47 42
948 286 28 29
450 357 7 32
125 117 47 36
607 586 13 41
947 653 46 33
459 27 27 6
283 173 21 7
718 376 28 47
879 822 27 28
682 509 45 19
253 138 32 42
873 474 11 22
773 94 6 7
309 285 5 11
750 79 10 24
798 791 7 34
82 25 22 1
872 364 3 35
390 79 25 7
498 396 6 50
699 193 8 43
48 38 3 32
464 34 4 10
129 69 23 40
901 867 21 14
514 436 9 6
585 517 13 31
322 156 3 32
829 549 9 35
52 21 38 17
775 597 24 8
584 199 41 27
201 148 1 21
634 462 10 48
567 14 22 1
17 17 26 46
20 14 8 33
529 415 25 14
789 634 50 2
866 64 17 7
292 160 32 14
622 375 14 27
46 39 17 45
87 73 26 38
270 55 14 35
287 81 47 6
592 269 22 42
742 540 11 9
167 114 9 18
704 545 18 12
416 275 40 6
100 78 26 25
332 46 38 44
734 518 49 19
650 76 16 33
886 449 12 5
803 406 47 16
703 380 10 47
820 723 7 32
992 35 43 44
943 62 1 3
575 465 44 25
482 365 18 17
729 211 28 31
158 132 21 7
739 275 1 4
313 265 23 23
764 657 48 35
981 929 35 20
880 514 43 35
752 487 37 20
839 823 44 12
874 590 48 10
531 329 14 16
473 68 34 34
14 12 20 24
848 261 21 9
786 743 44 16
875 119 39 23
848 234 35 43
805 424 15 16
937 808 4 14
555 552 28 7
408 356 14 8
623 277 4 3
30 11 32 35
717 464 33 26
987 255 48 22
257 235 19 18
572 342 42 18
495 274 15 32
744 298 40 1
601 408 17 22
946 357 39 46
821 151 47 16
787 87 42 33
285 262 32 11
420 368 17 34
981 239 12 8
584 74 31 25
64 29 17 20
400 162 1 37
251 165 41 35
677 103 44 14
624 316 15 44
834 660 12 3
917 805 13 3
158 10 31 16
203 92 21 24
927 605 27 6
983 362 38 41
386 307 43 3
460 76 17 3
692 243 15 5
887 224 49 33
460 88 6 49
730 658 48 12
590 69 38 47
978 45 47 29
706 490 50 45
728 313 33 44
11 6 41 38
459 153 12 23
849 51 27 5
37 20 46 50
287 134 24 11
642 584 8 17
797 14 17 19
44 38 46 6
103 50 41 4
650 293 15 49
53 34 27 47
964 396 34 23
281 195 15 2
368 303 21 7
420 87 37 11
240 16 27 5
649 518 28 22
690 465 45 6
559 519 26 10
335 270 41 2
900 647 20 24
228 45 31 20
629 479 24 3
364 257 43 19
159 119 19 3
260 252 49 44
761 486 2 49
422 112 48 45
304 164 35 39
511 251 36 17
82 5 4 38
681 508 14 17
443 340 7 40
793 266 44 29
114 81 8 37
713 379 50 30
21 9 15 40
23 23 23 25
33 2 40 22
901 246 3 37
443 11 25 12
399 66 26 36
138 97 20 19
912 360 12 5
643 443 37 13
182 64 7 41
572 437 39 19
953 475 28 18
169 71 47 40
872 461 8 37
490 112 5 42
172 38 23 20
826 778 4 22
690 189 9 20
849 43 27 28
981 971 35 22
459 213 34 41
522 221 34 45
352 122 38 38
627 174 46 44
594 20 9 10
701 370 24 47
386 316 42 32
578 33 37 13
755 69 44 22
111 32 3 24
45 18 16 47
95 5 22 36
803 219 17 14
46 6 3 31
766 725 11 40
550 335 47 24
560 237 39 28
78 62 35 8
417 398 12 22
374 59 9 6
142 30 19 50
540 482 7 31
173 61 2 22
459 19 44 25
746 568 18 3
79 11 11 36
221 200 21 9
714 269 44 16
129 82 15 48
985 710 50 47
855 377 38 8
239 113 35 38
249 68 46 49
522 158 50 12
503 337 32 18
577 102 20 15
350 257 42 23
92 16 7 27
660 133 36 48
116 47 48 40
837 20 3 17
726 414 31 50
913 203 3 34
645 293 4 25
291 222 13 33
557 83 27 43
36 27 17 38
993 326 39 26
646 131 31 46
765 317 21 43
161 58 37 41
45 30 37 34
202 165 13 50
60 60 47 50
495 324 46 36
222 199 2 15
572 192 29 47
391 381 30 10
561 417 26 12
889 48 48 17
697 272 39 17
193 12 46 25
381 42 42 14
138 43 38 38
951 342 37 46
570 509 7 4
256 45 2 5
736 682 12 36
994 83 38 16
300 280 45 32
406 301 50 14
295 47 40 38
879 236 50 25
255 107 7 13
757 231 38 32
828 739 7 23
604 219 5 29
406 137 3 19
346 265 24 2
924 85 39 38
53 22 38 4
78 66 13 47
874 734 15 40
924 59 4 47
943 669 3 27
285 278 3 40
810 108 37 27
473 91 12 31
535 340 47 3
887 635 10 2
246 63 37 33
696 364 12 45
187 56 7 48
394 49 24 14
236 206 24 24
143 63 3 18
454 100 10 14
283 259 29 26
881 334 16 46
801 647 32 27
647 95 47 2
406 61 12 37
434 306 24 16
812 94 20 15
3 3 22 29
8 4 39 23
851 472 21 39
109 96 25 19
933 227 44 2
439 196 6 35
506 63 34 29
41 38 40 12
740 54 29 14
328 29 15 13
596 217 30 36
941 333 4 3
789 727 41 13
599 566 5 7
158 8 45 42
678 373 33 47
291 225 7 37
417 339 10 2
316 53 40 4
833 82 10 45
253 160 25 21
436 394 10 38
692 469 34 5
716 512 8 49
647 529 35 35
973 80 12 22
651 580 9 9
770 618 40 16
966 234 23 48
488 71 36 32
246 184 5 18
361 137 34 47
863 163 19 45
835 779 38 3
234 9 39 21
718 476 15 23
168 104 48 34
970 938 33 13
19 6 17 2
342 269 50 26
61 2 38 46
362 217 43 45
599 541 16 14
95 18 31 42
396 170 29 26
313 224 25 11
811 509 4 35
532 87 41 37
496 420 43 34
828 191 6 36
811 389 2 11
763 575 5 5
552 286 10 38
167 126 49 4
22 5 25 41
554 437 44 39
720 314 29 9
256 170 48 33
839 386 2 45
572 42 14 9
373 193 48 20
163 61 27 24
116 4 12 38
943 268 6 25
117 105 45 38
350 302 46 11
177 93 25 30
585 398 41 24
196 18 22 43
845 811 24 47
925 469 39 39
525 139 49 4
207 161 17 31
30 11 19 4
923 619 25 2
313 247 11 40
883 237 1 49
277 59 43 7
809 291 48 35
267 62 48 11
38 38 8 8
200 125 25 26
3 3 25 1
950 383 37 16
972 671 30 29
667 608 33 2
264 238 32 48
121 100 6 32
26 23 42 36
212 186 47 46
483 32 41 34
207 180 10 48
758 13 8 16
743 287 45 24
850 846 49 40
255 4 50 37
420 163 32 26
98 16 41 6
186 148 15 46
708 240 10 16
673 427 46 43
914 57 40 41
727 105 1 5
53 46 27 19
298 126 32 50
410 263 5 14
72 57 26 3
829 11 20 5
444 337 41 12
570 513 18 39
888 829 15 44
347 81 12 8
573 79 19 27
381 302 26 48
933 463 11 39
626 307 37 4
937 194 34 14
784 606 22 25
155 127 23 43
417 118 4 32
758 541 28 48
921 581 19 41
856 826 34 10
371 181 10 39
543 463 39 38
845 199 32 4
954 359 48 42
527 180 5 10
427 113 34 42
464 124 16 12
67 63 28 3
552 259 48 20
22 14 7 2
23 9 41 7
235 10 7 16
157 24 46 48
758 287 38 5
352 258 27 31
854 138 37 34
106 71 2 27
966 299 37 34
40 9 9 48
624 419 4 10
467 333 45 35
525 441 46 4
683 251 21 10
335 100 45 11
487 61 43 28
335 228 28 5
830 342 25 29
271 12 15 8
370 258 30 15
802 581 37 45
231 166 6 23
231 200 9 39
760 286 2 10
850 729 41 35
779 704 34 21
698 201 13 26
688 448 50 2
28 11 2 16
758 652 29 35
326 305 30 35
46 1 34 46
133 35 41 2
254 80 20 50
720 521 8 37
767 416 32 47
243 187 18 44
703 489 28 33
772 48 9 41
375 102 33 14
105 82 37 47
534 193 10 40
521 204 33 49
861 346 5 2
14 14 38 9
489 121 19 2
786 424 45 31
997 817 18 26
55 9 11 3
189 170 4 24
885 778 29 24
212 85 44 7
815 414 5 27
990 973 4 15
646 246 24 37
375 371 50 31
333 175 32 38
162 155 25 36
124 119 45 42
738 600 45 21
645 5 20 49
829 103 9 35
770 581 40 23
188 96 10 1
893 438 49 24
685 363 21 11
686 21 38 36
881 822 10 7
640 136 24 1
774 374 37 41
868 629 44 41
566 548 7 24
749 281 29 33
902 234 47 7
619 591 37 45
992 66 37 16
464 368 48 5
345 337 29 32
22 13 46 49
620 586 38 7
287 279 19 9
173 84 50 34
731 667 47 43
407 84 23 29
686 172 50 8
46 34 36 29
375 37 43 37
910 483 10 48
418 146 16 49
74 53 15 3
502 137 27 22
142 79 14 39
168 95 7 42
758 106 30 36
134 40 44 17
676 625 19 11
725 118 15 20
165 40 19 16
940 539 49 46
965 190 26 37
839 649 40 24
183 37 26 49
413 403 44 37
678 381 50 47
322 289 30 42
455 256 14 40
422 22 36 14
324 214 15 16
532 187 28 10
634 144 45 43
851 259 32 48
356 90 48 29
384 70 2 21
862 532 41 15
386 14 4 14
651 195 44 9
837 481 22 24
712 553 14 20
688 430 20 39
830 210 46 31
759 590 25 49
364 136 32 33
874 670 13 16
594 375 3 50
483 101 13 43
159 50 38 30
996 421 43 16
740 436 5 15
287 209 40 39
543 249 43 5
988 519 43 15
713 633 37 11
31 26 36 15
240 143 43 28
447 302 43 25
406 205 38 27
944 503 7 24
40 24 37 47
970 954 46 4
321 145 16 48
336 299 12 5
668 354 44 24
777 760 5 11
365 56 4 1
306 164 45 5
872 814 37 27
586 509 21 19
944 403 49 4
157 126 7 21
834 614 33 12
858 128 37 8
367 150 32 8
477 414 13 37
342 301 19 33
742 76 3 24
559 151 5 44
16 7 42 17
345 249 25 5
91 4 20 4
846 608 43 5
698 173 29 31
897 502 1 4
869 175 3 26
591 578 23 3
336 160 45 36
331 263 10 6
474 336 43 4
984 720 33 36
807 651 48 12
507 481 10 37
303 231 37 17
446 92 2 32
69 23 2 42
295 145 17 33
608 94 18 20
647 471 19 29
405 249 18 45
283 74 29 44
908 829 48 7
982 364 33 4
303 95 40 35
261 55 49 14
926 758 16 28
449 277 28 35
997 795 30 15
625 154 34 43
148 6 33 28
270 197 27 30
422 275 44 32
933 443 2 39
458 410 29 29
688 157 11 6
149 32 12 10
77 13 36 35
855 11 33 47
829 725 24 5
410 73 36 25
999 254 25 21
534 127 28 27
339 205 25 32
31 24 33 4
935 330 42 48
925 148 43 33
165 134 49 28
619 368 33 20
595 298 44 14
848 408 21 7
666 215 1 22
106 87 6 6
943 908 47 22
318 164 3 12
229 97 5 35
929 418 23 30
73 38 8 34
930 426 39 15
76 43 12 4
973 122 44 14
293 126 38 20
130 60 4 10
421 154 33 14
588 555 37 21
233 211 27 20
371 63 39 43
731 172 2 26
530 245 44 44
161 2 9 10
985 277 16 25
125 66 2 40
676 111 11 44
859 848 10 2
899 538 18 40
238 141 44 41
272 149 36 33
172 140 42 8
876 475 16 36
941 310 33 43
874 352 22 3
184 4 16 21
770 133 49 8
885 800 45 20
63 2 41 21
164 110 32 21
393 270 36 50
381 14 7 19
924 276 41 24
118 89 20 45
608 386 42 17
713 156 26 21
295 12 9 33
426 383 9 42
194 3 17 6
245 53 48 37
172 21 8 50
862 595 43 26
869 33 16 26
976 53 10 4
728 291 25 15
999 241 46 16
765 520 22 43
709 704 15 35
24 22 22 45
993 292 44 35
609 545 47 10
843 124 30 3
954 166 37 17
65 29 40 22
196 113 40 10
238 227 30 34
258 144 7 27
605 524 42 30
412 132 4 20
2 1 43 32
165 149 26 6
562 211 44 15
405 279 18 38
438 283 34 50
713 13 44 31
244 225 9 6
534 400 43 35
54 17 12 46
617 156 39 6
641 49 39 48
378 49 8 12
438 303 47 25
60 48 23 16
133 101 28 45
991 547 11 12
349 112 42 18
399 161 42 41
669 272 40 44
234 177 35 19
47 20 25 28
341 246 35 8
247 28 38 13
168 81 17 22
153 33 45 26
965 780 6 20
928 679 8 16
389 234 35 3
519 24 16 29
659 372 37 37
244 9 34 49
47 15 20 8
248 69 22 32
836 417 31 13
217 2 11 28
91 59 34 40
864 212 13 50
182 109 36 19
531 268 21 25
445 405 9 1
332 86 34 35
597 444 6 32
16 14 20 28
724 441 27 45
1 1 8 18
446 167 33 6
660 121 42 37
475 139 28 17
316 262 12 7
966 186 11 18
21 11 2 6
432 291 7 36
601 594 7 28
51 4 37 3
703 406 50 28
383 86 12 22
631 509 33 50
961 830 45 10
376 189 26 49
495 189 17 31
18 13 4 49
733 444 29 3
180 67 19 36
715 159 18 26
87 45 26 43
196 113 23 36
977 257 25 34
25 12 16 23
587 291 18 45
988 187 49 2
59 14 48 43
150 48 29 16
243 32 30 48
889 420 10 10
632 365 48 25
966 27 10 22
860 606 23 24
448 64 42 32
524 218 28 8
127 66 18 7
875 14 27 11
319 298 33 32
133 75 40 38
862 541 21 24
69 13 21 12
810 276 29 42
208 150 6 22
760 344 16 13
975 445 34 19
598 301 24 20
489 51 2 9
786 786 7 28
430 339 18 19
136 80 21 24
493 52 20 31
688 679 12 2
215 111 14 9
438 227 20 30
922 719 27 25
712 338 17 21
607 468 45 42
20 3 37 16
676 258 50 1
151 6 49 28
19 11 32 23
151 61 37 24
337 95 47 14
682 646 25 25
248 68 38 19
724 81 50 45
806 429 12 18
221 102 14 49
723 625 31 23
345 100 13 47
623 420 15 20
798 749 31 34
682 583 28 18
506 199 13 45
609 284 18 34
338 53 17 26
416 19 28 5
764 218 23 30
114 54 48 6
302 157 37 10
219 67 35 31
756 296 30 32
31 5 17 9
470 209 23 4
632 454 28 3
680 218 40 42
900 779 15 43
193 48 40 33
620 186 18 1
468 344 50 7
230 174 19 7
489 269 9 3
356 179 28 38
501 128 37 23
212 136 45 35
374 168 8 22
862 472 10 26
929 14 43 13
352 282 37 4
28 15 20 25
557 420 17 17
467 421 49 12
801 202 5 38
47 27 20 34
903 426 4 38
26 13 23 43
220 192 12 40
389 32 31 25
649 345 23 16
115 53 16 41
333 84 22 14
547 465 10 25
849 671 31 41
17 1 23 8
106 57 37 13
869 794 3 33
266 220 13 49
347 107 18 38
991 792 30 45
970 955 35 41
90 9 14 43
685 196 24 43
802 678 1 2
437 57 23 25
487 266 32 31
133 85 46 38
103 3 34 27
316 143 10 27
700 324 50 19
718 347 22 1
12 9 31 46
587 422 37 34
607 438 45 18
575 297 28 47
517 442 35 36
881 751 8 21
430 115 25 14
564 131 43 35
888 549 46 29
185 163 10 13
908 802 45 28
307 241 33 3
993 496 18 24
561 168 28 7
551 17 18 27
807 711 38 22
102 101 4 15
158 17 19 36
349 136 45 6
327 40 6 2
275 264 14 21
852 94 37 44
249 100 46 12
863 75 9 24
238 11 20 9
33 18 13 42
874 469 18 30
701 317 14 39
91 76 42 19
546 46 14 8
459 401 18 7
981 744 21 7
864 597 36 49
172 172 31 10
107 69 26 16
92 68 50 15
849 376 31 5
804 287 29 28
261 199 35 19
239 5 10 37
228 70 31 11
766 366 38 39
656 509 6 31
996 220 12 16
174 106 13 44
384 57 7 22
791 245 4 28
782 516 6 37
330 202 27 41
839 760 39 31
113 34 50 14
276 256 39 32
136 87 45 46
575 569 31 26
561 410 20 48
891 410 8 32
619 471 4 4
783 754 43 37
214 28 14 23
558 42 45 39
792 423 29 33
338 111 24 11
835 334 25 30
140 9 9 14
989 708 44 37
286 58 39 19
983 879 17 18
137 44 2 48
415 96 36 50
623 353 35 5
94 44 28 12
707 227 43 33
554 163 28 10
636 170 35 35
356 141 14 33
838 690 19 44
955 619 48 15
520 38 35 36
264 108 15 1
598 382 48 21
640 304 4 31
721 377 48 32
486 23 41 32
83 28 35 11
118 59 32 12
716 379 35 35
722 344 31 9
423 309 5 49
793 636 12 46
493 355 3 28
507 132 12 2
665 624 39 37
518 211 37 26
962 51 40 40
829 348 28 14
85 77 22 41
4 1 2 2
736 1 29 27
237 236 32 2
136 105 50 32
525 332 29 1
76 29 9 3
391 32 11 17
392 228 40 39
480 337 13 33
603 513 35 33
474 456 13 24
720 212 24 6
954 684 35 29
9 5 28 15
434 340 13 38
912 339 48 24
879 448 8 11
308 248 48 25
468 343 24 16
938 804 11 40
837 728 37 25
777 468 2 24
196 23 24 35
348 294 3 43
608 593 38 40
900 344 39 30
681 433 40 9
372 167 15 3
886 12 26 41
692 170 48 41
367 199 23 31
470 79 42 18
219 67 50 18
796 461 20 32
563 314 28 7
744 272 13 31
797 564 18 26
738 373 23 2
618 274 12 25
413 387 39 3
320 242 12 6
170 107 40 33
705 658 47 48
68 23 11 32
250 239 50 42
891 53 38 43
533 121 6 32
610 177 41 9
127 70 48 3
640 186 41 6
755 429 26 25
962 765 37 17
605 557 1 45
263 252 49 39
215 145 5 2
323 24 20 28
376 28 41 30
581 542 41 9
736 19 22 18
873 209 39 50
206 44 24 50
334 45 17 32
450 313 34 25
953 899 23 46
251 215 49 27
969 690 27 18
426 344 49 23
849 773 27 45
309 137 46 5
345 26 24 3
237 66 10 45
196 50 6 27
921 802 1 18
147 66 16 2
48 27 24 27
769 634 50 41
690 292 37 13
670 118 17 18
24 20 7 4
349 110 44 28
464 117 4 50
989 399 12 43
810 608 9 17
811 408 30 26
806 603 34 46
750 550 44 47
243 105 20 17
770 71 6 22
713 204 49 39
270 114 23 13
601 508 22 35
54 6 16 27
327 8 5 14
394 24 12 45
775 762 7 36
189 138 33 39
181 61 9 35
62 33 22 19
291 159 20 43
874 307 43 6
143 68 42 10
936 239 18 38
714 614 45 33
396 13 10 41
130 60 10 29
269 170 1 39
433 270 6 19
711 257 39 29
588 157 4 50
618 399 17 24
605 332 4 14
785 69 27 30
738 127 17 27
395 264 43 37
99 89 32 1
141 94 26 15
984 368 14 2
975 187 22 14
977 238 11 22
578 149 47 25
931 552 4 41
777 513 7 12
506 369 46 38
573 164 28 18
97 62 15 22
142 78 37 30
804 637 17 23
65 52 41 16
87 30 22 2
581 51 6 33
620 252 5 41
941 743 45 32
145 7 46 49
553 333 3 26
511 384 11 31
901 643 38 47
29 14 43 45
344 200 29 44
859 748 1 50
318 220 34 32
559 479 13 44
543 380 22 9
275 84 28 18
574 297 25 15
797 49 46 6
363 337 23 17
853 741 37 15
377 285 43 18
755 252 32 5
744 17 36 7
415 212 5 24
636 249 43 33
414 265 34 27
604 28 25 17
684 86 40 15
316 17 29 40
597 458 47 32
620 53 42 19
770 21 7 24
239 151 13 25
818 253 35 2
332 150 45 26
647 179 43 24
473 372 34 37
397 245 19 12
467 85 49 29
862 446 20 31
135 107 38 43
464 182 15 8
876 133 34 48
21 6 3 10
246 183 16 14
683 21 22 19
717 587 34 7
962 369 37 26
372 307 37 15
720 56 3 49
699 349 18 19
768 685 19 18
869 449 48 33
967 93 50 11
562 64 36 26
486 20 47 31
366 138 48 1
707 114 13 41
792 440 12 32
63 17 46 44
941 253 1 24
673 219 9 19
98 8 31 30
602 516 5 16
133 91 50 49
223 166 2 41
53 41 8 33
66 25 46 18
357 87 15 38
745 529 21 25
950 438 7 48
462 94 12 6
218 206 48 13
517 373 1 11
905 560 18 36
385 316 6 7
383 24 38 25
807 20 43 49
644 367 38 16
130 84 25 13
67 56 1 11
357 174 15 42
140 105 30 7
308 270 36 36
578 169 11 11
932 67 45 12
469 367 7 34
422 363 43 1
425 41 30 23
424 319 37 20
614 190 39 22
643 387 24 45
870 474 48 22
174 160 44 7
850 181 4 27
