50 50 19
667 625 15 40
479 214 21 36
314 96 46 2
902 263 23 49
735 482 27 41
653 540 32 21
53 9 36 42
105 32 27 1
535 456 25 14
24 22 42 47
731 358 16 38
977 899 14 1
378 199 24 42
832 29 11 5
809 764 33 46
59 58 45 3
67 7 28 46
887 387 47 10
949 380 20 27
867 334 26 36
241 6 35 49
683 67 11 21
724 334 1 7
375 304 34 21
527 66 1 18
410 15 26 18
98 42 11 6
260 56 12 27
812 609 19 4
433 235 3 33
836 253 30 20
311 46 7 12
628 505 2 4
3 1 45 21
288 2 49 13
212 118 34 3
27 24 23 5
207 73 17 5
99 83 20 17
953 795 3 25
64 49 18 8
209 34 13 19
385 27 33 6
843 703 23 11
807 551 22 37
430 207 20 22
215 202 20 32
455 3 1 5
980 383 42 25
331 89 26 47
