1264 1641 1262
198 26 340 1380
576 163 832 1558
577 258 465 1243
737 592 397 303
708 372 673 119
371 307 1521 640
293 48 576 1383
830 288 1374 735
374 331 96 1294
156 15 368 1421
541 469 294 1011
992 292 1570 1563
604 185 473 909
332 132 209 1423
994 461 528 994
249 146 982 19
247 151 1217 1615
379 227 770 1403
820 761 38 733
603 465 1628 459
849 660 1381 1446
651 479 1126 1125
925 142 1068 632
357 308 509 175
586 95 1044 1636
541 139 306 452
206 167 628 1257
522 101 1606 28
523 187 1605 684
969 609 61 1623
648 173 842 831
297 197 383 473
782 736 345 20
784 299 544 246
187 107 69 1004
549 160 1120 803
99 12 1139 174
396 371 1179 1012
346 205 337 1284
526 382 1154 1324
691 508 189 1364
30 5 1630 221
716 644 1485 1151
797 517 8 1225
816 153 278 1046
894 303 766 1602
435 135 339 1213
275 220 257 845
865 385 44 1378
510 242 810 691
136 104 1580 604
385 21 27 827
2 2 1206 258
735 85 49 281
956 378 193 954
856 660 379 1417
481 345 1375 169
1 1 215 1523
488 258 592 870
49 45 1356 1612
217 1 1331 962
734 451 630 1431
180 23 974 6
126 121 994 1588
178 158 865 496
590 280 713 235
970 748 593 1338
534 279 1170 209
182 141 1487 653
715 653 899 629
771 300 780 725
715 175 207 839
293 202 320 1206
909 276 64 305
712 17 625 719
895 887 200 696
80 10 1116 1120
654 147 1265 1049
858 71 1184 1507
642 188 1269 1433
553 56 100 516
438 406 1118 1325
74 5 1411 268
268 165 885 135
951 452 1602 341
232 73 511 394
192 95 624 62
392 268 1040 54
382 359 817 989
666 177 387 642
38 22 849 770
566 305 1015 1396
604 470 1087 486
511 63 976 527
525 117 1123 90
303 291 1525 883
900 718 1583 1273
160 102 1117 1563
286 148 108 735
12 12 299 282
470 8 1350 1558
798 33 405 1222
234 213 1564 1531
486 129 1566 1038
156 100 173 978
497 102 265 176
426 358 657 1381
142 97 150 41
910 460 1032 1286
10 9 1428 1496
390 176 1027 209
669 344 383 260
821 140 1018 829
635 162 1470 115
992 448 934 1444
37 12 618 194
746 103 560 107
77 32 542 1504
761 83 484 1317
285 258 548 1023
567 18 645 970
776 550 496 1235
986 70 1058 1036
856 730 333 1140
196 164 610 950
6 2 875 694
44 18 1051 1162
685 635 1570 118
227 22 597 763
200 17 1375 1094
31 26 1553 968
535 524 1433 1086
939 739 517 1455
582 359 907 1244
326 191 810 448
157 145 1595 345
792 198 1128 734
729 527 212 1514
216 79 1394 1629
322 265 1196 969
816 486 1301 62
436 23 929 1394
927 344 1325 786
910 423 580 726
950 919 894 780
269 33 1538 435
556 277 1397 1085
546 98 565 1018
362 37 1049 1353
976 165 1457 473
559 429 1071 1620
623 530 241 1161
549 348 544 115
500 180 212 112
227 110 930 54
774 590 598 858
505 430 1226 870
154 75 1588 384
631 204 364 71
824 188 931 998
670 492 820 712
412 81 1158 559
101 93 1358 369
959 109 937 1152
638 487 263 398
771 686 538 837
478 2 1409 887
818 795 44 573
480 5 1124 577
79 77 1322 1183
747 159 752 1540
59 2 1397 367
80 18 69 781
634 265 1132 887
364 160 1633 33
220 9 1504 1308
684 672 1002 369
812 273 1047 736
124 28 870 806
580 375 424 1136
79 74 1163 852
631 190 1390 675
714 599 405 998
726 91 1408 636
841 771 200 221
308 303 953 648
888 263 176 1341
642 456 1506 721
275 47 927 351
195 55 1198 1330
183 158 416 126
808 197 895 413
207 72 350 1225
270 44 244 104
392 177 824 815
835 553 203 596
309 2 271 82
69 16 612 43
52 24 1430 1288
251 11 1430 146
734 665 2 562
714 191 1574 915
379 131 186 1247
137 100 502 1583
444 323 304 268
541 371 67 15
63 33 125 1313
150 68 1213 379
303 138 1079 1448
200 62 1256 1110
593 103 653 740
764 535 1534 666
640 282 589 401
980 326 1550 561
122 50 1477 1223
914 666 515 1104
185 75 989 1393
137 47 699 1292
99 43 96 1590
10 2 1115 845
554 31 1143 1087
529 334 966 343
829 641 917 1458
958 614 1159 16
884 882 511 819
940 292 1534 1408
264 201 1301 692
253 181 568 1075
233 95 279 714
412 79 854 646
942 664 636 191
82 51 580 770
65 2 624 896
338 196 743 853
776 131 943 879
644 218 1387 1400
189 11 1588 267
862 620 690 614
919 60 1332 1526
558 10 1151 1443
551 85 810 787
137 72 301 60
92 28 508 1017
880 236 259 1315
95 80 704 53
494 211 124 275
911 868 718 784
507 212 492 1094
862 843 956 506
692 7 813 496
523 248 349 984
736 9 764 1245
318 247 1454 1594
396 126 720 795
695 317 1526 916
360 249 1423 30
447 172 990 1134
128 31 1521 1282
613 467 912 184
532 462 91 1064
386 165 1561 707
504 129 934 1096
278 216 275 854
93 71 526 976
217 36 1036 1633
423 95 92 1039
66 40 1095 516
900 46 519 1631
292 64 478 885
299 156 1030 1033
596 35 92 698
227 181 858 1179
940 265 1573 131
328 236 1084 960
515 387 96 75
17 10 1272 1560
419 141 1088 1606
340 290 1602 1498
209 24 1067 1403
593 273 1036 724
617 242 1427 843
675 269 969 45
287 154 698 1243
370 180 152 451
847 612 10 285
964 46 28 1242
446 404 364 220
567 273 1384 470
175 49 1470 739
304 15 1416 1564
103 29 853 905
992 161 57 735
817 274 572 166
50 15 525 1539
722 309 58 231
374 20 862 776
702 290 1026 1186
904 403 985 1616
146 31 299 186
994 951 828 700
799 659 1480 532
558 468 865 1467
686 432 936 603
245 158 137 1504
982 14 1308 1228
475 83 47 620
760 32 768 1274
264 257 936 1467
892 17 1480 241
760 254 839 1144
680 248 648 1569
724 402 255 8
728 159 447 920
23 11 889 31
753 38 854 857
2 1 564 220
885 93 1366 597
937 780 307 32
674 234 322 1143
667 403 740 1452
811 514 1638 1328
638 414 994 599
326 7 888 1450
721 339 166 100
36 26 279 838
984 857 940 320
868 675 1337 1577
11 2 1286 394
800 678 227 1403
487 251 1453 1034
374 268 13 122
476 425 474 314
456 453 1047 1060
573 563 1506 315
620 282 345 1318
699 145 276 738
957 443 1445 900
747 684 196 772
953 585 542 1517
171 143 592 1154
25 20 1616 884
153 45 788 842
684 465 707 1361
988 733 1079 757
941 556 981 790
440 139 247 495
584 190 425 1494
183 58 110 619
480 453 284 943
787 690 1177 589
812 293 1162 480
748 210 778 1455
869 97 1229 1365
600 594 1619 226
946 849 726 153
270 235 166 972
20 9 367 1133
779 162 315 971
146 32 541 205
558 466 1549 1484
23 20 1605 646
107 69 1220 976
647 298 1431 301
203 107 639 695
541 508 506 879
49 16 934 1003
992 790 1260 1335
143 70 971 692
610 163 1617 892
384 181 1152 1510
991 803 822 830
59 22 1630 791
564 308 1180 513
758 146 1121 737
118 108 1008 806
473 296 1563 1396
534 250 1074 662
631 428 354 1631
675 73 761 55
768 481 77 125
608 267 1424 1428
681 39 773 1417
218 111 849 1593
595 118 1196 543
628 194 1519 955
128 117 1220 535
859 347 79 531
729 674 1346 133
817 493 521 1209
371 220 1550 196
150 142 611 1014
101 80 1347 881
114 20 1565 711
468 268 1599 48
629 100 1036 956
727 257 1127 163
32 17 1184 44
923 681 564 288
465 331 110 732
664 145 280 1432
219 198 1561 1363
554 74 996 1336
235 12 1162 1036
785 369 414 392
788 74 1448 718
513 236 1561 971
876 197 1159 139
731 384 1355 403
20 10 411 537
530 228 883 250
620 497 1574 1542
543 94 163 446
549 500 1189 568
861 650 356 916
557 354 841 1383
62 60 102 476
831 455 602 204
924 377 1265 1568
425 357 196 919
417 42 68 1037
172 152 427 1172
464 447 1088 1475
310 148 1258 903
729 302 327 398
355 158 1484 12
41 17 673 1468
912 838 127 423
368 232 1635 531
975 917 1175 352
433 58 18 9
167 40 1530 1280
349 176 1132 1435
761 443 962 672
961 8 1094 342
347 228 1379 471
899 506 1565 75
209 181 515 15
121 111 141 1637
87 49 973 1028
850 847 256 1176
144 126 423 572
610 353 1611 1315
850 23 934 1110
130 26 119 109
47 5 905 57
726 386 1239 869
422 168 692 1466
470 414 426 1425
992 924 1447 856
694 4 1373 185
539 503 838 1550
422 33 1059 414
595 539 1461 1125
994 471 242 1513
988 178 500 1593
227 176 1469 1637
489 211 1047 345
996 674 1344 560
928 919 55 524
446 222 116 275
116 106 114 266
981 429 711 205
994 310 202 1419
752 634 45 819
284 54 1094 616
77 1 1118 261
689 216 1131 1010
490 306 1447 10
338 133 1399 201
517 77 1455 1186
879 305 7 321
150 14 1141 552
416 98 637 820
807 127 567 47
724 323 141 481
315 254 1230 770
382 372 205 1589
516 385 1609 1369
243 95 216 436
371 234 276 120
621 71 455 1376
140 132 1218 1455
99 3 24 759
296 85 629 25
599 284 27 1174
433 15 378 557
311 78 1330 1523
449 237 1241 1537
796 303 1527 175
36 6 54 596
270 107 533 1288
817 193 1294 1154
965 849 1018 1482
37 9 624 1020
73 12 865 1226
192 160 1485 1343
532 109 105 1302
70 41 792 1237
923 34 77 1039
111 89 1503 211
921 135 401 1331
407 373 304 1299
916 727 1356 1381
183 28 480 238
117 116 895 1437
826 807 655 1462
908 50 547 1478
184 176 1502 958
66 50 518 450
399 301 983 868
613 434 663 1602
622 532 887 1603
232 74 595 176
432 123 575 441
232 102 748 370
127 66 223 38
464 30 681 1372
718 599 1166 186
942 627 177 874
717 399 878 218
20 5 1022 1197
633 416 1502 130
368 325 1218 1307
33 21 1483 1540
36 35 239 873
306 8 1120 905
302 176 1433 886
757 445 384 1431
785 215 910 1141
412 292 1377 1617
179 174 1262 688
848 555 1327 796
237 209 590 227
494 485 1283 531
558 174 1347 1056
572 18 1199 300
760 533 830 889
601 440 8 727
761 135 222 898
827 412 737 792
611 166 1531 27
847 202 828 1097
965 653 102 120
541 157 368 1122
104 74 1550 695
809 385 704 623
834 272 1026 463
234 203 1022 469
167 126 1519 184
783 109 638 646
11 1 34 1315
349 208 130 923
441 308 857 284
954 361 333 790
815 310 182 558
414 372 432 1605
607 219 797 135
493 96 232 1541
808 64 80 425
534 337 1257 1151
19 17 1553 341
39 2 957 1597
583 406 1011 1627
790 476 617 294
30 14 1601 276
481 216 833 563
701 682 1330 1014
103 84 1357 908
319 82 128 869
837 486 1581 1217
178 85 466 461
795 490 171 336
761 379 1183 321
796 48 817 560
657 308 1577 1096
681 44 58 330
980 836 1418 1397
438 55 1331 450
265 259 622 1167
939 938 1241 1486
754 687 585 1047
101 77 160 338
644 372 508 1285
435 172 336 643
803 660 769 773
241 71 1193 1185
43 19 416 811
48 28 1120 1466
656 576 786 1064
764 582 912 1430
487 422 1389 1614
309 242 522 724
282 160 130 546
423 213 895 1269
800 744 727 808
722 472 764 412
579 217 1477 1583
306 289 269 1539
473 51 1017 1490
95 77 703 487
611 473 113 1482
6 4 72 1435
289 178 990 246
407 209 1193 1298
796 251 956 1489
718 332 570 939
586 285 1363 1327
130 54 1296 1040
374 266 1471 747
793 645 486 15
957 39 785 869
329 221 420 1516
202 64 846 785
608 527 1095 993
971 25 1362 965
757 440 1194 983
617 403 338 1178
893 858 578 1302
644 381 1529 558
487 80 1606 1137
229 217 1429 485
361 49 1297 718
699 639 94 1252
937 167 1157 112
318 145 1197 219
732 405 812 777
423 221 71 1540
266 239 1414 1216
398 337 1595 970
671 429 903 269
770 126 68 818
404 339 523 849
845 73 471 1244
277 54 178 1473
989 696 1453 384
521 445 220 566
460 374 431 354
781 526 1452 787
648 348 915 841
208 108 445 34
796 358 1448 437
808 498 1122 1052
502 378 1224 1393
956 535 4 727
559 555 346 1093
8 1 1423 1116
654 386 613 435
941 417 709 470
165 27 1048 1553
150 30 1389 1284
50 48 53 1569
587 584 1535 839
72 68 875 90
450 306 1006 1137
107 70 778 1161
737 158 1220 1178
640 567 1209 1157
438 384 484 109
114 108 394 619
207 144 676 1235
230 87 53 133
514 326 818 127
488 198 1526 822
350 348 465 365
67 19 939 208
120 80 1573 1476
173 119 1618 1006
687 533 180 1489
33 14 934 303
689 289 1546 145
204 41 1532 1512
4 4 539 661
760 462 1032 625
421 59 1376 369
564 46 62 1126
676 118 1278 724
569 14 464 433
237 146 816 746
55 40 1308 1364
769 346 220 865
190 65 838 363
180 161 16 1225
854 86 517 591
901 146 605 588
927 77 396 1627
736 323 1403 1086
841 465 1615 1318
31 21 410 654
758 324 1492 185
477 300 1224 1102
771 718 1355 1512
634 424 1426 483
354 255 1354 921
74 37 1378 1257
755 117 77 1528
717 347 329 795
791 488 1203 172
704 111 697 1430
203 34 1092 498
227 132 771 953
259 69 613 1389
913 763 524 695
148 15 1234 34
68 16 1223 1503
545 327 1551 1364
870 247 867 1394
271 64 241 249
273 217 659 86
745 22 831 604
767 481 744 26
836 335 1412 703
99 7 1119 592
972 889 1034 1045
454 420 1106 1268
718 64 993 1035
747 747 206 501
844 837 1372 276
692 105 573 709
796 278 519 316
906 558 64 299
185 176 90 637
553 366 1011 514
752 592 1024 963
633 551 184 771
284 280 311 53
750 550 512 365
699 185 405 1532
129 79 1404 668
991 801 946 1137
270 249 453 1532
742 706 1279 684
228 71 51 562
418 103 794 539
391 346 1392 1042
377 145 1372 1513
489 453 554 879
126 112 1047 1170
325 62 907 935
519 270 1366 483
370 266 1128 522
597 284 1185 19
303 147 773 691
359 99 636 122
481 468 1461 1409
255 109 1424 320
910 694 1049 1452
771 67 1190 1393
982 902 1575 748
565 85 204 1119
484 149 1364 98
100 77 588 1411
145 86 1470 283
433 313 1611 1028
602 455 1314 182
723 246 700 691
757 246 1467 576
995 239 1586 1020
784 722 1329 981
216 156 530 808
138 6 53 1639
716 109 1443 30
752 360 566 181
917 685 145 2
241 31 1050 538
22 15 1057 1036
58 16 488 1175
20 18 16 1105
587 54 1564 602
553 551 848 96
488 144 1274 727
668 335 1612 266
753 635 740 507
638 413 1211 422
11 10 628 1242
519 465 332 1339
236 34 841 102
551 266 1591 36
19 6 1262 282
909 459 769 101
390 298 1231 1342
604 450 1449 926
586 355 324 1037
881 821 1427 1506
374 49 1149 672
782 433 869 1413
864 149 61 94
42 26 148 933
95 66 154 1606
303 52 1476 488
343 96 167 1452
434 337 161 1128
64 63 896 544
479 222 842 186
87 4 706 855
626 42 787 172
124 79 133 948
815 305 1193 1396
386 241 870 1239
739 175 106 530
450 304 565 840
568 170 637 1530
297 287 1639 808
382 337 586 1318
741 720 836 109
380 245 594 278
596 415 1623 80
211 168 159 1204
221 174 650 122
140 106 1323 248
949 104 1313 1079
260 196 1132 522
59 21 461 762
471 338 1615 1442
932 31 353 286
34 19 1107 731
376 131 282 1531
208 70 779 307
739 257 256 446
374 263 667 22
965 107 710 643
183 73 1465 361
898 584 32 334
17 4 600 982
227 175 455 835
22 19 418 69
979 324 599 261
228 109 1120 1325
427 333 228 267
309 152 834 83
311 47 517 1376
127 45 1355 1560
631 211 640 1556
917 903 205 704
222 121 1621 1376
789 243 1334 541
190 2 1060 1137
336 140 660 1385
530 411 250 577
333 127 1521 1438
218 174 638 1534
998 542 253 1059
403 24 978 757
721 421 195 1196
77 30 603 766
680 467 281 1133
995 767 1177 1218
457 234 980 753
7 3 313 1339
759 327 1078 992
699 453 1624 1278
80 25 275 1371
456 215 1348 1140
149 69 1133 639
387 24 595 895
557 437 1504 449
715 30 1552 937
858 475 1495 1425
365 149 1608 234
618 37 957 258
240 171 1085 203
784 146 1358 432
537 305 794 1575
849 485 191 992
216 149 1385 1332
647 138 720 1006
969 707 998 880
784 180 179 1242
420 10 1164 325
16 11 1094 463
749 675 1053 1290
475 87 743 581
85 63 399 1176
940 546 1399 934
855 467 1570 1048
418 357 1105 459
764 197 1305 1472
741 589 519 154
944 824 877 747
277 277 757 64
818 242 941 213
411 400 1399 449
448 293 503 1093
54 21 376 239
121 70 21 1522
480 270 216 1479
281 206 1530 102
718 99 1048 1301
848 757 709 969
500 52 529 1076
483 61 72 815
694 690 1599 384
881 839 762 926
752 425 809 959
768 722 1373 392
31 6 1195 598
758 28 908 180
501 404 384 796
472 94 1030 1054
729 518 167 271
983 245 792 1123
933 527 1581 1001
957 318 422 617
71 50 870 302
140 38 1272 754
176 44 1114 31
240 24 1120 353
480 122 137 185
672 469 675 1356
400 231 374 149
481 238 664 554
622 69 46 382
131 70 117 1553
212 83 1479 267
690 281 3 1572
962 371 628 1526
278 110 1350 266
920 83 42 1292
979 351 971 1225
396 56 429 282
714 124 853 943
226 6 487 770
502 160 639 455
351 278 1012 141
904 578 596 810
189 19 513 76
940 850 337 1199
570 25 798 457
881 596 548 1553
993 215 417 283
669 42 1440 298
287 4 1010 989
966 700 1285 317
599 145 270 1360
858 180 1416 290
479 140 1561 733
705 72 1418 385
753 68 775 1631
494 113 992 404
803 201 335 403
657 542 1640 486
703 240 1118 1325
79 71 364 730
388 215 249 251
801 300 926 502
907 833 1055 602
593 496 1333 1269
394 381 692 491
784 457 110 772
748 586 295 237
723 575 127 1126
719 445 1101 911
865 591 40 1082
13 12 1003 611
126 7 1390 991
717 502 652 1249
164 48 182 23
911 797 207 1222
757 273 640 807
362 63 299 701
601 550 1592 595
634 142 610 1109
30 5 365 447
586 96 672 298
691 680 698 1305
527 49 1611 109
389 380 371 403
365 166 886 310
330 59 379 189
415 61 67 918
88 78 860 1396
283 224 1357 1242
271 255 670 620
396 124 797 403
675 480 1240 1421
702 357 1078 1286
379 27 1322 512
238 156 1349 1613
397 179 936 226
16 1 278 547
192 137 974 1465
710 171 711 7
215 116 467 1538
47 23 1032 1521
621 487 1252 1400
910 700 171 704
292 5 306 823
151 7 126 557
980 94 1015 273
126 10 1113 1168
922 761 365 950
1000 962 1101 1407
543 430 456 704
167 139 594 202
493 338 602 1543
754 618 506 1453
477 100 424 873
227 31 523 529
484 91 294 1150
319 244 145 754
873 413 1239 282
674 69 315 1381
728 610 447 89
48 30 1223 1141
602 179 692 183
221 19 839 820
203 39 1373 1077
462 151 551 439
187 102 1053 1545
254 7 509 18
270 267 175 227
954 797 738 79
820 42 254 822
85 40 873 759
625 369 1558 912
812 534 1572 654
838 828 851 426
427 223 1011 1154
238 24 443 41
87 28 786 1478
906 715 997 1626
650 368 1378 19
373 182 825 129
914 92 1172 1066
489 322 172 307
642 560 56 895
760 28 389 394
687 21 276 1408
412 244 55 830
444 64 1562 1189
384 97 910 880
775 241 690 608
884 423 415 732
42 21 1206 1433
581 566 1014 1497
227 69 1387 180
970 196 1456 985
228 217 878 1042
137 63 385 1431
563 19 1609 1021
544 102 1459 593
931 713 1450 948
916 37 364 1312
105 18 90 809
757 202 1034 602
617 241 620 853
424 125 1537 1033
375 31 793 30
300 77 282 1508
541 192 1463 373
365 352 1422 379
116 63 702 809
28 10 1569 1023
691 202 689 1214
581 91 51 26
233 26 274 1346
296 27 385 1213
801 708 372 12
537 217 885 428
513 303 1228 190
48 11 1036 1244
226 36 1079 449
257 130 196 1376
859 652 539 1590
453 225 781 15
799 386 783 1128
351 71 696 840
482 128 1406 181
696 555 914 1401
391 168 548 1172
411 188 1384 882
133 87 681 1520
305 62 598 900
317 246 627 1176
807 755 1175 343
598 525 1327 1330
324 139 1267 871
817 349 1176 549
547 352 75 300
862 376 45 1369
863 617 779 1482
301 152 1317 159
913 277 1327 392
669 408 1226 270
668 635 685 117
297 146 319 1525
482 302 1049 786
86 25 1347 789
516 364 795 155
158 152 1229 940
758 331 276 146
896 308 1433 1160
241 37 1318 590
550 527 504 108
807 86 1159 1143
933 763 1096 446
666 336 499 1478
688 587 424 621
509 41 754 1494
174 13 1093 1173
98 13 459 1600
992 6 1277 1317
730 228 658 1319
300 225 813 324
256 111 1396 1046
388 96 1007 754
111 92 691 694
327 228 877 1616
839 412 703 106
967 42 584 1439
700 402 126 550
938 225 629 1519
847 344 398 415
449 59 256 617
51 50 1469 68
340 261 324 1581
912 241 1429 668
212 181 5 1107
12 9 209 858
599 544 822 1115
237 137 1099 638
456 278 617 450
897 473 1515 1179
428 284 655 1220
542 283 601 629
462 388 1163 217
738 433 189 220
660 477 379 642
309 1 804 370
223 146 1402 1608
761 590 964 216
431 194 5 55
497 194 1429 59
309 12 1110 1528
799 426 1212 1036
191 59 1610 949
252 29 322 1047
424 383 582 1479
300 133 225 816
654 224 94 211
391 124 629 66
810 119 273 397
586 135 1361 182
731 354 564 561
804 179 532 116
499 174 1196 159
249 32 1574 1193
560 320 1093 2
82 5 113 1102
716 472 1073 1603
643 552 485 335
669 576 1639 814
12 4 995 1033
742 550 1557 392
120 58 942 439
541 105 140 447
41 38 326 1373
939 49 1048 986
754 238 293 391
167 43 1329 666
236 176 1498 38
915 428 174 1014
274 57 946 484
685 361 1238 138
749 435 239 126
552 130 1322 323
552 400 1180 283
472 421 1143 139
845 106 253 1020
937 173 782 228
310 43 1143 853
241 183 225 475
533 337 795 869
857 593 1519 862
908 418 276 929
601 271 1252 266
590 370 825 600
961 138 592 583
444 389 1364 575
920 52 1499 535
729 355 1411 1587
553 89 1567 1581
79 70 1601 950
193 62 279 1554
695 93 181 1460
994 184 450 768
901 152 1562 1301
595 515 1293 510
289 126 37 1353
261 86 1486 776
560 183 1193 109
584 346 426 495
1000 938 534 599
276 133 1347 431
752 585 372 696
528 297 1168 1499
406 175 1512 225
535 83 1596 1088
695 575 132 688
270 14 764 1257
890 520 989 1083
439 141 1240 283
845 638 1422 897
986 564 1033 846
351 341 847 888
390 33 724 1246
604 286 1413 1242
980 241 661 713
757 252 977 396
348 115 1412 353
341 314 461 1641
854 363 1201 1618
708 206 44 549
235 185 1172 1094
488 280 1588 1207
297 18 1271 236
839 43 1585 342
490 456 317 144
942 333 1509 524
718 74 492 1592
374 265 1175 686
172 125 623 1331
322 101 869 1105
805 257 561 362
458 137 892 480
818 470 1324 118
667 558 659 998
625 479 1045 1093
20 2 1611 528
4 3 82 593
930 388 1124 806
713 451 184 1150
173 13 536 1354
443 248 1589 159
609 154 839 1040
479 9 588 1402
166 100 535 345
152 30 906 12
377 164 1214 1265
460 126 245 392
624 41 685 1211
941 378 57 1163
874 555 228 1201
953 423 14 100
573 189 686 1388
42 25 1266 195
342 306 222 1196
110 69 1046 170
532 57 1622 1132
744 58 789 111
413 262 353 1532
574 546 676 491
384 111 105 1130
721 328 1323 1168
281 138 687 191
960 499 1496 295
160 104 681 1439
821 622 1482 25
954 930 1479 1481
334 83 682 534
215 138 234 1152
701 682 1282 586
194 185 496 677
697 146 704 1592
781 449 234 258
