100 4000
94 76 1
11 35 1
23 38 1
61 63 1
22 16 1
48 22 1
25 35 1
95 32 1
61 76 1
12 3 1
8 75 1
6 24 1
88 86 1
2 30 1
32 87 1
22 73 1
37 18 1
3 73 1
47 5 1
49 78 1
16 83 1
43 91 1
27 15 1
67 26 1
95 58 1
15 72 1
47 22 1
91 50 1
5 79 1
37 92 1
57 67 1
74 18 1
98 96 1
93 6 1
58 30 1
45 36 1
18 41 1
82 10 1
14 73 1
16 13 1
4 60 1
49 89 1
34 68 1
10 41 1
16 7 1
10 49 1
35 9 1
43 69 1
88 72 1
62 75 1
78 11 1
47 11 1
39 36 1
21 37 1
25 67 1
80 66 1
20 24 1
90 12 1
78 42 1
87 96 1
100 77 1
64 17 1
58 19 1
85 40 1
5 34 1
13 38 1
93 90 1
76 15 1
51 78 1
49 60 1
66 52 1
62 42 1
37 56 1
22 31 1
27 59 1
17 14 1
57 96 1
40 5 1
27 60 1
63 36 1
71 29 1
91 2 1
81 39 1
55 48 1
55 100 1
13 65 1
46 12 1
28 97 1
70 19 1
99 48 1
94 29 1
44 32 1
54 41 1
73 33 1
46 97 1
26 80 1
91 1 1
84 65 1
53 10 1
82 71 1
11 52 1
61 86 1
65 37 1
63 60 1
74 71 1
53 5 1
81 14 1
85 91 1
15 7 1
26 96 1
94 98 1
44 78 1
69 81 1
41 64 1
97 78 1
27 38 1
12 60 1
34 65 1
4 59 1
30 91 1
29 95 1
46 62 1
73 87 1
9 2 1
44 71 1
32 10 1
1 64 1
85 72 1
8 9 1
46 10 1
31 83 1
13 60 1
82 13 1
66 84 1
96 21 1
40 9 1
33 15 1
27 54 1
16 38 1
1 79 1
88 69 1
43 5 1
26 11 1
49 73 1
50 29 1
1 74 1
35 51 1
71 3 1
60 19 1
80 11 1
30 61 1
42 52 1
91 25 1
92 16 1
94 70 1
59 98 1
17 80 1
84 4 1
91 65 1
6 14 1
7 6 1
57 33 1
78 79 1
10 44 1
21 33 1
83 39 1
36 14 1
62 94 1
82 87 1
1 81 1
9 81 1
40 80 1
60 84 1
79 34 1
55 72 1
79 23 1
75 29 1
43 35 1
9 53 1
47 57 1
100 83 1
55 76 1
49 52 1
18 90 1
73 30 1
69 2 1
82 46 1
93 74 1
29 72 1
5 80 1
5 91 1
98 70 1
11 94 1
48 8 1
53 4 1
98 7 1
62 87 1
17 94 1
32 60 1
45 12 1
12 44 1
41 78 1
100 26 1
16 58 1
5 76 1
86 77 1
7 88 1
26 52 1
34 59 1
3 17 1
10 52 1
59 23 1
3 7 1
24 58 1
50 52 1
20 44 1
46 42 1
50 24 1
52 70 1
86 90 1
14 62 1
50 90 1
87 4 1
98 1 1
17 90 1
32 59 1
63 58 1
96 81 1
42 18 1
71 1 1
47 65 1
38 42 1
56 2 1
34 19 1
74 22 1
73 18 1
73 5 1
43 74 1
21 2 1
89 6 1
67 14 1
93 50 1
61 60 1
80 9 1
91 14 1
61 77 1
11 88 1
38 24 1
52 46 1
66 16 1
57 25 1
56 82 1
53 81 1
38 30 1
87 25 1
81 43 1
33 7 1
34 99 1
96 7 1
53 50 1
88 46 1
32 11 1
11 72 1
65 1 1
90 60 1
99 95 1
17 66 1
76 73 1
74 47 1
91 39 1
98 10 1
15 5 1
66 42 1
62 16 1
35 53 1
78 81 1
32 13 1
82 19 1
91 15 1
42 81 1
73 47 1
14 68 1
64 46 1
55 21 1
41 46 1
100 36 1
56 1 1
68 94 1
79 24 1
46 11 1
13 73 1
35 78 1
24 30 1
80 87 1
46 14 1
17 6 1
71 98 1
72 1 1
20 34 1
11 53 1
54 51 1
75 58 1
42 22 1
47 70 1
70 36 1
18 50 1
50 77 1
58 21 1
53 82 1
75 34 1
51 84 1
4 23 1
93 82 1
79 28 1
9 89 1
80 89 1
99 85 1
80 91 1
30 3 1
54 60 1
23 43 1
41 66 1
66 94 1
14 64 1
98 24 1
52 63 1
20 56 1
53 89 1
31 11 1
35 74 1
84 61 1
60 47 1
56 53 1
62 5 1
60 30 1
25 76 1
87 52 1
72 39 1
11 60 1
1 50 1
4 5 1
65 8 1
42 34 1
3 48 1
75 52 1
10 7 1
92 52 1
48 41 1
5 64 1
1 19 1
51 75 1
54 93 1
64 13 1
40 18 1
97 48 1
34 41 1
87 79 1
5 58 1
42 3 1
37 19 1
96 44 1
55 43 1
12 67 1
8 64 1
59 77 1
75 50 1
34 36 1
95 22 1
28 23 1
71 70 1
63 97 1
55 61 1
14 69 1
90 58 1
76 32 1
45 16 1
23 55 1
61 29 1
27 5 1
99 76 1
94 91 1
81 2 1
16 44 1
28 100 1
59 87 1
57 77 1
48 20 1
93 18 1
99 83 1
66 96 1
76 16 1
3 25 1
91 79 1
84 14 1
39 46 1
4 38 1
52 23 1
91 42 1
53 40 1
73 99 1
90 78 1
17 54 1
44 3 1
15 1 1
30 76 1
19 17 1
14 26 1
61 40 1
76 77 1
60 66 1
28 93 1
47 82 1
95 34 1
7 41 1
18 63 1
1 30 1
40 7 1
18 98 1
11 100 1
70 39 1
72 4 1
24 16 1
31 8 1
80 86 1
66 48 1
60 36 1
89 55 1
84 74 1
77 80 1
93 79 1
71 32 1
50 69 1
37 34 1
79 96 1
56 5 1
64 61 1
92 90 1
11 6 1
21 15 1
43 53 1
86 60 1
81 10 1
89 72 1
47 84 1
11 12 1
95 50 1
58 20 1
66 89 1
66 27 1
18 53 1
10 99 1
13 27 1
23 56 1
66 43 1
58 100 1
61 73 1
99 21 1
4 48 1
69 40 1
97 6 1
30 94 1
76 36 1
28 65 1
49 22 1
85 73 1
33 78 1
60 21 1
75 32 1
23 18 1
16 67 1
45 87 1
32 3 1
60 85 1
64 81 1
76 79 1
18 43 1
39 20 1
55 32 1
34 45 1
1 90 1
47 75 1
71 96 1
76 20 1
69 24 1
85 19 1
64 33 1
58 18 1
58 1 1
4 75 1
96 77 1
89 40 1
52 22 1
69 23 1
79 98 1
48 83 1
6 54 1
49 21 1
82 16 1
38 96 1
48 90 1
83 49 1
51 40 1
21 84 1
29 79 1
60 16 1
96 47 1
54 13 1
100 90 1
6 1 1
86 16 1
48 65 1
57 40 1
45 59 1
98 65 1
10 57 1
42 74 1
90 27 1
96 75 1
84 59 1
42 13 1
11 62 1
34 58 1
87 15 1
74 39 1
21 72 1
95 17 1
41 67 1
80 73 1
23 29 1
85 7 1
84 95 1
4 15 1
58 94 1
97 94 1
92 20 1
68 72 1
36 7 1
3 88 1
25 34 1
43 41 1
76 59 1
88 35 1
96 2 1
29 60 1
99 68 1
58 82 1
88 28 1
29 99 1
59 33 1
81 94 1
5 86 1
24 54 1
30 31 1
60 75 1
94 36 1
59 10 1
58 76 1
67 53 1
59 71 1
50 85 1
2 86 1
90 42 1
63 30 1
88 17 1
12 8 1
80 69 1
57 17 1
46 67 1
60 23 1
91 16 1
84 11 1
73 58 1
60 71 1
38 64 1
35 52 1
15 16 1
99 94 1
22 76 1
24 12 1
89 30 1
85 29 1
72 27 1
50 2 1
81 63 1
13 26 1
14 93 1
96 37 1
67 88 1
92 77 1
84 1 1
48 2 1
98 84 1
90 5 1
54 44 1
66 20 1
76 82 1
55 14 1
83 13 1
47 68 1
89 22 1
82 94 1
5 83 1
87 48 1
36 11 1
81 92 1
20 90 1
77 68 1
70 37 1
93 97 1
22 80 1
95 31 1
39 33 1
86 84 1
99 19 1
70 64 1
37 94 1
24 56 1
50 99 1
56 31 1
21 27 1
30 82 1
90 75 1
11 95 1
64 36 1
14 57 1
24 25 1
37 26 1
62 39 1
13 58 1
34 74 1
77 1 1
48 32 1
100 93 1
54 16 1
29 57 1
67 85 1
74 31 1
52 53 1
10 61 1
48 28 1
87 3 1
16 9 1
98 90 1
75 26 1
79 32 1
90 73 1
91 13 1
93 95 1
18 59 1
25 30 1
11 91 1
72 60 1
47 45 1
53 27 1
9 29 1
43 45 1
77 48 1
9 66 1
73 62 1
99 7 1
18 78 1
91 59 1
68 6 1
8 90 1
59 79 1
70 89 1
67 73 1
88 94 1
63 79 1
21 23 1
58 92 1
59 58 1
4 41 1
23 25 1
26 79 1
7 70 1
22 67 1
40 36 1
54 7 1
95 52 1
65 95 1
92 28 1
5 68 1
30 5 1
79 89 1
1 62 1
64 84 1
51 55 1
80 30 1
59 31 1
28 82 1
86 54 1
89 7 1
85 100 1
54 21 1
76 90 1
92 61 1
85 95 1
42 61 1
20 3 1
96 69 1
38 9 1
14 25 1
34 46 1
91 45 1
43 86 1
69 30 1
41 69 1
86 48 1
97 29 1
13 30 1
29 31 1
10 69 1
55 96 1
30 85 1
7 74 1
35 87 1
89 46 1
79 97 1
70 32 1
100 60 1
22 46 1
85 54 1
40 3 1
78 40 1
88 26 1
16 10 1
41 85 1
32 56 1
3 94 1
60 67 1
52 57 1
63 17 1
62 33 1
2 39 1
14 28 1
96 42 1
89 28 1
15 77 1
66 63 1
92 7 1
2 12 1
99 15 1
6 78 1
39 71 1
72 94 1
46 37 1
21 7 1
66 28 1
94 96 1
35 97 1
96 29 1
2 7 1
37 75 1
93 89 1
95 23 1
76 17 1
64 99 1
76 62 1
14 21 1
17 20 1
56 55 1
22 30 1
87 86 1
26 76 1
53 78 1
90 89 1
46 50 1
22 86 1
45 35 1
23 58 1
90 39 1
73 40 1
94 65 1
90 81 1
15 9 1
64 31 1
54 83 1
98 63 1
74 72 1
27 67 1
9 3 1
86 95 1
7 22 1
100 33 1
55 34 1
19 88 1
70 25 1
59 11 1
58 4 1
69 16 1
97 50 1
68 84 1
31 7 1
32 54 1
41 12 1
6 23 1
9 88 1
73 74 1
39 57 1
88 85 1
19 6 1
54 53 1
43 64 1
90 55 1
24 80 1
64 60 1
2 18 1
73 1 1
12 71 1
72 13 1
44 45 1
82 63 1
19 8 1
47 71 1
98 38 1
70 46 1
83 22 1
24 83 1
29 13 1
53 59 1
43 24 1
97 85 1
53 24 1
55 46 1
8 10 1
93 23 1
78 59 1
86 41 1
1 29 1
74 92 1
98 46 1
92 60 1
71 25 1
15 8 1
86 6 1
13 3 1
14 10 1
41 17 1
41 88 1
7 23 1
56 68 1
90 14 1
57 18 1
21 43 1
14 77 1
100 47 1
28 22 1
66 24 1
41 81 1
42 97 1
5 22 1
91 29 1
17 33 1
36 68 1
50 40 1
28 96 1
2 60 1
79 20 1
54 37 1
26 94 1
47 21 1
84 7 1
91 47 1
52 21 1
75 93 1
88 75 1
84 17 1
64 27 1
45 66 1
10 28 1
31 26 1
65 70 1
33 23 1
26 41 1
29 68 1
48 35 1
45 5 1
67 38 1
55 47 1
79 99 1
45 84 1
19 64 1
54 70 1
62 52 1
67 99 1
51 96 1
8 45 1
93 46 1
19 76 1
92 25 1
64 25 1
51 7 1
18 62 1
33 95 1
71 21 1
15 69 1
60 65 1
18 15 1
73 83 1
25 27 1
69 18 1
98 67 1
97 11 1
53 65 1
83 79 1
28 35 1
14 33 1
49 5 1
98 30 1
41 33 1
6 13 1
55 44 1
90 25 1
41 50 1
80 27 1
89 88 1
90 53 1
7 25 1
83 87 1
85 92 1
83 89 1
1 55 1
6 56 1
72 43 1
15 36 1
77 65 1
53 29 1
90 72 1
61 89 1
53 13 1
90 99 1
8 47 1
71 99 1
96 68 1
98 3 1
67 89 1
25 4 1
21 93 1
78 36 1
64 37 1
67 55 1
2 25 1
49 76 1
10 51 1
38 75 1
61 32 1
65 51 1
89 50 1
63 100 1
8 3 1
22 6 1
74 27 1
29 21 1
55 4 1
91 84 1
31 38 1
6 94 1
57 74 1
18 21 1
47 37 1
63 21 1
100 53 1
92 62 1
24 44 1
30 34 1
66 81 1
25 88 1
39 51 1
73 79 1
62 66 1
81 27 1
64 50 1
60 20 1
23 42 1
20 97 1
53 17 1
27 2 1
17 21 1
86 1 1
51 36 1
65 31 1
43 22 1
90 38 1
78 96 1
24 45 1
35 72 1
87 44 1
94 15 1
99 30 1
8 98 1
100 4 1
4 89 1
74 4 1
36 65 1
45 28 1
39 24 1
50 100 1
15 23 1
64 53 1
87 53 1
11 79 1
45 73 1
96 67 1
89 26 1
72 12 1
58 61 1
80 88 1
81 11 1
99 2 1
80 65 1
42 59 1
92 79 1
96 20 1
36 4 1
59 12 1
89 19 1
75 57 1
73 6 1
50 39 1
93 33 1
69 19 1
92 23 1
77 72 1
14 79 1
90 40 1
88 27 1
37 11 1
96 45 1
74 3 1
10 19 1
86 12 1
43 51 1
66 15 1
82 7 1
38 50 1
59 92 1
57 13 1
17 59 1
72 26 1
92 86 1
10 25 1
61 68 1
4 1 1
25 54 1
56 22 1
74 67 1
100 44 1
64 9 1
45 14 1
44 15 1
44 47 1
86 75 1
2 76 1
2 14 1
48 31 1
22 32 1
32 30 1
11 27 1
25 12 1
72 92 1
59 22 1
90 61 1
98 52 1
59 25 1
6 81 1
91 21 1
43 87 1
66 85 1
29 12 1
20 37 1
1 88 1
34 3 1
40 1 1
29 46 1
27 87 1
41 15 1
30 51 1
47 66 1
41 42 1
41 39 1
72 3 1
62 97 1
34 27 1
81 91 1
92 29 1
31 36 1
83 77 1
4 40 1
59 20 1
99 42 1
63 37 1
14 76 1
45 89 1
83 90 1
28 72 1
81 54 1
78 65 1
57 93 1
75 73 1
83 85 1
26 36 1
89 96 1
77 82 1
64 65 1
13 89 1
54 43 1
35 79 1
82 34 1
11 15 1
25 95 1
4 95 1
74 88 1
23 73 1
52 34 1
9 46 1
49 68 1
62 40 1
66 67 1
25 66 1
63 54 1
67 7 1
6 47 1
96 11 1
92 32 1
26 54 1
14 54 1
98 80 1
85 31 1
61 8 1
23 20 1
64 66 1
53 96 1
65 73 1
35 86 1
74 38 1
73 21 1
20 10 1
78 67 1
61 72 1
11 10 1
66 65 1
11 74 1
46 2 1
83 30 1
36 24 1
78 98 1
88 18 1
71 48 1
77 66 1
19 67 1
57 76 1
1 32 1
10 67 1
44 25 1
5 89 1
64 2 1
80 23 1
20 46 1
43 13 1
50 7 1
87 85 1
3 85 1
62 22 1
1 23 1
43 17 1
87 69 1
13 69 1
11 23 1
99 16 1
94 60 1
93 38 1
3 26 1
30 9 1
11 14 1
69 85 1
78 56 1
85 15 1
16 79 1
44 41 1
65 2 1
29 27 1
61 62 1
92 100 1
48 64 1
97 10 1
72 16 1
46 95 1
40 27 1
99 84 1
93 85 1
67 58 1
64 91 1
49 18 1
27 19 1
4 35 1
51 12 1
63 92 1
95 3 1
8 78 1
69 37 1
79 48 1
10 70 1
87 93 1
82 9 1
55 98 1
81 13 1
16 49 1
97 52 1
92 34 1
38 40 1
71 24 1
45 94 1
49 35 1
59 40 1
98 73 1
75 55 1
22 23 1
18 36 1
21 46 1
35 93 1
51 95 1
58 35 1
80 32 1
14 1 1
14 61 1
97 57 1
33 37 1
81 31 1
29 36 1
37 79 1
59 14 1
83 64 1
36 23 1
68 40 1
24 92 1
39 13 1
80 53 1
53 88 1
73 12 1
57 80 1
77 46 1
40 17 1
20 29 1
44 59 1
6 42 1
42 29 1
83 41 1
34 44 1
97 2 1
85 61 1
55 64 1
35 77 1
59 41 1
70 5 1
36 90 1
57 26 1
90 10 1
84 28 1
16 57 1
43 47 1
30 41 1
78 73 1
45 98 1
28 34 1
41 80 1
59 65 1
19 100 1
67 20 1
21 89 1
71 28 1
57 4 1
79 53 1
57 59 1
89 17 1
60 89 1
3 41 1
16 64 1
57 11 1
15 71 1
19 22 1
40 48 1
1 100 1
18 38 1
11 68 1
43 37 1
83 75 1
76 67 1
57 8 1
94 54 1
80 68 1
1 96 1
93 26 1
72 75 1
21 87 1
50 66 1
86 89 1
17 69 1
13 12 1
62 67 1
93 77 1
76 8 1
4 33 1
37 39 1
16 3 1
58 65 1
25 89 1
97 36 1
100 23 1
2 53 1
66 56 1
76 33 1
28 8 1
37 73 1
28 33 1
28 7 1
69 9 1
73 51 1
89 92 1
88 22 1
52 90 1
39 18 1
11 45 1
74 44 1
38 44 1
2 32 1
35 57 1
95 38 1
70 12 1
70 24 1
62 3 1
28 13 1
76 38 1
32 53 1
13 86 1
4 21 1
7 38 1
31 87 1
79 72 1
26 91 1
98 58 1
69 58 1
65 20 1
73 97 1
65 86 1
71 54 1
79 39 1
42 88 1
1 22 1
32 67 1
63 99 1
95 76 1
37 91 1
88 98 1
49 90 1
69 99 1
58 89 1
8 81 1
27 14 1
52 8 1
7 5 1
76 10 1
49 42 1
55 77 1
14 85 1
70 100 1
49 86 1
51 9 1
41 45 1
12 68 1
53 84 1
50 80 1
40 92 1
40 76 1
61 93 1
23 3 1
33 24 1
92 84 1
87 22 1
84 2 1
2 35 1
42 31 1
74 37 1
96 99 1
74 2 1
13 24 1
51 83 1
66 68 1
60 68 1
49 93 1
16 23 1
79 18 1
27 68 1
30 84 1
49 32 1
70 20 1
81 30 1
47 26 1
59 93 1
90 84 1
27 82 1
80 37 1
92 10 1
89 42 1
51 37 1
72 63 1
33 34 1
35 40 1
92 71 1
56 3 1
97 3 1
41 99 1
1 39 1
43 20 1
53 95 1
57 20 1
96 27 1
2 41 1
45 22 1
87 78 1
51 88 1
98 97 1
63 87 1
56 88 1
70 90 1
78 54 1
12 94 1
57 66 1
15 73 1
27 89 1
82 33 1
37 13 1
25 58 1
86 97 1
69 68 1
45 71 1
61 19 1
45 93 1
56 76 1
85 82 1
90 68 1
18 32 1
97 82 1
13 88 1
3 11 1
91 32 1
10 63 1
12 6 1
97 100 1
66 90 1
33 86 1
98 14 1
59 48 1
24 29 1
97 7 1
61 88 1
16 53 1
37 98 1
31 92 1
52 44 1
12 15 1
49 48 1
26 68 1
4 24 1
58 85 1
5 13 1
27 86 1
81 12 1
69 5 1
16 55 1
75 36 1
1 94 1
26 48 1
47 67 1
5 24 1
92 47 1
33 47 1
74 58 1
1 99 1
10 89 1
8 20 1
19 16 1
31 27 1
73 70 1
92 73 1
88 73 1
92 22 1
16 94 1
42 70 1
31 51 1
98 51 1
27 50 1
81 79 1
86 28 1
27 44 1
73 28 1
79 12 1
73 27 1
94 61 1
3 82 1
50 37 1
9 11 1
38 20 1
84 70 1
26 97 1
26 78 1
68 44 1
95 73 1
55 70 1
63 67 1
86 85 1
95 19 1
47 15 1
97 30 1
82 75 1
55 73 1
8 62 1
97 95 1
87 90 1
74 96 1
12 18 1
43 33 1
20 68 1
68 19 1
98 99 1
6 71 1
65 10 1
21 69 1
14 8 1
8 68 1
23 74 1
39 35 1
61 38 1
30 26 1
9 49 1
49 41 1
45 67 1
85 96 1
39 52 1
30 67 1
91 4 1
57 49 1
19 33 1
65 96 1
44 2 1
19 23 1
34 64 1
98 48 1
14 20 1
39 77 1
71 81 1
49 62 1
55 29 1
58 91 1
97 17 1
12 14 1
28 2 1
77 98 1
47 63 1
62 68 1
75 16 1
95 14 1
79 40 1
51 45 1
93 67 1
94 38 1
76 24 1
80 63 1
84 73 1
20 42 1
80 72 1
36 69 1
74 20 1
72 31 1
98 50 1
44 36 1
14 53 1
74 79 1
69 28 1
57 53 1
90 44 1
9 71 1
19 15 1
39 3 1
3 84 1
75 7 1
55 82 1
30 36 1
8 24 1
72 81 1
91 3 1
39 64 1
41 84 1
97 37 1
21 35 1
62 100 1
99 81 1
18 9 1
7 62 1
61 54 1
31 55 1
86 53 1
77 41 1
55 80 1
87 10 1
39 32 1
46 32 1
60 26 1
20 63 1
67 49 1
98 43 1
76 46 1
57 7 1
80 46 1
16 71 1
74 59 1
5 50 1
91 48 1
36 77 1
39 6 1
37 59 1
7 45 1
94 34 1
19 50 1
43 94 1
46 56 1
95 81 1
40 100 1
50 55 1
21 68 1
85 37 1
67 1 1
58 26 1
54 76 1
40 2 1
22 40 1
43 82 1
25 79 1
69 70 1
87 23 1
79 38 1
87 47 1
57 23 1
43 57 1
99 46 1
39 66 1
57 98 1
91 97 1
60 39 1
78 16 1
69 38 1
33 48 1
37 58 1
13 75 1
51 64 1
56 70 1
96 56 1
10 72 1
83 76 1
98 27 1
58 7 1
4 76 1
34 38 1
82 15 1
64 97 1
8 58 1
57 90 1
37 84 1
91 6 1
52 24 1
26 90 1
17 49 1
90 82 1
27 36 1
54 15 1
55 17 1
89 14 1
63 65 1
99 92 1
95 39 1
34 31 1
18 47 1
46 86 1
34 8 1
34 14 1
95 30 1
18 31 1
6 57 1
95 88 1
73 25 1
3 64 1
78 64 1
41 71 1
64 30 1
19 63 1
37 10 1
3 47 1
33 96 1
48 7 1
54 45 1
28 24 1
20 83 1
8 41 1
86 9 1
12 61 1
42 8 1
60 74 1
15 17 1
16 84 1
10 60 1
90 47 1
32 42 1
65 68 1
4 92 1
2 90 1
93 9 1
27 77 1
71 46 1
18 65 1
9 94 1
86 100 1
11 21 1
54 22 1
96 15 1
4 14 1
48 47 1
75 9 1
52 36 1
20 72 1
67 3 1
29 10 1
45 65 1
18 75 1
35 96 1
38 56 1
97 4 1
38 66 1
54 59 1
25 47 1
79 15 1
7 91 1
40 98 1
54 99 1
94 35 1
15 46 1
72 18 1
23 61 1
66 31 1
67 23 1
56 86 1
29 30 1
56 33 1
37 88 1
8 84 1
99 25 1
94 40 1
30 66 1
44 53 1
41 65 1
82 74 1
28 6 1
43 59 1
62 48 1
51 70 1
45 72 1
6 30 1
59 21 1
90 54 1
49 70 1
72 52 1
23 91 1
87 77 1
90 30 1
91 57 1
73 42 1
99 35 1
96 50 1
44 7 1
74 78 1
98 72 1
8 4 1
74 56 1
1 92 1
56 29 1
82 11 1
2 59 1
21 98 1
45 9 1
99 45 1
33 45 1
59 81 1
31 43 1
3 75 1
16 21 1
54 38 1
41 11 1
32 73 1
86 58 1
90 77 1
29 73 1
58 88 1
29 40 1
82 84 1
3 50 1
56 10 1
31 5 1
54 40 1
51 93 1
12 37 1
64 6 1
58 33 1
60 62 1
23 14 1
22 21 1
26 19 1
30 92 1
44 28 1
38 59 1
44 63 1
98 68 1
21 82 1
61 96 1
31 21 1
87 28 1
92 68 1
99 4 1
7 49 1
14 50 1
44 48 1
53 45 1
80 85 1
49 91 1
15 2 1
51 46 1
37 61 1
74 83 1
35 82 1
88 55 1
43 16 1
16 97 1
92 75 1
97 14 1
1 11 1
81 57 1
24 86 1
40 41 1
89 32 1
10 95 1
42 24 1
59 35 1
64 90 1
80 13 1
35 20 1
25 78 1
75 10 1
93 39 1
49 40 1
57 63 1
91 71 1
73 53 1
67 40 1
47 72 1
42 10 1
44 60 1
38 15 1
13 25 1
28 30 1
94 41 1
47 4 1
23 99 1
88 24 1
59 30 1
21 77 1
25 29 1
13 18 1
40 47 1
49 98 1
31 39 1
9 17 1
51 3 1
69 61 1
47 80 1
50 12 1
22 36 1
37 4 1
8 1 1
44 22 1
96 34 1
48 14 1
35 30 1
67 90 1
54 3 1
1 12 1
95 35 1
95 83 1
8 87 1
1 45 1
100 18 1
43 78 1
39 68 1
47 7 1
86 99 1
69 45 1
68 91 1
62 13 1
25 82 1
32 6 1
5 74 1
54 56 1
31 33 1
75 12 1
23 63 1
82 73 1
14 51 1
30 75 1
54 4 1
48 16 1
91 88 1
31 76 1
23 30 1
87 50 1
65 56 1
63 43 1
34 70 1
5 88 1
59 85 1
77 33 1
8 33 1
53 36 1
39 92 1
40 26 1
11 56 1
81 22 1
25 19 1
2 34 1
87 91 1
75 81 1
47 52 1
51 6 1
49 87 1
52 7 1
71 51 1
94 47 1
51 56 1
51 26 1
38 2 1
32 88 1
22 10 1
3 31 1
78 77 1
48 53 1
60 35 1
84 88 1
55 22 1
98 25 1
95 5 1
90 37 1
2 43 1
67 48 1
100 74 1
48 5 1
13 48 1
98 41 1
13 20 1
85 2 1
64 59 1
35 80 1
89 95 1
60 76 1
99 100 1
34 62 1
43 79 1
12 88 1
70 91 1
97 72 1
11 16 1
22 85 1
99 91 1
3 66 1
25 56 1
70 31 1
20 55 1
49 29 1
55 69 1
17 62 1
32 29 1
21 85 1
32 33 1
24 10 1
70 78 1
16 81 1
90 28 1
32 38 1
56 34 1
77 13 1
89 23 1
98 44 1
49 59 1
46 36 1
82 100 1
70 15 1
85 98 1
95 71 1
88 52 1
13 87 1
95 57 1
25 18 1
78 24 1
73 86 1
43 6 1
23 81 1
4 98 1
11 2 1
14 31 1
7 80 1
8 18 1
67 9 1
6 60 1
94 95 1
72 17 1
19 11 1
91 98 1
66 78 1
35 37 1
30 100 1
53 41 1
1 93 1
32 58 1
44 85 1
85 11 1
18 34 1
73 41 1
28 49 1
23 41 1
33 40 1
23 5 1
74 98 1
3 53 1
2 52 1
68 23 1
23 71 1
23 62 1
51 34 1
92 3 1
35 42 1
23 65 1
75 59 1
74 89 1
62 27 1
13 79 1
51 61 1
38 47 1
18 26 1
63 16 1
51 86 1
23 45 1
94 64 1
84 57 1
98 16 1
86 81 1
34 7 1
16 77 1
18 3 1
89 47 1
64 44 1
83 47 1
17 35 1
75 67 1
97 76 1
74 24 1
64 82 1
42 60 1
6 65 1
9 98 1
90 7 1
78 99 1
90 13 1
43 89 1
32 24 1
7 69 1
45 19 1
2 88 1
42 95 1
100 20 1
88 33 1
99 97 1
82 67 1
61 35 1
93 65 1
34 97 1
28 42 1
50 60 1
24 2 1
50 15 1
3 80 1
94 50 1
2 83 1
43 34 1
73 24 1
62 38 1
55 41 1
74 76 1
80 61 1
14 13 1
56 91 1
34 16 1
44 42 1
48 96 1
75 22 1
74 46 1
50 70 1
49 44 1
73 91 1
85 49 1
65 44 1
79 82 1
16 40 1
53 91 1
67 70 1
51 74 1
74 70 1
39 26 1
34 17 1
80 28 1
33 44 1
7 29 1
78 92 1
31 10 1
84 6 1
99 80 1
19 29 1
1 44 1
32 26 1
80 70 1
42 11 1
30 93 1
95 54 1
71 35 1
38 83 1
62 82 1
25 77 1
85 75 1
29 2 1
13 23 1
35 67 1
72 7 1
30 21 1
70 27 1
13 9 1
23 70 1
98 54 1
75 76 1
87 26 1
44 5 1
86 68 1
63 15 1
66 72 1
28 15 1
15 81 1
76 42 1
82 66 1
87 1 1
42 43 1
32 82 1
17 28 1
52 81 1
70 86 1
34 86 1
72 53 1
89 100 1
22 4 1
75 74 1
27 71 1
58 80 1
82 72 1
54 100 1
95 72 1
60 97 1
49 81 1
66 7 1
18 29 1
27 22 1
42 14 1
68 59 1
77 89 1
8 93 1
97 43 1
1 53 1
21 53 1
7 78 1
28 9 1
86 93 1
35 90 1
44 88 1
18 82 1
74 36 1
95 43 1
83 57 1
81 82 1
67 92 1
85 53 1
86 30 1
82 91 1
69 94 1
34 84 1
45 57 1
42 84 1
25 1 1
61 46 1
83 63 1
75 42 1
7 43 1
87 40 1
10 79 1
24 21 1
40 56 1
92 49 1
73 9 1
66 44 1
74 49 1
34 67 1
58 56 1
7 9 1
8 91 1
67 8 1
92 12 1
21 64 1
13 94 1
54 49 1
34 93 1
86 67 1
25 94 1
12 9 1
52 85 1
94 24 1
59 61 1
66 22 1
94 85 1
28 27 1
80 67 1
69 72 1
11 76 1
65 22 1
11 29 1
79 9 1
64 4 1
61 75 1
97 25 1
88 68 1
73 26 1
28 81 1
78 58 1
5 85 1
66 6 1
58 50 1
75 69 1
100 5 1
25 93 1
48 58 1
21 45 1
2 45 1
13 99 1
40 91 1
98 56 1
80 94 1
92 18 1
27 7 1
79 6 1
32 96 1
87 75 1
11 39 1
95 21 1
1 49 1
27 95 1
9 19 1
42 2 1
15 10 1
20 88 1
94 63 1
29 93 1
36 41 1
92 11 1
37 22 1
24 93 1
9 50 1
66 35 1
5 38 1
43 56 1
19 55 1
27 33 1
49 51 1
69 66 1
28 36 1
81 5 1
47 50 1
12 100 1
31 6 1
11 67 1
49 64 1
21 100 1
84 33 1
73 52 1
40 30 1
28 59 1
62 80 1
6 63 1
82 54 1
64 11 1
61 21 1
72 46 1
20 87 1
94 46 1
56 64 1
32 40 1
81 83 1
84 78 1
1 52 1
58 14 1
34 73 1
63 35 1
35 5 1
18 44 1
79 36 1
65 14 1
14 7 1
20 69 1
89 34 1
71 55 1
59 13 1
25 68 1
49 58 1
53 37 1
16 51 1
71 13 1
59 95 1
17 44 1
14 87 1
24 14 1
48 75 1
89 91 1
52 31 1
10 13 1
78 48 1
46 19 1
1 20 1
1 47 1
39 38 1
35 98 1
56 79 1
82 39 1
36 16 1
86 15 1
25 62 1
31 99 1
10 74 1
78 5 1
83 8 1
41 6 1
80 8 1
49 27 1
78 72 1
4 96 1
19 4 1
50 67 1
71 76 1
25 50 1
31 50 1
82 99 1
63 64 1
76 9 1
43 38 1
56 62 1
20 84 1
77 38 1
33 42 1
17 8 1
2 72 1
8 43 1
77 81 1
84 25 1
6 70 1
18 5 1
18 16 1
52 9 1
89 35 1
66 98 1
87 70 1
51 63 1
67 5 1
56 61 1
2 36 1
27 100 1
55 45 1
79 84 1
14 3 1
72 83 1
62 88 1
37 89 1
85 20 1
93 73 1
54 50 1
12 64 1
72 14 1
89 98 1
17 56 1
98 92 1
5 25 1
59 24 1
92 6 1
95 49 1
34 81 1
10 21 1
67 39 1
18 30 1
6 16 1
59 63 1
38 12 1
14 41 1
53 49 1
97 80 1
82 1 1
55 86 1
20 71 1
20 40 1
1 16 1
94 5 1
43 12 1
2 95 1
5 8 1
58 29 1
91 54 1
1 41 1
62 15 1
51 47 1
93 32 1
75 2 1
90 79 1
62 95 1
48 9 1
59 39 1
73 68 1
89 68 1
57 19 1
54 79 1
93 66 1
58 22 1
41 25 1
69 34 1
22 64 1
18 95 1
68 79 1
27 55 1
21 19 1
13 17 1
89 38 1
14 32 1
38 68 1
32 66 1
95 98 1
7 86 1
69 25 1
97 27 1
97 69 1
81 32 1
28 11 1
4 17 1
66 55 1
54 96 1
9 96 1
80 21 1
8 11 1
31 12 1
100 38 1
51 100 1
72 9 1
14 35 1
73 96 1
8 53 1
18 55 1
80 4 1
98 11 1
8 51 1
69 56 1
90 19 1
26 33 1
24 84 1
11 24 1
27 85 1
52 16 1
78 34 1
4 18 1
25 26 1
94 44 1
77 32 1
68 87 1
88 97 1
99 93 1
72 76 1
4 61 1
5 75 1
27 20 1
22 11 1
19 36 1
97 66 1
35 73 1
76 87 1
67 43 1
76 44 1
29 80 1
37 68 1
3 63 1
46 57 1
19 24 1
70 40 1
48 54 1
18 64 1
9 6 1
69 11 1
65 81 1
33 68 1
51 99 1
17 7 1
64 67 1
27 58 1
66 18 1
97 56 1
79 100 1
87 2 1
54 67 1
50 10 1
29 38 1
86 19 1
7 8 1
41 35 1
5 37 1
72 91 1
42 36 1
43 71 1
85 4 1
44 77 1
47 62 1
60 43 1
76 86 1
49 26 1
56 93 1
84 58 1
93 27 1
72 36 1
42 39 1
35 1 1
35 23 1
66 88 1
41 22 1
6 37 1
37 41 1
6 46 1
66 14 1
86 3 1
77 7 1
55 65 1
76 85 1
41 13 1
66 71 1
96 3 1
91 10 1
68 43 1
58 57 1
37 78 1
10 1 1
61 39 1
36 99 1
30 17 1
45 74 1
16 87 1
58 15 1
92 55 1
53 61 1
88 21 1
41 82 1
85 35 1
63 33 1
50 78 1
26 20 1
66 75 1
74 63 1
68 13 1
86 94 1
58 52 1
7 26 1
61 9 1
53 51 1
2 62 1
81 73 1
40 65 1
49 14 1
78 19 1
85 47 1
56 9 1
57 61 1
80 64 1
2 47 1
47 49 1
73 2 1
36 59 1
96 70 1
48 19 1
62 31 1
43 3 1
92 45 1
15 68 1
8 26 1
65 97 1
71 90 1
61 70 1
98 61 1
43 83 1
1 54 1
77 3 1
8 56 1
33 30 1
94 27 1
89 8 1
46 78 1
88 10 1
75 45 1
65 75 1
81 93 1
99 74 1
32 34 1
29 34 1
62 51 1
48 57 1
46 63 1
71 89 1
94 20 1
25 33 1
100 65 1
30 19 1
50 21 1
17 12 1
73 43 1
89 82 1
74 50 1
17 60 1
70 62 1
39 89 1
38 63 1
76 93 1
32 31 1
76 84 1
9 59 1
9 65 1
40 13 1
44 26 1
10 54 1
12 66 1
23 82 1
52 13 1
89 29 1
19 43 1
47 10 1
63 45 1
55 49 1
30 37 1
77 23 1
81 25 1
12 85 1
25 46 1
36 88 1
17 68 1
87 34 1
46 26 1
22 91 1
16 93 1
88 40 1
93 48 1
78 3 1
10 78 1
26 66 1
23 48 1
36 57 1
61 65 1
15 48 1
75 71 1
96 95 1
22 35 1
51 50 1
4 83 1
38 71 1
84 67 1
52 74 1
15 95 1
84 48 1
41 63 1
14 38 1
76 78 1
92 83 1
17 86 1
7 81 1
37 87 1
30 88 1
50 34 1
34 10 1
96 13 1
40 58 1
80 10 1
17 36 1
56 50 1
68 75 1
45 70 1
92 51 1
29 62 1
30 12 1
81 33 1
49 69 1
40 39 1
10 48 1
76 7 1
31 63 1
18 14 1
31 19 1
96 12 1
2 20 1
11 71 1
90 34 1
80 31 1
42 55 1
20 93 1
93 68 1
97 74 1
61 36 1
19 52 1
44 23 1
89 44 1
66 95 1
30 48 1
11 86 1
54 69 1
19 62 1
64 74 1
17 87 1
22 98 1
74 21 1
22 33 1
80 56 1
69 63 1
46 54 1
70 33 1
39 9 1
72 25 1
6 29 1
26 12 1
19 94 1
37 3 1
60 22 1
25 65 1
12 27 1
48 52 1
12 23 1
23 86 1
41 19 1
29 59 1
57 21 1
16 26 1
72 23 1
77 84 1
96 88 1
20 25 1
92 46 1
16 14 1
45 4 1
76 51 1
32 35 1
100 64 1
55 83 1
33 60 1
74 94 1
18 33 1
69 47 1
2 3 1
26 9 1
49 43 1
95 82 1
9 21 1
52 20 1
99 26 1
60 1 1
13 36 1
74 12 1
28 94 1
3 38 1
47 12 1
75 84 1
37 67 1
12 5 1
50 8 1
42 21 1
93 12 1
87 18 1
6 33 1
24 3 1
80 1 1
38 88 1
71 67 1
20 62 1
100 25 1
50 57 1
40 83 1
98 83 1
22 38 1
20 6 1
46 83 1
69 39 1
63 22 1
61 83 1
99 72 1
40 60 1
22 15 1
75 54 1
38 87 1
31 60 1
26 23 1
84 54 1
36 84 1
39 86 1
41 57 1
3 58 1
68 41 1
63 40 1
77 9 1
84 87 1
64 92 1
55 93 1
83 70 1
25 51 1
57 12 1
99 89 1
9 100 1
50 26 1
73 48 1
55 3 1
82 92 1
51 38 1
27 65 1
98 53 1
83 53 1
69 71 1
96 30 1
45 15 1
61 44 1
48 76 1
37 25 1
16 100 1
29 63 1
76 45 1
81 87 1
42 26 1
84 71 1
6 62 1
86 69 1
71 30 1
56 90 1
95 68 1
58 42 1
77 12 1
44 79 1
47 53 1
35 26 1
72 73 1
72 96 1
32 27 1
16 8 1
35 8 1
2 23 1
96 82 1
91 93 1
44 8 1
61 99 1
68 1 1
86 74 1
20 77 1
19 12 1
35 62 1
37 24 1
1 26 1
17 75 1
62 43 1
71 40 1
1 78 1
59 6 1
52 25 1
26 43 1
69 65 1
22 69 1
1 66 1
50 82 1
34 6 1
46 73 1
97 33 1
85 10 1
22 8 1
10 100 1
24 1 1
8 88 1
26 53 1
43 90 1
66 19 1
92 26 1
72 5 1
29 45 1
12 42 1
39 73 1
79 65 1
59 73 1
90 33 1
70 76 1
2 37 1
57 60 1
58 72 1
75 28 1
69 3 1
70 29 1
41 9 1
69 42 1
9 78 1
40 77 1
31 77 1
13 8 1
4 26 1
29 64 1
51 15 1
25 45 1
50 17 1
37 55 1
85 79 1
49 45 1
56 81 1
13 76 1
35 33 1
80 59 1
33 16 1
72 30 1
52 55 1
34 1 1
99 47 1
76 63 1
17 96 1
92 87 1
52 99 1
10 96 1
9 85 1
71 52 1
40 93 1
54 28 1
8 99 1
50 30 1
52 79 1
43 25 1
82 2 1
35 47 1
16 73 1
31 82 1
14 75 1
47 97 1
82 40 1
33 2 1
69 4 1
46 40 1
7 55 1
45 30 1
80 44 1
58 96 1
37 83 1
45 31 1
75 46 1
40 23 1
33 38 1
10 55 1
53 30 1
87 5 1
7 24 1
95 55 1
70 28 1
64 24 1
85 36 1
50 4 1
58 97 1
69 8 1
13 19 1
37 31 1
78 71 1
8 82 1
7 94 1
61 3 1
15 40 1
25 15 1
1 28 1
30 70 1
12 55 1
99 56 1
20 81 1
48 63 1
41 38 1
73 20 1
35 70 1
12 39 1
53 20 1
66 23 1
45 6 1
77 69 1
19 28 1
5 46 1
47 13 1
1 38 1
24 91 1
22 34 1
46 35 1
18 10 1
90 32 1
99 62 1
35 24 1
62 9 1
100 95 1
6 4 1
7 39 1
33 54 1
7 4 1
39 30 1
59 60 1
43 46 1
34 77 1
9 25 1
4 71 1
53 22 1
27 51 1
38 53 1
42 50 1
11 25 1
45 42 1
52 45 1
60 70 1
27 91 1
85 55 1
83 44 1
24 23 1
82 37 1
76 66 1
49 80 1
49 30 1
91 90 1
82 17 1
5 2 1
42 92 1
51 85 1
21 81 1
83 9 1
46 66 1
8 40 1
28 77 1
69 76 1
100 15 1
83 56 1
63 71 1
77 22 1
85 90 1
1 27 1
64 62 1
14 83 1
39 16 1
9 43 1
28 68 1
38 72 1
52 27 1
63 56 1
66 2 1
99 66 1
24 85 1
12 32 1
45 60 1
51 69 1
52 30 1
74 81 1
7 35 1
65 99 1
34 72 1
48 12 1
84 23 1
92 66 1
90 51 1
45 40 1
23 78 1
1 97 1
29 17 1
21 40 1
96 19 1
11 33 1
70 77 1
12 33 1
29 54 1
95 7 1
92 54 1
52 5 1
94 87 1
58 17 1
9 54 1
90 97 1
57 64 1
96 41 1
95 6 1
65 19 1
56 39 1
23 96 1
78 95 1
85 77 1
62 71 1
89 87 1
22 96 1
35 12 1
56 59 1
15 34 1
23 83 1
32 63 1
94 84 1
71 26 1
24 95 1
85 18 1
89 73 1
93 52 1
71 80 1
85 62 1
100 84 1
56 72 1
51 81 1
73 7 1
53 55 1
100 3 1
82 57 1
96 43 1
70 16 1
43 44 1
52 69 1
29 74 1
54 66 1
66 21 1
59 100 1
44 51 1
100 78 1
99 33 1
86 32 1
80 20 1
30 56 1
38 97 1
100 88 1
53 75 1
32 99 1
26 59 1
58 28 1
35 55 1
1 75 1
2 4 1
96 76 1
85 81 1
96 25 1
81 36 1
2 92 1
36 89 1
58 99 1
36 1 1
62 36 1
44 62 1
16 50 1
93 42 1
33 66 1
82 36 1
49 88 1
46 8 1
81 60 1
91 55 1
4 46 1
85 34 1
88 29 1
71 68 1
69 79 1
83 15 1
62 58 1
36 56 1
9 23 1
16 96 1
8 66 1
51 5 1
6 77 1
65 92 1
53 39 1
96 46 1
100 43 1
13 50 1
29 4 1
78 28 1
83 94 1
28 46 1
47 81 1
87 46 1
32 97 1
9 47 1
40 19 1
11 50 1
65 71 1
13 15 1
76 100 1
57 44 1
62 65 1
21 12 1
86 40 1
100 46 1
5 14 1
59 66 1
98 47 1
6 35 1
2 31 1
62 21 1
67 69 1
6 90 1
18 35 1
67 6 1
42 25 1
64 54 1
68 81 1
69 31 1
15 31 1
57 2 1
87 100 1
21 76 1
75 43 1
2 89 1
53 25 1
70 82 1
50 76 1
2 55 1
21 78 1
78 93 1
99 17 1
51 94 1
44 40 1
66 49 1
62 50 1
3 6 1
23 10 1
56 71 1
42 15 1
17 27 1
60 58 1
92 27 1
14 9 1
94 21 1
46 45 1
11 20 1
88 34 1
18 22 1
73 63 1
61 2 1
44 46 1
15 60 1
82 24 1
89 20 1
74 95 1
90 3 1
92 41 1
10 77 1
55 60 1
94 78 1
64 93 1
5 1 1
38 84 1
47 23 1
24 17 1
85 45 1
69 6 1
95 13 1
6 53 1
90 23 1
86 45 1
61 22 1
18 46 1
54 39 1
64 73 1
33 1 1
29 90 1
39 65 1
1 63 1
54 73 1
88 92 1
80 48 1
96 93 1
58 10 1
62 37 1
60 73 1
61 27 1
46 23 1
74 9 1
43 85 1
52 100 1
54 58 1
75 6 1
75 77 1
10 9 1
57 73 1
28 18 1
30 8 1
45 90 1
17 77 1
68 51 1
29 47 1
41 32 1
84 85 1
88 60 1
69 26 1
89 94 1
30 55 1
54 87 1
3 70 1
95 77 1
27 23 1
53 92 1
48 68 1
43 80 1
20 5 1
71 7 1
43 84 1
11 61 1
23 39 1
66 73 1
70 22 1
83 18 1
40 81 1
21 83 1
67 91 1
85 13 1
78 45 1
19 54 1
7 20 1
15 75 1
11 73 1
52 86 1
80 100 1
30 42 1
45 82 1
10 4 1
94 93 1
87 65 1
99 11 1
46 24 1
55 15 1
84 9 1
12 56 1
98 36 1
4 49 1
44 30 1
92 38 1
70 38 1
29 82 1
72 71 1
44 93 1
79 3 1
97 87 1
58 39 1
55 25 1
90 65 1
57 1 1
32 25 1
67 24 1
51 21 1
76 47 1
17 38 1
93 41 1
4 34 1
97 71 1
80 74 1
84 44 1
57 72 1
77 51 1
58 12 1
44 86 1
28 56 1
97 45 1
61 41 1
93 98 1
23 76 1
34 83 1
53 94 1
70 2 1
69 46 1
32 64 1
53 69 1
24 65 1
62 63 1
30 7 1
33 20 1
93 15 1
24 81 1
63 95 1
97 89 1
76 43 1
88 39 1
100 8 1
34 57 1
48 18 1
76 39 1
7 60 1
23 17 1
32 85 1
8 92 1
22 99 1
28 40 1
63 70 1
11 34 1
10 86 1
57 86 1
12 53 1
85 74 1
67 79 1
48 39 1
50 36 1
11 55 1
12 54 1
61 5 1
32 72 1
48 50 1
39 96 1
85 8 1
59 3 1
58 51 1
39 78 1
20 19 1
36 54 1
76 65 1
3 45 1
15 64 1
28 61 1
57 28 1
17 73 1
72 24 1
38 11 1
55 78 1
62 53 1
5 9 1
79 77 1
88 31 1
5 66 1
11 63 1
5 92 1
99 87 1
12 69 1
96 59 1
67 83 1
39 80 1
77 4 1
90 74 1
79 60 1
17 83 1
81 35 1
24 61 1
59 99 1
92 50 1
75 41 1
90 63 1
9 97 1
22 24 1
39 17 1
85 42 1
17 10 1
19 97 1
8 79 1
84 27 1
70 92 1
35 16 1
40 74 1
7 56 1
95 64 1
84 63 1
6 8 1
13 93 1
99 40 1
69 33 1
49 84 1
24 68 1
100 37 1
30 54 1
57 100 1
73 50 1
33 29 1
69 92 1
97 92 1
8 25 1
79 50 1
28 52 1
27 6 1
32 47 1
53 70 1
30 46 1
34 91 1
26 28 1
75 89 1
59 90 1
75 78 1
20 54 1
83 84 1
48 82 1
29 100 1
18 54 1
25 17 1
5 10 1
49 77 1
13 44 1
95 60 1
61 66 1
32 62 1
87 88 1
83 58 1
62 26 1
6 87 1
97 55 1
35 54 1
60 28 1
80 81 1
7 59 1
9 90 1
61 50 1
68 52 1
8 95 1
4 32 1
28 32 1
16 27 1
83 97 1
57 92 1
48 36 1
71 37 1
35 92 1
38 46 1
8 21 1
64 52 1
38 26 1
15 39 1
85 26 1
93 17 1
26 77 1
32 100 1
60 48 1
55 94 1
95 80 1
29 15 1
1 76 1
90 96 1
51 2 1
31 98 1
77 99 1
36 9 1
18 51 1
24 49 1
51 32 1
26 98 1
99 37 1
18 99 1
91 66 1
46 58 1
28 4 1
31 78 1
47 61 1
34 66 1
90 21 1
46 16 1
26 82 1
77 30 1
45 20 1
19 75 1
75 49 1
95 26 1
24 31 1
74 41 1
75 95 1
89 81 1
1 2 1
57 38 1
99 55 1
81 98 1
21 20 1
37 27 1
83 42 1
92 17 1
8 70 1
97 18 1
42 71 1
91 28 1
85 68 1
65 17 1
62 28 1
84 80 1
42 77 1
58 53 1
94 4 1
100 2 1
51 41 1
88 43 1
28 39 1
24 63 1
5 33 1
82 52 1
42 98 1
68 32 1
33 74 1
83 60 1
79 17 1
62 86 1
89 12 1
52 83 1
77 56 1
38 25 1
89 15 1
93 53 1
31 20 1
36 8 1
59 5 1
43 92 1
61 17 1
82 20 1
49 46 1
71 8 1
46 53 1
64 28 1
74 16 1
63 9 1
67 18 1
9 32 1
19 42 1
54 42 1
1 83 1
20 4 1
51 11 1
37 45 1
13 92 1
22 84 1
69 83 1
11 17 1
69 57 1
54 11 1
96 97 1
3 46 1
31 94 1
57 94 1
28 85 1
80 82 1
76 37 1
61 34 1
8 55 1
18 77 1
38 19 1
54 72 1
74 91 1
21 65 1
56 89 1
91 9 1
76 41 1
47 86 1
63 50 1
74 6 1
42 64 1
57 88 1
29 28 1
71 57 1
99 24 1
25 48 1
76 88 1
72 19 1
20 15 1
10 30 1
58 68 1
44 11 1
84 13 1
45 50 1
47 58 1
6 55 1
20 12 1
85 6 1
76 12 1
82 44 1
97 13 1
93 47 1
67 33 1
31 16 1
51 60 1
98 75 1
48 94 1
63 14 1
97 81 1
75 33 1
41 95 1
11 87 1
97 54 1
83 26 1
69 35 1
83 71 1
83 29 1
6 25 1
49 13 1
33 89 1
31 89 1
84 93 1
68 54 1
44 6 1
67 81 1
59 83 1
72 64 1
26 34 1
67 13 1
48 95 1
66 58 1
42 9 1
15 6 1
94 59 1
41 28 1
39 27 1
43 15 1
44 72 1
38 82 1
94 2 1
94 22 1
43 30 1
74 61 1
51 23 1
23 75 1
32 23 1
92 93 1
50 71 1
31 90 1
99 57 1
87 72 1
65 33 1
36 5 1
39 63 1
37 28 1
100 42 1
3 22 1
52 41 1
65 3 1
93 62 1
85 65 1
71 87 1
72 62 1
27 4 1
1 46 1
16 32 1
66 10 1
78 47 1
52 33 1
91 46 1
78 13 1
19 47 1
19 81 1
32 65 1
27 41 1
49 19 1
48 46 1
14 22 1
95 69 1
4 39 1
71 93 1
91 18 1
80 92 1
92 94 1
28 99 1
3 57 1
59 97 1
66 79 1
45 38 1
44 81 1
85 39 1
71 100 1
57 78 1
97 24 1
89 65 1
49 38 1
94 10 1
86 78 1
64 71 1
47 95 1
40 42 1
15 3 1
49 72 1
62 90 1
67 28 1
43 70 1
10 12 1
81 76 1
9 58 1
19 35 1
85 63 1
57 89 1
36 67 1
13 21 1
64 23 1
45 81 1
89 52 1
79 31 1
70 48 1
98 19 1
84 5 1
1 42 1
52 32 1
5 19 1
46 59 1
36 55 1
52 76 1
36 43 1
85 17 1
25 86 1
73 100 1
20 49 1
12 7 1
67 59 1
29 41 1
96 62 1
29 52 1
83 91 1
10 73 1
4 67 1
85 23 1
49 97 1
16 37 1
36 73 1
61 97 1
5 77 1
5 54 1
70 95 1
70 41 1
4 90 1
59 19 1
94 77 1
60 25 1
27 63 1
38 28 1
32 78 1
13 63 1
61 78 1
49 56 1
99 20 1
21 41 1
3 29 1
16 30 1
79 70 1
91 51 1
96 83 1
71 36 1
94 73 1
89 63 1
98 34 1
19 3 1
100 69 1
26 65 1
69 44 1
44 9 1
12 63 1
93 83 1
23 49 1
68 45 1
6 10 1
32 94 1
46 65 1
58 6 1
15 30 1
9 24 1
52 94 1
10 27 1
8 39 1
56 57 1
91 38 1
10 64 1
83 6 1
80 45 1
12 82 1
7 79 1
27 75 1
29 84 1
14 86 1
100 22 1
98 100 1
47 77 1
34 23 1
94 23 1
27 99 1
56 100 1
5 16 1
2 22 1
31 35 1
78 63 1
81 48 1
15 61 1
26 17 1
45 17 1
98 76 1
61 1 1
44 58 1
14 96 1
27 78 1
9 60 1
68 63 1
27 43 1
45 61 1
42 94 1
69 89 1
48 69 1
42 5 1
96 84 1
18 19 1
47 46 1
89 64 1
17 48 1
65 52 1
53 60 1
14 80 1
3 35 1
72 51 1
7 65 1
65 72 1
1 3 1
16 12 1
10 43 1
42 27 1
81 26 1
28 25 1
32 20 1
85 56 1
60 78 1
65 35 1
38 8 1
68 16 1
46 17 1
92 19 1
5 28 1
67 61 1
22 51 1
69 62 1
63 75 1
88 78 1
46 60 1
67 94 1
18 20 1
39 75 1
95 20 1
52 15 1
83 86 1
6 49 1
97 67 1
49 39 1
18 81 1
56 48 1
77 43 1
78 38 1
61 25 1
98 29 1
26 10 1
77 63 1
85 71 1
53 74 1
29 44 1
21 56 1
17 16 1
5 96 1
17 37 1
60 38 1
40 75 1
35 15 1
74 17 1
67 15 1
32 37 1
51 67 1
1 31 1
74 26 1
37 95 1
82 14 1
95 40 1
25 85 1
37 7 1
41 79 1
91 17 1
91 76 1
41 24 1
100 35 1
63 25 1
35 10 1
22 71 1
79 46 1
4 44 1
24 96 1
69 29 1
94 33 1
21 3 1
95 12 1
14 40 1
22 90 1
5 3 1
81 29 1
