100 200
31 73 2
85 10 2
98 9 2
99 79 2
1 72 1
17 94 2
82 1 1
72 93 2
92 3 2
68 34 1
5 97 2
30 69 1
63 30 1
44 63 2
11 47 2
46 2 1
85 84 1
62 91 2
95 15 1
39 66 2
46 78 1
98 26 2
76 58 2
82 74 2
27 81 1
100 46 2
8 22 2
91 22 1
54 37 1
59 46 1
91 20 1
68 31 1
72 60 2
56 47 2
23 1 1
99 76 2
10 1 2
54 18 2
10 34 1
56 22 1
19 82 1
52 77 1
73 16 1
25 76 1
91 90 2
41 22 1
91 16 1
87 14 1
83 59 1
93 27 1
87 98 2
25 6 1
34 80 1
91 70 1
53 87 2
76 28 1
15 83 2
43 78 2
62 87 1
25 97 1
43 10 2
51 85 1
63 15 1
96 30 1
85 7 1
37 81 2
98 50 1
70 79 2
92 75 1
21 80 2
55 16 2
41 52 2
48 63 2
84 65 2
93 40 2
57 67 1
69 94 1
49 36 1
10 35 2
33 2 1
11 57 2
61 83 1
88 47 2
36 56 1
33 42 1
39 9 1
31 4 1
64 55 2
29 15 2
24 100 2
86 68 2
3 31 2
71 7 2
32 72 1
17 45 2
57 38 1
13 8 1
8 12 2
89 79 2
88 51 1
53 73 1
86 44 2
30 18 1
24 18 1
88 26 2
88 66 1
23 67 1
99 2 1
33 1 1
95 59 1
57 63 1
80 41 1
3 98 2
3 68 1
60 80 2
14 88 2
99 75 1
52 81 1
45 48 2
75 94 1
54 23 1
96 83 1
35 58 2
46 28 1
26 76 2
49 76 2
24 93 2
70 34 2
25 1 1
25 45 1
32 12 1
52 66 2
26 50 1
20 94 2
50 79 2
75 21 1
58 97 1
23 63 1
56 90 1
75 16 1
62 55 2
16 76 2
25 37 1
89 14 1
39 85 1
55 85 2
53 91 2
1 67 2
83 100 2
42 87 2
47 8 1
60 35 1
85 44 2
80 66 1
85 48 1
33 50 2
14 16 1
59 52 1
35 63 2
50 96 1
31 30 1
53 34 1
15 100 1
69 10 1
49 97 2
76 27 1
72 30 1
71 93 1
70 26 1
41 77 1
32 92 1
75 52 2
28 5 2
12 18 2
86 83 1
58 23 2
35 16 2
13 62 2
21 72 2
61 62 1
89 91 1
72 48 2
17 19 2
4 26 2
53 62 1
99 51 2
34 73 1
85 4 1
12 95 2
81 63 2
61 63 2
77 42 2
1 44 2
26 56 1
46 92 1
10 29 1
60 39 2
84 34 2
26 81 2
74 83 1
