100 99
21 57 85
53 73 63
35 80 59
73 8 82
91 15 82
70 48 12
41 89 16
7 91 62
99 88 95
22 52 87
91 41 35
34 69 93
43 23 53
30 27 25
34 37 91
5 46 74
58 23 86
87 98 56
35 12 14
55 19 62
21 47 37
80 72 28
58 41 71
35 28 17
12 50 29
9 73 8
95 55 41
65 58 50
7 21 70
48 41 4
77 72 20
17 43 18
76 40 96
69 31 28
68 43 47
12 57 94
81 95 79
59 17 89
67 100 98
81 92 88
12 26 39
43 97 15
47 55 81
38 57 94
3 83 11
96 8 93
50 76 78
68 71 98
98 30 36
28 36 21
65 14 50
57 42 94
22 54 37
67 52 43
58 98 37
85 74 78
15 56 40
91 25 18
22 78 69
17 45 51
33 26 54
18 63 4
11 4 39
51 41 72
85 54 25
44 96 78
20 88 100
55 54 35
72 37 7
29 78 90
74 96 29
94 70 79
2 83 16
32 12 71
78 62 19
14 99 86
62 49 83
48 60 83
18 24 82
79 37 84
64 38 93
2 44 3
54 16 20
29 82 18
13 66 56
71 1 5
83 63 92
84 76 48
22 66 45
39 35 35
34 4 73
5 67 57
26 10 37
85 6 13
93 37 12
56 61 40
2 86 40
90 65 69
75 86 24
