100 2000
15 77 3
95 8 2
53 64 1
17 77 2
77 94 2
53 9 3
5 83 1
78 95 3
7 29 2
29 32 2
43 29 2
17 45 2
46 30 2
51 13 1
35 55 1
94 75 3
62 10 1
4 1 3
46 57 2
16 97 3
99 67 2
64 41 1
6 7 3
67 11 3
66 93 1
54 96 3
20 19 1
31 93 3
10 89 1
81 38 1
23 36 3
83 88 2
27 17 1
30 85 2
22 81 3
74 85 3
58 8 2
24 21 2
85 86 1
29 1 2
7 90 1
80 3 3
11 96 3
22 86 3
43 78 2
25 67 2
98 69 1
89 34 3
88 59 2
39 31 2
7 94 3
68 79 3
66 17 2
33 57 1
39 88 2
11 36 3
80 36 1
52 71 3
50 19 2
72 9 3
63 7 3
96 21 3
10 46 2
78 19 3
84 54 2
90 22 1
68 13 1
67 15 3
34 47 3
4 41 1
12 42 1
80 48 3
81 26 2
92 77 2
68 12 2
73 67 1
57 13 2
59 2 1
76 71 2
91 28 3
69 75 1
40 91 3
13 70 3
78 97 1
86 44 2
47 71 3
17 14 2
53 49 1
54 91 3
10 55 3
14 82 2
87 97 1
65 74 1
1 37 2
14 100 1
20 56 3
55 61 3
44 60 3
45 18 1
80 58 1
69 48 1
71 17 2
5 33 1
97 23 3
55 5 3
27 6 3
42 20 1
54 43 3
94 21 2
37 74 2
84 73 1
78 68 1
98 36 1
26 5 1
100 88 2
8 33 2
100 39 3
55 1 3
45 7 1
62 37 3
24 33 3
50 52 2
43 48 2
30 79 3
100 22 3
66 46 1
68 16 3
75 50 1
28 47 2
67 74 2
27 16 2
14 63 2
1 89 2
18 79 1
55 63 2
57 72 2
69 87 3
97 88 3
34 10 2
39 91 3
10 82 1
17 62 1
88 28 2
73 78 2
9 100 3
3 95 2
96 5 1
81 11 3
61 1 1
44 77 3
96 29 2
76 67 3
46 95 1
96 51 2
68 54 2
45 70 3
30 54 1
79 47 2
36 27 3
57 61 2
54 66 1
2 83 1
94 50 2
9 41 2
69 40 2
83 100 3
59 77 1
46 26 3
28 7 1
38 69 2
25 14 2
86 27 2
66 22 2
88 60 1
27 1 1
53 36 2
64 38 1
28 73 2
69 59 3
37 31 2
47 6 3
79 6 2
33 29 3
93 88 2
42 90 3
50 91 1
29 75 3
89 53 3
87 3 1
40 51 2
88 10 3
22 18 1
98 65 1
84 68 1
43 39 1
30 55 3
72 90 2
36 65 2
6 32 3
68 8 1
28 64 1
90 49 1
69 65 2
7 23 2
59 32 2
67 64 2
79 31 1
49 55 2
32 22 3
18 53 2
49 80 2
93 21 1
95 25 1
77 39 2
69 36 2
64 60 3
1 22 1
95 22 1
36 9 2
21 47 2
63 83 1
89 94 2
47 72 3
87 23 1
15 73 2
16 59 3
81 96 3
24 79 3
30 58 1
12 84 1
11 28 3
81 23 1
10 4 2
87 45 3
21 81 3
86 25 2
28 44 3
52 25 3
44 65 1
58 34 2
35 8 3
20 30 3
5 47 1
26 33 1
10 14 2
5 86 2
73 14 3
74 20 2
89 67 2
66 3 3
77 26 3
81 29 2
88 41 2
18 91 1
79 33 2
90 50 3
64 20 3
51 36 3
33 58 2
37 50 1
79 5 1
95 20 2
22 31 2
90 92 1
22 7 3
58 39 2
76 27 2
21 28 3
10 81 2
28 53 1
62 28 2
87 31 1
2 87 3
39 7 3
38 59 2
30 95 3
6 40 2
33 70 2
98 100 1
83 16 2
66 40 1
98 39 3
75 82 1
33 1 1
64 80 2
96 4 3
61 65 1
8 61 3
69 28 3
53 99 1
25 27 2
9 80 1
33 12 3
56 29 1
44 63 3
86 12 2
53 80 2
28 41 1
66 58 1
65 60 3
68 91 2
70 51 3
23 66 3
90 86 3
71 43 3
1 81 3
78 88 2
54 75 2
53 65 1
30 24 3
27 49 3
90 37 1
79 92 1
96 50 1
85 16 3
97 68 3
75 74 3
18 8 2
58 70 2
36 34 3
100 8 2
33 59 1
40 3 2
93 96 1
45 1 3
35 69 1
75 3 1
78 24 3
8 47 1
92 17 1
79 73 2
20 47 3
10 21 2
45 69 1
8 89 3
67 18 1
12 47 1
26 53 3
16 10 2
5 85 2
100 47 3
32 30 2
18 76 1
93 8 2
18 31 3
61 28 1
18 56 2
32 71 1
15 53 1
34 86 2
68 55 1
92 84 3
93 51 1
15 17 1
43 93 3
24 5 2
3 92 3
19 43 2
21 42 2
18 24 1
62 84 1
57 86 3
75 8 2
8 38 2
6 76 1
38 96 1
94 12 1
17 50 2
17 97 2
1 79 3
75 18 2
86 51 3
34 62 2
10 64 1
29 57 3
4 36 3
2 19 2
34 24 2
56 78 2
92 26 1
3 86 1
25 53 1
73 5 2
35 76 2
3 9 1
78 89 3
69 19 1
88 91 1
100 61 2
5 84 1
50 86 3
45 49 3
39 45 1
63 76 2
26 58 3
68 5 2
95 79 3
7 70 1
41 83 2
99 36 2
56 48 3
3 6 1
89 52 1
20 16 1
43 6 2
97 90 1
82 21 2
19 51 2
84 13 1
7 17 1
92 73 3
66 47 3
40 36 3
32 14 1
59 97 3
5 81 3
84 76 1
5 69 2
8 56 3
36 3 1
16 12 3
60 32 2
37 61 3
70 93 1
21 11 1
28 12 2
71 62 2
60 53 2
55 28 3
4 72 3
63 99 3
88 55 2
70 49 2
51 59 1
26 90 3
46 70 1
86 33 1
35 63 2
82 11 1
83 46 3
36 94 2
83 25 1
12 91 3
48 74 1
23 37 1
55 75 1
54 39 2
92 30 1
20 41 1
72 32 2
50 5 2
86 36 2
12 44 1
96 40 2
60 12 3
84 25 1
55 45 2
13 71 3
83 67 1
76 37 2
59 12 3
87 59 3
41 25 2
63 19 2
18 52 3
79 88 1
32 38 2
37 15 2
25 8 2
62 18 3
3 81 1
20 51 2
85 19 2
31 57 2
64 82 1
12 24 2
60 31 3
13 88 2
90 91 1
17 56 1
96 67 3
71 14 3
35 62 3
46 100 3
89 96 3
43 66 3
29 3 1
6 17 2
10 27 2
94 68 1
84 78 1
82 2 1
70 83 2
37 27 3
42 39 2
55 21 2
70 67 1
60 11 1
27 34 2
25 36 3
11 6 3
69 63 3
60 33 2
89 95 2
78 31 3
89 12 3
80 33 3
34 91 1
96 15 1
1 62 2
42 97 2
7 38 3
26 74 2
100 41 3
29 52 3
70 30 3
41 77 2
62 57 3
75 56 2
83 59 3
54 71 1
37 28 1
62 13 2
88 36 1
96 32 2
81 19 3
10 99 1
47 39 2
86 23 2
77 93 1
17 89 3
56 41 1
27 72 1
33 2 1
91 69 1
27 48 3
28 54 1
45 36 1
75 100 2
78 42 2
46 36 1
7 73 3
55 92 2
47 23 3
65 77 1
94 61 1
67 90 3
93 49 1
54 5 3
90 85 2
94 31 2
46 97 1
99 3 1
71 16 1
40 22 3
29 68 3
79 8 1
96 69 3
98 12 1
2 63 3
39 73 2
47 65 2
11 48 2
78 66 2
44 7 3
34 20 3
46 40 3
56 3 2
81 43 2
77 47 1
24 20 3
43 80 2
80 51 1
54 44 1
71 64 2
63 31 3
88 63 3
45 12 2
81 31 1
93 97 1
23 95 3
72 94 3
94 20 3
65 24 2
48 95 3
29 73 3
2 79 2
59 91 1
22 80 3
93 41 2
21 33 3
24 7 1
91 65 2
60 5 1
77 96 2
89 25 1
11 44 2
21 97 2
30 28 3
99 29 3
87 58 1
22 20 1
42 81 1
20 85 1
61 43 2
81 46 2
65 76 2
24 55 2
18 88 3
43 52 2
57 39 1
77 38 2
49 13 2
94 78 1
23 56 2
39 29 3
95 36 2
99 4 3
83 45 1
13 58 1
81 69 1
45 75 3
14 48 3
87 48 2
48 32 2
63 79 1
33 96 2
85 52 1
37 53 3
48 63 3
53 91 3
46 87 3
55 23 1
24 84 2
91 44 3
68 25 1
31 8 3
99 57 1
8 76 1
31 64 2
34 23 3
97 41 1
45 72 3
90 23 1
80 94 1
17 22 2
27 85 3
8 82 2
36 17 1
1 68 3
1 15 1
50 22 2
44 57 2
9 68 2
18 43 2
50 35 2
85 93 3
90 73 3
62 15 3
28 100 2
60 8 2
8 57 3
83 66 2
43 27 2
20 15 3
45 53 1
64 47 2
19 93 3
50 13 1
73 97 2
51 7 1
4 80 1
24 76 3
21 72 1
13 89 2
67 91 2
82 55 3
41 30 3
50 28 2
52 15 2
22 88 1
98 47 2
8 11 3
94 74 3
92 70 2
61 22 1
81 4 1
93 79 2
45 11 3
90 70 3
24 45 2
91 16 2
91 57 3
33 66 3
29 30 2
67 20 1
30 62 2
69 70 2
70 94 1
75 96 3
100 29 2
57 43 2
24 69 2
60 82 2
100 73 1
65 49 2
95 85 3
60 68 2
89 71 1
7 92 1
95 10 1
75 90 1
88 69 3
81 33 3
70 89 1
69 30 2
8 64 1
75 6 3
62 89 3
99 25 1
6 69 2
6 41 3
23 83 2
80 100 2
60 20 2
17 86 1
59 30 2
40 97 1
74 91 1
7 99 1
84 88 2
34 69 2
94 9 1
62 81 2
58 23 1
72 34 1
93 15 1
99 62 1
91 80 2
69 32 2
6 68 3
48 67 2
55 52 3
42 80 1
97 64 2
57 84 2
14 33 2
61 63 2
44 33 1
68 4 2
43 4 3
14 44 2
23 69 2
21 99 2
59 19 1
11 7 1
68 33 3
1 83 1
91 79 1
29 42 1
96 10 3
29 78 1
78 74 1
38 21 1
61 5 1
47 53 2
75 67 2
34 42 3
33 10 1
80 93 2
67 50 2
81 40 2
39 97 2
77 86 1
63 24 2
38 34 3
55 6 1
52 67 1
12 71 2
66 75 3
31 46 3
70 43 3
5 30 2
63 70 3
89 100 1
37 5 3
6 31 2
72 69 3
22 23 1
94 71 2
32 63 2
72 2 3
93 35 2
52 3 1
92 54 2
85 43 3
87 17 3
33 40 1
51 45 1
63 1 1
38 3 3
18 46 3
61 60 2
29 28 3
38 88 1
7 46 3
42 4 3
47 26 3
73 69 2
50 38 2
14 12 1
71 88 2
38 76 3
62 22 3
10 57 2
92 11 3
89 27 1
99 55 3
25 12 2
26 2 2
29 54 3
51 58 3
46 94 1
88 86 1
70 95 3
46 90 3
82 29 1
56 4 1
80 6 2
62 92 1
66 82 2
17 65 1
94 45 2
76 69 3
48 47 1
82 90 3
4 83 2
90 65 1
16 23 3
3 20 3
10 90 2
72 74 2
89 83 1
59 29 2
40 53 2
78 50 2
92 37 3
3 23 2
100 79 2
77 2 2
57 18 3
29 31 3
13 19 2
28 9 2
92 72 3
62 23 1
78 91 2
70 50 1
14 56 1
62 41 3
3 93 3
19 88 3
81 34 1
39 28 2
10 13 2
29 10 3
91 8 1
64 68 3
20 31 3
18 20 2
28 77 2
30 39 1
58 54 3
57 1 2
93 63 2
12 87 3
94 42 2
13 61 3
57 69 1
83 48 3
78 16 3
89 6 2
5 20 2
30 66 2
51 50 3
15 88 1
69 89 2
60 16 1
95 91 2
49 40 2
100 50 2
72 41 1
53 5 2
50 21 3
1 39 2
2 100 2
4 90 3
87 50 1
40 12 2
96 56 1
93 36 3
10 98 3
37 58 2
64 39 1
52 60 3
53 66 3
28 24 2
54 59 3
7 61 3
18 64 1
62 32 1
33 16 3
79 84 2
4 78 1
48 2 1
45 81 3
34 29 2
23 8 2
5 57 1
68 62 3
98 23 1
37 10 2
48 26 3
28 59 1
38 84 3
25 63 2
58 67 3
58 38 1
89 24 3
22 21 3
60 58 1
62 65 3
42 88 2
27 71 1
83 29 1
85 13 2
77 10 2
35 40 2
48 22 2
9 24 3
13 56 1
40 77 1
7 5 2
6 25 1
42 47 3
94 32 1
65 78 1
17 4 3
71 82 2
52 59 3
28 19 2
41 92 2
60 96 3
65 58 2
88 2 1
91 3 3
61 79 1
6 96 1
17 42 2
77 55 1
60 51 2
64 34 1
82 33 2
18 47 2
25 48 2
24 23 1
28 76 1
15 39 1
60 22 1
74 10 2
12 51 3
3 12 2
96 22 3
68 63 3
85 53 3
82 28 1
69 78 2
7 86 3
83 14 1
81 71 3
83 92 1
37 25 2
79 85 1
2 8 3
31 45 1
62 76 1
95 72 3
92 59 1
4 97 3
78 80 2
15 65 2
35 30 3
90 58 2
22 89 3
90 16 3
22 65 1
76 17 1
45 4 3
18 13 3
96 17 2
78 62 2
43 9 1
25 30 1
18 6 3
48 81 1
17 11 2
48 42 3
51 67 3
92 64 2
74 12 2
80 5 1
29 50 2
7 98 3
73 36 3
67 23 3
19 29 1
43 41 1
1 92 3
26 78 2
23 51 3
88 64 3
94 6 2
35 26 2
2 71 1
43 100 2
49 20 2
50 61 1
68 15 1
91 15 1
63 43 3
98 49 2
81 12 1
82 99 2
27 33 1
71 57 1
76 36 2
83 73 3
60 86 1
67 43 3
67 8 3
66 85 2
41 18 1
9 67 2
37 38 2
82 13 3
80 69 1
61 31 3
4 74 3
32 8 3
74 58 2
13 12 3
15 76 2
67 44 1
69 42 3
92 74 2
24 94 3
9 81 1
17 46 2
84 34 2
37 41 1
77 54 2
17 63 3
6 12 1
40 55 3
86 83 1
84 100 1
2 89 3
20 96 1
30 13 1
15 80 3
24 88 2
39 40 2
12 5 2
16 58 2
4 21 3
10 73 2
10 38 1
4 46 3
42 50 1
4 75 1
68 77 1
2 39 2
23 57 1
90 40 1
25 16 3
51 4 3
23 10 3
8 44 3
92 67 1
43 7 1
55 56 3
93 65 2
51 14 3
20 8 2
31 21 3
5 41 3
32 25 2
24 2 3
74 79 3
3 68 2
93 12 2
88 96 3
84 67 2
51 61 2
91 46 2
63 57 3
79 40 2
1 28 2
15 54 2
29 27 1
76 39 1
50 58 2
61 53 1
24 90 3
51 15 2
16 54 3
4 71 3
80 68 1
62 83 3
15 56 3
91 14 3
4 60 2
65 21 2
80 87 3
83 32 3
38 36 3
76 80 2
63 15 3
72 36 1
39 44 3
49 36 1
74 76 1
41 24 1
9 29 3
82 45 1
57 52 2
85 98 1
77 16 2
66 96 2
63 84 1
60 3 2
41 48 1
52 68 3
46 86 3
4 53 1
30 100 1
4 87 3
58 77 3
9 49 1
90 39 1
99 87 3
60 10 3
31 4 3
49 54 3
38 24 3
30 7 2
22 68 3
95 67 1
19 80 3
9 10 1
13 22 2
40 47 3
82 76 1
50 12 3
53 56 3
25 22 3
41 17 3
14 11 1
18 39 1
64 32 3
28 35 2
77 9 3
11 59 2
40 73 3
42 83 2
63 90 3
72 81 1
26 25 1
45 58 3
98 75 3
36 56 3
76 21 2
38 47 1
14 90 2
4 76 2
85 70 2
65 37 3
39 72 2
22 38 2
58 6 1
88 80 3
95 45 2
11 74 3
71 35 2
44 3 2
54 76 2
69 8 2
24 92 1
47 74 3
63 50 3
51 91 1
37 52 1
34 51 1
37 91 1
94 81 1
31 73 3
2 44 2
51 82 2
80 10 2
64 79 1
99 84 3
66 99 3
54 18 2
9 2 3
91 96 1
96 49 2
45 71 2
56 77 3
89 57 1
65 29 2
63 73 3
56 39 2
23 27 1
30 26 3
69 56 3
67 45 1
37 77 3
37 2 3
39 96 3
66 18 1
70 88 2
97 15 3
44 27 1
27 68 2
68 89 2
49 77 1
4 25 1
49 15 3
14 94 1
18 82 2
94 65 2
38 79 1
20 93 1
95 81 3
58 17 3
78 100 1
16 81 2
43 28 3
54 1 2
58 93 1
79 60 2
73 93 3
11 88 2
38 80 3
78 38 2
26 72 3
14 96 2
66 88 1
20 39 1
5 42 2
98 70 3
1 34 1
73 61 2
30 88 3
56 24 3
4 11 1
62 79 1
60 83 1
82 91 2
22 83 3
73 23 2
25 18 3
26 62 1
100 66 2
6 16 3
46 68 1
74 100 2
96 36 3
58 71 1
49 64 3
1 90 1
77 66 1
21 30 1
1 2 1
65 32 1
92 86 1
52 26 2
91 97 2
45 59 2
51 84 1
74 55 1
39 61 2
40 86 2
10 42 2
6 1 2
17 20 2
61 21 2
15 19 2
28 72 3
71 87 1
30 33 2
28 65 2
40 54 3
84 52 2
85 36 1
50 43 1
81 80 2
94 8 2
89 51 2
46 96 1
21 2 1
39 81 1
79 3 2
6 42 2
55 14 3
10 87 1
25 70 3
62 87 3
30 64 3
8 34 1
82 42 1
82 84 2
94 100 2
91 25 2
21 5 1
67 27 2
47 70 1
31 38 3
91 5 2
52 86 2
3 57 2
49 41 2
70 12 3
75 2 2
1 35 2
25 79 1
17 30 3
50 56 1
95 44 3
7 84 3
67 94 3
4 55 2
84 69 2
5 98 2
41 14 3
65 26 3
2 53 2
86 82 1
100 76 3
19 92 3
49 38 3
76 58 3
38 86 1
88 23 2
81 61 2
56 37 1
87 6 3
11 25 3
3 37 1
95 41 2
47 55 1
3 27 1
48 97 1
26 86 3
84 11 2
46 8 1
68 24 3
63 94 2
41 65 3
89 20 3
5 18 3
3 43 3
92 80 1
56 99 1
42 11 2
67 62 2
64 70 1
22 43 2
82 59 3
84 17 3
48 10 1
73 22 1
80 7 2
52 36 1
44 16 3
65 54 2
22 84 1
20 59 2
97 13 3
51 95 3
34 80 3
34 48 3
16 72 2
12 11 3
46 41 1
45 9 1
91 7 3
96 83 2
58 11 1
71 8 2
67 19 3
41 36 2
72 91 2
21 91 2
14 21 3
1 26 3
37 97 3
85 83 2
49 44 3
33 47 2
55 27 3
20 12 3
37 49 2
84 2 3
10 63 2
64 15 2
18 85 3
95 99 2
58 5 1
19 72 2
37 47 2
76 89 1
38 100 3
86 16 1
33 95 2
78 49 2
46 22 1
39 95 3
64 27 3
78 92 2
66 65 2
57 14 3
51 66 1
48 84 3
86 19 1
1 24 2
23 68 2
36 77 2
78 3 3
67 7 3
39 25 1
38 6 3
79 65 3
47 56 1
89 21 2
79 53 1
78 22 1
5 46 3
52 45 2
64 52 2
34 56 1
31 26 2
28 79 3
1 17 1
8 50 2
63 9 2
65 4 3
92 18 2
7 65 3
2 5 2
31 95 3
94 4 2
75 59 2
29 37 1
10 39 2
34 90 1
30 97 2
82 36 2
27 41 3
47 52 1
79 12 2
29 88 3
91 85 3
25 94 3
49 73 2
53 1 1
25 42 2
90 60 2
3 65 3
88 82 2
17 37 1
27 12 2
68 76 2
6 100 3
87 18 3
60 29 1
97 38 3
62 58 2
5 97 1
84 4 1
38 85 2
98 52 2
96 23 3
38 82 1
62 39 2
40 98 2
49 10 3
25 97 3
27 70 3
58 64 2
51 10 3
89 63 3
98 4 1
7 34 2
21 86 1
24 43 2
47 1 1
59 84 1
89 64 2
73 47 1
40 61 1
15 6 1
100 69 1
77 79 3
64 44 1
88 43 1
16 73 3
45 79 1
45 97 1
13 65 2
67 78 2
14 24 3
100 44 1
31 27 3
83 94 3
2 64 3
53 44 2
16 61 3
89 35 3
71 3 3
71 77 2
62 47 3
100 11 2
38 99 2
96 13 1
40 68 2
55 65 3
54 47 2
78 71 2
81 47 2
38 18 2
1 19 1
3 24 1
5 34 1
50 92 2
18 10 3
59 18 2
54 26 2
24 26 2
62 91 3
92 75 1
69 99 2
62 66 3
72 35 2
11 49 1
69 7 2
34 43 3
87 81 2
5 74 3
21 40 3
16 56 1
16 35 1
100 63 1
62 75 3
21 20 3
88 9 2
98 79 1
85 31 3
38 23 3
62 48 1
15 66 3
12 63 3
31 82 3
78 51 3
69 16 1
67 61 2
55 98 1
85 48 2
64 33 3
52 28 1
98 88 1
46 51 3
23 50 2
7 36 2
95 86 1
87 57 1
75 44 3
82 27 2
9 58 3
84 32 1
45 21 1
59 44 3
24 99 2
6 84 1
90 19 1
71 73 1
100 70 1
13 54 3
46 85 1
15 14 1
46 9 1
27 87 3
96 80 3
52 21 2
85 87 1
19 99 1
46 69 3
47 57 1
91 45 3
70 66 3
50 1 1
40 56 2
39 14 2
77 52 1
98 58 1
58 19 2
53 100 3
25 60 2
75 65 2
4 39 3
26 4 1
17 81 3
65 42 3
59 100 2
7 62 2
70 35 3
40 67 3
13 25 2
94 73 2
2 20 1
42 55 1
98 24 2
8 45 2
38 5 3
14 20 3
50 11 2
93 95 2
63 11 2
2 10 1
68 48 3
68 96 3
28 40 2
80 56 1
22 44 3
1 80 3
86 2 1
71 31 1
91 29 3
58 72 3
6 13 2
99 96 1
99 73 1
88 54 2
26 73 1
24 13 3
32 13 3
97 100 3
23 44 3
65 72 2
24 77 3
69 26 1
85 14 2
54 56 2
51 3 1
78 75 2
3 21 1
85 77 3
76 32 1
12 41 2
47 85 3
80 52 2
56 60 2
42 52 1
55 51 2
68 86 2
71 75 2
27 38 2
54 72 3
62 98 2
80 47 1
67 88 2
89 11 2
52 69 1
39 49 3
31 16 1
37 87 2
90 31 1
8 80 1
56 70 2
59 94 1
83 20 1
76 88 1
94 54 2
39 5 1
3 1 3
21 9 3
81 24 2
96 45 1
24 60 2
9 76 2
92 96 3
96 82 3
58 3 1
36 74 1
74 70 1
77 91 1
65 23 1
89 91 1
73 81 2
22 2 2
15 89 1
31 59 3
92 38 3
49 48 1
5 8 1
88 14 1
32 41 2
3 88 2
57 48 3
40 82 2
94 34 1
98 56 2
62 54 1
8 52 2
38 54 3
61 70 1
41 44 1
43 86 2
93 75 3
97 6 2
77 97 2
17 94 2
61 15 1
87 29 1
93 24 2
10 70 1
13 9 1
90 30 1
51 76 2
95 88 2
85 9 2
33 6 2
72 85 1
12 82 3
49 30 1
84 23 3
60 7 2
50 46 3
30 47 3
77 4 2
92 88 3
10 92 1
98 3 2
45 65 3
96 78 3
66 42 3
86 66 2
14 52 2
46 35 1
92 13 2
39 33 3
19 46 2
88 94 1
76 23 3
8 92 1
59 15 1
20 84 3
23 100 2
16 29 3
66 79 1
1 71 2
40 2 3
45 34 1
79 13 3
11 33 3
94 15 3
18 84 1
10 76 2
26 98 3
97 85 3
95 27 2
6 66 1
73 53 3
6 90 2
31 7 1
5 10 3
96 37 2
93 91 2
61 3 3
65 100 3
44 29 1
24 74 3
70 40 2
17 57 1
89 32 1
34 83 1
8 97 1
1 46 1
46 93 1
96 100 3
2 29 2
53 3 3
89 30 2
30 56 2
42 61 2
69 86 2
62 77 2
85 7 3
45 15 3
80 14 2
87 90 3
11 69 3
75 46 1
51 25 2
39 6 1
81 15 2
55 70 2
11 70 2
45 88 1
26 87 2
46 54 1
17 19 1
12 54 1
95 18 2
38 53 3
77 63 3
81 99 2
29 20 2
8 4 2
18 17 2
8 36 1
58 86 3
90 62 1
4 88 2
60 36 3
59 57 1
10 20 2
33 38 1
80 66 1
33 72 3
83 8 1
36 64 1
52 32 1
48 93 1
90 79 2
59 79 2
2 67 1
81 75 1
40 57 3
34 12 1
48 70 1
10 32 2
85 28 1
15 21 3
88 12 2
85 65 1
37 85 2
44 71 2
4 91 3
86 87 1
50 6 3
58 57 3
37 21 3
47 49 2
13 27 3
12 26 1
30 68 2
100 1 3
74 98 2
44 99 2
74 96 2
37 35 1
44 43 3
99 88 2
8 37 3
43 98 3
46 44 1
27 14 2
39 21 2
66 39 2
90 93 2
74 50 3
60 55 3
74 62 1
89 48 3
5 52 1
70 4 2
19 38 3
75 41 1
32 61 3
36 10 1
62 93 2
77 43 2
68 75 1
52 6 2
16 94 3
33 74 1
40 8 3
93 67 2
87 53 1
72 20 3
35 61 1
62 45 2
31 47 2
11 99 2
90 66 2
47 87 2
22 74 1
84 80 1
85 35 2
41 51 1
41 39 1
96 43 1
24 96 1
78 81 3
4 24 3
5 4 2
95 40 1
32 3 3
62 8 2
4 47 3
34 35 2
89 75 3
18 83 3
72 89 1
77 88 1
19 33 1
30 65 3
86 89 1
36 62 3
87 100 3
23 9 2
86 71 2
82 15 3
33 36 3
1 23 1
39 94 3
48 36 2
26 27 3
65 2 3
43 35 3
44 98 3
91 49 2
92 20 3
81 35 3
82 53 1
61 27 1
2 58 1
84 98 3
77 72 3
55 37 3
57 97 1
77 25 1
6 59 1
87 40 3
8 19 3
14 3 1
78 5 2
71 65 1
8 53 1
84 46 1
2 11 2
34 4 3
98 48 3
9 60 1
49 75 1
69 71 3
99 49 2
34 82 1
26 23 3
73 91 3
43 97 2
40 83 3
66 48 3
26 39 3
21 32 3
100 16 2
82 81 2
16 98 2
93 42 1
16 99 2
29 64 3
33 37 3
74 2 2
81 20 2
7 68 1
51 52 1
87 61 3
98 67 2
50 2 2
67 77 3
61 52 2
41 54 2
47 19 3
11 15 2
41 89 2
100 3 2
67 81 3
61 36 1
83 98 2
