1000
8
1
21
10
0
22
1
0
0
0
2
2
0
1
0
29
14
26
11
0
1
12
2
3
19
0
8
3
0
1
7
5
6
11
21
6
1
4
0
9
2
7
3
8
1
0
2
1
6
57
0
13
3
16
13
4
0
4
0
13
0
7
7
30
16
0
1
0
32
5
0
0
1
8
0
5
3
8
0
5
14
3
1
2
0
48
0
0
10
1
0
0
1
1
0
0
0
3
1
1
0
0
3
35
0
2
4
8
1
0
0
1
7
10
5
11
11
2
0
0
0
0
10
3
2
3
8
48
0
1
2
0
0
4
0
16
0
25
17
2
4
29
2
1
1
3
2
0
15
10
2
0
4
2
2
1
13
32
0
0
1
0
7
2
0
5
2
8
0
7
0
1
0
1
0
0
10
6
2
0
5
1
9
9
0
27
12
27
8
2
24
0
5
6
0
0
3
3
2
3
0
4
1
0
1
47
0
0
0
0
0
13
17
2
0
0
1
3
3
3
1
0
0
1
19
11
4
0
0
11
24
16
5
3
0
43
5
1
0
0
8
4
0
0
0
6
3
0
1
0
0
0
1
13
2
3
25
0
4
37
1
0
14
5
6
40
0
3
2
8
0
5
0
1
35
0
22
0
0
3
11
0
8
2
1
19
3
8
6
0
23
2
0
8
12
0
2
1
6
0
15
0
22
6
1
1
1
2
5
2
13
2
8
3
24
3
0
0
24
0
8
8
5
26
7
2
2
0
0
14
0
8
0
0
0
3
3
0
3
4
5
0
5
3
0
0
0
0
15
11
1
2
0
18
0
9
0
0
0
1
0
9
4
0
12
0
0
0
5
19
6
3
5
0
1
2
10
0
0
35
0
8
0
1
0
3
6
4
1
19
0
0
6
3
4
0
1
4
0
0
5
26
13
1
8
13
10
2
5
0
9
2
19
14
0
11
1
3
0
0
7
22
1
3
8
41
0
0
3
2
3
9
3
70
6
5
5
3
3
1
1
6
18
0
0
11
0
0
0
5
0
15
2
0
0
2
0
0
19
4
0
0
3
0
8
1
0
2
2
1
6
7
0
1
0
5
4
3
2
2
0
3
2
12
3
16
5
0
5
0
1
1
1
0
0
0
4
7
2
0
2
32
14
11
1
8
2
2
0
0
10
0
0
20
2
0
5
0
1
2
0
3
23
1
4
2
2
0
0
0
8
0
0
0
7
3
0
1
0
0
20
5
0
2
0
1
16
6
4
0
1
1
1
1
3
9
0
0
4
0
3
0
4
0
0
4
2
0
4
0
0
3
0
0
1
8
13
0
6
7
7
23
12
0
0
11
0
0
11
0
3
1
1
0
6
14
1
1
0
6
0
6
5
5
4
0
15
0
4
1
0
3
4
1
8
1
0
3
0
0
10
0
19
0
1
2
10
0
0
0
0
0
1
2
5
0
0
0
9
2
0
3
4
0
6
1
9
5
1
3
14
4
0
11
0
6
24
6
32
1
1
0
10
0
1
2
3
0
4
0
1
3
8
11
6
2
4
5
1
9
6
3
2
1
10
0
1
5
0
26
0
1
0
0
17
0
3
3
7
10
33
0
2
1
0
1
0
0
0
0
0
0
0
0
0
0
0
5
4
7
7
0
3
20
0
5
1
0
0
0
3
1
0
15
6
5
1
0
2
0
0
32
0
1
5
4
13
4
12
4
2
7
0
0
9
10
3
1
2
15
19
4
16
1
23
0
0
0
34
1
0
19
0
4
10
3
0
0
0
5
18
7
4
11
11
5
0
0
2
0
0
5
0
17
2
18
0
6
1
19
2
0
0
14
2
0
0
0
1
0
0
0
19
1
0
17
0
7
9
0
4
0
0
1
1
0
2
4
15
2
2
2
1
0
1
4
11
3
3
2
7
0
2
0
7
0
1
3
7
0
0
8
2
5
4
3
0
0
0
2
2
0
0
0
2
2
0
1
11
6
3
75
1
9
0
0
0
1
16
6
1
0
11
3
5
0
0
2
0
3
0
6
0
2
0
0
0
3
2
4
6
0
0
2
0
3
2
0
38
7
18
4
1
2
4
8
15
3
10
0
20
6
18
0
8
4
14
0
2
0
14
15
8
20
20
18
8
0
6
11
2
6
21
2
3
9
0
0
12
0
1
2
1
0
0
14
8
13
1
2
1
2
3
0
0
0
0
5
8
4
1
0
2
0
7
12
15
0
0
2
0
1
0
0
0
3
4
1
0
2
4
1
12
22
1
2
0
0
1
0
