10000 2
2 1
3 1
4 2
5 1
6 2
7 5
8 7
9 6
10 1
11 4
12 4
13 8
14 11
15 13
16 11
17 8
18 16
19 12
20 15
21 17
22 11
23 15
24 20
25 20
26 15
27 20
28 24
29 28
30 19
31 22
32 30
33 28
34 29
35 25
36 33
37 33
38 31
39 28
40 34
41 36
42 39
43 36
44 41
45 39
46 40
47 39
48 47
49 42
50 43
51 46
52 48
53 47
54 48
55 49
56 50
57 52
58 52
59 56
60 50
61 57
62 60
63 52
64 57
65 64
66 64
67 65
68 64
69 59
70 67
71 70
72 62
73 63
74 67
75 69
76 72
77 72
78 75
79 69
80 77
81 76
82 80
83 75
84 76
85 80
86 77
87 86
88 87
89 85
90 88
91 84
92 83
93 84
94 93
95 86
96 92
97 87
98 96
99 97
100 89
101 94
102 98
103 95
104 93
105 94
106 97
107 106
108 99
109 104
110 108
111 100
112 103
113 112
114 103
115 105
116 106
117 115
118 109
119 115
120 110
121 120
122 113
123 113
124 115
125 124
126 118
127 120
128 117
129 128
130 121
131 127
132 128
133 132
134 132
135 124
136 127
137 130
138 131
139 134
140 134
141 139
142 137
143 135
144 137
145 138
146 138
147 143
148 146
149 146
150 147
151 146
152 145
153 146
154 146
155 152
156 149
157 155
158 150
159 151
160 152
161 154
162 151
163 162
164 160
165 154
166 156
167 158
168 163
169 164
170 168
171 161
172 165
173 169
174 173
175 172
176 167
177 171
178 171
179 171
180 175
181 180
182 179
183 180
184 183
185 184
186 179
187 179
188 180
189 188
190 179
191 189
192 186
193 185
194 184
195 192
196 193
197 191
198 190
199 195
200 198
201 193
202 197
203 193
204 200
205 201
206 201
207 205
208 204
209 207
210 209
211 204
212 206
213 211
214 210
215 214
216 215
217 208
218 209
219 214
220 212
221 213
222 216
223 222
224 220
225 218
226 218
227 220
228 217
229 227
230 222
231 227
232 225
233 224
234 225
235 232
236 230
237 236
238 230
239 229
240 231
241 237
242 232
243 235
244 235
245 239
246 239
247 242
248 244
249 246
250 244
251 250
252 247
253 246
254 247
255 246
256 245
257 246
258 251
259 252
260 251
261 251
262 257
263 259
264 257
265 258
266 262
267 264
268 263
269 258
270 269
271 262
272 263
273 270
274 264
275 267
276 269
277 276
278 276
279 270
280 270
281 271
282 273
283 280
284 276
285 278
286 284
287 276
288 282
289 285
290 280
291 285
292 289
293 289
294 292
295 290
296 291
297 288
298 287
299 289
300 296
301 300
302 293
303 297
304 300
305 304
306 303
307 304
308 307
309 307
310 300
311 304
312 309
313 311
314 306
315 309
316 314
317 312
318 309
319 311
320 314
321 312
322 311
323 318
324 316
325 321
326 318
327 318
328 323
329 325
330 329
331 325
332 331
333 332
334 330
335 334
336 335
337 334
338 328
339 329
340 329
341 337
342 331
343 337
344 337
345 342
346 341
347 340
348 341
349 347
350 349
351 340
352 343
353 344
354 345
355 347
356 346
357 346
358 347
359 350
360 356
361 356
362 353
363 352
364 361
365 359
366 356
367 364
368 365
369 363
370 366
371 361
372 365
373 364
374 373
375 365
376 366
377 367
378 376
379 369
380 374
381 371
382 373
383 376
384 381
385 382
386 375
387 380
388 377
389 380
390 384
391 381
392 381
393 386
394 393
395 389
396 387
397 392
398 390
399 396
400 391
401 400
402 396
403 394
404 401
405 402
406 398
407 403
408 401
409 408
410 409
411 400
412 404
413 402
414 409
415 414
416 405
417 414
418 415
419 409
420 417
421 420
422 411
423 422
424 416
425 422
426 424
427 419
428 417
429 418
430 426
431 426
432 423
433 422
434 426
435 425
436 432
437 429
438 428
439 430
440 435
441 432
442 433
443 438
444 442
445 439
446 443
447 437
448 439
449 438
450 449
451 441
452 449
453 449
454 448
455 452
456 445
457 453
458 451
459 450
460 456
461 453
462 458
463 462
464 456
465 455
466 464
467 465
468 460
469 466
470 466
471 466
472 463
473 463
474 473
475 472
476 466
477 466
478 468
479 468
480 478
481 472
482 475
483 474
484 474
485 484
486 479
487 478
488 479
489 482
490 483
491 489
492 489
493 484
494 488
495 485
496 489
497 490
498 497
499 496
500 499
501 491
502 501
503 494
504 498
505 495
506 498
507 497
508 503
509 504
510 507
511 501
512 503
513 508
514 513
515 505
516 513
517 512
518 517
519 516
520 511
521 512
522 515
523 514
524 520
525 522
526 521
527 523
528 518
529 526
530 529
531 520
532 525
533 531
534 527
535 529
536 526
537 535
538 534
539 532
540 534
541 533
542 532
543 536
544 537
545 538
546 544
547 545
548 544
549 542
550 543
551 546
552 543
553 547
554 551
555 553
556 551
557 546
558 551
559 552
560 552
561 554
562 558
563 558
564 554
565 557
566 558
567 558
568 567
569 564
570 560
571 560
572 563
573 566
574 567
575 573
576 566
577 569
578 570
579 571
580 573
581 575
582 579
583 577
584 581
585 574
586 584
587 582
588 584
589 578
590 586
591 587
592 589
593 588
594 584
595 594
596 591
597 592
598 594
599 597
600 592
601 593
602 595
603 594
604 594
605 604
606 597
607 599
608 598
609 599
610 605
611 602
612 607
613 606
614 613
615 614
616 614
617 609
618 610
619 611
620 615
621 613
622 611
623 620
624 621
625 614
626 622
627 625
628 621
629 619
630 624
631 629
632 628
633 628
634 632
635 624
636 633
637 629
638 633
639 637
640 631
641 636
642 631
643 634
644 637
645 642
646 639
647 642
648 638
649 645
650 643
651 648
652 651
653 649
654 643
655 653
656 655
657 654
658 656
659 653
660 649
661 657
662 657
663 652
664 659
665 662
666 664
667 657
668 658
669 658
670 663
671 662
672 667
673 668
674 670
675 664
676 674
677 670
678 670
679 672
680 678
681 680
682 674
683 674
684 673
685 679
686 677
687 681
688 683
689 684
690 686
691 683
692 689
693 682
694 686
695 686
696 692
697 693
698 696
699 696
700 693
701 699
702 691
703 692
704 695
705 699
706 701
707 698
708 704
709 707
710 702
711 706
712 707
713 707
714 706
715 709
716 715
717 713
718 711
719 716
720 710
721 717
722 713
723 721
724 717
725 715
726 717
727 725
728 721
729 726
730 725
731 723
732 726
733 723
734 729
735 724
736 731
737 735
738 732
739 737
740 731
741 735
742 740
743 738
744 737
745 744
746 735
747 746
748 737
749 744
750 741
751 744
752 742
753 749
754 748
755 752
756 746
757 756
758 751
759 748
760 752
761 758
762 760
763 757
764 761
765 760
766 758
767 762
768 766
769 767
770 759
771 766
772 761
773 765
774 767
775 766
776 766
777 776
778 773
779 777
780 778
781 774
782 775
783 782
784 779
785 775
786 780
787 778
788 781
789 788
790 781
791 788
792 785
793 789
794 786
795 793
796 788
797 792
798 794
799 796
800 798
801 797
802 799
803 795
804 801
805 794
806 795
807 800
808 802
809 800
810 800
811 804
812 811
813 809
814 807
815 805
816 811
817 806
818 812
819 809
820 817
821 814
822 818
823 817
824 813
825 815
826 816
827 822
828 827
829 818
830 826
831 830
832 831
833 828
834 831
835 832
836 834
837 826
838 827
839 828
840 839
841 830
842 840
843 842
844 837
845 839
846 839
847 840
848 839
849 843
850 842
851 844
852 846
853 849
854 844
855 854
856 855
857 856
858 850
859 856
860 857
861 853
862 859
863 860
864 853
865 857
866 858
867 859
868 867
869 862
870 867
871 862
872 865
873 864
874 868
875 870
876 872
877 869
878 870
879 875
880 869
881 872
882 876
883 879
884 879
885 878
886 882
887 886
888 877
889 887
890 888
891 888
892 881
893 890
894 884
895 888
896 892
897 890
898 887
899 895
900 893
901 896
902 892
903 900
904 898
905 904
906 900
907 898
908 905
909 906
910 902
911 900
912 906
913 908
914 908
915 906
916 911
917 910
918 908
919 910
920 910
921 920
922 915
923 914
924 916
925 915
926 916
927 926
928 920
929 923
930 919
931 921
932 922
933 922
934 933
935 927
936 931
937 926
938 937
939 937
940 939
941 934
942 932
943 938
944 941
945 940
946 943
947 942
948 943
949 942
950 941
951 947
952 943
953 945
954 949
955 950
956 950
957 954
958 948
959 950
960 956
961 955
962 960
963 955
964 959
965 958
966 965
967 962
968 964
969 965
970 960
971 965
972 968
973 965
974 965
975 967
976 971
977 974
978 967
979 971
980 973
981 978
982 981
983 972
984 982
985 974
986 981
987 977
988 987
989 979
990 979
991 981
992 991
993 986
994 993
995 986
996 995
997 991
998 990
999 996
1000 996
1001 991
1002 995
1003 1002
1004 1003
1005 1000
1006 1004
1007 1000
1008 1000
1009 1007
1010 999
1011 1003
1012 1002
1013 1005
1014 1013
1015 1014
1016 1011
1017 1016
1018 1008
1019 1014
1020 1009
1021 1010
1022 1015
1023 1020
1024 1022
1025 1018
1026 1017
1027 1021
1028 1018
1029 1022
1030 1019
1031 1030
1032 1030
1033 1031
1034 1026
1035 1031
1036 1028
1037 1028
1038 1028
1039 1037
1040 1039
1041 1031
1042 1032
1043 1037
1044 1033
1045 1041
1046 1043
1047 1044
1048 1046
1049 1046
1050 1046
1051 1042
1052 1043
1053 1046
1054 1043
1055 1046
1056 1051
1057 1052
1058 1056
1059 1055
1060 1049
1061 1055
1062 1057
1063 1056
1064 1057
1065 1063
1066 1063
1067 1066
1068 1059
1069 1061
1070 1061
1071 1062
1072 1062
1073 1070
1074 1072
1075 1068
1076 1074
1077 1076
1078 1075
1079 1078
1080 1069
1081 1070
1082 1076
1083 1080
1084 1076
1085 1077
1086 1079
1087 1080
1088 1085
1089 1080
1090 1086
1091 1084
1092 1085
1093 1091
1094 1083
1095 1094
1096 1091
1097 1096
1098 1096
1099 1093
1100 1095
1101 1092
1102 1098
1103 1097
1104 1097
1105 1094
1106 1104
1107 1106
1108 1099
1109 1107
1110 1101
1111 1108
1112 1102
1113 1112
1114 1103
1115 1105
1116 1107
1117 1116
1118 1114
1119 1116
1120 1110
1121 1115
1122 1115
1123 1118
1124 1116
1125 1122
1126 1119
1127 1126
1128 1122
1129 1128
1130 1125
1131 1122
1132 1129
1133 1129
1134 1126
1135 1128
1136 1135
1137 1132
1138 1134
1139 1130
1140 1138
1141 1135
1142 1136
1143 1139
1144 1133
1145 1134
1146 1141
1147 1137
1148 1145
1149 1139
1150 1146
1151 1146
1152 1149
1153 1148
1154 1150
1155 1150
1156 1148
1157 1151
1158 1152
1159 1157
1160 1150
1161 1157
1162 1154
1163 1155
1164 1162
1165 1163
1166 1155
1167 1159
1168 1157
1169 1158
1170 1162
1171 1164
1172 1168
1173 1164
1174 1165
1175 1165
1176 1172
1177 1168
1178 1170
1179 1176
1180 1169
1181 1174
1182 1177
1183 1179
1184 1180
1185 1184
1186 1181
1187 1185
1188 1181
1189 1184
1190 1188
1191 1183
1192 1191
1193 1183
1194 1183
1195 1190
1196 1185
1197 1192
1198 1192
1199 1191
1200 1191
1201 1193
1202 1197
1203 1192
1204 1202
1205 1198
1206 1199
1207 1200
1208 1207
1209 1206
1210 1200
1211 1201
1212 1203
1213 1207
1214 1204
1215 1206
1216 1213
1217 1213
1218 1217
1219 1210
1220 1212
1221 1210
1222 1213
1223 1213
1224 1215
1225 1215
1226 1221
1227 1217
1228 1227
1229 1224
1230 1229
1231 1227
1232 1226
1233 1232
1234 1233
1235 1233
1236 1234
1237 1232
1238 1231
1239 1234
1240 1235
1241 1235
1242 1231
1243 1234
1244 1243
1245 1234
1246 1235
1247 1238
1248 1244
1249 1244
1250 1248
1251 1249
1252 1246
1253 1246
1254 1252
1255 1246
1256 1247
1257 1248
1258 1247
1259 1254
1260 1258
1261 1256
1262 1258
1263 1262
1264 1255
1265 1256
1266 1257
1267 1257
1268 1257
1269 1263
1270 1260
1271 1260
1272 1265
1273 1262
1274 1263
1275 1264
1276 1265
1277 1266
1278 1277
1279 1268
1280 1270
1281 1277
1282 1277
1283 1280
1284 1279
1285 1280
1286 1279
1287 1276
1288 1281
1289 1286
1290 1288
1291 1282
1292 1281
1293 1287
1294 1288
1295 1285
1296 1285
1297 1294
1298 1290
1299 1291
1300 1299
1301 1291
1302 1294
1303 1302
1304 1301
1305 1300
1306 1302
1307 1303
1308 1302
1309 1301
1310 1305
1311 1303
1312 1309
1313 1303
1314 1307
1315 1307
1316 1308
1317 1308
1318 1307
1319 1309
1320 1309
1321 1311
1322 1320
1323 1315
1324 1314
1325 1316
1326 1318
1327 1322
1328 1322
1329 1320
1330 1324
1331 1330
1332 1331
1333 1325
1334 1325
1335 1331
1336 1325
1337 1328
1338 1327
1339 1336
1340 1338
1341 1335
1342 1334
1343 1335
1344 1337
1345 1343
1346 1345
1347 1340
1348 1345
1349 1343
1350 1341
1351 1346
1352 1342
1353 1348
1354 1349
1355 1352
1356 1352
1357 1347
1358 1347
1359 1349
1360 1352
1361 1355
1362 1351
1363 1358
1364 1361
1365 1356
1366 1357
1367 1363
1368 1364
1369 1367
1370 1361
1371 1360
1372 1365
1373 1367
1374 1371
1375 1373
1376 1365
1377 1371
1378 1375
1379 1373
1380 1369
1381 1372
1382 1378
1383 1380
1384 1376
1385 1378
1386 1385
1387 1382
1388 1387
1389 1388
1390 1388
1391 1384
1392 1391
1393 1386
1394 1384
1395 1384
1396 1385
1397 1395
1398 1388
1399 1391
1400 1399
1401 1397
1402 1392
1403 1394
1404 1401
1405 1400
1406 1405
1407 1397
1408 1402
1409 1398
1410 1408
1411 1402
1412 1403
1413 1411
1414 1410
1415 1405
1416 1408
1417 1409
1418 1417
1419 1413
1420 1419
1421 1419
1422 1416
1423 1419
1424 1413
1425 1420
1426 1420
1427 1418
1428 1426
1429 1428
1430 1429
1431 1428
1432 1423
1433 1429
1434 1427
1435 1429
1436 1427
1437 1428
1438 1427
1439 1435
1440 1432
1441 1431
1442 1433
1443 1438
1444 1443
1445 1444
1446 1439
1447 1440
1448 1447
1449 1447
1450 1439
1451 1440
1452 1451
1453 1450
1454 1451
1455 1449
1456 1448
1457 1449
1458 1454
1459 1448
1460 1450
1461 1454
1462 1457
1463 1456
1464 1458
1465 1454
1466 1463
1467 1465
1468 1461
1469 1467
1470 1460
1471 1461
1472 1470
1473 1469
1474 1472
1475 1471
1476 1465
1477 1472
1478 1470
1479 1478
1480 1472
1481 1475
1482 1477
1483 1476
1484 1481
1485 1480
1486 1483
1487 1483
1488 1486
1489 1481
1490 1487
1491 1485
1492 1487
1493 1487
1494 1487
1495 1494
1496 1491
1497 1494
1498 1494
1499 1496
1500 1492
1501 1493
1502 1491
1503 1500
1504 1498
1505 1495
1506 1496
1507 1506
1508 1504
1509 1498
1510 1505
1511 1507
1512 1508
1513 1511
1514 1511
1515 1507
1516 1506
1517 1512
1518 1515
1519 1510
1520 1516
1521 1516
1522 1518
1523 1515
1524 1514
1525 1519
1526 1516
1527 1518
1528 1527
1529 1527
1530 1529
1531 1526
1532 1527
1533 1527
1534 1533
1535 1533
1536 1532
1537 1528
1538 1535
1539 1535
1540 1537
1541 1539
1542 1541
1543 1539
1544 1533
1545 1535
1546 1541
1547 1536
1548 1538
1549 1539
1550 1539
1551 1545
1552 1547
1553 1548
1554 1545
1555 1550
1556 1548
1557 1549
1558 1556
1559 1548
1560 1559
1561 1559
1562 1552
1563 1555
1564 1555
1565 1557
1566 1555
1567 1557
1568 1565
1569 1562
1570 1561
1571 1567
1572 1565
1573 1569
1574 1563
1575 1568
1576 1571
1577 1570
1578 1573
1579 1578
1580 1569
1581 1577
1582 1578
1583 1576
1584 1576
1585 1584
1586 1578
1587 1580
1588 1578
1589 1581
1590 1586
1591 1590
1592 1587
1593 1587
1594 1585
1595 1592
1596 1594
1597 1591
1598 1587
1599 1588
1600 1598
1601 1599
1602 1600
1603 1597
1604 1601
1605 1598
1606 1598
1607 1599
1608 1600
1609 1599
1610 1608
1611 1601
1612 1610
1613 1604
1614 1611
1615 1605
1616 1610
1617 1611
1618 1610
1619 1609
1620 1617
1621 1617
1622 1611
1623 1612
1624 1618
1625 1615
1626 1624
1627 1624
1628 1619
1629 1623
1630 1626
1631 1622
1632 1625
1633 1629
1634 1627
1635 1624
1636 1635
1637 1636
1638 1636
1639 1638
1640 1631
1641 1631
1642 1636
1643 1634
1644 1641
1645 1636
1646 1638
1647 1646
1648 1646
1649 1646
1650 1646
1651 1641
1652 1645
1653 1652
1654 1653
1655 1648
1656 1646
1657 1648
1658 1655
1659 1658
1660 1651
1661 1653
1662 1652
1663 1661
1664 1654
1665 1664
1666 1663
1667 1660
1668 1664
1669 1666
1670 1668
1671 1669
1672 1661
1673 1666
1674 1664
1675 1674
1676 1672
1677 1674
1678 1674
1679 1674
1680 1677
1681 1679
1682 1675
1683 1674
1684 1674
1685 1683
1686 1677
1687 1679
1688 1682
1689 1684
1690 1681
1691 1681
1692 1685
1693 1686
1694 1685
1695 1689
1696 1686
1697 1693
1698 1697
1699 1688
1700 1699
1701 1697
1702 1692
1703 1702
1704 1701
1705 1703
1706 1695
1707 1697
1708 1697
1709 1704
1710 1708
1711 1706
1712 1709
1713 1705
1714 1709
1715 1711
1716 1710
1717 1716
1718 1707
1719 1718
1720 1718
1721 1712
1722 1714
1723 1714
1724 1722
1725 1716
1726 1725
1727 1721
1728 1726
1729 1727
1730 1726
1731 1720
1732 1728
1733 1722
1734 1727
1735 1732
1736 1732
1737 1728
1738 1735
1739 1730
1740 1731
1741 1730
1742 1738
1743 1739
1744 1740
1745 1742
1746 1741
1747 1746
1748 1744
1749 1741
1750 1743
1751 1746
1752 1746
1753 1751
1754 1747
1755 1753
1756 1751
1757 1755
1758 1755
1759 1751
1760 1751
1761 1758
1762 1758
1763 1754
1764 1762
1765 1758
1766 1758
1767 1756
1768 1757
1769 1765
1770 1759
1771 1770
1772 1771
1773 1765
1774 1767
1775 1766
1776 1767
1777 1767
1778 1772
1779 1770
1780 1769
1781 1771
1782 1771
1783 1779
1784 1777
1785 1780
1786 1776
1787 1783
1788 1782
1789 1787
1790 1779
1791 1788
1792 1784
1793 1790
1794 1785
1795 1791
1796 1794
1797 1787
1798 1795
1799 1788
1800 1789
1801 1790
1802 1796
1803 1795
1804 1796
1805 1802
1806 1804
1807 1800
1808 1803
1809 1802
1810 1806
1811 1809
1812 1804
1813 1803
1814 1808
1815 1809
1816 1805
1817 1810
1818 1811
1819 1811
1820 1817
1821 1814
1822 1819
1823 1820
1824 1813
1825 1820
1826 1816
1827 1824
1828 1826
1829 1822
1830 1824
1831 1825
1832 1830
1833 1826
1834 1825
1835 1827
1836 1830
1837 1831
1838 1835
1839 1833
1840 1839
1841 1832
1842 1836
1843 1837
1844 1834
1845 1842
1846 1840
1847 1846
1848 1837
1849 1846
1850 1847
1851 1847
1852 1841
1853 1850
1854 1851
1855 1844
1856 1854
1857 1849
1858 1852
1859 1850
1860 1851
1861 1858
1862 1858
1863 1862
1864 1863
1865 1864
1866 1856
1867 1860
1868 1867
1869 1867
1870 1864
1871 1863
1872 1863
1873 1864
1874 1868
1875 1870
1876 1874
1877 1868
1878 1868
1879 1875
1880 1875
1881 1873
1882 1877
1883 1879
1884 1876
1885 1877
1886 1876
1887 1885
1888 1881
1889 1882
1890 1887
1891 1882
1892 1891
1893 1890
1894 1893
1895 1890
1896 1892
1897 1888
1898 1895
1899 1890
1900 1896
1901 1898
1902 1895
1903 1900
1904 1895
1905 1904
1906 1903
1907 1899
1908 1898
1909 1898
1910 1905
1911 1903
1912 1902
1913 1910
1914 1906
1915 1906
1916 1914
1917 1910
1918 1915
1919 1916
1920 1913
1921 1913
1922 1911
1923 1919
1924 1913
1925 1917
1926 1920
1927 1922
1928 1918
1929 1918
1930 1923
1931 1928
1932 1926
1933 1925
1934 1926
1935 1931
1936 1934
1937 1932
1938 1933
1939 1929
1940 1933
1941 1932
1942 1938
1943 1934
1944 1934
1945 1944
1946 1942
1947 1941
1948 1944
1949 1941
1950 1939
1951 1946
1952 1950
1953 1943
1954 1944
1955 1950
1956 1950
1957 1955
1958 1947
1959 1951
1960 1956
1961 1960
1962 1955
1963 1958
1964 1955
1965 1955
1966 1956
1967 1965
1968 1964
1969 1964
1970 1959
1971 1968
1972 1963
1973 1969
1974 1969
1975 1964
1976 1974
1977 1975
1978 1973
1979 1977
1980 1975
1981 1972
1982 1973
1983 1977
1984 1976
1985 1983
1986 1981
1987 1981
1988 1979
1989 1987
1990 1984
1991 1989
1992 1988
1993 1986
1994 1989
1995 1987
1996 1988
1997 1987
1998 1992
1999 1988
2000 1995
2001 1995
2002 2001
2003 2002
2004 1994
2005 1995
2006 2003
2007 2001
2008 2005
2009 2001
2010 2006
2011 2000
2012 2005
2013 2003
2014 2012
2015 2009
2016 2012
2017 2016
2018 2011
2019 2012
2020 2017
2021 2017
2022 2012
2023 2022
2024 2013
2025 2022
2026 2016
2027 2023
2028 2017
2029 2020
2030 2023
2031 2028
2032 2031
2033 2028
2034 2029
2035 2030
2036 2027
2037 2036
2038 2031
2039 2034
2040 2035
2041 2033
2042 2034
2043 2032
2044 2039
2045 2039
2046 2041
2047 2042
2048 2044
2049 2046
2050 2048
2051 2041
2052 2045
2053 2045
2054 2044
2055 2053
2056 2047
2057 2048
2058 2055
2059 2055
2060 2052
2061 2051
2062 2057
2063 2053
2064 2053
2065 2054
2066 2060
2067 2063
2068 2061
2069 2061
2070 2060
2071 2061
2072 2067
2073 2066
2074 2063
2075 2070
2076 2069
2077 2066
2078 2067
2079 2069
2080 2074
2081 2070
2082 2072
2083 2079
2084 2074
2085 2080
2086 2077
2087 2086
2088 2080
2089 2085
2090 2082
2091 2081
2092 2085
2093 2088
2094 2091
2095 2084
2096 2085
2097 2089
2098 2092
2099 2089
2100 2095
2101 2093
2102 2100
2103 2100
2104 2102
2105 2103
2106 2101
2107 2098
2108 2106
2109 2106
2110 2105
2111 2101
2112 2103
2113 2104
2114 2111
2115 2109
2116 2109
2117 2108
2118 2108
2119 2110
2120 2117
2121 2111
2122 2118
2123 2116
2124 2122
2125 2120
2126 2122
2127 2126
2128 2123
2129 2119
2130 2126
2131 2127
2132 2122
2133 2122
2134 2132
2135 2125
2136 2125
2137 2131
2138 2130
2139 2132
2140 2130
2141 2131
2142 2140
2143 2140
2144 2142
2145 2138
2146 2141
2147 2136
2148 2138
2149 2141
2150 2142
2151 2143
2152 2141
2153 2150
2154 2147
2155 2153
2156 2149
2157 2153
2158 2149
2159 2152
2160 2153
2161 2155
2162 2153
2163 2155
2164 2154
2165 2154
2166 2161
2167 2162
2168 2162
2169 2162
2170 2168
2171 2162
2172 2162
2173 2168
2174 2166
2175 2166
2176 2167
2177 2171
2178 2177
2179 2177
2180 2176
2181 2170
2182 2171
2183 2180
2184 2175
2185 2181
2186 2177
2187 2180
2188 2187
2189 2182
2190 2189
2191 2188
2192 2183
2193 2192
2194 2193
2195 2192
2196 2185
2197 2195
2198 2191
2199 2194
2200 2197
2201 2199
2202 2197
2203 2197
2204 2203
2205 2199
2206 2202
2207 2201
2208 2204
2209 2204
2210 2205
2211 2200
2212 2203
2213 2206
2214 2212
2215 2205
2216 2206
2217 2211
2218 2215
2219 2209
2220 2210
2221 2212
2222 2211
2223 2219
2224 2214
2225 2224
2226 2224
2227 2220
2228 2222
2229 2223
2230 2225
2231 2223
2232 2230
2233 2227
2234 2233
2235 2230
2236 2233
2237 2233
2238 2231
2239 2228
2240 2232
2241 2235
2242 2241
2243 2239
2244 2237
2245 2234
2246 2238
2247 2241
2248 2240
2249 2244
2250 2246
2251 2241
2252 2245
2253 2251
2254 2245
2255 2245
2256 2253
2257 2246
2258 2252
2259 2254
2260 2258
2261 2256
2262 2260
2263 2254
2264 2256
2265 2260
2266 2264
2267 2262
2268 2261
2269 2260
2270 2259
2271 2269
2272 2266
2273 2269
2274 2269
2275 2274
2276 2272
2277 2274
2278 2272
2279 2277
2280 2273
2281 2277
2282 2272
2283 2273
2284 2275
2285 2276
2286 2280
2287 2279
2288 2284
2289 2278
2290 2282
2291 2287
2292 2282
2293 2285
2294 2288
2295 2284
2296 2290
2297 2291
2298 2293
2299 2295
2300 2294
2301 2292
2302 2298
2303 2295
2304 2299
2305 2299
2306 2297
2307 2300
2308 2300
2309 2303
2310 2307
2311 2300
2312 2302
2313 2307
2314 2309
2315 2308
2316 2315
2317 2307
2318 2310
2319 2309
2320 2316
2321 2319
2322 2321
2323 2320
2324 2323
2325 2322
2326 2321
2327 2320
2328 2317
2329 2321
2330 2322
2331 2322
2332 2326
2333 2330
2334 2323
2335 2328
2336 2334
2337 2327
2338 2327
2339 2334
2340 2330
2341 2333
2342 2335
2343 2341
2344 2333
2345 2335
2346 2337
2347 2342
2348 2343
2349 2343
2350 2342
2351 2341
2352 2344
2353 2349
2354 2350
2355 2352
2356 2350
2357 2356
2358 2347
2359 2356
2360 2349
2361 2359
2362 2351
2363 2359
2364 2362
2365 2360
2366 2358
2367 2360
2368 2360
2369 2365
2370 2362
2371 2366
2372 2371
2373 2368
2374 2373
2375 2371
2376 2371
2377 2373
2378 2373
2379 2369
2380 2372
2381 2380
2382 2379
2383 2372
2384 2378
2385 2375
2386 2376
2387 2377
2388 2384
2389 2387
2390 2385
2391 2389
2392 2389
2393 2383
2394 2393
2395 2385
2396 2392
2397 2392
2398 2395
2399 2397
2400 2399
2401 2394
2402 2392
2403 2402
2404 2402
2405 2398
2406 2402
2407 2404
2408 2403
2409 2404
2410 2399
2411 2408
2412 2407
2413 2412
2414 2411
2415 2404
2416 2415
2417 2410
2418 2413
2419 2417
2420 2409
2421 2414
2422 2415
2423 2420
2424 2415
2425 2415
2426 2418
2427 2418
2428 2420
2429 2423
2430 2426
2431 2430
2432 2422
2433 2427
2434 2425
2435 2430
2436 2427
2437 2428
2438 2431
2439 2438
2440 2430
2441 2439
2442 2438
2443 2434
2444 2434
2445 2443
2446 2436
2447 2440
2448 2444
2449 2440
2450 2440
2451 2443
2452 2441
2453 2448
2454 2445
2455 2445
2456 2447
2457 2456
2458 2453
2459 2449
2460 2455
2461 2454
2462 2459
2463 2455
2464 2455
2465 2456
2466 2464
2467 2461
2468 2465
2469 2461
2470 2465
2471 2464
2472 2465
2473 2468
2474 2466
2475 2467
2476 2468
2477 2470
2478 2476
2479 2476
2480 2474
2481 2473
2482 2475
2483 2476
2484 2479
2485 2481
2486 2479
2487 2478
2488 2481
2489 2484
2490 2481
2491 2489
2492 2486
2493 2482
2494 2491
2495 2486
2496 2491
2497 2492
2498 2491
2499 2491
2500 2499
2501 2493
2502 2496
2503 2501
2504 2501
2505 2496
2506 2502
2507 2498
2508 2500
2509 2503
2510 2508
2511 2510
2512 2509
2513 2503
2514 2507
2515 2505
2516 2507
2517 2515
2518 2510
2519 2517
2520 2515
2521 2520
2522 2514
2523 2517
2524 2513
2525 2522
2526 2519
2527 2519
2528 2520
2529 2525
2530 2528
2531 2521
2532 2525
2533 2528
2534 2533
2535 2531
2536 2534
2537 2532
2538 2531
2539 2532
2540 2535
2541 2538
2542 2532
2543 2542
2544 2541
2545 2539
2546 2539
2547 2536
2548 2539
2549 2544
2550 2543
2551 2540
2552 2548
2553 2548
2554 2550
2555 2546
2556 2547
2557 2552
2558 2557
2559 2551
2560 2557
2561 2553
2562 2552
2563 2562
2564 2557
2565 2556
2566 2555
2567 2566
2568 2563
2569 2564
2570 2566
2571 2561
2572 2567
2573 2571
2574 2564
2575 2568
2576 2574
2577 2573
2578 2569
2579 2577
2580 2574
2581 2578
2582 2577
2583 2580
2584 2579
2585 2580
2586 2583
2587 2581
2588 2580
2589 2587
2590 2587
2591 2583
2592 2582
2593 2584
2594 2585
2595 2594
2596 2591
2597 2595
2598 2596
2599 2597
2600 2599
2601 2600
2602 2594
2603 2602
2604 2601
2605 2595
2606 2599
2607 2605
2608 2600
2609 2598
2610 2602
2611 2601
2612 2604
2613 2605
2614 2605
2615 2611
2616 2615
2617 2606
2618 2617
2619 2614
2620 2617
2621 2615
2622 2620
2623 2616
2624 2621
2625 2615
2626 2617
2627 2616
2628 2625
2629 2622
2630 2620
2631 2623
2632 2622
2633 2624
2634 2625
2635 2625
2636 2626
2637 2630
2638 2633
2639 2631
2640 2632
2641 2633
2642 2631
2643 2632
2644 2642
2645 2643
2646 2642
2647 2644
2648 2641
2649 2647
2650 2648
2651 2646
2652 2645
2653 2649
2654 2653
2655 2650
2656 2652
2657 2656
2658 2657
2659 2649
2660 2649
2661 2651
2662 2659
2663 2656
2664 2654
2665 2657
2666 2662
2667 2665
2668 2665
2669 2666
2670 2662
2671 2669
2672 2665
2673 2662
2674 2664
2675 2673
2676 2670
2677 2668
2678 2671
2679 2673
2680 2677
2681 2680
2682 2673
2683 2680
2684 2674
2685 2678
2686 2682
2687 2676
2688 2687
2689 2681
2690 2680
2691 2688
2692 2689
2693 2687
2694 2690
2695 2687
2696 2694
2697 2686
2698 2694
2699 2688
2700 2697
2701 2694
2702 2697
2703 2698
2704 2702
2705 2703
2706 2696
2707 2705
2708 2699
2709 2705
2710 2701
2711 2700
2712 2701
2713 2710
2714 2704
2715 2711
2716 2706
2717 2713
2718 2714
2719 2714
2720 2714
2721 2713
2722 2717
2723 2722
2724 2718
2725 2718
2726 2722
2727 2726
2728 2723
2729 2727
2730 2721
2731 2725
2732 2730
2733 2725
2734 2733
2735 2734
2736 2730
2737 2728
2738 2732
2739 2731
2740 2738
2741 2739
2742 2732
2743 2737
2744 2733
2745 2736
2746 2745
2747 2743
2748 2739
2749 2748
2750 2745
2751 2744
2752 2748
2753 2746
2754 2749
2755 2754
2756 2751
2757 2752
2758 2751
2759 2758
2760 2757
2761 2756
2762 2755
2763 2759
2764 2763
2765 2757
2766 2759
2767 2763
2768 2758
2769 2768
2770 2765
2771 2770
2772 2764
2773 2769
2774 2772
2775 2771
2776 2765
2777 2768
2778 2774
2779 2771
2780 2778
2781 2774
2782 2772
2783 2773
2784 2774
2785 2778
2786 2778
2787 2780
2788 2777
2789 2785
2790 2780
2791 2786
2792 2782
2793 2784
2794 2792
2795 2785
2796 2792
2797 2793
2798 2795
2799 2795
2800 2799
2801 2794
2802 2792
2803 2799
2804 2799
2805 2797
2806 2799
2807 2796
2808 2805
2809 2807
2810 2802
2811 2809
2812 2802
2813 2809
2814 2808
2815 2814
2816 2806
2817 2809
2818 2815
2819 2816
2820 2812
2821 2819
2822 2811
2823 2815
2824 2814
2825 2815
2826 2823
2827 2824
2828 2827
2829 2820
2830 2825
2831 2820
2832 2827
2833 2822
2834 2826
2835 2825
2836 2825
2837 2831
2838 2834
2839 2838
2840 2837
2841 2831
2842 2839
2843 2842
2844 2839
2845 2840
2846 2839
2847 2836
2848 2837
2849 2839
2850 2843
2851 2849
2852 2841
2853 2844
2854 2853
2855 2852
2856 2846
2857 2856
2858 2848
2859 2854
2860 2853
2861 2853
2862 2851
2863 2859
2864 2856
2865 2860
2866 2861
2867 2862
2868 2865
2869 2865
2870 2859
2871 2861
2872 2871
2873 2868
2874 2869
2875 2868
2876 2873
2877 2867
2878 2877
2879 2868
2880 2879
2881 2871
2882 2872
2883 2880
2884 2877
2885 2879
2886 2877
2887 2877
2888 2878
2889 2886
2890 2879
2891 2882
2892 2891
2893 2882
2894 2893
2895 2884
2896 2894
2897 2889
2898 2892
2899 2890
2900 2896
2901 2896
2902 2898
2903 2892
2904 2902
2905 2898
2906 2902
2907 2901
2908 2900
2909 2898
2910 2901
2911 2900
2912 2901
2913 2902
2914 2906
2915 2911
2916 2905
2917 2916
2918 2914
2919 2908
2920 2915
2921 2910
2922 2920
2923 2914
2924 2916
2925 2919
2926 2924
2927 2925
2928 2926
2929 2927
2930 2921
2931 2924
2932 2925
2933 2927
2934 2931
2935 2932
2936 2934
2937 2934
2938 2930
2939 2936
2940 2936
2941 2932
2942 2941
2943 2937
2944 2940
2945 2934
2946 2944
2947 2941
2948 2944
2949 2938
2950 2947
2951 2948
2952 2946
2953 2951
2954 2947
2955 2946
2956 2948
2957 2956
2958 2947
2959 2948
2960 2959
2961 2954
2962 2952
2963 2959
2964 2962
2965 2961
2966 2959
2967 2963
2968 2957
2969 2968
2970 2959
2971 2960
2972 2970
2973 2966
2974 2972
2975 2969
2976 2974
2977 2967
2978 2972
2979 2976
2980 2976
2981 2970
2982 2972
2983 2973
2984 2978
2985 2982
2986 2978
2987 2986
2988 2985
2989 2980
2990 2979
2991 2982
2992 2986
2993 2983
2994 2985
2995 2985
2996 2985
2997 2996
2998 2997
2999 2996
3000 2993
3001 2999
3002 2996
3003 3001
3004 2997
3005 3002
3006 3004
3007 2997
3008 3004
3009 2999
3010 3005
3011 3006
3012 3010
3013 3009
3014 3007
3015 3010
3016 3009
3017 3006
3018 3017
3019 3008
3020 3012
3021 3015
3022 3011
3023 3013
3024 3015
3025 3023
3026 3019
3027 3025
3028 3023
3029 3024
3030 3029
3031 3021
3032 3026
3033 3025
3034 3030
3035 3032
3036 3031
3037 3033
3038 3029
3039 3033
3040 3029
3041 3037
3042 3038
3043 3032
3044 3041
3045 3042
3046 3044
3047 3036
3048 3047
3049 3045
3050 3039
3051 3047
3052 3049
3053 3045
3054 3044
3055 3053
3056 3045
3057 3054
3058 3057
3059 3057
3060 3058
3061 3051
3062 3054
3063 3059
3064 3056
3065 3062
3066 3060
3067 3063
3068 3063
3069 3061
3070 3063
3071 3065
3072 3064
3073 3065
3074 3067
3075 3070
3076 3068
3077 3066
3078 3069
3079 3077
3080 3073
3081 3078
3082 3081
3083 3074
3084 3074
3085 3074
3086 3081
3087 3084
3088 3081
3089 3086
3090 3079
3091 3081
3092 3084
3093 3086
3094 3089
3095 3086
3096 3094
3097 3088
3098 3087
3099 3094
3100 3089
3101 3092
3102 3098
3103 3097
3104 3097
3105 3095
3106 3098
3107 3100
3108 3098
3109 3103
3110 3106
3111 3110
3112 3110
3113 3110
3114 3106
3115 3114
3116 3108
3117 3114
3118 3116
3119 3116
3120 3117
3121 3118
3122 3114
3123 3118
3124 3115
3125 3118
3126 3117
3127 3116
3128 3123
3129 3125
3130 3120
3131 3121
3132 3125
3133 3123
3134 3129
3135 3131
3136 3132
3137 3136
3138 3137
3139 3133
3140 3133
3141 3135
3142 3134
3143 3133
3144 3136
3145 3140
3146 3143
3147 3144
3148 3142
3149 3141
3150 3148
3151 3146
3152 3151
3153 3145
3154 3149
3155 3149
3156 3153
3157 3148
3158 3151
3159 3157
3160 3154
3161 3153
3162 3157
3163 3153
3164 3155
3165 3156
3166 3163
3167 3162
3168 3159
3169 3167
3170 3161
3171 3162
3172 3161
3173 3170
3174 3165
3175 3164
3176 3173
3177 3175
3178 3167
3179 3177
3180 3175
3181 3170
3182 3173
3183 3178
3184 3180
3185 3183
3186 3182
3187 3176
3188 3186
3189 3179
3190 3183
3191 3188
3192 3185
3193 3192
3194 3187
3195 3192
3196 3192
3197 3190
3198 3190
3199 3198
3200 3192
3201 3193
3202 3197
3203 3198
3204 3194
3205 3201
3206 3198
3207 3205
3208 3204
3209 3200
3210 3209
3211 3203
3212 3204
3213 3212
3214 3208
3215 3212
3216 3215
3217 3206
3218 3217
3219 3210
3220 3218
3221 3217
3222 3219
3223 3216
3224 3216
3225 3221
3226 3218
3227 3218
3228 3226
3229 3219
3230 3226
3231 3228
3232 3222
3233 3223
3234 3225
3235 3227
3236 3230
3237 3235
3238 3236
3239 3232
3240 3239
3241 3232
3242 3231
3243 3232
3244 3237
3245 3241
3246 3237
3247 3244
3248 3241
3249 3245
3250 3245
3251 3250
3252 3242
3253 3247
3254 3247
3255 3250
3256 3249
3257 3248
3258 3254
3259 3256
3260 3250
3261 3256
3262 3252
3263 3257
3264 3263
3265 3261
3266 3260
3267 3260
3268 3261
3269 3267
3270 3268
3271 3267
3272 3263
3273 3271
3274 3265
3275 3270
3276 3270
3277 3275
3278 3269
3279 3274
3280 3270
3281 3271
3282 3281
3283 3274
3284 3280
3285 3276
3286 3279
3287 3277
3288 3284
3289 3280
3290 3288
3291 3288
3292 3290
3293 3289
3294 3285
3295 3285
3296 3291
3297 3295
3298 3297
3299 3290
3300 3289
3301 3300
3302 3297
3303 3302
3304 3297
3305 3300
3306 3301
3307 3300
3308 3305
3309 3301
3310 3306
3311 3307
3312 3306
3313 3305
3314 3308
3315 3310
3316 3314
3317 3308
3318 3314
3319 3312
3320 3314
3321 3316
3322 3315
3323 3321
3324 3323
3325 3323
3326 3320
3327 3326
3328 3327
3329 3328
3330 3327
3331 3329
3332 3331
3333 3322
3334 3323
3335 3327
3336 3330
3337 3327
3338 3328
3339 3328
3340 3334
3341 3331
3342 3332
3343 3340
3344 3333
3345 3339
3346 3339
3347 3338
3348 3345
3349 3339
3350 3341
3351 3346
3352 3349
3353 3342
3354 3350
3355 3344
3356 3355
3357 3349
3358 3348
3359 3358
3360 3354
3361 3359
3362 3361
3363 3357
3364 3358
3365 3359
3366 3355
3367 3362
3368 3361
3369 3365
3370 3363
3371 3361
3372 3366
3373 3371
3374 3371
3375 3365
3376 3366
3377 3367
3378 3372
3379 3369
3380 3379
3381 3379
3382 3380
3383 3375
3384 3380
3385 3377
3386 3381
3387 3382
3388 3377
3389 3381
3390 3379
3391 3388
3392 3382
3393 3392
3394 3385
3395 3392
3396 3390
3397 3390
3398 3389
3399 3392
3400 3399
3401 3397
3402 3400
3403 3401
3404 3403
3405 3400
3406 3403
3407 3401
3408 3399
3409 3404
3410 3407
3411 3404
3412 3410
3413 3412
3414 3410
3415 3407
3416 3407
3417 3408
3418 3416
3419 3416
3420 3415
3421 3420
3422 3419
3423 3419
3424 3416
3425 3415
3426 3422
3427 3418
3428 3427
3429 3422
3430 3426
3431 3422
3432 3423
3433 3432
3434 3426
3435 3432
3436 3433
3437 3430
3438 3434
3439 3437
3440 3437
3441 3434
3442 3434
3443 3435
3444 3443
3445 3439
3446 3438
3447 3438
3448 3438
3449 3439
3450 3442
3451 3441
3452 3442
3453 3442
3454 3445
3455 3447
3456 3452
3457 3448
3458 3453
3459 3451
3460 3449
3461 3457
3462 3454
3463 3452
3464 3459
3465 3464
3466 3459
3467 3463
3468 3465
3469 3458
3470 3462
3471 3461
3472 3466
3473 3467
3474 3463
3475 3464
3476 3467
3477 3473
3478 3476
3479 3474
3480 3476
3481 3480
3482 3472
3483 3474
3484 3477
3485 3476
3486 3484
3487 3485
3488 3479
3489 3481
3490 3487
3491 3483
3492 3491
3493 3485
3494 3490
3495 3492
3496 3490
3497 3492
3498 3487
3499 3495
3500 3491
3501 3495
3502 3491
3503 3497
3504 3498
3505 3497
3506 3500
3507 3497
3508 3502
3509 3508
3510 3508
3511 3503
3512 3509
3513 3506
3514 3511
3515 3508
3516 3506
3517 3514
3518 3514
3519 3508
3520 3518
3521 3517
3522 3511
3523 3520
3524 3520
3525 3521
3526 3522
3527 3524
3528 3518
3529 3525
3530 3526
3531 3530
3532 3530
3533 3523
3534 3528
3535 3527
3536 3529
3537 3533
3538 3534
3539 3529
3540 3532
3541 3535
3542 3541
3543 3537
3544 3541
3545 3543
3546 3540
3547 3536
3548 3543
3549 3541
3550 3545
3551 3547
3552 3541
3553 3549
3554 3544
3555 3549
3556 3551
3557 3555
3558 3557
3559 3551
3560 3558
3561 3557
3562 3553
3563 3557
3564 3555
3565 3559
3566 3560
3567 3563
3568 3563
3569 3566
3570 3568
3571 3570
3572 3567
3573 3564
3574 3572
3575 3566
3576 3574
3577 3569
3578 3568
3579 3578
3580 3571
3581 3574
3582 3573
3583 3580
3584 3579
3585 3579
3586 3575
3587 3581
3588 3577
3589 3587
3590 3585
3591 3588
3592 3588
3593 3586
3594 3592
3595 3585
3596 3590
3597 3593
3598 3588
3599 3593
3600 3594
3601 3598
3602 3595
3603 3594
3604 3595
3605 3602
3606 3605
3607 3602
3608 3601
3609 3598
3610 3603
3611 3607
3612 3607
3613 3607
3614 3612
3615 3614
3616 3605
3617 3609
3618 3612
3619 3616
3620 3617
3621 3616
3622 3612
3623 3612
3624 3619
3625 3623
3626 3618
3627 3625
3628 3618
3629 3627
3630 3629
3631 3624
3632 3628
3633 3624
3634 3632
3635 3626
3636 3631
3637 3635
3638 3628
3639 3631
3640 3633
3641 3639
3642 3632
3643 3642
3644 3643
3645 3638
3646 3636
3647 3644
3648 3644
3649 3638
3650 3648
3651 3650
3652 3648
3653 3651
3654 3643
3655 3651
3656 3649
3657 3655
3658 3648
3659 3651
3660 3649
3661 3654
3662 3659
3663 3653
3664 3659
3665 3658
3666 3662
3667 3659
3668 3657
3669 3659
3670 3661
3671 3661
3672 3664
3673 3662
3674 3673
3675 3667
3676 3671
3677 3675
3678 3671
3679 3670
3680 3672
3681 3674
3682 3681
3683 3678
3684 3683
3685 3678
3686 3676
3687 3676
3688 3682
3689 3679
3690 3689
3691 3685
3692 3686
3693 3692
3694 3684
3695 3686
3696 3687
3697 3687
3698 3688
3699 3690
3700 3698
3701 3694
3702 3691
3703 3702
3704 3696
3705 3701
3706 3697
3707 3698
3708 3702
3709 3707
3710 3702
3711 3704
3712 3707
3713 3709
3714 3712
3715 3710
3716 3711
3717 3714
3718 3712
3719 3717
3720 3710
3721 3712
3722 3715
3723 3715
3724 3721
3725 3721
3726 3721
3727 3717
3728 3726
3729 3723
3730 3723
3731 3724
3732 3729
3733 3729
3734 3728
3735 3729
3736 3728
3737 3727
3738 3730
3739 3729
3740 3730
3741 3731
3742 3738
3743 3734
3744 3733
3745 3737
3746 3738
3747 3741
3748 3745
3749 3740
3750 3745
3751 3747
3752 3746
3753 3748
3754 3743
3755 3752
3756 3749
3757 3754
3758 3748
3759 3751
3760 3749
3761 3752
3762 3759
3763 3759
3764 3762
3765 3754
3766 3755
3767 3766
3768 3764
3769 3760
3770 3768
3771 3768
3772 3766
3773 3768
3774 3770
3775 3773
3776 3775
3777 3768
3778 3774
3779 3775
3780 3774
3781 3780
3782 3771
3783 3777
3784 3776
3785 3781
3786 3782
3787 3783
3788 3778
3789 3782
3790 3780
3791 3780
3792 3790
3793 3789
3794 3785
3795 3792
3796 3787
3797 3788
3798 3788
3799 3796
3800 3799
3801 3792
3802 3797
3803 3802
3804 3803
3805 3799
3806 3802
3807 3806
3808 3801
3809 3803
3810 3803
3811 3804
3812 3805
3813 3810
3814 3809
3815 3804
3816 3810
3817 3806
3818 3813
3819 3818
3820 3812
3821 3814
3822 3819
3823 3812
3824 3815
3825 3815
3826 3821
3827 3816
3828 3826
3829 3828
3830 3829
3831 3827
3832 3826
3833 3830
3834 3826
3835 3833
3836 3832
3837 3836
3838 3834
3839 3830
3840 3834
3841 3836
3842 3839
3843 3837
3844 3836
3845 3842
3846 3839
3847 3840
3848 3844
3849 3844
3850 3840
3851 3844
3852 3851
3853 3848
3854 3852
3855 3854
3856 3846
3857 3855
3858 3857
3859 3850
3860 3851
3861 3851
3862 3861
3863 3856
3864 3861
3865 3859
3866 3856
3867 3857
3868 3866
3869 3861
3870 3864
3871 3869
3872 3864
3873 3869
3874 3864
3875 3872
3876 3869
3877 3872
3878 3868
3879 3874
3880 3871
3881 3880
3882 3873
3883 3876
3884 3876
3885 3884
3886 3885
3887 3885
3888 3885
3889 3888
3890 3886
3891 3880
3892 3881
3893 3884
3894 3889
3895 3884
3896 3885
3897 3893
3898 3892
3899 3889
3900 3890
3901 3900
3902 3899
3903 3893
3904 3898
3905 3896
3906 3904
3907 3901
3908 3902
3909 3908
3910 3905
3911 3903
3912 3908
3913 3910
3914 3912
3915 3912
3916 3906
3917 3906
3918 3917
3919 3914
3920 3909
3921 3917
3922 3911
3923 3912
3924 3914
3925 3923
3926 3915
3927 3918
3928 3926
3929 3925
3930 3920
3931 3922
3932 3923
3933 3928
3934 3926
3935 3932
3936 3926
3937 3934
3938 3935
3939 3928
3940 3938
3941 3935
3942 3940
3943 3938
3944 3941
3945 3936
3946 3943
3947 3941
3948 3943
3949 3946
3950 3941
3951 3948
3952 3943
3953 3952
3954 3950
3955 3945
3956 3947
3957 3955
3958 3953
3959 3951
3960 3953
3961 3954
3962 3954
3963 3954
3964 3959
3965 3960
3966 3957
3967 3956
3968 3966
3969 3964
3970 3965
3971 3963
3972 3967
3973 3970
3974 3968
3975 3966
3976 3968
3977 3968
3978 3970
3979 3977
3980 3970
3981 3970
3982 3981
3983 3972
3984 3978
3985 3984
3986 3975
3987 3985
3988 3981
3989 3984
3990 3984
3991 3986
3992 3986
3993 3986
3994 3993
3995 3992
3996 3991
3997 3989
3998 3997
3999 3996
4000 3997
4001 3992
4002 4001
4003 3995
4004 4002
4005 4004
4006 3998
4007 3998
4008 3999
4009 4001
4010 4007
4011 4001
4012 4002
4013 4005
4014 4012
4015 4007
4016 4007
4017 4012
4018 4012
4019 4009
4020 4014
4021 4018
4022 4016
4023 4015
4024 4019
4025 4020
4026 4018
4027 4018
4028 4018
4029 4025
4030 4026
4031 4026
4032 4022
4033 4023
4034 4028
4035 4030
4036 4032
4037 4032
4038 4035
4039 4030
4040 4030
4041 4030
4042 4032
4043 4035
4044 4034
4045 4044
4046 4040
4047 4037
4048 4037
4049 4044
4050 4042
4051 4046
4052 4049
4053 4047
4054 4050
4055 4051
4056 4049
4057 4050
4058 4055
4059 4051
4060 4050
4061 4056
4062 4052
4063 4062
4064 4053
4065 4064
4066 4064
4067 4062
4068 4065
4069 4067
4070 4064
4071 4070
4072 4065
4073 4066
4074 4072
4075 4073
4076 4075
4077 4072
4078 4074
4079 4068
4080 4079
4081 4072
4082 4071
4083 4073
4084 4075
4085 4084
4086 4080
4087 4076
4088 4079
4089 4080
4090 4087
4091 4084
4092 4088
4093 4092
4094 4083
4095 4093
4096 4092
4097 4094
4098 4091
4099 4088
4100 4097
4101 4093
4102 4092
4103 4096
4104 4100
4105 4103
4106 4100
4107 4096
4108 4100
4109 4099
4110 4102
4111 4106
4112 4111
4113 4112
4114 4113
4115 4114
4116 4115
4117 4115
4118 4111
4119 4113
4120 4109
4121 4118
4122 4119
4123 4120
4124 4115
4125 4124
4126 4121
4127 4124
4128 4119
4129 4122
4130 4121
4131 4128
4132 4126
4133 4126
4134 4132
4135 4132
4136 4133
4137 4136
4138 4135
4139 4130
4140 4138
4141 4134
4142 4134
4143 4142
4144 4140
4145 4139
4146 4140
4147 4145
4148 4140
4149 4142
4150 4143
4151 4149
4152 4149
4153 4151
4154 4147
4155 4148
4156 4145
4157 4147
4158 4153
4159 4158
4160 4150
4161 4151
4162 4154
4163 4157
4164 4158
4165 4159
4166 4160
4167 4156
4168 4165
4169 4162
4170 4168
4171 4165
4172 4166
4173 4163
4174 4166
4175 4173
4176 4167
4177 4169
4178 4167
4179 4171
4180 4169
4181 4177
4182 4176
4183 4175
4184 4173
4185 4181
4186 4181
4187 4182
4188 4181
4189 4183
4190 4189
4191 4190
4192 4188
4193 4188
4194 4192
4195 4192
4196 4186
4197 4196
4198 4188
4199 4189
4200 4193
4201 4196
4202 4196
4203 4193
4204 4203
4205 4197
4206 4201
4207 4197
4208 4203
4209 4205
4210 4208
4211 4209
4212 4205
4213 4204
4214 4207
4215 4205
4216 4215
4217 4214
4218 4207
4219 4216
4220 4212
4221 4216
4222 4215
4223 4219
4224 4216
4225 4219
4226 4220
4227 4219
4228 4220
4229 4221
4230 4220
4231 4227
4232 4226
4233 4225
4234 4225
4235 4230
4236 4226
4237 4226
4238 4235
4239 4233
4240 4229
4241 4239
4242 4237
4243 4242
4244 4241
4245 4234
4246 4236
4247 4245
4248 4245
4249 4243
4250 4247
4251 4243
4252 4251
4253 4244
4254 4251
4255 4244
4256 4255
4257 4256
4258 4254
4259 4257
4260 4258
4261 4250
4262 4254
4263 4255
4264 4263
4265 4255
4266 4264
4267 4262
4268 4265
4269 4264
4270 4263
4271 4262
4272 4269
4273 4271
4274 4263
4275 4265
4276 4271
4277 4270
4278 4268
4279 4269
4280 4276
4281 4279
4282 4273
4283 4275
4284 4273
4285 4280
4286 4280
4287 4283
4288 4283
4289 4281
4290 4289
4291 4289
4292 4291
4293 4282
4294 4287
4295 4289
4296 4292
4297 4294
4298 4290
4299 4290
4300 4298
4301 4298
4302 4293
4303 4301
4304 4295
4305 4296
4306 4296
4307 4301
4308 4303
4309 4299
4310 4309
4311 4300
4312 4305
4313 4311
4314 4310
4315 4305
4316 4312
4317 4312
4318 4317
4319 4312
4320 4319
4321 4318
4322 4319
4323 4319
4324 4319
4325 4316
4326 4317
4327 4317
4328 4322
4329 4325
4330 4327
4331 4327
4332 4324
4333 4332
4334 4332
4335 4328
4336 4329
4337 4336
4338 4334
4339 4336
4340 4337
4341 4337
4342 4338
4343 4338
4344 4337
4345 4336
4346 4337
4347 4337
4348 4346
4349 4348
4350 4340
4351 4344
4352 4347
4353 4343
4354 4344
4355 4354
4356 4345
4357 4346
4358 4348
4359 4352
4360 4349
4361 4358
4362 4357
4363 4360
4364 4361
4365 4363
4366 4362
4367 4365
4368 4362
4369 4364
4370 4359
4371 4369
4372 4365
4373 4364
4374 4372
4375 4372
4376 4371
4377 4373
4378 4369
4379 4377
4380 4375
4381 4370
4382 4371
4383 4380
4384 4381
4385 4375
4386 4383
4387 4378
4388 4377
4389 4381
4390 4382
4391 4381
4392 4385
4393 4383
4394 4385
4395 4386
4396 4386
4397 4391
4398 4396
4399 4390
4400 4398
4401 4399
4402 4397
4403 4395
4404 4399
4405 4394
4406 4399
4407 4405
4408 4400
4409 4405
4410 4407
4411 4410
4412 4408
4413 4412
4414 4413
4415 4407
4416 4408
4417 4406
4418 4410
4419 4408
4420 4412
4421 4419
4422 4413
4423 4420
4424 4417
4425 4414
4426 4419
4427 4423
4428 4418
4429 4428
4430 4422
4431 4420
4432 4430
4433 4429
4434 4426
4435 4434
4436 4430
4437 4434
4438 4435
4439 4429
4440 4429
4441 4430
4442 4440
4443 4440
4444 4436
4445 4436
4446 4441
4447 4441
4448 4445
4449 4444
4450 4446
4451 4442
4452 4444
4453 4446
4454 4449
4455 4451
4456 4451
4457 4455
4458 4454
4459 4449
4460 4455
4461 4456
4462 4452
4463 4461
4464 4453
4465 4464
4466 4463
4467 4462
4468 4464
4469 4464
4470 4469
4471 4466
4472 4467
4473 4470
4474 4467
4475 4464
4476 4472
4477 4470
4478 4473
4479 4478
4480 4477
4481 4471
4482 4477
4483 4482
4484 4473
4485 4476
4486 4485
4487 4480
4488 4481
4489 4479
4490 4479
4491 4483
4492 4487
4493 4484
4494 4490
4495 4488
4496 4493
4497 4491
4498 4491
4499 4493
4500 4492
4501 4493
4502 4493
4503 4500
4504 4502
4505 4495
4506 4504
4507 4505
4508 4506
4509 4508
4510 4507
4511 4509
4512 4504
4513 4505
4514 4503
4515 4506
4516 4508
4517 4512
4518 4513
4519 4518
4520 4519
4521 4511
4522 4514
4523 4514
4524 4520
4525 4524
4526 4524
4527 4524
4528 4522
4529 4527
4530 4529
4531 4520
4532 4528
4533 4525
4534 4530
4535 4530
4536 4527
4537 4531
4538 4537
4539 4536
4540 4538
4541 4535
4542 4536
4543 4542
4544 4542
4545 4536
4546 4535
4547 4545
4548 4544
4549 4539
4550 4544
4551 4543
4552 4545
4553 4548
4554 4549
4555 4547
4556 4547
4557 4556
4558 4556
4559 4551
4560 4554
4561 4556
4562 4554
4563 4562
4564 4556
4565 4558
4566 4560
4567 4564
4568 4566
4569 4564
4570 4563
4571 4567
4572 4565
4573 4571
4574 4563
4575 4573
4576 4566
4577 4575
4578 4576
4579 4574
4580 4577
4581 4573
4582 4579
4583 4579
4584 4581
4585 4577
4586 4581
4587 4581
4588 4584
4589 4578
4590 4580
4591 4585
4592 4585
4593 4584
4594 4590
4595 4586
4596 4595
4597 4586
4598 4589
4599 4589
4600 4597
4601 4597
4602 4598
4603 4602
4604 4595
4605 4598
4606 4599
4607 4603
4608 4598
4609 4608
4610 4609
4611 4601
4612 4611
4613 4611
4614 4611
4615 4612
4616 4611
4617 4615
4618 4610
4619 4611
4620 4614
4621 4615
4622 4619
4623 4612
4624 4614
4625 4614
4626 4621
4627 4623
4628 4618
4629 4621
4630 4620
4631 4624
4632 4625
4633 4624
4634 4626
4635 4626
4636 4631
4637 4629
4638 4636
4639 4629
4640 4634
4641 4630
4642 4638
4643 4638
4644 4633
4645 4641
4646 4644
4647 4639
4648 4646
4649 4646
4650 4639
4651 4642
4652 4642
4653 4642
4654 4647
4655 4653
4656 4655
4657 4655
4658 4654
4659 4655
4660 4653
4661 4660
4662 4652
4663 4657
4664 4663
4665 4659
4666 4656
4667 4658
4668 4662
4669 4665
4670 4662
4671 4670
4672 4670
4673 4671
4674 4670
4675 4671
4676 4675
4677 4667
4678 4667
4679 4676
4680 4669
4681 4677
4682 4676
4683 4677
4684 4677
4685 4684
4686 4680
4687 4684
4688 4677
4689 4678
4690 4686
4691 4689
4692 4689
4693 4692
4694 4684
4695 4694
4696 4685
4697 4694
4698 4688
4699 4693
4700 4696
4701 4691
4702 4696
4703 4697
4704 4693
4705 4699
4706 4702
4707 4705
4708 4701
4709 4705
4710 4705
4711 4706
4712 4701
4713 4704
4714 4711
4715 4704
4716 4713
4717 4706
4718 4708
4719 4715
4720 4717
4721 4713
4722 4719
4723 4719
4724 4714
4725 4718
4726 4721
4727 4718
4728 4717
4729 4721
4730 4725
4731 4728
4732 4721
4733 4725
4734 4732
4735 4733
4736 4726
4737 4727
4738 4730
4739 4730
4740 4732
4741 4733
4742 4738
4743 4733
4744 4740
4745 4740
4746 4744
4747 4745
4748 4737
4749 4743
4750 4741
4751 4748
4752 4745
4753 4752
4754 4748
4755 4752
4756 4746
4757 4748
4758 4756
4759 4752
4760 4758
4761 4755
4762 4754
4763 4753
4764 4757
4765 4761
4766 4755
4767 4757
4768 4757
4769 4760
4770 4767
4771 4770
4772 4767
4773 4763
4774 4772
4775 4768
4776 4766
4777 4769
4778 4777
4779 4772
4780 4771
4781 4774
4782 4772
4783 4772
4784 4779
4785 4784
4786 4780
4787 4780
4788 4784
4789 4786
4790 4782
4791 4784
4792 4791
4793 4783
4794 4783
4795 4786
4796 4792
4797 4793
4798 4793
4799 4789
4800 4799
4801 4791
4802 4792
4803 4798
4804 4802
4805 4803
4806 4798
4807 4806
4808 4804
4809 4800
4810 4800
4811 4803
4812 4802
4813 4812
4814 4804
4815 4805
4816 4810
4817 4812
4818 4815
4819 4814
4820 4810
4821 4810
4822 4821
4823 4817
4824 4817
4825 4820
4826 4815
4827 4819
4828 4819
4829 4823
4830 4824
4831 4828
4832 4830
4833 4829
4834 4827
4835 4832
4836 4831
4837 4826
4838 4837
4839 4829
4840 4838
4841 4834
4842 4834
4843 4836
4844 4842
4845 4844
4846 4845
4847 4840
4848 4842
4849 4842
4850 4844
4851 4846
4852 4847
4853 4842
4854 4845
4855 4846
4856 4849
4857 4854
4858 4851
4859 4850
4860 4856
4861 4850
4862 4851
4863 4862
4864 4858
4865 4864
4866 4859
4867 4860
4868 4859
4869 4863
4870 4867
4871 4861
4872 4870
4873 4868
4874 4871
4875 4874
4876 4875
4877 4875
4878 4876
4879 4878
4880 4879
4881 4880
4882 4874
4883 4881
4884 4881
4885 4874
4886 4879
4887 4877
4888 4878
4889 4881
4890 4884
4891 4882
4892 4886
4893 4887
4894 4890
4895 4890
4896 4888
4897 4894
4898 4890
4899 4890
4900 4896
4901 4893
4902 4898
4903 4892
4904 4899
4905 4902
4906 4897
4907 4901
4908 4899
4909 4905
4910 4906
4911 4901
4912 4904
4913 4907
4914 4909
4915 4913
4916 4914
4917 4914
4918 4912
4919 4916
4920 4912
4921 4917
4922 4916
4923 4912
4924 4921
4925 4919
4926 4921
4927 4917
4928 4917
4929 4924
4930 4929
4931 4920
4932 4929
4933 4924
4934 4924
4935 4930
4936 4928
4937 4936
4938 4930
4939 4931
4940 4929
4941 4937
4942 4938
4943 4935
4944 4938
4945 4937
4946 4941
4947 4938
4948 4937
4949 4944
4950 4941
4951 4945
4952 4945
4953 4950
4954 4951
4955 4954
4956 4949
4957 4950
4958 4948
4959 4956
4960 4952
4961 4955
4962 4956
4963 4952
4964 4960
4965 4957
4966 4965
4967 4959
4968 4961
4969 4968
4970 4965
4971 4969
4972 4965
4973 4963
4974 4971
4975 4973
4976 4969
4977 4973
4978 4974
4979 4974
4980 4978
4981 4977
4982 4980
4983 4973
4984 4978
4985 4981
4986 4984
4987 4980
4988 4983
4989 4980
4990 4987
4991 4984
4992 4989
4993 4985
4994 4991
4995 4986
4996 4985
4997 4993
4998 4997
4999 4993
5000 4991
5001 4995
5002 4996
5003 4997
5004 4996
5005 5001
5006 5000
5007 5006
5008 5002
5009 5005
5010 5006
5011 5002
5012 5007
5013 5002
5014 5004
5015 5009
5016 5007
5017 5016
5018 5008
5019 5011
5020 5016
5021 5014
5022 5018
5023 5016
5024 5019
5025 5021
5026 5023
5027 5017
5028 5025
5029 5023
5030 5021
5031 5029
5032 5022
5033 5022
5034 5027
5035 5026
5036 5025
5037 5027
5038 5027
5039 5035
5040 5038
5041 5036
5042 5038
5043 5033
5044 5039
5045 5040
5046 5041
5047 5041
5048 5042
5049 5039
5050 5040
5051 5048
5052 5050
5053 5045
5054 5048
5055 5054
5056 5049
5057 5052
5058 5057
5059 5048
5060 5049
5061 5057
5062 5052
5063 5055
5064 5054
5065 5056
5066 5065
5067 5064
5068 5066
5069 5068
5070 5065
5071 5067
5072 5062
5073 5069
5074 5068
5075 5068
5076 5074
5077 5075
5078 5077
5079 5069
5080 5077
5081 5076
5082 5081
5083 5072
5084 5075
5085 5083
5086 5078
5087 5077
5088 5080
5089 5087
5090 5085
5091 5081
5092 5083
5093 5086
5094 5086
5095 5090
5096 5094
5097 5094
5098 5095
5099 5089
5100 5094
5101 5100
5102 5101
5103 5094
5104 5100
5105 5103
5106 5105
5107 5101
5108 5100
5109 5108
5110 5104
5111 5104
5112 5110
5113 5108
5114 5103
5115 5106
5116 5115
5117 5109
5118 5109
5119 5113
5120 5116
5121 5113
5122 5115
5123 5119
5124 5122
5125 5116
5126 5122
5127 5122
5128 5119
5129 5128
5130 5128
5131 5129
5132 5131
5133 5132
5134 5125
5135 5126
5136 5128
5137 5128
5138 5130
5139 5138
5140 5133
5141 5133
5142 5137
5143 5132
5144 5143
5145 5141
5146 5140
5147 5143
5148 5140
5149 5146
5150 5143
5151 5146
5152 5149
5153 5147
5154 5151
5155 5153
5156 5147
5157 5147
5158 5147
5159 5157
5160 5154
5161 5160
5162 5156
5163 5153
5164 5163
5165 5154
5166 5162
5167 5158
5168 5161
5169 5160
5170 5161
5171 5168
5172 5168
5173 5164
5174 5166
5175 5169
5176 5174
5177 5166
5178 5177
5179 5176
5180 5175
5181 5178
5182 5172
5183 5178
5184 5178
5185 5184
5186 5181
5187 5181
5188 5178
5189 5184
5190 5185
5191 5189
5192 5190
5193 5182
5194 5188
5195 5191
5196 5193
5197 5192
5198 5191
5199 5196
5200 5198
5201 5199
5202 5200
5203 5196
5204 5196
5205 5200
5206 5198
5207 5206
5208 5197
5209 5200
5210 5209
5211 5210
5212 5210
5213 5211
5214 5204
5215 5211
5216 5211
5217 5207
5218 5208
5219 5216
5220 5212
5221 5211
5222 5212
5223 5218
5224 5222
5225 5223
5226 5223
5227 5226
5228 5226
5229 5222
5230 5227
5231 5228
5232 5228
5233 5232
5234 5228
5235 5227
5236 5235
5237 5234
5238 5233
5239 5232
5240 5232
5241 5239
5242 5239
5243 5242
5244 5236
5245 5237
5246 5235
5247 5239
5248 5246
5249 5244
5250 5245
5251 5246
5252 5251
5253 5249
5254 5247
5255 5250
5256 5248
5257 5252
5258 5256
5259 5258
5260 5254
5261 5255
5262 5260
5263 5260
5264 5258
5265 5257
5266 5261
5267 5266
5268 5264
5269 5263
5270 5260
5271 5261
5272 5270
5273 5267
5274 5266
5275 5273
5276 5272
5277 5267
5278 5272
5279 5275
5280 5273
5281 5279
5282 5277
5283 5275
5284 5278
5285 5275
5286 5283
5287 5283
5288 5278
5289 5278
5290 5284
5291 5285
5292 5283
5293 5285
5294 5284
5295 5286
5296 5286
5297 5287
5298 5290
5299 5293
5300 5292
5301 5298
5302 5298
5303 5300
5304 5302
5305 5302
5306 5304
5307 5302
5308 5299
5309 5308
5310 5299
5311 5310
5312 5302
5313 5302
5314 5310
5315 5313
5316 5306
5317 5316
5318 5314
5319 5315
5320 5309
5321 5311
5322 5318
5323 5317
5324 5320
5325 5318
5326 5322
5327 5326
5328 5326
5329 5320
5330 5323
5331 5329
5332 5323
5333 5322
5334 5333
5335 5327
5336 5330
5337 5331
5338 5332
5339 5331
5340 5336
5341 5335
5342 5338
5343 5341
5344 5340
5345 5339
5346 5340
5347 5337
5348 5338
5349 5338
5350 5341
5351 5348
5352 5341
5353 5346
5354 5348
5355 5349
5356 5349
5357 5354
5358 5352
5359 5353
5360 5354
5361 5357
5362 5361
5363 5362
5364 5358
5365 5359
5366 5358
5367 5362
5368 5360
5369 5368
5370 5361
5371 5361
5372 5369
5373 5367
5374 5366
5375 5374
5376 5367
5377 5369
5378 5370
5379 5377
5380 5376
5381 5374
5382 5376
5383 5382
5384 5379
5385 5375
5386 5375
5387 5382
5388 5378
5389 5381
5390 5383
5391 5385
5392 5391
5393 5385
5394 5391
5395 5389
5396 5387
5397 5388
5398 5397
5399 5396
5400 5399
5401 5390
5402 5395
5403 5399
5404 5400
5405 5401
5406 5400
5407 5402
5408 5401
5409 5408
5410 5407
5411 5407
5412 5406
5413 5405
5414 5408
5415 5413
5416 5406
5417 5416
5418 5412
5419 5417
5420 5410
5421 5418
5422 5418
5423 5421
5424 5421
5425 5416
5426 5420
5427 5420
5428 5426
5429 5420
5430 5422
5431 5429
5432 5430
5433 5422
5434 5427
5435 5425
5436 5433
5437 5435
5438 5430
5439 5435
5440 5434
5441 5430
5442 5439
5443 5442
5444 5435
5445 5442
5446 5445
5447 5439
5448 5441
5449 5445
5450 5439
5451 5449
5452 5447
5453 5446
5454 5447
5455 5450
5456 5454
5457 5447
5458 5447
5459 5455
5460 5451
5461 5453
5462 5455
5463 5454
5464 5462
5465 5457
5466 5465
5467 5462
5468 5458
5469 5468
5470 5462
5471 5462
5472 5468
5473 5468
5474 5470
5475 5472
5476 5474
5477 5468
5478 5477
5479 5478
5480 5476
5481 5471
5482 5474
5483 5477
5484 5480
5485 5478
5486 5479
5487 5476
5488 5478
5489 5484
5490 5482
5491 5489
5492 5486
5493 5492
5494 5488
5495 5493
5496 5492
5497 5495
5498 5492
5499 5492
5500 5494
5501 5490
5502 5496
5503 5498
5504 5500
5505 5504
5506 5505
5507 5497
5508 5505
5509 5499
5510 5503
5511 5507
5512 5505
5513 5512
5514 5512
5515 5512
5516 5506
5517 5513
5518 5509
5519 5512
5520 5513
5521 5519
5522 5513
5523 5512
5524 5516
5525 5521
5526 5515
5527 5520
5528 5517
5529 5525
5530 5523
5531 5529
5532 5529
5533 5526
5534 5532
5535 5526
5536 5528
5537 5531
5538 5528
5539 5528
5540 5535
5541 5531
5542 5539
5543 5541
5544 5533
5545 5540
5546 5541
5547 5541
5548 5544
5549 5548
5550 5543
5551 5543
5552 5550
5553 5546
5554 5547
5555 5548
5556 5553
5557 5550
5558 5556
5559 5551
5560 5554
5561 5558
5562 5560
5563 5553
5564 5554
5565 5562
5566 5557
5567 5565
5568 5565
5569 5565
5570 5565
5571 5563
5572 5563
5573 5570
5574 5569
5575 5566
5576 5568
5577 5571
5578 5572
5579 5572
5580 5570
5581 5576
5582 5573
5583 5572
5584 5577
5585 5578
5586 5582
5587 5581
5588 5584
5589 5579
5590 5583
5591 5584
5592 5586
5593 5587
5594 5592
5595 5589
5596 5589
5597 5588
5598 5595
5599 5597
5600 5597
5601 5593
5602 5592
5603 5593
5604 5600
5605 5598
5606 5598
5607 5600
5608 5602
5609 5607
5610 5606
5611 5601
5612 5606
5613 5607
5614 5605
5615 5605
5616 5605
5617 5606
5618 5616
5619 5609
5620 5619
5621 5619
5622 5615
5623 5621
5624 5621
5625 5619
5626 5619
5627 5622
5628 5619
5629 5625
5630 5627
5631 5621
5632 5625
5633 5629
5634 5628
5635 5624
5636 5628
5637 5630
5638 5628
5639 5630
5640 5629
5641 5633
5642 5637
5643 5637
5644 5642
5645 5642
5646 5641
5647 5637
5648 5647
5649 5647
5650 5642
5651 5648
5652 5643
5653 5649
5654 5646
5655 5653
5656 5647
5657 5652
5658 5655
5659 5648
5660 5653
5661 5660
5662 5652
5663 5659
5664 5656
5665 5662
5666 5665
5667 5665
5668 5657
5669 5659
5670 5662
5671 5667
5672 5666
5673 5663
5674 5669
5675 5664
5676 5675
5677 5676
5678 5677
5679 5676
5680 5679
5681 5673
5682 5681
5683 5673
5684 5680
5685 5682
5686 5685
5687 5682
5688 5684
5689 5684
5690 5682
5691 5689
5692 5681
5693 5689
5694 5688
5695 5687
5696 5691
5697 5695
5698 5697
5699 5697
5700 5689
5701 5692
5702 5692
5703 5701
5704 5695
5705 5701
5706 5701
5707 5705
5708 5699
5709 5708
5710 5709
5711 5707
5712 5710
5713 5703
5714 5708
5715 5705
5716 5712
5717 5713
5718 5708
5719 5714
5720 5719
5721 5719
5722 5712
5723 5722
5724 5714
5725 5717
5726 5720
5727 5721
5728 5721
5729 5725
5730 5727
5731 5726
5732 5723
5733 5726
5734 5729
5735 5733
5736 5732
5737 5733
5738 5730
5739 5730
5740 5736
5741 5740
5742 5731
5743 5740
5744 5741
5745 5737
5746 5738
5747 5742
5748 5741
5749 5739
5750 5740
5751 5742
5752 5747
5753 5750
5754 5747
5755 5745
5756 5748
5757 5756
5758 5748
5759 5756
5760 5753
5761 5750
5762 5755
5763 5760
5764 5758
5765 5758
5766 5763
5767 5764
5768 5765
5769 5758
5770 5760
5771 5764
5772 5765
5773 5765
5774 5763
5775 5771
5776 5772
5777 5768
5778 5767
5779 5772
5780 5772
5781 5770
5782 5774
5783 5777
5784 5783
5785 5779
5786 5777
5787 5781
5788 5781
5789 5782
5790 5787
5791 5787
5792 5786
5793 5785
5794 5793
5795 5789
5796 5786
5797 5790
5798 5792
5799 5794
5800 5794
5801 5797
5802 5796
5803 5795
5804 5795
5805 5801
5806 5800
5807 5801
5808 5805
5809 5807
5810 5805
5811 5803
5812 5806
5813 5809
5814 5813
5815 5813
5816 5812
5817 5811
5818 5817
5819 5809
5820 5811
5821 5819
5822 5816
5823 5815
5824 5823
5825 5823
5826 5817
5827 5819
5828 5822
5829 5822
5830 5828
5831 5824
5832 5826
5833 5826
5834 5826
5835 5834
5836 5829
5837 5834
5838 5833
5839 5828
5840 5833
5841 5839
5842 5838
5843 5833
5844 5838
5845 5835
5846 5842
5847 5838
5848 5839
5849 5847
5850 5844
5851 5840
5852 5845
5853 5849
5854 5851
5855 5847
5856 5846
5857 5849
5858 5848
5859 5849
5860 5855
5861 5855
5862 5859
5863 5856
5864 5859
5865 5864
5866 5865
5867 5856
5868 5858
5869 5862
5870 5865
5871 5870
5872 5865
5873 5872
5874 5870
5875 5874
5876 5869
5877 5868
5878 5867
5879 5871
5880 5879
5881 5880
5882 5875
5883 5875
5884 5876
5885 5880
5886 5885
5887 5879
5888 5887
5889 5880
5890 5883
5891 5890
5892 5886
5893 5890
5894 5888
5895 5893
5896 5888
5897 5888
5898 5896
5899 5889
5900 5898
5901 5895
5902 5898
5903 5897
5904 5899
5905 5900
5906 5904
5907 5898
5908 5901
5909 5902
5910 5906
5911 5904
5912 5911
5913 5911
5914 5905
5915 5910
5916 5914
5917 5910
5918 5908
5919 5912
5920 5911
5921 5919
5922 5915
5923 5914
5924 5921
5925 5918
5926 5919
5927 5925
5928 5918
5929 5922
5930 5919
5931 5927
5932 5929
5933 5926
5934 5928
5935 5932
5936 5925
5937 5935
5938 5931
5939 5928
5940 5938
5941 5937
5942 5940
5943 5941
5944 5936
5945 5939
5946 5938
5947 5945
5948 5938
5949 5946
5950 5943
5951 5948
5952 5943
5953 5949
5954 5943
5955 5951
5956 5949
5957 5956
5958 5947
5959 5953
5960 5952
5961 5951
5962 5959
5963 5953
5964 5956
5965 5960
5966 5962
5967 5958
5968 5958
5969 5962
5970 5961
5971 5964
5972 5965
5973 5964
5974 5963
5975 5970
5976 5966
5977 5976
5978 5976
5979 5971
5980 5971
5981 5974
5982 5978
5983 5975
5984 5978
5985 5981
5986 5976
5987 5977
5988 5982
5989 5987
5990 5984
5991 5981
5992 5985
5993 5982
5994 5986
5995 5985
5996 5994
5997 5989
5998 5987
5999 5997
6000 5994
6001 5993
6002 5996
6003 6001
6004 6003
6005 5997
6006 6001
6007 6000
6008 6003
6009 6005
6010 6001
6011 6010
6012 6001
6013 6010
6014 6010
6015 6014
6016 6009
6017 6008
6018 6015
6019 6012
6020 6018
6021 6020
6022 6018
6023 6012
6024 6016
6025 6017
6026 6023
6027 6022
6028 6018
6029 6027
6030 6023
6031 6025
6032 6027
6033 6026
6034 6026
6035 6029
6036 6031
6037 6032
6038 6029
6039 6038
6040 6029
6041 6039
6042 6038
6043 6033
6044 6039
6045 6041
6046 6040
6047 6037
6048 6042
6049 6039
6050 6042
6051 6045
6052 6045
6053 6052
6054 6047
6055 6053
6056 6047
6057 6047
6058 6053
6059 6056
6060 6053
6061 6050
6062 6051
6063 6056
6064 6058
6065 6060
6066 6057
6067 6065
6068 6057
6069 6068
6070 6069
6071 6069
6072 6069
6073 6068
6074 6072
6075 6070
6076 6065
6077 6073
6078 6075
6079 6073
6080 6070
6081 6072
6082 6075
6083 6076
6084 6082
6085 6080
6086 6084
6087 6076
6088 6085
6089 6087
6090 6086
6091 6089
6092 6081
6093 6087
6094 6093
6095 6087
6096 6091
6097 6088
6098 6091
6099 6090
6100 6089
6101 6096
6102 6092
6103 6096
6104 6102
6105 6095
6106 6099
6107 6103
6108 6105
6109 6106
6110 6102
6111 6102
6112 6101
6113 6103
6114 6109
6115 6105
6116 6105
6117 6107
6118 6110
6119 6111
6120 6111
6121 6119
6122 6121
6123 6117
6124 6113
6125 6121
6126 6120
6127 6124
6128 6124
6129 6126
6130 6120
6131 6124
6132 6129
6133 6131
6134 6133
6135 6129
6136 6126
6137 6132
6138 6135
6139 6130
6140 6131
6141 6130
6142 6135
6143 6142
6144 6137
6145 6144
6146 6136
6147 6146
6148 6140
6149 6148
6150 6142
6151 6144
6152 6147
6153 6147
6154 6149
6155 6152
6156 6147
6157 6156
6158 6156
6159 6151
6160 6158
6161 6155
6162 6156
6163 6157
6164 6154
6165 6162
6166 6156
6167 6164
6168 6165
6169 6158
6170 6159
6171 6164
6172 6166
6173 6171
6174 6166
6175 6164
6176 6169
6177 6166
6178 6177
6179 6168
6180 6179
6181 6173
6182 6181
6183 6181
6184 6178
6185 6181
6186 6185
6187 6182
6188 6178
6189 6178
6190 6181
6191 6180
6192 6184
6193 6192
6194 6191
6195 6192
6196 6195
6197 6187
6198 6188
6199 6197
6200 6199
6201 6199
6202 6195
6203 6199
6204 6200
6205 6195
6206 6196
6207 6196
6208 6205
6209 6205
6210 6203
6211 6200
6212 6202
6213 6202
6214 6205
6215 6213
6216 6214
6217 6214
6218 6217
6219 6210
6220 6209
6221 6214
6222 6219
6223 6220
6224 6223
6225 6217
6226 6222
6227 6219
6228 6222
6229 6228
6230 6229
6231 6228
6232 6226
6233 6224
6234 6233
6235 6227
6236 6234
6237 6231
6238 6233
6239 6237
6240 6234
6241 6232
6242 6236
6243 6232
6244 6239
6245 6237
6246 6236
6247 6236
6248 6243
6249 6248
6250 6249
6251 6246
6252 6248
6253 6252
6254 6246
6255 6245
6256 6253
6257 6247
6258 6249
6259 6256
6260 6253
6261 6254
6262 6254
6263 6257
6264 6259
6265 6258
6266 6256
6267 6265
6268 6257
6269 6262
6270 6263
6271 6264
6272 6265
6273 6271
6274 6270
6275 6270
6276 6269
6277 6268
6278 6268
6279 6273
6280 6276
6281 6271
6282 6281
6283 6278
6284 6273
6285 6279
6286 6283
6287 6286
6288 6280
6289 6284
6290 6288
6291 6283
6292 6284
6293 6282
6294 6292
6295 6286
6296 6287
6297 6288
6298 6287
6299 6294
6300 6299
6301 6300
6302 6292
6303 6294
6304 6303
6305 6295
6306 6300
6307 6298
6308 6302
6309 6307
6310 6299
6311 6301
6312 6306
6313 6303
6314 6310
6315 6308
6316 6315
6317 6308
6318 6314
6319 6315
6320 6314
6321 6318
6322 6320
6323 6316
6324 6320
6325 6316
6326 6325
6327 6323
6328 6324
6329 6326
6330 6327
6331 6325
6332 6329
6333 6322
6334 6323
6335 6330
6336 6330
6337 6328
6338 6328
6339 6336
6340 6339
6341 6332
6342 6334
6343 6337
6344 6339
6345 6336
6346 6335
6347 6345
6348 6347
6349 6343
6350 6344
6351 6346
6352 6342
6353 6352
6354 6351
6355 6354
6356 6353
6357 6351
6358 6351
6359 6349
6360 6359
6361 6351
6362 6356
6363 6362
6364 6354
6365 6354
6366 6355
6367 6358
6368 6362
6369 6364
6370 6365
6371 6367
6372 6369
6373 6365
6374 6367
6375 6372
6376 6367
6377 6367
6378 6375
6379 6377
6380 6374
6381 6372
6382 6371
6383 6372
6384 6373
6385 6374
6386 6384
6387 6376
6388 6384
6389 6383
6390 6387
6391 6383
6392 6387
6393 6383
6394 6386
6395 6386
6396 6392
6397 6386
6398 6395
6399 6398
6400 6398
6401 6390
6402 6392
6403 6396
6404 6399
6405 6396
6406 6402
6407 6399
6408 6397
6409 6408
6410 6404
6411 6406
6412 6411
6413 6411
6414 6407
6415 6413
6416 6408
6417 6411
6418 6411
6419 6409
6420 6410
6421 6419
6422 6420
6423 6413
6424 6422
6425 6414
6426 6417
6427 6424
6428 6422
6429 6418
6430 6421
6431 6426
6432 6427
6433 6427
6434 6431
6435 6432
6436 6435
6437 6426
6438 6436
6439 6437
6440 6437
6441 6440
6442 6437
6443 6432
6444 6434
6445 6436
6446 6438
6447 6443
6448 6447
6449 6447
6450 6443
6451 6445
6452 6449
6453 6445
6454 6453
6455 6449
6456 6449
6457 6451
6458 6452
6459 6449
6460 6451
6461 6450
6462 6453
6463 6455
6464 6456
6465 6457
6466 6464
6467 6456
6468 6464
6469 6460
6470 6459
6471 6460
6472 6462
6473 6462
6474 6467
6475 6466
6476 6472
6477 6476
6478 6472
6479 6478
6480 6469
6481 6475
6482 6473
6483 6473
6484 6479
6485 6478
6486 6484
6487 6477
6488 6478
6489 6479
6490 6484
6491 6484
6492 6489
6493 6484
6494 6488
6495 6486
6496 6495
6497 6496
6498 6490
6499 6491
6500 6493
6501 6499
6502 6499
6503 6500
6504 6500
6505 6494
6506 6505
6507 6496
6508 6500
6509 6499
6510 6502
6511 6505
6512 6506
6513 6509
6514 6510
6515 6510
6516 6505
6517 6516
6518 6514
6519 6510
6520 6510
6521 6518
6522 6513
6523 6516
6524 6519
6525 6520
6526 6515
6527 6524
6528 6521
6529 6518
6530 6520
6531 6529
6532 6522
6533 6531
6534 6531
6535 6529
6536 6526
6537 6535
6538 6530
6539 6534
6540 6533
6541 6532
6542 6533
6543 6540
6544 6533
6545 6543
6546 6540
6547 6542
6548 6540
6549 6546
6550 6547
6551 6547
6552 6548
6553 6552
6554 6543
6555 6547
6556 6552
6557 6554
6558 6551
6559 6548
6560 6556
6561 6558
6562 6560
6563 6559
6564 6563
6565 6562
6566 6562
6567 6556
6568 6557
6569 6567
6570 6561
6571 6570
6572 6571
6573 6570
6574 6563
6575 6567
6576 6574
6577 6568
6578 6574
6579 6573
6580 6569
6581 6573
6582 6580
6583 6577
6584 6575
6585 6583
6586 6579
6587 6579
6588 6585
6589 6585
6590 6581
6591 6581
6592 6581
6593 6590
6594 6593
6595 6585
6596 6594
6597 6593
6598 6597
6599 6589
6600 6590
6601 6593
6602 6600
6603 6600
6604 6599
6605 6603
6606 6595
6607 6597
6608 6597
6609 6607
6610 6602
6611 6609
6612 6608
6613 6608
6614 6610
6615 6605
6616 6605
6617 6609
6618 6613
6619 6614
6620 6618
6621 6617
6622 6616
6623 6614
6624 6616
6625 6619
6626 6623
6627 6621
6628 6623
6629 6619
6630 6626
6631 6629
6632 6625
6633 6623
6634 6628
6635 6629
6636 6633
6637 6628
6638 6633
6639 6637
6640 6637
6641 6638
6642 6633
6643 6638
6644 6636
6645 6640
6646 6636
6647 6642
6648 6641
6649 6647
6650 6647
6651 6644
6652 6641
6653 6649
6654 6643
6655 6647
6656 6647
6657 6652
6658 6656
6659 6656
6660 6656
6661 6659
6662 6658
6663 6658
6664 6661
6665 6660
6666 6663
6667 6657
6668 6667
6669 6667
6670 6667
6671 6667
6672 6663
6673 6668
6674 6664
6675 6670
6676 6665
6677 6676
6678 6673
6679 6674
6680 6674
6681 6680
6682 6677
6683 6679
6684 6679
6685 6678
6686 6685
6687 6683
6688 6679
6689 6683
6690 6681
6691 6681
6692 6684
6693 6689
6694 6692
6695 6689
6696 6694
6697 6689
6698 6696
6699 6690
6700 6690
6701 6690
6702 6693
6703 6695
6704 6698
6705 6704
6706 6705
6707 6696
6708 6707
6709 6704
6710 6707
6711 6702
6712 6708
6713 6706
6714 6712
6715 6711
6716 6707
6717 6707
6718 6715
6719 6709
6720 6709
6721 6710
6722 6717
6723 6720
6724 6713
6725 6715
6726 6719
6727 6720
6728 6726
6729 6728
6730 6723
6731 6725
6732 6731
6733 6724
6734 6728
6735 6727
6736 6733
6737 6736
6738 6734
6739 6735
6740 6730
6741 6730
6742 6735
6743 6732
6744 6740
6745 6741
6746 6735
6747 6738
6748 6739
6749 6739
6750 6740
6751 6743
6752 6743
6753 6745
6754 6751
6755 6752
6756 6750
6757 6755
6758 6754
6759 6748
6760 6753
6761 6758
6762 6756
6763 6760
6764 6755
6765 6759
6766 6764
6767 6760
6768 6763
6769 6763
6770 6769
6771 6768
6772 6766
6773 6772
6774 6767
6775 6771
6776 6765
6777 6773
6778 6770
6779 6777
6780 6776
6781 6777
6782 6779
6783 6773
6784 6774
6785 6776
6786 6782
6787 6784
6788 6785
6789 6779
6790 6789
6791 6785
6792 6783
6793 6783
6794 6793
6795 6794
6796 6792
6797 6795
6798 6795
6799 6790
6800 6799
6801 6797
6802 6796
6803 6799
6804 6796
6805 6796
6806 6800
6807 6804
6808 6807
6809 6808
6810 6803
6811 6808
6812 6806
6813 6810
6814 6806
6815 6814
6816 6811
6817 6808
6818 6812
6819 6810
6820 6811
6821 6820
6822 6812
6823 6816
6824 6815
6825 6820
6826 6817
6827 6826
6828 6819
6829 6824
6830 6829
6831 6822
6832 6831
6833 6832
6834 6825
6835 6830
6836 6825
6837 6830
6838 6835
6839 6836
6840 6832
6841 6833
6842 6831
6843 6836
6844 6837
6845 6837
6846 6840
6847 6836
6848 6847
6849 6838
6850 6847
6851 6850
6852 6842
6853 6851
6854 6852
6855 6847
6856 6853
6857 6856
6858 6851
6859 6854
6860 6853
6861 6857
6862 6858
6863 6855
6864 6858
6865 6863
6866 6856
6867 6865
6868 6861
6869 6859
6870 6866
6871 6870
6872 6868
6873 6867
6874 6866
6875 6867
6876 6867
6877 6876
6878 6871
6879 6872
6880 6870
6881 6870
6882 6871
6883 6882
6884 6883
6885 6876
6886 6882
6887 6878
6888 6882
6889 6880
6890 6889
6891 6886
6892 6888
6893 6885
6894 6886
6895 6890
6896 6887
6897 6894
6898 6889
6899 6888
6900 6898
6901 6892
6902 6898
6903 6894
6904 6901
6905 6902
6906 6899
6907 6899
6908 6899
6909 6902
6910 6903
6911 6906
6912 6903
6913 6904
6914 6911
6915 6906
6916 6905
6917 6911
6918 6909
6919 6912
6920 6919
6921 6911
6922 6918
6923 6912
6924 6922
6925 6924
6926 6919
6927 6924
6928 6924
6929 6921
6930 6929
6931 6925
6932 6925
6933 6928
6934 6929
6935 6934
6936 6934
6937 6930
6938 6931
6939 6936
6940 6932
6941 6937
6942 6931
6943 6940
6944 6943
6945 6938
6946 6941
6947 6945
6948 6943
6949 6947
6950 6942
6951 6949
6952 6949
6953 6948
6954 6949
6955 6954
6956 6947
6957 6951
6958 6956
6959 6952
6960 6951
6961 6957
6962 6960
6963 6956
6964 6959
6965 6957
6966 6961
6967 6957
6968 6966
6969 6966
6970 6968
6971 6967
6972 6968
6973 6972
6974 6970
6975 6966
6976 6970
6977 6967
6978 6973
6979 6971
6980 6974
6981 6980
6982 6975
6983 6976
6984 6981
6985 6979
6986 6980
6987 6977
6988 6980
6989 6985
6990 6988
6991 6985
6992 6991
6993 6991
6994 6985
6995 6984
6996 6993
6997 6994
6998 6990
6999 6994
7000 6995
7001 6993
7002 7000
7003 7001
7004 6994
7005 6997
7006 6995
7007 6999
7008 7007
7009 7006
7010 7000
7011 7010
7012 7009
7013 7003
7014 7005
7015 7007
7016 7015
7017 7011
7018 7015
7019 7009
7020 7011
7021 7019
7022 7020
7023 7014
7024 7023
7025 7023
7026 7024
7027 7019
7028 7020
7029 7021
7030 7021
7031 7023
7032 7026
7033 7023
7034 7030
7035 7033
7036 7025
7037 7027
7038 7027
7039 7028
7040 7035
7041 7036
7042 7039
7043 7036
7044 7035
7045 7041
7046 7045
7047 7044
7048 7037
7049 7039
7050 7041
7051 7050
7052 7044
7053 7049
7054 7046
7055 7047
7056 7049
7057 7046
7058 7050
7059 7051
7060 7056
7061 7052
7062 7053
7063 7055
7064 7057
7065 7062
7066 7065
7067 7058
7068 7063
7069 7062
7070 7068
7071 7061
7072 7064
7073 7062
7074 7073
7075 7068
7076 7067
7077 7066
7078 7071
7079 7068
7080 7072
7081 7071
7082 7071
7083 7080
7084 7077
7085 7080
7086 7079
7087 7082
7088 7083
7089 7084
7090 7084
7091 7088
7092 7088
7093 7085
7094 7088
7095 7084
7096 7095
7097 7088
7098 7095
7099 7090
7100 7097
7101 7099
7102 7098
7103 7101
7104 7100
7105 7097
7106 7105
7107 7098
7108 7104
7109 7098
7110 7109
7111 7106
7112 7110
7113 7109
7114 7113
7115 7107
7116 7108
7117 7112
7118 7115
7119 7111
7120 7118
7121 7113
7122 7116
7123 7115
7124 7115
7125 7114
7126 7123
7127 7122
7128 7121
7129 7124
7130 7126
7131 7129
7132 7131
7133 7124
7134 7123
7135 7128
7136 7130
7137 7136
7138 7132
7139 7134
7140 7136
7141 7136
7142 7131
7143 7140
7144 7136
7145 7140
7146 7143
7147 7143
7148 7139
7149 7139
7150 7139
7151 7148
7152 7151
7153 7147
7154 7149
7155 7147
7156 7149
7157 7151
7158 7157
7159 7155
7160 7151
7161 7159
7162 7156
7163 7157
7164 7154
7165 7161
7166 7158
7167 7162
7168 7166
7169 7165
7170 7167
7171 7169
7172 7171
7173 7169
7174 7168
7175 7169
7176 7170
7177 7168
7178 7177
7179 7177
7180 7176
7181 7179
7182 7174
7183 7172
7184 7174
7185 7176
7186 7176
7187 7184
7188 7185
7189 7183
7190 7189
7191 7187
7192 7187
7193 7187
7194 7192
7195 7191
7196 7190
7197 7189
7198 7190
7199 7191
7200 7190
7201 7196
7202 7200
7203 7201
7204 7194
7205 7196
7206 7195
7207 7198
7208 7207
7209 7203
7210 7202
7211 7205
7212 7203
7213 7209
7214 7207
7215 7206
7216 7210
7217 7216
7218 7212
7219 7214
7220 7217
7221 7218
7222 7212
7223 7221
7224 7213
7225 7215
7226 7221
7227 7216
7228 7221
7229 7224
7230 7225
7231 7230
7232 7227
7233 7223
7234 7224
7235 7225
7236 7234
7237 7226
7238 7231
7239 7228
7240 7238
7241 7238
7242 7233
7243 7239
7244 7236
7245 7235
7246 7236
7247 7237
7248 7247
7249 7246
7250 7244
7251 7242
7252 7251
7253 7242
7254 7249
7255 7254
7256 7251
7257 7253
7258 7256
7259 7256
7260 7257
7261 7252
7262 7261
7263 7259
7264 7254
7265 7260
7266 7255
7267 7260
7268 7257
7269 7261
7270 7267
7271 7265
7272 7263
7273 7268
7274 7271
7275 7271
7276 7271
7277 7276
7278 7268
7279 7277
7280 7272
7281 7273
7282 7279
7283 7274
7284 7277
7285 7283
7286 7276
7287 7279
7288 7286
7289 7288
7290 7280
7291 7285
7292 7287
7293 7285
7294 7292
7295 7293
7296 7293
7297 7293
7298 7297
7299 7289
7300 7298
7301 7290
7302 7296
7303 7300
7304 7301
7305 7297
7306 7297
7307 7304
7308 7305
7309 7308
7310 7300
7311 7310
7312 7306
7313 7308
7314 7306
7315 7314
7316 7308
7317 7312
7318 7307
7319 7316
7320 7319
7321 7319
7322 7320
7323 7321
7324 7320
7325 7323
7326 7321
7327 7317
7328 7326
7329 7325
7330 7329
7331 7321
7332 7328
7333 7324
7334 7332
7335 7325
7336 7332
7337 7331
7338 7332
7339 7328
7340 7337
7341 7335
7342 7339
7343 7332
7344 7336
7345 7335
7346 7336
7347 7342
7348 7338
7349 7341
7350 7339
7351 7340
7352 7350
7353 7347
7354 7353
7355 7345
7356 7352
7357 7347
7358 7355
7359 7354
7360 7352
7361 7359
7362 7357
7363 7356
7364 7353
7365 7355
7366 7355
7367 7366
7368 7366
7369 7359
7370 7369
7371 7366
7372 7368
7373 7367
7374 7372
7375 7364
7376 7374
7377 7368
7378 7377
7379 7368
7380 7373
7381 7379
7382 7375
7383 7376
7384 7380
7385 7376
7386 7379
7387 7379
7388 7384
7389 7379
7390 7383
7391 7386
7392 7388
7393 7388
7394 7383
7395 7384
7396 7393
7397 7394
7398 7388
7399 7397
7400 7391
7401 7399
7402 7397
7403 7395
7404 7401
7405 7397
7406 7395
7407 7402
7408 7402
7409 7400
7410 7403
7411 7407
7412 7405
7413 7403
7414 7410
7415 7410
7416 7415
7417 7408
7418 7414
7419 7408
7420 7414
7421 7414
7422 7412
7423 7422
7424 7415
7425 7421
7426 7418
7427 7421
7428 7417
7429 7428
7430 7429
7431 7426
7432 7427
7433 7425
7434 7426
7435 7433
7436 7435
7437 7433
7438 7436
7439 7438
7440 7436
7441 7440
7442 7433
7443 7439
7444 7436
7445 7434
7446 7439
7447 7439
7448 7442
7449 7448
7450 7439
7451 7441
7452 7451
7453 7443
7454 7452
7455 7444
7456 7454
7457 7450
7458 7454
7459 7454
7460 7453
7461 7451
7462 7460
7463 7458
7464 7463
7465 7455
7466 7455
7467 7460
7468 7466
7469 7468
7470 7464
7471 7465
7472 7467
7473 7467
7474 7469
7475 7474
7476 7470
7477 7473
7478 7469
7479 7474
7480 7472
7481 7474
7482 7481
7483 7478
7484 7483
7485 7483
7486 7481
7487 7480
7488 7483
7489 7481
7490 7488
7491 7485
7492 7489
7493 7488
7494 7484
7495 7486
7496 7485
7497 7495
7498 7490
7499 7496
7500 7492
7501 7496
7502 7494
7503 7501
7504 7497
7505 7503
7506 7501
7507 7500
7508 7499
7509 7503
7510 7503
7511 7504
7512 7503
7513 7503
7514 7511
7515 7506
7516 7515
7517 7507
7518 7514
7519 7515
7520 7518
7521 7520
7522 7519
7523 7516
7524 7522
7525 7522
7526 7519
7527 7526
7528 7526
7529 7518
7530 7520
7531 7527
7532 7528
7533 7530
7534 7528
7535 7525
7536 7533
7537 7527
7538 7528
7539 7535
7540 7531
7541 7538
7542 7533
7543 7537
7544 7533
7545 7538
7546 7543
7547 7539
7548 7545
7549 7546
7550 7546
7551 7547
7552 7549
7553 7546
7554 7549
7555 7545
7556 7547
7557 7556
7558 7548
7559 7549
7560 7552
7561 7557
7562 7559
7563 7557
7564 7554
7565 7563
7566 7564
7567 7566
7568 7565
7569 7568
7570 7569
7571 7570
7572 7567
7573 7564
7574 7572
7575 7569
7576 7570
7577 7566
7578 7567
7579 7572
7580 7574
7581 7578
7582 7579
7583 7581
7584 7581
7585 7577
7586 7582
7587 7581
7588 7578
7589 7582
7590 7583
7591 7584
7592 7590
7593 7588
7594 7588
7595 7589
7596 7595
7597 7596
7598 7594
7599 7591
7600 7596
7601 7594
7602 7599
7603 7592
7604 7600
7605 7599
7606 7600
7607 7600
7608 7600
7609 7607
7610 7603
7611 7604
7612 7601
7613 7610
7614 7609
7615 7612
7616 7613
7617 7615
7618 7611
7619 7609
7620 7612
7621 7619
7622 7621
7623 7618
7624 7614
7625 7618
7626 7622
7627 7621
7628 7619
7629 7628
7630 7619
7631 7630
7632 7627
7633 7623
7634 7631
7635 7624
7636 7628
7637 7632
7638 7630
7639 7637
7640 7637
7641 7633
7642 7638
7643 7635
7644 7638
7645 7644
7646 7643
7647 7644
7648 7639
7649 7640
7650 7641
7651 7648
7652 7641
7653 7646
7654 7647
7655 7649
7656 7647
7657 7652
7658 7649
7659 7651
7660 7659
7661 7651
7662 7660
7663 7661
7664 7659
7665 7658
7666 7659
7667 7666
7668 7657
7669 7658
7670 7668
7671 7660
7672 7670
7673 7665
7674 7665
7675 7666
7676 7669
7677 7676
7678 7675
7679 7670
7680 7676
7681 7679
7682 7681
7683 7677
7684 7675
7685 7684
7686 7676
7687 7676
7688 7684
7689 7679
7690 7680
7691 7686
7692 7684
7693 7687
7694 7691
7695 7686
7696 7691
7697 7694
7698 7697
7699 7690
7700 7693
7701 7695
7702 7691
7703 7693
7704 7697
7705 7702
7706 7704
7707 7698
7708 7702
7709 7706
7710 7708
7711 7705
7712 7708
7713 7704
7714 7711
7715 7707
7716 7715
7717 7710
7718 7717
7719 7717
7720 7718
7721 7713
7722 7715
7723 7717
7724 7722
7725 7722
7726 7720
7727 7722
7728 7726
7729 7724
7730 7725
7731 7720
7732 7725
7733 7723
7734 7728
7735 7731
7736 7725
7737 7731
7738 7737
7739 7736
7740 7731
7741 7735
7742 7733
7743 7739
7744 7739
7745 7735
7746 7736
7747 7736
7748 7741
7749 7744
7750 7744
7751 7740
7752 7741
7753 7745
7754 7748
7755 7744
7756 7753
7757 7750
7758 7757
7759 7750
7760 7758
7761 7755
7762 7752
7763 7752
7764 7759
7765 7754
7766 7757
7767 7758
7768 7766
7769 7767
7770 7765
7771 7761
7772 7762
7773 7769
7774 7765
7775 7764
7776 7767
7777 7775
7778 7770
7779 7771
7780 7774
7781 7771
7782 7778
7783 7778
7784 7774
7785 7781
7786 7781
7787 7776
7788 7785
7789 7783
7790 7779
7791 7785
7792 7785
7793 7791
7794 7785
7795 7784
7796 7785
7797 7786
7798 7793
7799 7797
7800 7791
7801 7792
7802 7801
7803 7800
7804 7797
7805 7799
7806 7799
7807 7804
7808 7800
7809 7807
7810 7804
7811 7800
7812 7803
7813 7804
7814 7808
7815 7810
7816 7812
7817 7806
7818 7809
7819 7818
7820 7817
7821 7820
7822 7818
7823 7820
7824 7815
7825 7819
7826 7816
7827 7824
7828 7825
7829 7826
7830 7820
7831 7830
7832 7829
7833 7823
7834 7825
7835 7826
7836 7835
7837 7828
7838 7833
7839 7831
7840 7832
7841 7836
7842 7839
7843 7833
7844 7835
7845 7840
7846 7839
7847 7846
7848 7837
7849 7845
7850 7843
7851 7844
7852 7848
7853 7851
7854 7849
7855 7849
7856 7847
7857 7852
7858 7857
7859 7851
7860 7852
7861 7860
7862 7853
7863 7858
7864 7862
7865 7857
7866 7865
7867 7865
7868 7865
7869 7863
7870 7867
7871 7860
7872 7861
7873 7863
7874 7864
7875 7867
7876 7865
7877 7873
7878 7873
7879 7877
7880 7877
7881 7880
7882 7871
7883 7876
7884 7873
7885 7875
7886 7879
7887 7882
7888 7885
7889 7880
7890 7883
7891 7890
7892 7885
7893 7886
7894 7886
7895 7886
7896 7889
7897 7892
7898 7897
7899 7894
7900 7899
7901 7900
7902 7893
7903 7892
7904 7901
7905 7903
7906 7897
7907 7906
7908 7906
7909 7900
7910 7899
7911 7909
7912 7903
7913 7910
7914 7912
7915 7913
7916 7905
7917 7913
7918 7911
7919 7917
7920 7910
7921 7916
7922 7918
7923 7921
7924 7913
7925 7918
7926 7917
7927 7926
7928 7924
7929 7920
7930 7919
7931 7927
7932 7928
7933 7928
7934 7927
7935 7930
7936 7929
7937 7935
7938 7932
7939 7934
7940 7939
7941 7935
7942 7939
7943 7939
7944 7935
7945 7937
7946 7941
7947 7937
7948 7943
7949 7945
7950 7948
7951 7942
7952 7949
7953 7951
7954 7948
7955 7948
7956 7945
7957 7948
7958 7949
7959 7951
7960 7951
7961 7958
7962 7956
7963 7960
7964 7959
7965 7959
7966 7955
7967 7963
7968 7957
7969 7968
7970 7962
7971 7968
7972 7966
7973 7969
7974 7971
7975 7971
7976 7969
7977 7968
7978 7967
7979 7968
7980 7969
7981 7977
7982 7979
7983 7972
7984 7975
7985 7974
7986 7976
7987 7979
7988 7981
7989 7981
7990 7980
7991 7986
7992 7990
7993 7982
7994 7992
7995 7990
7996 7994
7997 7986
7998 7990
7999 7997
8000 7989
8001 7990
8002 7995
8003 7998
8004 8003
8005 7994
8006 8001
8007 8006
8008 8006
8009 8000
8010 8009
8011 8004
8012 8005
8013 8008
8014 8008
8015 8009
8016 8014
8017 8014
8018 8016
8019 8008
8020 8019
8021 8015
8022 8013
8023 8018
8024 8015
8025 8016
8026 8021
8027 8022
8028 8021
8029 8021
8030 8020
8031 8023
8032 8029
8033 8029
8034 8031
8035 8033
8036 8034
8037 8031
8038 8034
8039 8033
8040 8030
8041 8031
8042 8032
8043 8037
8044 8037
8045 8037
8046 8043
8047 8043
8048 8038
8049 8048
8050 8044
8051 8049
8052 8044
8053 8042
8054 8047
8055 8045
8056 8049
8057 8048
8058 8048
8059 8050
8060 8058
8061 8060
8062 8059
8063 8054
8064 8063
8065 8063
8066 8062
8067 8062
8068 8065
8069 8061
8070 8065
8071 8069
8072 8066
8073 8064
8074 8067
8075 8066
8076 8065
8077 8069
8078 8068
8079 8074
8080 8070
8081 8077
8082 8071
8083 8080
8084 8078
8085 8082
8086 8077
8087 8077
8088 8078
8089 8086
8090 8084
8091 8086
8092 8090
8093 8089
8094 8085
8095 8089
8096 8086
8097 8093
8098 8092
8099 8089
8100 8089
8101 8091
8102 8097
8103 8096
8104 8098
8105 8102
8106 8101
8107 8098
8108 8104
8109 8108
8110 8108
8111 8100
8112 8105
8113 8105
8114 8108
8115 8106
8116 8110
8117 8114
8118 8109
8119 8109
8120 8110
8121 8114
8122 8113
8123 8112
8124 8123
8125 8116
8126 8124
8127 8117
8128 8121
8129 8126
8130 8124
8131 8129
8132 8123
8133 8124
8134 8126
8135 8126
8136 8126
8137 8128
8138 8129
8139 8134
8140 8138
8141 8139
8142 8132
8143 8140
8144 8140
8145 8135
8146 8144
8147 8143
8148 8141
8149 8146
8150 8143
8151 8147
8152 8144
8153 8152
8154 8147
8155 8150
8156 8155
8157 8150
8158 8150
8159 8148
8160 8154
8161 8156
8162 8155
8163 8154
8164 8162
8165 8159
8166 8160
8167 8158
8168 8167
8169 8160
8170 8163
8171 8164
8172 8165
8173 8169
8174 8165
8175 8170
8176 8167
8177 8176
8178 8167
8179 8174
8180 8176
8181 8171
8182 8171
8183 8176
8184 8181
8185 8177
8186 8185
8187 8180
8188 8183
8189 8182
8190 8181
8191 8183
8192 8186
8193 8192
8194 8186
8195 8189
8196 8186
8197 8186
8198 8193
8199 8196
8200 8191
8201 8195
8202 8199
8203 8195
8204 8193
8205 8199
8206 8200
8207 8204
8208 8201
8209 8208
8210 8202
8211 8202
8212 8203
8213 8203
8214 8204
8215 8211
8216 8207
8217 8214
8218 8212
8219 8210
8220 8219
8221 8211
8222 8213
8223 8220
8224 8220
8225 8215
8226 8222
8227 8216
8228 8225
8229 8218
8230 8226
8231 8227
8232 8231
8233 8232
8234 8227
8235 8232
8236 8225
8237 8234
8238 8237
8239 8237
8240 8238
8241 8237
8242 8235
8243 8238
8244 8241
8245 8234
8246 8243
8247 8244
8248 8241
8249 8245
8250 8249
8251 8247
8252 8244
8253 8246
8254 8246
8255 8246
8256 8251
8257 8255
8258 8257
8259 8254
8260 8249
8261 8251
8262 8261
8263 8258
8264 8256
8265 8258
8266 8256
8267 8263
8268 8263
8269 8258
8270 8263
8271 8263
8272 8265
8273 8269
8274 8266
8275 8269
8276 8268
8277 8272
8278 8267
8279 8269
8280 8270
8281 8279
8282 8276
8283 8276
8284 8283
8285 8282
8286 8276
8287 8276
8288 8283
8289 8288
8290 8283
8291 8284
8292 8282
8293 8290
8294 8286
8295 8286
8296 8290
8297 8290
8298 8297
8299 8294
8300 8297
8301 8293
8302 8292
8303 8301
8304 8301
8305 8295
8306 8297
8307 8298
8308 8297
8309 8302
8310 8302
8311 8304
8312 8306
8313 8304
8314 8312
8315 8306
8316 8313
8317 8308
8318 8315
8319 8309
8320 8319
8321 8313
8322 8311
8323 8320
8324 8316
8325 8322
8326 8315
8327 8319
8328 8325
8329 8326
8330 8320
8331 8327
8332 8324
8333 8324
8334 8326
8335 8333
8336 8325
8337 8332
8338 8335
8339 8331
8340 8333
8341 8336
8342 8332
8343 8334
8344 8334
8345 8342
8346 8345
8347 8344
8348 8340
8349 8339
8350 8344
8351 8345
8352 8348
8353 8352
8354 8343
8355 8344
8356 8350
8357 8352
8358 8352
8359 8354
8360 8358
8361 8355
8362 8361
8363 8359
8364 8363
8365 8359
8366 8362
8367 8359
8368 8363
8369 8367
8370 8369
8371 8367
8372 8366
8373 8363
8374 8369
8375 8369
8376 8367
8377 8375
8378 8375
8379 8377
8380 8376
8381 8378
8382 8371
8383 8375
8384 8375
8385 8382
8386 8385
8387 8384
8388 8384
8389 8387
8390 8386
8391 8386
8392 8386
8393 8386
8394 8390
8395 8391
8396 8394
8397 8392
8398 8394
8399 8396
8400 8390
8401 8392
8402 8396
8403 8399
8404 8394
8405 8403
8406 8401
8407 8402
8408 8401
8409 8406
8410 8406
8411 8405
8412 8408
8413 8411
8414 8413
8415 8405
8416 8408
8417 8415
8418 8410
8419 8418
8420 8416
8421 8414
8422 8418
8423 8418
8424 8415
8425 8424
8426 8418
8427 8424
8428 8423
8429 8421
8430 8429
8431 8430
8432 8425
8433 8430
8434 8432
8435 8428
8436 8431
8437 8431
8438 8434
8439 8434
8440 8431
8441 8433
8442 8434
8443 8432
8444 8441
8445 8440
8446 8441
8447 8444
8448 8441
8449 8440
8450 8449
8451 8440
8452 8445
8453 8450
8454 8444
8455 8450
8456 8446
8457 8454
8458 8447
8459 8455
8460 8458
8461 8456
8462 8460
8463 8455
8464 8455
8465 8464
8466 8458
8467 8456
8468 8459
8469 8464
8470 8465
8471 8460
8472 8465
8473 8467
8474 8468
8475 8468
8476 8468
8477 8472
8478 8468
8479 8470
8480 8470
8481 8480
8482 8474
8483 8479
8484 8473
8485 8482
8486 8484
8487 8485
8488 8480
8489 8481
8490 8485
8491 8488
8492 8489
8493 8490
8494 8490
8495 8486
8496 8495
8497 8493
8498 8494
8499 8498
8500 8497
8501 8494
8502 8495
8503 8500
8504 8495
8505 8503
8506 8501
8507 8504
8508 8499
8509 8502
8510 8509
8511 8507
8512 8502
8513 8506
8514 8512
8515 8507
8516 8508
8517 8511
8518 8514
8519 8513
8520 8519
8521 8513
8522 8520
8523 8515
8524 8517
8525 8524
8526 8515
8527 8522
8528 8518
8529 8523
8530 8529
8531 8522
8532 8521
8533 8532
8534 8529
8535 8528
8536 8530
8537 8532
8538 8529
8539 8535
8540 8530
8541 8533
8542 8538
8543 8534
8544 8537
8545 8544
8546 8544
8547 8544
8548 8538
8549 8540
8550 8545
8551 8547
8552 8550
8553 8542
8554 8547
8555 8549
8556 8550
8557 8551
8558 8552
8559 8557
8560 8556
8561 8553
8562 8551
8563 8560
8564 8560
8565 8561
8566 8558
8567 8560
8568 8567
8569 8558
8570 8563
8571 8563
8572 8569
8573 8569
8574 8571
8575 8564
8576 8573
8577 8574
8578 8577
8579 8578
8580 8577
8581 8571
8582 8578
8583 8579
8584 8583
8585 8580
8586 8585
8587 8583
8588 8579
8589 8578
8590 8586
8591 8590
8592 8590
8593 8588
8594 8591
8595 8585
8596 8588
8597 8587
8598 8590
8599 8592
8600 8596
8601 8598
8602 8594
8603 8599
8604 8602
8605 8604
8606 8598
8607 8603
8608 8598
8609 8608
8610 8600
8611 8601
8612 8605
8613 8605
8614 8608
8615 8604
8616 8608
8617 8611
8618 8616
8619 8616
8620 8616
8621 8610
8622 8614
8623 8619
8624 8618
8625 8622
8626 8616
8627 8620
8628 8621
8629 8625
8630 8620
8631 8626
8632 8621
8633 8625
8634 8628
8635 8630
8636 8626
8637 8635
8638 8630
8639 8630
8640 8629
8641 8634
8642 8631
8643 8641
8644 8640
8645 8637
8646 8636
8647 8639
8648 8639
8649 8640
8650 8640
8651 8641
8652 8648
8653 8645
8654 8648
8655 8648
8656 8655
8657 8649
8658 8647
8659 8649
8660 8653
8661 8654
8662 8656
8663 8656
8664 8653
8665 8656
8666 8665
8667 8658
8668 8665
8669 8667
8670 8662
8671 8665
8672 8667
8673 8667
8674 8673
8675 8671
8676 8671
8677 8669
8678 8671
8679 8674
8680 8679
8681 8676
8682 8673
8683 8679
8684 8682
8685 8675
8686 8675
8687 8685
8688 8678
8689 8688
8690 8679
8691 8689
8692 8686
8693 8691
8694 8686
8695 8686
8696 8691
8697 8694
8698 8687
8699 8695
8700 8698
8701 8696
8702 8696
8703 8700
8704 8698
8705 8695
8706 8699
8707 8704
8708 8699
8709 8698
8710 8708
8711 8705
8712 8711
8713 8709
8714 8707
8715 8713
8716 8714
8717 8707
8718 8711
8719 8711
8720 8716
8721 8716
8722 8720
8723 8722
8724 8715
8725 8718
8726 8725
8727 8723
8728 8717
8729 8726
8730 8728
8731 8721
8732 8723
8733 8723
8734 8729
8735 8730
8736 8732
8737 8734
8738 8730
8739 8734
8740 8733
8741 8740
8742 8738
8743 8733
8744 8742
8745 8744
8746 8737
8747 8737
8748 8739
8749 8738
8750 8742
8751 8743
8752 8744
8753 8746
8754 8749
8755 8745
8756 8755
8757 8751
8758 8750
8759 8748
8760 8753
8761 8755
8762 8754
8763 8761
8764 8763
8765 8759
8766 8764
8767 8760
8768 8767
8769 8764
8770 8765
8771 8770
8772 8767
8773 8764
8774 8768
8775 8772
8776 8768
8777 8774
8778 8769
8779 8774
8780 8774
8781 8777
8782 8771
8783 8782
8784 8780
8785 8784
8786 8778
8787 8781
8788 8787
8789 8787
8790 8779
8791 8783
8792 8784
8793 8789
8794 8793
8795 8787
8796 8787
8797 8789
8798 8791
8799 8795
8800 8793
8801 8790
8802 8798
8803 8792
8804 8802
8805 8800
8806 8798
8807 8803
8808 8800
8809 8802
8810 8807
8811 8803
8812 8803
8813 8803
8814 8803
8815 8813
8816 8807
8817 8812
8818 8809
8819 8817
8820 8819
8821 8818
8822 8816
8823 8813
8824 8819
8825 8819
8826 8820
8827 8823
8828 8821
8829 8823
8830 8819
8831 8829
8832 8825
8833 8823
8834 8825
8835 8827
8836 8827
8837 8829
8838 8831
8839 8833
8840 8831
8841 8836
8842 8835
8843 8837
8844 8835
8845 8836
8846 8835
8847 8839
8848 8842
8849 8843
8850 8848
8851 8842
8852 8842
8853 8842
8854 8847
8855 8849
8856 8845
8857 8854
8858 8854
8859 8853
8860 8851
8861 8852
8862 8858
8863 8857
8864 8861
8865 8864
8866 8863
8867 8865
8868 8862
8869 8864
8870 8868
8871 8865
8872 8869
8873 8862
8874 8865
8875 8866
8876 8870
8877 8873
8878 8872
8879 8868
8880 8878
8881 8870
8882 8879
8883 8872
8884 8875
8885 8882
8886 8881
8887 8882
8888 8877
8889 8882
8890 8879
8891 8881
8892 8881
8893 8892
8894 8891
8895 8884
8896 8893
8897 8887
8898 8889
8899 8895
8900 8891
8901 8898
8902 8900
8903 8899
8904 8899
8905 8898
8906 8899
8907 8905
8908 8898
8909 8899
8910 8903
8911 8908
8912 8911
8913 8911
8914 8910
8915 8909
8916 8913
8917 8913
8918 8915
8919 8908
8920 8917
8921 8913
8922 8913
8923 8921
8924 8917
8925 8916
8926 8917
8927 8926
8928 8920
8929 8924
8930 8928
8931 8925
8932 8930
8933 8924
8934 8927
8935 8931
8936 8930
8937 8934
8938 8930
8939 8938
8940 8929
8941 8939
8942 8935
8943 8932
8944 8941
8945 8935
8946 8939
8947 8939
8948 8946
8949 8947
8950 8949
8951 8949
8952 8941
8953 8952
8954 8953
8955 8947
8956 8954
8957 8947
8958 8952
8959 8953
8960 8958
8961 8950
8962 8952
8963 8961
8964 8960
8965 8955
8966 8960
8967 8966
8968 8962
8969 8966
8970 8963
8971 8970
8972 8964
8973 8969
8974 8971
8975 8968
8976 8972
8977 8969
8978 8973
8979 8974
8980 8969
8981 8978
8982 8971
8983 8982
8984 8977
8985 8976
8986 8981
8987 8984
8988 8981
8989 8983
8990 8987
8991 8990
8992 8988
8993 8989
8994 8990
8995 8990
8996 8987
8997 8989
8998 8987
8999 8992
9000 8998
9001 9000
9002 8996
9003 8997
9004 8994
9005 9000
9006 8996
9007 9002
9008 9007
9009 8998
9010 9004
9011 9009
9012 9002
9013 9008
9014 9011
9015 9010
9016 9006
9017 9007
9018 9014
9019 9014
9020 9010
9021 9011
9022 9011
9023 9016
9024 9014
9025 9024
9026 9017
9027 9018
9028 9025
9029 9027
9030 9019
9031 9023
9032 9025
9033 9024
9034 9024
9035 9025
9036 9032
9037 9030
9038 9027
9039 9034
9040 9038
9041 9040
9042 9039
9043 9042
9044 9041
9045 9041
9046 9040
9047 9036
9048 9043
9049 9038
9050 9048
9051 9040
9052 9050
9053 9046
9054 9044
9055 9054
9056 9052
9057 9053
9058 9055
9059 9048
9060 9050
9061 9058
9062 9054
9063 9055
9064 9056
9065 9058
9066 9059
9067 9058
9068 9058
9069 9064
9070 9067
9071 9068
9072 9067
9073 9071
9074 9070
9075 9069
9076 9069
9077 9067
9078 9072
9079 9071
9080 9072
9081 9080
9082 9075
9083 9080
9084 9075
9085 9074
9086 9085
9087 9080
9088 9082
9089 9085
9090 9085
9091 9086
9092 9083
9093 9085
9094 9085
9095 9092
9096 9090
9097 9089
9098 9088
9099 9095
9100 9099
9101 9093
9102 9093
9103 9095
9104 9103
9105 9094
9106 9101
9107 9098
9108 9097
9109 9108
9110 9109
9111 9103
9112 9110
9113 9104
9114 9104
9115 9112
9116 9113
9117 9113
9118 9108
9119 9112
9120 9109
9121 9116
9122 9118
9123 9122
9124 9120
9125 9115
9126 9123
9127 9122
9128 9119
9129 9119
9130 9121
9131 9120
9132 9124
9133 9132
9134 9128
9135 9134
9136 9134
9137 9130
9138 9135
9139 9133
9140 9138
9141 9140
9142 9132
9143 9133
9144 9138
9145 9143
9146 9137
9147 9145
9148 9137
9149 9148
9150 9142
9151 9144
9152 9151
9153 9145
9154 9150
9155 9144
9156 9149
9157 9148
9158 9155
9159 9150
9160 9149
9161 9156
9162 9152
9163 9154
9164 9163
9165 9161
9166 9161
9167 9159
9168 9166
9169 9167
9170 9161
9171 9165
9172 9170
9173 9170
9174 9164
9175 9174
9176 9172
9177 9172
9178 9175
9179 9168
9180 9170
9181 9180
9182 9179
9183 9175
9184 9175
9185 9182
9186 9184
9187 9177
9188 9180
9189 9178
9190 9179
9191 9188
9192 9191
9193 9183
9194 9187
9195 9190
9196 9194
9197 9196
9198 9195
9199 9192
9200 9191
9201 9193
9202 9196
9203 9200
9204 9202
9205 9203
9206 9197
9207 9206
9208 9199
9209 9201
9210 9200
9211 9204
9212 9202
9213 9202
9214 9211
9215 9204
9216 9214
9217 9214
9218 9210
9219 9213
9220 9212
9221 9211
9222 9214
9223 9216
9224 9221
9225 9222
9226 9222
9227 9223
9228 9217
9229 9224
9230 9219
9231 9226
9232 9231
9233 9229
9234 9227
9235 9225
9236 9229
9237 9226
9238 9233
9239 9238
9240 9234
9241 9236
9242 9241
9243 9232
9244 9234
9245 9241
9246 9241
9247 9240
9248 9243
9249 9238
9250 9245
9251 9244
9252 9246
9253 9252
9254 9246
9255 9250
9256 9252
9257 9256
9258 9253
9259 9249
9260 9252
9261 9256
9262 9260
9263 9262
9264 9255
9265 9263
9266 9263
9267 9260
9268 9267
9269 9263
9270 9267
9271 9263
9272 9265
9273 9266
9274 9263
9275 9271
9276 9272
9277 9276
9278 9275
9279 9268
9280 9270
9281 9275
9282 9281
9283 9274
9284 9277
9285 9275
9286 9276
9287 9276
9288 9279
9289 9280
9290 9285
9291 9289
9292 9291
9293 9282
9294 9292
9295 9293
9296 9290
9297 9290
9298 9290
9299 9290
9300 9290
9301 9291
9302 9298
9303 9300
9304 9303
9305 9303
9306 9295
9307 9302
9308 9305
9309 9302
9310 9306
9311 9305
9312 9303
9313 9308
9314 9307
9315 9314
9316 9311
9317 9311
9318 9311
9319 9309
9320 9313
9321 9314
9322 9315
9323 9313
9324 9321
9325 9322
9326 9318
9327 9320
9328 9325
9329 9325
9330 9329
9331 9321
9332 9327
9333 9322
9334 9331
9335 9329
9336 9331
9337 9336
9338 9337
9339 9328
9340 9331
9341 9337
9342 9331
9343 9332
9344 9340
9345 9337
9346 9340
9347 9341
9348 9339
9349 9342
9350 9344
9351 9343
9352 9342
9353 9343
9354 9345
9355 9352
9356 9352
9357 9349
9358 9348
9359 9353
9360 9355
9361 9360
9362 9356
9363 9352
9364 9361
9365 9360
9366 9360
9367 9363
9368 9365
9369 9360
9370 9367
9371 9368
9372 9369
9373 9372
9374 9363
9375 9365
9376 9365
9377 9366
9378 9367
9379 9368
9380 9375
9381 9375
9382 9373
9383 9376
9384 9375
9385 9377
9386 9384
9387 9381
9388 9378
9389 9380
9390 9383
9391 9383
9392 9389
9393 9388
9394 9388
9395 9384
9396 9391
9397 9391
9398 9391
9399 9398
9400 9393
9401 9399
9402 9398
9403 9392
9404 9401
9405 9402
9406 9399
9407 9399
9408 9405
9409 9408
9410 9404
9411 9410
9412 9406
9413 9407
9414 9403
9415 9410
9416 9414
9417 9413
9418 9413
9419 9418
9420 9409
9421 9417
9422 9421
9423 9420
9424 9413
9425 9415
9426 9416
9427 9420
9428 9420
9429 9428
9430 9424
9431 9421
9432 9422
9433 9429
9434 9432
9435 9429
9436 9425
9437 9435
9438 9430
9439 9435
9440 9431
9441 9431
9442 9436
9443 9442
9444 9434
9445 9442
9446 9441
9447 9439
9448 9440
9449 9443
9450 9444
9451 9441
9452 9445
9453 9450
9454 9452
9455 9447
9456 9450
9457 9455
9458 9457
9459 9451
9460 9454
9461 9460
9462 9453
9463 9458
9464 9461
9465 9459
9466 9457
9467 9459
9468 9459
9469 9460
9470 9465
9471 9470
9472 9465
9473 9467
9474 9468
9475 9470
9476 9475
9477 9475
9478 9468
9479 9474
9480 9476
9481 9476
9482 9478
9483 9482
9484 9474
9485 9477
9486 9482
9487 9476
9488 9480
9489 9482
9490 9483
9491 9486
9492 9491
9493 9492
9494 9491
9495 9488
9496 9488
9497 9488
9498 9487
9499 9493
9500 9498
9501 9494
9502 9492
9503 9497
9504 9502
9505 9503
9506 9499
9507 9500
9508 9497
9509 9508
9510 9506
9511 9510
9512 9510
9513 9507
9514 9513
9515 9514
9516 9505
9517 9511
9518 9510
9519 9508
9520 9509
9521 9512
9522 9512
9523 9520
9524 9519
9525 9519
9526 9525
9527 9517
9528 9522
9529 9528
9530 9528
9531 9526
9532 9528
9533 9529
9534 9523
9535 9524
9536 9534
9537 9531
9538 9534
9539 9530
9540 9532
9541 9536
9542 9539
9543 9538
9544 9541
9545 9542
9546 9545
9547 9542
9548 9547
9549 9539
9550 9539
9551 9543
9552 9548
9553 9549
9554 9547
9555 9549
9556 9553
9557 9552
9558 9555
9559 9551
9560 9555
9561 9555
9562 9554
9563 9556
9564 9559
9565 9558
9566 9564
9567 9557
9568 9559
9569 9561
9570 9568
9571 9567
9572 9571
9573 9570
9574 9569
9575 9564
9576 9572
9577 9566
9578 9575
9579 9578
9580 9577
9581 9571
9582 9581
9583 9582
9584 9577
9585 9579
9586 9584
9587 9584
9588 9582
9589 9583
9590 9579
9591 9584
9592 9588
9593 9590
9594 9583
9595 9590
9596 9593
9597 9586
9598 9590
9599 9590
9600 9589
9601 9592
9602 9593
9603 9602
9604 9601
9605 9601
9606 9595
9607 9597
9608 9607
9609 9601
9610 9601
9611 9607
9612 9609
9613 9609
9614 9608
9615 9610
9616 9607
9617 9609
9618 9613
9619 9611
9620 9614
9621 9612
9622 9615
9623 9622
9624 9619
9625 9616
9626 9619
9627 9622
9628 9625
9629 9627
9630 9626
9631 9627
9632 9631
9633 9632
9634 9630
9635 9628
9636 9633
9637 9631
9638 9631
9639 9630
9640 9631
9641 9632
9642 9632
9643 9634
9644 9643
9645 9641
9646 9643
9647 9640
9648 9644
9649 9646
9650 9646
9651 9640
9652 9644
9653 9648
9654 9650
9655 9648
9656 9655
9657 9653
9658 9657
9659 9654
9660 9653
9661 9654
9662 9653
9663 9653
9664 9662
9665 9660
9666 9656
9667 9663
9668 9662
9669 9666
9670 9663
9671 9668
9672 9665
9673 9672
9674 9667
9675 9668
9676 9671
9677 9672
9678 9667
9679 9671
9680 9669
9681 9677
9682 9681
9683 9676
9684 9682
9685 9674
9686 9682
9687 9680
9688 9680
9689 9678
9690 9687
9691 9682
9692 9686
9693 9686
9694 9690
9695 9688
9696 9691
9697 9687
9698 9693
9699 9689
9700 9690
9701 9695
9702 9691
9703 9692
9704 9696
9705 9702
9706 9697
9707 9700
9708 9698
9709 9699
9710 9707
9711 9701
9712 9703
9713 9711
9714 9708
9715 9704
9716 9713
9717 9716
9718 9707
9719 9711
9720 9719
9721 9719
9722 9718
9723 9720
9724 9723
9725 9715
9726 9725
9727 9723
9728 9717
9729 9720
9730 9723
9731 9724
9732 9729
9733 9725
9734 9726
9735 9730
9736 9733
9737 9734
9738 9732
9739 9733
9740 9732
9741 9732
9742 9735
9743 9738
9744 9741
9745 9739
9746 9745
9747 9738
9748 9737
9749 9742
9750 9746
9751 9743
9752 9742
9753 9748
9754 9746
9755 9751
9756 9749
9757 9752
9758 9747
9759 9751
9760 9757
9761 9760
9762 9751
9763 9762
9764 9763
9765 9759
9766 9763
9767 9762
9768 9759
9769 9765
9770 9769
9771 9765
9772 9765
9773 9766
9774 9767
9775 9764
9776 9773
9777 9768
9778 9773
9779 9776
9780 9773
9781 9779
9782 9779
9783 9780
9784 9779
9785 9778
9786 9777
9787 9779
9788 9781
9789 9781
9790 9789
9791 9789
9792 9790
9793 9790
9794 9784
9795 9789
9796 9787
9797 9792
9798 9787
9799 9791
9800 9799
9801 9795
9802 9794
9803 9792
9804 9802
9805 9799
9806 9805
9807 9806
9808 9801
9809 9801
9810 9799
9811 9809
9812 9808
9813 9806
9814 9812
9815 9814
9816 9813
9817 9815
9818 9811
9819 9808
9820 9815
9821 9816
9822 9820
9823 9820
9824 9819
9825 9822
9826 9815
9827 9821
9828 9820
9829 9823
9830 9826
9831 9820
9832 9831
9833 9822
9834 9831
9835 9829
9836 9831
9837 9826
9838 9837
9839 9829
9840 9835
9841 9840
9842 9840
9843 9837
9844 9839
9845 9840
9846 9839
9847 9842
9848 9847
9849 9840
9850 9842
9851 9846
9852 9848
9853 9849
9854 9847
9855 9844
9856 9850
9857 9848
9858 9857
9859 9848
9860 9852
9861 9855
9862 9853
9863 9861
9864 9860
9865 9855
9866 9861
9867 9858
9868 9867
9869 9860
9870 9869
9871 9870
9872 9863
9873 9864
9874 9869
9875 9872
9876 9871
9877 9868
9878 9877
9879 9871
9880 9877
9881 9875
9882 9873
9883 9872
9884 9874
9885 9879
9886 9875
9887 9882
9888 9882
9889 9882
9890 9889
9891 9883
9892 9883
9893 9884
9894 9890
9895 9891
9896 9885
9897 9890
9898 9888
9899 9895
9900 9892
9901 9899
9902 9901
9903 9901
9904 9903
9905 9901
9906 9903
9907 9903
9908 9898
9909 9905
9910 9903
9911 9903
9912 9905
9913 9905
9914 9905
9915 9907
9916 9912
9917 9908
9918 9915
9919 9915
9920 9918
9921 9914
9922 9921
9923 9920
9924 9922
9925 9917
9926 9915
9927 9923
9928 9920
9929 9919
9930 9927
9931 9929
9932 9929
9933 9928
9934 9926
9935 9926
9936 9934
9937 9928
9938 9927
9939 9928
9940 9934
9941 9933
9942 9933
9943 9937
9944 9938
9945 9937
9946 9938
9947 9938
9948 9941
9949 9945
9950 9940
9951 9949
9952 9948
9953 9945
9954 9946
9955 9949
9956 9955
9957 9951
9958 9951
9959 9949
9960 9951
9961 9960
9962 9953
9963 9953
9964 9959
9965 9963
9966 9962
9967 9963
9968 9964
9969 9968
9970 9959
9971 9961
9972 9964
9973 9970
9974 9966
9975 9966
9976 9974
9977 9969
9978 9977
9979 9978
9980 9979
9981 9973
9982 9971
9983 9979
9984 9981
9985 9974
9986 9980
9987 9977
9988 9983
9989 9981
9990 9982
9991 9981
9992 9981
9993 9988
9994 9990
9995 9984
9996 9995
9997 9995
9998 9997
9999 9990
10000 9994
