10000 2
2 1
3 2
4 1
5 1
6 1
7 6
8 6
9 4
10 6
11 7
12 1
13 2
14 1
15 11
16 5
17 11
18 6
19 11
20 15
21 13
22 11
23 3
24 4
25 16
26 17
27 14
28 20
29 3
30 10
31 10
32 18
33 9
34 32
35 12
36 33
37 18
38 34
39 32
40 25
41 25
42 31
43 20
44 7
45 5
46 42
47 29
48 7
49 31
50 7
51 23
52 16
53 6
54 3
55 33
56 12
57 26
58 2
59 18
60 15
61 13
62 24
63 55
64 17
65 16
66 40
67 53
68 19
69 43
70 68
71 1
72 55
73 21
74 9
75 35
76 45
77 76
78 64
79 69
80 66
81 6
82 22
83 79
84 35
85 79
86 17
87 66
88 70
89 16
90 41
91 72
92 33
93 57
94 7
95 43
96 47
97 21
98 74
99 24
100 25
101 80
102 8
103 12
104 93
105 32
106 32
107 57
108 104
109 1
110 34
111 78
112 108
113 87
114 104
115 40
116 98
117 45
118 117
119 47
120 58
121 100
122 56
123 106
124 59
125 120
126 69
127 83
128 29
129 49
130 89
131 78
132 60
133 106
134 22
135 1
136 98
137 86
138 40
139 108
140 24
141 11
142 91
143 101
144 51
145 67
146 85
147 108
148 131
149 135
150 18
151 139
152 73
153 111
154 84
155 49
156 59
157 103
158 122
159 115
160 119
161 1
162 42
163 29
164 151
165 76
166 119
167 93
168 71
169 85
170 122
171 81
172 94
173 137
174 112
175 49
176 57
177 91
178 117
179 78
180 172
181 32
182 89
183 40
184 156
185 102
186 160
187 44
188 175
189 71
190 107
191 111
192 187
193 171
194 169
195 100
196 91
197 82
198 168
199 97
200 36
201 46
202 194
203 126
204 142
205 130
206 181
207 94
208 86
209 8
210 192
211 90
212 191
213 110
214 72
215 69
216 5
217 158
218 99
219 163
220 137
221 134
222 139
223 166
224 97
225 39
226 41
227 191
228 169
229 12
230 98
231 29
232 22
233 38
234 70
235 203
236 105
237 192
238 184
239 140
240 45
241 121
242 42
243 130
244 228
245 172
246 132
247 43
248 87
249 31
250 149
251 227
252 56
253 118
254 92
255 12
256 141
257 212
258 144
259 106
260 255
261 4
262 156
263 222
264 153
265 210
266 131
267 170
268 242
269 11
270 86
271 78
272 151
273 206
274 244
275 86
276 122
277 226
278 262
279 274
280 36
281 168
282 270
283 273
284 250
285 67
286 14
287 245
288 88
289 144
290 6
291 11
292 215
293 147
294 111
295 238
296 53
297 90
298 193
299 256
300 222
301 69
302 282
303 176
304 78
305 223
306 14
307 296
308 262
309 36
310 129
311 34
312 169
313 46
314 67
315 298
316 142
317 171
318 303
319 91
320 141
321 62
322 9
323 239
324 320
325 237
326 116
327 242
328 153
329 253
330 41
331 67
332 72
333 327
334 174
335 7
336 186
337 63
338 29
339 24
340 161
341 181
342 24
343 234
344 11
345 37
346 44
347 180
348 121
349 229
350 44
351 160
352 345
353 72
354 136
355 242
356 2
357 69
358 242
359 8
360 281
361 104
362 189
363 131
364 61
365 174
366 49
367 355
368 7
369 172
370 210
371 24
372 319
373 277
374 67
375 279
376 140
377 315
378 128
379 226
380 140
381 46
382 233
383 283
384 217
385 296
386 240
387 89
388 175
389 344
390 386
391 179
392 280
393 383
394 194
395 333
396 80
397 106
398 365
399 142
400 226
401 94
402 66
403 345
404 286
405 299
406 130
407 248
408 365
409 164
410 230
411 101
412 297
413 53
414 298
415 157
416 299
417 221
418 161
419 63
420 388
421 150
422 39
423 367
424 68
425 162
426 410
427 161
428 45
429 333
430 23
431 199
432 335
433 243
434 27
435 405
436 74
437 208
438 202
439 180
440 34
441 414
442 375
443 256
444 83
445 286
446 165
447 134
448 106
449 320
450 402
451 68
452 82
453 119
454 64
455 192
456 407
457 129
458 406
459 283
460 258
461 103
462 357
463 221
464 342
465 352
466 194
467 155
468 445
469 357
470 168
471 125
472 435
473 115
474 445
475 447
476 34
477 327
478 275
479 325
480 193
481 392
482 117
483 274
484 85
485 203
486 435
487 24
488 87
489 51
490 348
491 290
492 12
493 143
494 299
495 483
496 68
497 300
498 94
499 420
500 330
501 221
502 340
503 344
504 312
505 417
506 171
507 391
508 507
509 118
510 300
511 478
512 2
513 109
514 157
515 224
516 246
517 173
518 120
519 401
520 445
521 507
522 280
523 48
524 168
525 384
526 139
527 411
528 183
529 82
530 41
531 57
532 143
533 244
534 3
535 123
536 279
537 518
538 394
539 16
540 169
541 319
542 153
543 208
544 150
545 269
546 246
547 38
548 547
549 397
550 341
551 484
552 337
553 549
554 209
555 248
556 44
557 486
558 163
559 118
560 460
561 452
562 205
563 166
564 451
565 10
566 160
567 154
568 227
569 339
570 166
571 28
572 271
573 556
574 90
575 459
576 17
577 419
578 53
579 249
580 351
581 489
582 480
583 31
584 69
585 158
586 85
587 149
588 434
589 490
590 407
591 119
592 330
593 574
594 553
595 276
596 79
597 67
598 323
599 322
600 268
601 122
602 78
603 386
604 281
605 226
606 342
607 28
608 99
609 56
610 88
611 550
612 113
613 244
614 257
615 158
616 265
617 378
618 498
619 303
620 548
621 179
622 171
623 62
624 462
625 344
626 1
627 428
628 206
629 78
630 60
631 73
632 63
633 492
634 569
635 43
636 621
637 634
638 250
639 208
640 57
641 203
642 324
643 40
644 561
645 291
646 42
647 190
648 553
649 452
650 476
651 285
652 581
653 481
654 26
655 609
656 101
657 33
658 374
659 209
660 316
661 141
662 464
663 47
664 320
665 444
666 556
667 487
668 637
669 97
670 172
671 666
672 443
673 652
674 227
675 260
676 479
677 562
678 568
679 265
680 249
681 83
682 150
683 33
684 546
685 204
686 474
687 328
688 586
689 144
690 313
691 92
692 489
693 617
694 274
695 423
696 56
697 614
698 251
699 350
700 398
701 567
702 361
703 2
704 398
705 264
706 147
707 468
708 464
709 293
710 1
711 497
712 532
713 390
714 558
715 232
716 350
717 276
718 211
719 691
720 630
721 540
722 265
723 631
724 71
725 559
726 604
727 516
728 203
729 303
730 65
731 559
732 242
733 571
734 436
735 215
736 267
737 693
738 127
739 615
740 225
741 315
742 616
743 319
744 105
745 458
746 312
747 475
748 8
749 438
750 108
751 42
752 230
753 668
754 373
755 5
756 120
757 631
758 97
759 364
760 103
761 462
762 653
763 326
764 168
765 660
766 517
767 701
768 656
769 520
770 9
771 734
772 633
773 236
774 643
775 286
776 216
777 439
778 289
779 37
780 775
781 113
782 730
783 346
784 109
785 671
786 175
787 341
788 13
789 783
790 144
791 738
792 787
793 782
794 122
795 217
796 59
797 746
798 779
799 96
800 792
801 762
802 621
803 783
804 194
805 749
806 583
807 151
808 205
809 540
810 116
811 483
812 499
813 155
814 785
815 127
816 658
817 790
818 66
819 13
820 764
821 101
822 781
823 549
824 407
825 751
826 111
827 501
828 459
829 766
830 265
831 717
832 197
833 745
834 227
835 503
836 38
837 824
838 269
839 644
840 316
841 228
842 502
843 737
844 252
845 452
846 365
847 304
848 773
849 474
850 692
851 120
852 290
853 417
854 133
855 438
856 671
857 130
858 41
859 712
860 101
861 634
862 814
863 623
864 136
865 706
866 710
867 716
868 309
869 135
870 562
871 290
872 583
873 585
874 828
875 252
876 343
877 471
878 603
879 201
880 56
881 81
882 391
883 787
884 98
885 194
886 565
887 142
888 36
889 655
890 702
891 827
892 470
893 373
894 37
895 880
896 375
897 600
898 704
899 837
900 895
901 139
902 620
903 66
904 189
905 605
906 700
907 471
908 332
909 799
910 488
911 472
912 184
913 789
914 762
915 396
916 740
917 893
918 84
919 775
920 529
921 591
922 746
923 787
924 859
925 491
926 886
927 315
928 805
929 706
930 4
931 199
932 150
933 613
934 503
935 812
936 870
937 31
938 631
939 240
940 222
941 41
942 320
943 76
944 855
945 277
946 846
947 382
948 166
949 338
950 938
951 943
952 532
953 738
954 667
955 581
956 273
957 67
958 894
959 613
960 109
961 648
962 108
963 579
964 730
965 920
966 557
967 406
968 325
969 780
970 716
971 67
972 324
973 390
974 235
975 278
976 406
977 544
978 426
979 807
980 969
981 850
982 834
983 701
984 118
985 364
986 443
987 377
988 88
989 39
990 81
991 2
992 585
993 77
994 403
995 129
996 318
997 397
998 74
999 319
1000 472
1001 670
1002 714
1003 352
1004 708
1005 836
1006 80
1007 667
1008 295
1009 98
1010 470
1011 231
1012 954
1013 514
1014 433
1015 276
1016 113
1017 913
1018 661
1019 315
1020 259
1021 705
1022 359
1023 939
1024 825
1025 620
1026 498
1027 483
1028 794
1029 607
1030 620
1031 863
1032 930
1033 574
1034 4
1035 352
1036 527
1037 171
1038 908
1039 142
1040 841
1041 719
1042 814
1043 544
1044 502
1045 192
1046 459
1047 886
1048 544
1049 17
1050 1020
1051 734
1052 329
1053 444
1054 765
1055 854
1056 982
1057 464
1058 384
1059 130
1060 95
1061 660
1062 835
1063 656
1064 152
1065 123
1066 231
1067 1012
1068 916
1069 30
1070 923
1071 447
1072 1045
1073 164
1074 9
1075 906
1076 292
1077 173
1078 950
1079 926
1080 324
1081 941
1082 159
1083 322
1084 7
1085 76
1086 779
1087 193
1088 1018
1089 735
1090 504
1091 761
1092 662
1093 767
1094 995
1095 857
1096 717
1097 766
1098 203
1099 993
1100 377
1101 273
1102 514
1103 770
1104 218
1105 690
1106 1068
1107 975
1108 792
1109 139
1110 85
1111 352
1112 196
1113 322
1114 109
1115 678
1116 1111
1117 885
1118 4
1119 161
1120 641
1121 1080
1122 424
1123 501
1124 1092
1125 987
1126 132
1127 331
1128 527
1129 985
1130 496
1131 639
1132 65
1133 1081
1134 172
1135 984
1136 168
1137 1036
1138 409
1139 1129
1140 341
1141 798
1142 728
1143 1091
1144 726
1145 539
1146 534
1147 732
1148 495
1149 354
1150 374
1151 776
1152 211
1153 593
1154 192
1155 431
1156 732
1157 624
1158 505
1159 298
1160 629
1161 526
1162 57
1163 334
1164 602
1165 991
1166 521
1167 117
1168 548
1169 39
1170 1146
1171 41
1172 618
1173 253
1174 569
1175 941
1176 995
1177 482
1178 202
1179 9
1180 260
1181 592
1182 844
1183 645
1184 1179
1185 857
1186 1150
1187 591
1188 267
1189 798
1190 382
1191 730
1192 602
1193 210
1194 381
1195 701
1196 621
1197 187
1198 131
1199 478
1200 230
1201 1059
1202 142
1203 679
1204 768
1205 328
1206 548
1207 1075
1208 275
1209 941
1210 1031
1211 96
1212 905
1213 1128
1214 1166
1215 854
1216 459
1217 925
1218 367
1219 1114
1220 1182
1221 190
1222 10
1223 936
1224 475
1225 88
1226 254
1227 1033
1228 204
1229 651
1230 1087
1231 695
1232 56
1233 213
1234 858
1235 579
1236 1178
1237 635
1238 133
1239 13
1240 507
1241 961
1242 428
1243 883
1244 176
1245 474
1246 380
1247 731
1248 803
1249 416
1250 961
1251 1100
1252 703
1253 254
1254 108
1255 862
1256 880
1257 480
1258 1133
1259 612
1260 1160
1261 623
1262 245
1263 509
1264 785
1265 670
1266 789
1267 950
1268 519
1269 976
1270 362
1271 459
1272 210
1273 1203
1274 971
1275 1091
1276 671
1277 1093
1278 368
1279 372
1280 345
1281 532
1282 842
1283 59
1284 206
1285 328
1286 108
1287 404
1288 915
1289 1199
1290 615
1291 334
1292 454
1293 1213
1294 1277
1295 1003
1296 801
1297 792
1298 328
1299 751
1300 545
1301 631
1302 1033
1303 110
1304 697
1305 281
1306 947
1307 712
1308 1169
1309 442
1310 624
1311 354
1312 922
1313 1201
1314 517
1315 401
1316 69
1317 561
1318 1310
1319 879
1320 1203
1321 1249
1322 1313
1323 1251
1324 539
1325 992
1326 1062
1327 240
1328 529
1329 986
1330 362
1331 407
1332 523
1333 197
1334 340
1335 1211
1336 1293
1337 1203
1338 424
1339 403
1340 143
1341 484
1342 1051
1343 272
1344 944
1345 929
1346 659
1347 5
1348 1127
1349 517
1350 1098
1351 1348
1352 552
1353 85
1354 1314
1355 221
1356 822
1357 1186
1358 502
1359 883
1360 327
1361 661
1362 627
1363 589
1364 77
1365 781
1366 59
1367 1143
1368 38
1369 1338
1370 1170
1371 390
1372 491
1373 1139
1374 132
1375 1221
1376 981
1377 451
1378 63
1379 1181
1380 79
1381 760
1382 151
1383 2
1384 615
1385 967
1386 510
1387 1073
1388 335
1389 954
1390 1272
1391 244
1392 271
1393 916
1394 939
1395 1165
1396 171
1397 520
1398 801
1399 1057
1400 1313
1401 196
1402 777
1403 257
1404 17
1405 705
1406 849
1407 1356
1408 1157
1409 913
1410 1328
1411 1211
1412 284
1413 84
1414 1256
1415 1337
1416 458
1417 962
1418 106
1419 863
1420 526
1421 540
1422 980
1423 1197
1424 219
1425 718
1426 334
1427 785
1428 688
1429 1155
1430 99
1431 1000
1432 787
1433 1422
1434 839
1435 1173
1436 1408
1437 703
1438 140
1439 1073
1440 269
1441 17
1442 424
1443 266
1444 304
1445 270
1446 1422
1447 989
1448 1234
1449 1316
1450 1266
1451 1323
1452 594
1453 679
1454 951
1455 947
1456 654
1457 801
1458 647
1459 488
1460 1383
1461 631
1462 682
1463 623
1464 1205
1465 897
1466 868
1467 134
1468 210
1469 1126
1470 1464
1471 272
1472 500
1473 1082
1474 1328
1475 614
1476 833
1477 887
1478 394
1479 1453
1480 79
1481 632
1482 1395
1483 1281
1484 778
1485 69
1486 1365
1487 1461
1488 541
1489 1237
1490 712
1491 301
1492 1372
1493 914
1494 688
1495 1063
1496 631
1497 698
1498 667
1499 642
1500 333
1501 1101
1502 640
1503 892
1504 1136
1505 1164
1506 1161
1507 551
1508 1186
1509 337
1510 381
1511 794
1512 989
1513 1271
1514 255
1515 881
1516 1423
1517 487
1518 132
1519 824
1520 930
1521 285
1522 21
1523 1492
1524 415
1525 1152
1526 1351
1527 1078
1528 1091
1529 1392
1530 815
1531 711
1532 666
1533 302
1534 653
1535 1313
1536 656
1537 1279
1538 502
1539 494
1540 680
1541 1183
1542 361
1543 1276
1544 199
1545 324
1546 270
1547 841
1548 670
1549 353
1550 534
1551 384
1552 1247
1553 1237
1554 1086
1555 1454
1556 1060
1557 1425
1558 1195
1559 1278
1560 623
1561 942
1562 566
1563 417
1564 530
1565 1437
1566 54
1567 1391
1568 32
1569 697
1570 1568
1571 743
1572 247
1573 562
1574 816
1575 1549
1576 209
1577 1063
1578 1132
1579 849
1580 825
1581 1218
1582 169
1583 687
1584 122
1585 687
1586 621
1587 372
1588 57
1589 1452
1590 178
1591 792
1592 1288
1593 974
1594 1445
1595 211
1596 387
1597 961
1598 308
1599 892
1600 114
1601 1160
1602 1153
1603 1375
1604 971
1605 529
1606 1129
1607 149
1608 891
1609 634
1610 61
1611 1170
1612 832
1613 941
1614 923
1615 154
1616 641
1617 669
1618 68
1619 391
1620 1205
1621 1135
1622 819
1623 1211
1624 655
1625 730
1626 1481
1627 578
1628 1000
1629 184
1630 523
1631 895
1632 102
1633 909
1634 79
1635 1486
1636 786
1637 808
1638 590
1639 1414
1640 575
1641 1022
1642 551
1643 406
1644 772
1645 1143
1646 779
1647 1261
1648 804
1649 1166
1650 372
1651 203
1652 857
1653 627
1654 215
1655 126
1656 173
1657 1065
1658 158
1659 127
1660 1217
1661 507
1662 193
1663 670
1664 1112
1665 699
1666 1019
1667 834
1668 1568
1669 1440
1670 540
1671 1462
1672 1525
1673 12
1674 1059
1675 204
1676 66
1677 1494
1678 1123
1679 315
1680 808
1681 1485
1682 910
1683 1071
1684 1197
1685 1582
1686 896
1687 1430
1688 695
1689 1482
1690 1369
1691 297
1692 1534
1693 911
1694 1348
1695 777
1696 286
1697 657
1698 1312
1699 1177
1700 906
1701 210
1702 987
1703 252
1704 1091
1705 1223
1706 991
1707 1035
1708 49
1709 847
1710 1324
1711 1552
1712 417
1713 1453
1714 578
1715 418
1716 412
1717 1430
1718 289
1719 368
1720 1314
1721 887
1722 202
1723 882
1724 264
1725 789
1726 1445
1727 996
1728 1607
1729 930
1730 1634
1731 1166
1732 1691
1733 1540
1734 1206
1735 1553
1736 894
1737 1233
1738 536
1739 967
1740 1472
1741 924
1742 804
1743 612
1744 158
1745 589
1746 241
1747 311
1748 1515
1749 1000
1750 1677
1751 887
1752 151
1753 1424
1754 1724
1755 302
1756 192
1757 905
1758 183
1759 1558
1760 1744
1761 1720
1762 1740
1763 456
1764 1719
1765 450
1766 1467
1767 112
1768 1003
1769 788
1770 223
1771 1614
1772 336
1773 830
1774 1328
1775 1505
1776 420
1777 189
1778 449
1779 1460
1780 616
1781 967
1782 1538
1783 386
1784 645
1785 699
1786 1055
1787 478
1788 1596
1789 913
1790 932
1791 1761
1792 371
1793 278
1794 1440
1795 724
1796 1579
1797 1385
1798 384
1799 1187
1800 1342
1801 1392
1802 811
1803 761
1804 90
1805 872
1806 1288
1807 729
1808 1595
1809 200
1810 1550
1811 65
1812 1314
1813 193
1814 1050
1815 1356
1816 1417
1817 1608
1818 1508
1819 1275
1820 853
1821 1266
1822 279
1823 883
1824 362
1825 1077
1826 1359
1827 1699
1828 406
1829 1354
1830 1606
1831 1333
1832 186
1833 1570
1834 706
1835 507
1836 1480
1837 978
1838 990
1839 1019
1840 1499
1841 122
1842 1781
1843 1033
1844 789
1845 1537
1846 1757
1847 157
1848 201
1849 1033
1850 1337
1851 1425
1852 1094
1853 573
1854 755
1855 696
1856 1409
1857 183
1858 199
1859 1185
1860 1785
1861 1775
1862 1613
1863 1398
1864 1655
1865 502
1866 1413
1867 10
1868 614
1869 87
1870 237
1871 247
1872 1346
1873 602
1874 992
1875 1821
1876 1140
1877 1023
1878 1645
1879 881
1880 48
1881 1239
1882 98
1883 584
1884 64
1885 1468
1886 135
1887 390
1888 1631
1889 1013
1890 1072
1891 1774
1892 603
1893 735
1894 270
1895 1092
1896 730
1897 16
1898 410
1899 1653
1900 1210
1901 158
1902 1041
1903 423
1904 827
1905 1720
1906 103
1907 1003
1908 1288
1909 111
1910 747
1911 1398
1912 523
1913 701
1914 493
1915 717
1916 742
1917 1238
1918 1371
1919 1224
1920 91
1921 274
1922 741
1923 30
1924 155
1925 22
1926 781
1927 1180
1928 712
1929 532
1930 1352
1931 316
1932 306
1933 969
1934 775
1935 624
1936 485
1937 1080
1938 602
1939 1278
1940 1172
1941 559
1942 46
1943 837
1944 1301
1945 1678
1946 1533
1947 126
1948 653
1949 950
1950 973
1951 1029
1952 934
1953 315
1954 977
1955 1800
1956 1435
1957 1023
1958 1323
1959 1204
1960 1380
1961 311
1962 1225
1963 330
1964 1612
1965 1335
1966 143
1967 560
1968 863
1969 170
1970 59
1971 1617
1972 1804
1973 1048
1974 422
1975 375
1976 1839
1977 72
1978 403
1979 1743
1980 1393
1981 1236
1982 1250
1983 92
1984 141
1985 1879
1986 1203
1987 777
1988 85
1989 1544
1990 883
1991 997
1992 1690
1993 41
1994 599
1995 1297
1996 1581
1997 460
1998 1595
1999 1195
2000 934
2001 399
2002 834
2003 580
2004 876
2005 124
2006 1616
2007 738
2008 1367
2009 384
2010 1675
2011 1553
2012 1319
2013 585
2014 863
2015 1063
2016 1293
2017 230
2018 306
2019 1181
2020 146
2021 501
2022 1239
2023 604
2024 1681
2025 338
2026 1771
2027 857
2028 270
2029 1498
2030 556
2031 1159
2032 1625
2033 1058
2034 628
2035 979
2036 1250
2037 369
2038 747
2039 1654
2040 272
2041 1496
2042 1763
2043 137
2044 1371
2045 473
2046 1533
2047 1194
2048 1819
2049 1485
2050 1170
2051 876
2052 964
2053 577
2054 445
2055 38
2056 971
2057 634
2058 997
2059 291
2060 1714
2061 1638
2062 1888
2063 1364
2064 1162
2065 116
2066 2010
2067 217
2068 391
2069 275
2070 745
2071 1505
2072 173
2073 1052
2074 77
2075 322
2076 922
2077 945
2078 974
2079 204
2080 309
2081 1820
2082 772
2083 1912
2084 546
2085 141
2086 1044
2087 939
2088 1967
2089 1319
2090 1755
2091 1888
2092 595
2093 1110
2094 993
2095 1514
2096 1714
2097 243
2098 985
2099 334
2100 813
2101 273
2102 2055
2103 958
2104 1727
2105 596
2106 1802
2107 118
2108 949
2109 519
2110 1871
2111 780
2112 1868
2113 1585
2114 1143
2115 302
2116 486
2117 917
2118 2109
2119 1033
2120 2076
2121 1085
2122 1065
2123 1962
2124 1279
2125 450
2126 791
2127 255
2128 1214
2129 177
2130 845
2131 383
2132 1787
2133 29
2134 303
2135 1038
2136 786
2137 324
2138 761
2139 862
2140 1161
2141 770
2142 352
2143 796
2144 1054
2145 467
2146 942
2147 376
2148 1685
2149 1952
2150 1447
2151 632
2152 1521
2153 1082
2154 2004
2155 1743
2156 903
2157 915
2158 1883
2159 1114
2160 2119
2161 511
2162 611
2163 1029
2164 364
2165 996
2166 59
2167 813
2168 1123
2169 785
2170 1978
2171 289
2172 1786
2173 1754
2174 241
2175 1542
2176 1609
2177 1950
2178 958
2179 607
2180 816
2181 2135
2182 999
2183 642
2184 1593
2185 806
2186 1763
2187 1363
2188 2041
2189 1581
2190 608
2191 48
2192 158
2193 2105
2194 544
2195 1649
2196 1860
2197 1771
2198 1944
2199 1021
2200 37
2201 1446
2202 1162
2203 1762
2204 198
2205 1625
2206 1692
2207 2131
2208 1322
2209 1376
2210 1136
2211 864
2212 1859
2213 1320
2214 236
2215 1141
2216 922
2217 168
2218 885
2219 104
2220 1375
2221 572
2222 270
2223 1765
2224 1458
2225 1590
2226 144
2227 2154
2228 1250
2229 434
2230 251
2231 457
2232 876
2233 628
2234 606
2235 393
2236 596
2237 360
2238 2106
2239 81
2240 1956
2241 517
2242 407
2243 1931
2244 1359
2245 344
2246 1341
2247 464
2248 1974
2249 749
2250 1470
2251 1528
2252 2067
2253 1071
2254 942
2255 1215
2256 1122
2257 1896
2258 694
2259 338
2260 897
2261 2191
2262 149
2263 1281
2264 1799
2265 515
2266 398
2267 2122
2268 734
2269 879
2270 466
2271 121
2272 444
2273 1898
2274 474
2275 275
2276 1755
2277 1601
2278 1719
2279 183
2280 379
2281 810
2282 1114
2283 1963
2284 1601
2285 1713
2286 496
2287 1667
2288 137
2289 1174
2290 1300
2291 821
2292 653
2293 1393
2294 740
2295 910
2296 1575
2297 2203
2298 853
2299 1095
2300 163
2301 1009
2302 102
2303 1091
2304 1190
2305 1819
2306 2154
2307 376
2308 2192
2309 149
2310 1062
2311 1237
2312 1886
2313 1568
2314 1960
2315 1584
2316 560
2317 45
2318 509
2319 1816
2320 634
2321 1135
2322 554
2323 679
2324 1827
2325 296
2326 2102
2327 1993
2328 76
2329 828
2330 2024
2331 1464
2332 468
2333 691
2334 1311
2335 1457
2336 1185
2337 660
2338 374
2339 1872
2340 297
2341 2047
2342 2287
2343 1668
2344 671
2345 1593
2346 736
2347 1880
2348 1067
2349 854
2350 2161
2351 2280
2352 1992
2353 1459
2354 2048
2355 2030
2356 2231
2357 2169
2358 2225
2359 489
2360 886
2361 1404
2362 938
2363 1902
2364 445
2365 1250
2366 695
2367 2353
2368 1169
2369 942
2370 498
2371 1917
2372 179
2373 2175
2374 432
2375 1134
2376 1051
2377 116
2378 1376
2379 41
2380 654
2381 1057
2382 1845
2383 492
2384 530
2385 2358
2386 2379
2387 597
2388 2280
2389 1458
2390 172
2391 1148
2392 118
2393 1648
2394 685
2395 1366
2396 1167
2397 2045
2398 1022
2399 649
2400 182
2401 1560
2402 1395
2403 1972
2404 416
2405 319
2406 954
2407 757
2408 1805
2409 1846
2410 2123
2411 1330
2412 406
2413 445
2414 1193
2415 1929
2416 768
2417 219
2418 1756
2419 11
2420 1876
2421 2379
2422 2172
2423 2218
2424 1832
2425 1667
2426 2148
2427 811
2428 2207
2429 214
2430 928
2431 151
2432 1027
2433 1249
2434 1100
2435 1330
2436 726
2437 477
2438 764
2439 775
2440 2387
2441 398
2442 351
2443 1038
2444 1987
2445 1910
2446 1344
2447 533
2448 2294
2449 1892
2450 2345
2451 1365
2452 1544
2453 343
2454 2318
2455 367
2456 1251
2457 945
2458 2345
2459 291
2460 1406
2461 160
2462 1073
2463 1360
2464 164
2465 43
2466 2049
2467 1671
2468 1300
2469 1930
2470 1688
2471 1111
2472 1557
2473 2157
2474 569
2475 792
2476 1595
2477 1893
2478 594
2479 318
2480 1536
2481 2451
2482 1327
2483 2195
2484 2285
2485 1695
2486 2187
2487 636
2488 581
2489 2346
2490 2075
2491 2228
2492 375
2493 1983
2494 2166
2495 360
2496 1230
2497 1055
2498 552
2499 976
2500 1682
2501 1390
2502 1012
2503 1769
2504 2180
2505 938
2506 41
2507 1090
2508 1895
2509 2358
2510 1067
2511 2444
2512 65
2513 473
2514 376
2515 570
2516 2412
2517 1006
2518 2477
2519 929
2520 1534
2521 290
2522 2343
2523 120
2524 643
2525 2331
2526 2357
2527 815
2528 451
2529 1126
2530 178
2531 629
2532 1855
2533 2431
2534 329
2535 1876
2536 2395
2537 1706
2538 2023
2539 282
2540 44
2541 1696
2542 495
2543 469
2544 319
2545 2022
2546 293
2547 863
2548 761
2549 1885
2550 435
2551 1133
2552 1733
2553 2439
2554 1221
2555 1935
2556 2368
2557 2352
2558 915
2559 1222
2560 1238
2561 2249
2562 566
2563 2333
2564 2032
2565 1585
2566 2360
2567 1592
2568 2143
2569 1630
2570 2297
2571 860
2572 1591
2573 756
2574 1872
2575 242
2576 1901
2577 1622
2578 648
2579 1253
2580 258
2581 1427
2582 421
2583 567
2584 141
2585 219
2586 1716
2587 594
2588 1157
2589 1323
2590 761
2591 1081
2592 2314
2593 801
2594 506
2595 1539
2596 239
2597 2466
2598 1534
2599 2186
2600 195
2601 1264
2602 493
2603 1416
2604 243
2605 581
2606 199
2607 2558
2608 1492
2609 1141
2610 84
2611 1271
2612 1106
2613 2319
2614 1452
2615 2040
2616 1684
2617 1372
2618 593
2619 1341
2620 881
2621 1747
2622 1119
2623 918
2624 848
2625 1518
2626 1533
2627 103
2628 1681
2629 1699
2630 1475
2631 128
2632 132
2633 1338
2634 2289
2635 2273
2636 926
2637 142
2638 84
2639 1496
2640 1942
2641 1374
2642 1343
2643 2191
2644 1679
2645 1319
2646 494
2647 2127
2648 1609
2649 2499
2650 565
2651 901
2652 737
2653 92
2654 1847
2655 1082
2656 570
2657 921
2658 2246
2659 829
2660 1435
2661 2420
2662 2121
2663 1812
2664 573
2665 2504
2666 1929
2667 1046
2668 1475
2669 1943
2670 6
2671 123
2672 1273
2673 120
2674 760
2675 753
2676 1760
2677 2378
2678 2041
2679 641
2680 1927
2681 1229
2682 1095
2683 885
2684 333
2685 1632
2686 753
2687 525
2688 1699
2689 1571
2690 1671
2691 2625
2692 568
2693 1383
2694 643
2695 2468
2696 2283
2697 1632
2698 371
2699 363
2700 2286
2701 2662
2702 104
2703 2510
2704 204
2705 1532
2706 2170
2707 1817
2708 692
2709 893
2710 1885
2711 1586
2712 2193
2713 1342
2714 1284
2715 1714
2716 467
2717 63
2718 203
2719 294
2720 1158
2721 780
2722 1931
2723 1915
2724 2268
2725 2199
2726 645
2727 2008
2728 105
2729 1434
2730 1785
2731 1122
2732 739
2733 1357
2734 792
2735 207
2736 248
2737 2148
2738 585
2739 2699
2740 1596
2741 1816
2742 255
2743 2695
2744 2491
2745 2488
2746 511
2747 2363
2748 2311
2749 1740
2750 2686
2751 2613
2752 1499
2753 2239
2754 651
2755 678
2756 1756
2757 1083
2758 1945
2759 2442
2760 377
2761 1396
2762 2351
2763 1706
2764 363
2765 2071
2766 249
2767 1502
2768 1608
2769 2491
2770 1032
2771 2369
2772 51
2773 277
2774 2303
2775 102
2776 2123
2777 584
2778 742
2779 2632
2780 2265
2781 94
2782 1041
2783 720
2784 462
2785 753
2786 1893
2787 263
2788 927
2789 1648
2790 1928
2791 264
2792 1560
2793 40
2794 527
2795 237
2796 1963
2797 464
2798 1978
2799 1180
2800 1529
2801 2000
2802 2287
2803 1434
2804 2764
2805 194
2806 1430
2807 1252
2808 2163
2809 2757
2810 2683
2811 759
2812 1721
2813 568
2814 603
2815 339
2816 730
2817 1111
2818 86
2819 875
2820 2721
2821 2410
2822 2069
2823 145
2824 1389
2825 924
2826 2385
2827 953
2828 1886
2829 372
2830 1599
2831 772
2832 104
2833 425
2834 2534
2835 863
2836 301
2837 150
2838 2351
2839 1976
2840 2359
2841 2518
2842 728
2843 2262
2844 1109
2845 1567
2846 2032
2847 2164
2848 1488
2849 1886
2850 450
2851 855
2852 2071
2853 851
2854 214
2855 1225
2856 1405
2857 2789
2858 2678
2859 1820
2860 1785
2861 1252
2862 1847
2863 221
2864 1352
2865 358
2866 2213
2867 2243
2868 1693
2869 167
2870 2000
2871 2490
2872 1370
2873 2086
2874 747
2875 1525
2876 1156
2877 275
2878 985
2879 357
2880 234
2881 1116
2882 2817
2883 724
2884 1536
2885 1396
2886 1525
2887 1117
2888 1517
2889 2596
2890 214
2891 1960
2892 2379
2893 2703
2894 2538
2895 186
2896 1061
2897 927
2898 2851
2899 2095
2900 306
2901 1478
2902 1816
2903 1425
2904 412
2905 1200
2906 2214
2907 688
2908 1354
2909 2548
2910 1810
2911 1756
2912 134
2913 287
2914 2702
2915 654
2916 571
2917 580
2918 1110
2919 2131
2920 718
2921 405
2922 955
2923 358
2924 598
2925 2166
2926 461
2927 2593
2928 2688
2929 873
2930 822
2931 1519
2932 2227
2933 1302
2934 1290
2935 1251
2936 2539
2937 1026
2938 2094
2939 1549
2940 1500
2941 395
2942 828
2943 176
2944 2885
2945 326
2946 1312
2947 2341
2948 914
2949 1098
2950 1814
2951 1375
2952 2512
2953 574
2954 945
2955 2940
2956 1805
2957 397
2958 597
2959 2174
2960 1143
2961 209
2962 2248
2963 289
2964 44
2965 807
2966 659
2967 845
2968 854
2969 853
2970 2407
2971 1663
2972 1479
2973 214
2974 2209
2975 2888
2976 2482
2977 1806
2978 2767
2979 1129
2980 2820
2981 2125
2982 1273
2983 1970
2984 199
2985 446
2986 1341
2987 2596
2988 1688
2989 666
2990 1518
2991 802
2992 2113
2993 756
2994 1350
2995 1500
2996 414
2997 1265
2998 854
2999 2092
3000 163
3001 1114
3002 787
3003 1090
3004 657
3005 2471
3006 1558
3007 838
3008 1639
3009 2040
3010 1316
3011 2038
3012 729
3013 1246
3014 2399
3015 381
3016 1420
3017 564
3018 61
3019 1018
3020 2095
3021 2398
3022 2741
3023 1083
3024 810
3025 122
3026 351
3027 2945
3028 275
3029 42
3030 2241
3031 1078
3032 1810
3033 1268
3034 231
3035 2077
3036 1054
3037 2831
3038 138
3039 706
3040 1136
3041 2875
3042 360
3043 2599
3044 2272
3045 2728
3046 1246
3047 2137
3048 937
3049 2163
3050 1601
3051 1269
3052 1883
3053 1008
3054 1099
3055 2472
3056 1040
3057 377
3058 569
3059 1407
3060 1782
3061 1429
3062 2319
3063 1042
3064 298
3065 2610
3066 314
3067 1353
3068 175
3069 1036
3070 325
3071 514
3072 2465
3073 1206
3074 376
3075 1612
3076 2417
3077 1630
3078 2402
3079 2234
3080 404
3081 1860
3082 1793
3083 667
3084 3052
3085 158
3086 143
3087 1275
3088 2515
3089 2960
3090 754
3091 714
3092 2259
3093 668
3094 2800
3095 1651
3096 634
3097 623
3098 3034
3099 1084
3100 1039
3101 1240
3102 2709
3103 2227
3104 2052
3105 1948
3106 1023
3107 6
3108 1302
3109 1943
3110 2905
3111 2996
3112 2189
3113 669
3114 3053
3115 140
3116 1883
3117 1341
3118 801
3119 1550
3120 1949
3121 2232
3122 1814
3123 1682
3124 1126
3125 967
3126 826
3127 177
3128 188
3129 1176
3130 2936
3131 1158
3132 679
3133 2488
3134 662
3135 1003
3136 1335
3137 2905
3138 3001
3139 1879
3140 1635
3141 1761
3142 472
3143 2840
3144 1491
3145 2665
3146 2866
3147 2689
3148 1366
3149 698
3150 532
3151 2581
3152 2898
3153 1593
3154 2952
3155 2005
3156 2587
3157 3143
3158 165
3159 1485
3160 1445
3161 948
3162 992
3163 2320
3164 2391
3165 1326
3166 1492
3167 2900
3168 261
3169 1136
3170 1956
3171 2898
3172 559
3173 1176
3174 2189
3175 2338
3176 917
3177 2782
3178 2078
3179 1188
3180 2503
3181 2146
3182 2751
3183 164
3184 309
3185 1190
3186 2894
3187 1226
3188 2394
3189 668
3190 792
3191 792
3192 1561
3193 887
3194 1546
3195 817
3196 397
3197 2571
3198 674
3199 3118
3200 1284
3201 2645
3202 1284
3203 576
3204 2116
3205 3034
3206 546
3207 2880
3208 2275
3209 2115
3210 1495
3211 2610
3212 128
3213 526
3214 111
3215 2877
3216 1330
3217 1314
3218 2415
3219 1515
3220 1227
3221 1138
3222 43
3223 2684
3224 1503
3225 75
3226 1002
3227 1366
3228 254
3229 129
3230 2758
3231 596
3232 255
3233 1642
3234 330
3235 3074
3236 1936
3237 1373
3238 1277
3239 1475
3240 780
3241 441
3242 2126
3243 1325
3244 777
3245 3189
3246 31
3247 1253
3248 1559
3249 2153
3250 2772
3251 1704
3252 1345
3253 1741
3254 173
3255 2053
3256 1979
3257 2751
3258 1229
3259 2700
3260 123
3261 2723
3262 535
3263 1850
3264 2289
3265 1208
3266 3095
3267 1450
3268 2810
3269 2322
3270 2917
3271 2775
3272 2933
3273 706
3274 2722
3275 1997
3276 1316
3277 3083
3278 117
3279 2553
3280 2977
3281 2492
3282 565
3283 1088
3284 916
3285 3228
3286 3276
3287 877
3288 1183
3289 3210
3290 446
3291 540
3292 3096
3293 2211
3294 994
3295 1915
3296 18
3297 2787
3298 1310
3299 2907
3300 3243
3301 2739
3302 294
3303 2448
3304 1082
3305 3053
3306 3123
3307 1662
3308 1546
3309 3136
3310 3144
3311 1176
3312 3105
3313 1000
3314 603
3315 1634
3316 147
3317 1070
3318 2145
3319 3316
3320 3218
3321 1678
3322 858
3323 1218
3324 1910
3325 3005
3326 1107
3327 3237
3328 2721
3329 1278
3330 90
3331 1680
3332 2257
3333 1181
3334 3064
3335 2769
3336 1954
3337 2591
3338 930
3339 2962
3340 1394
3341 1412
3342 1635
3343 3069
3344 456
3345 3285
3346 709
3347 806
3348 109
3349 1124
3350 1211
3351 2552
3352 1955
3353 1107
3354 1391
3355 2461
3356 1248
3357 1759
3358 1328
3359 1692
3360 2982
3361 2581
3362 1528
3363 2469
3364 2858
3365 2693
3366 3247
3367 1694
3368 1909
3369 3143
3370 1129
3371 401
3372 516
3373 1689
3374 2923
3375 464
3376 59
3377 1249
3378 1141
3379 1666
3380 2023
3381 269
3382 3071
3383 159
3384 1671
3385 586
3386 1637
3387 2159
3388 2946
3389 2163
3390 1908
3391 2580
3392 572
3393 604
3394 1950
3395 1982
3396 224
3397 1339
3398 1633
3399 2876
3400 2042
3401 1391
3402 825
3403 1829
3404 1331
3405 913
3406 481
3407 2368
3408 2786
3409 1831
3410 2820
3411 1862
3412 3350
3413 3039
3414 3043
3415 1220
3416 2748
3417 3162
3418 2012
3419 3177
3420 2016
3421 3075
3422 2524
3423 3340
3424 865
3425 1777
3426 2727
3427 255
3428 1230
3429 1501
3430 1207
3431 535
3432 529
3433 367
3434 586
3435 1258
3436 1836
3437 2390
3438 2349
3439 2955
3440 1794
3441 2305
3442 141
3443 2040
3444 3037
3445 2427
3446 562
3447 2058
3448 37
3449 2555
3450 2713
3451 1552
3452 3404
3453 1679
3454 617
3455 291
3456 1042
3457 1244
3458 3437
3459 1719
3460 2052
3461 701
3462 242
3463 1537
3464 1290
3465 1298
3466 1475
3467 36
3468 1234
3469 1676
3470 3348
3471 411
3472 2267
3473 1271
3474 2505
3475 2898
3476 857
3477 113
3478 1646
3479 206
3480 1110
3481 1926
3482 1863
3483 1471
3484 1089
3485 3412
3486 3324
3487 162
3488 1469
3489 2798
3490 994
3491 1374
3492 1551
3493 688
3494 3185
3495 1418
3496 3047
3497 371
3498 1677
3499 2071
3500 584
3501 27
3502 2394
3503 2386
3504 728
3505 2960
3506 645
3507 2165
3508 3147
3509 645
3510 372
3511 2219
3512 1436
3513 1488
3514 653
3515 2880
3516 2699
3517 3305
3518 485
3519 1866
3520 3434
3521 2669
3522 1043
3523 2713
3524 1999
3525 738
3526 2208
3527 39
3528 3399
3529 35
3530 1277
3531 832
3532 360
3533 1481
3534 559
3535 1583
3536 3299
3537 3112
3538 1842
3539 839
3540 1086
3541 1411
3542 3320
3543 3347
3544 555
3545 1761
3546 591
3547 698
3548 2191
3549 3006
3550 2901
3551 1553
3552 220
3553 215
3554 3300
3555 1828
3556 712
3557 150
3558 2698
3559 1220
3560 2442
3561 1531
3562 210
3563 304
3564 2323
3565 602
3566 2174
3567 324
3568 2531
3569 3052
3570 70
3571 155
3572 702
3573 2092
3574 920
3575 861
3576 2931
3577 3074
3578 321
3579 3437
3580 1904
3581 219
3582 3090
3583 606
3584 3217
3585 3112
3586 1122
3587 686
3588 263
3589 3177
3590 572
3591 1822
3592 909
3593 1398
3594 2927
3595 42
3596 959
3597 2783
3598 2190
3599 993
3600 1282
3601 2372
3602 1002
3603 3488
3604 2255
3605 2290
3606 2971
3607 2489
3608 2279
3609 3296
3610 2725
3611 3427
3612 565
3613 3495
3614 2023
3615 82
3616 2774
3617 3294
3618 3126
3619 1578
3620 221
3621 650
3622 587
3623 3312
3624 122
3625 3099
3626 497
3627 66
3628 230
3629 2480
3630 1143
3631 2679
3632 280
3633 1504
3634 3497
3635 793
3636 196
3637 2324
3638 1103
3639 3582
3640 2074
3641 1882
3642 753
3643 3193
3644 3376
3645 907
3646 712
3647 1215
3648 2136
3649 1210
3650 2089
3651 55
3652 2643
3653 1016
3654 3526
3655 1454
3656 716
3657 3627
3658 1972
3659 761
3660 460
3661 2420
3662 1940
3663 1016
3664 3084
3665 3131
3666 2683
3667 2850
3668 608
3669 381
3670 2473
3671 779
3672 1538
3673 1372
3674 1295
3675 481
3676 1083
3677 659
3678 2285
3679 1210
3680 1036
3681 741
3682 3548
3683 373
3684 544
3685 1022
3686 1401
3687 2856
3688 231
3689 3129
3690 1387
3691 221
3692 1889
3693 3216
3694 2445
3695 3332
3696 1363
3697 2952
3698 1914
3699 2032
3700 2593
3701 1405
3702 1219
3703 2403
3704 1390
3705 495
3706 2879
3707 2642
3708 638
3709 68
3710 1201
3711 2024
3712 2057
3713 2854
3714 208
3715 1656
3716 2943
3717 195
3718 112
3719 1536
3720 497
3721 3642
3722 2079
3723 992
3724 2264
3725 2863
3726 2901
3727 1511
3728 2118
3729 1704
3730 2157
3731 2283
3732 2965
3733 289
3734 1596
3735 842
3736 1568
3737 2564
3738 699
3739 2422
3740 1160
3741 2819
3742 1258
3743 2159
3744 2071
3745 2180
3746 1624
3747 1276
3748 3673
3749 1933
3750 1338
3751 2562
3752 6
3753 1063
3754 2169
3755 3403
3756 1229
3757 635
3758 1126
3759 3717
3760 1956
3761 662
3762 1452
3763 1263
3764 3747
3765 381
3766 1088
3767 1173
3768 3717
3769 2900
3770 132
3771 1849
3772 2442
3773 558
3774 2888
3775 1359
3776 2627
3777 2846
3778 169
3779 1623
3780 1461
3781 2437
3782 378
3783 1704
3784 862
3785 1743
3786 3205
3787 412
3788 558
3789 2362
3790 519
3791 632
3792 2536
3793 3057
3794 3170
3795 2854
3796 3193
3797 2330
3798 1059
3799 3129
3800 3072
3801 3149
3802 3074
3803 2950
3804 641
3805 2809
3806 2082
3807 119
3808 2125
3809 1450
3810 3596
3811 1452
3812 3794
3813 2240
3814 582
3815 2604
3816 3644
3817 1400
3818 419
3819 1049
3820 339
3821 3621
3822 121
3823 1710
3824 796
3825 732
3826 895
3827 831
3828 2910
3829 2850
3830 2279
3831 1543
3832 2024
3833 2849
3834 2212
3835 2489
3836 1348
3837 1340
3838 2678
3839 2096
3840 2995
3841 2726
3842 379
3843 3717
3844 1796
3845 3550
3846 2082
3847 1959
3848 263
3849 2987
3850 1915
3851 1411
3852 2030
3853 3159
3854 2827
3855 1839
3856 1318
3857 342
3858 375
3859 1931
3860 2639
3861 2961
3862 2166
3863 2428
3864 2994
3865 583
3866 3384
3867 2858
3868 2227
3869 1217
3870 2155
3871 1575
3872 3162
3873 30
3874 469
3875 1710
3876 3010
3877 1084
3878 2698
3879 3623
3880 3495
3881 3135
3882 205
3883 3602
3884 82
3885 1543
3886 797
3887 3551
3888 3538
3889 1710
3890 1383
3891 1537
3892 135
3893 3682
3894 770
3895 2145
3896 1241
3897 2407
3898 1025
3899 1075
3900 1613
3901 139
3902 2091
3903 3777
3904 2621
3905 94
3906 1553
3907 1190
3908 2527
3909 3324
3910 2419
3911 788
3912 3350
3913 2582
3914 547
3915 1537
3916 2453
3917 2385
3918 989
3919 90
3920 218
3921 3604
3922 187
3923 2973
3924 3630
3925 3170
3926 1351
3927 2801
3928 1191
3929 2186
3930 3888
3931 929
3932 828
3933 151
3934 2287
3935 2073
3936 1608
3937 1283
3938 2071
3939 3
3940 646
3941 927
3942 2598
3943 2007
3944 765
3945 637
3946 2400
3947 135
3948 1649
3949 3766
3950 399
3951 850
3952 1890
3953 1963
3954 2631
3955 716
3956 1820
3957 3170
3958 373
3959 2729
3960 2223
3961 2490
3962 1888
3963 1429
3964 3466
3965 2871
3966 2984
3967 125
3968 23
3969 2549
3970 1865
3971 2746
3972 2608
3973 304
3974 3074
3975 1489
3976 1064
3977 3891
3978 1192
3979 3039
3980 3210
3981 1094
3982 2792
3983 1770
3984 2128
3985 1108
3986 1634
3987 2176
3988 2240
3989 1749
3990 1263
3991 807
3992 3445
3993 3198
3994 1354
3995 3253
3996 2160
3997 2090
3998 660
3999 862
4000 2501
4001 1592
4002 3971
4003 203
4004 2347
4005 75
4006 2876
4007 1688
4008 1459
4009 2064
4010 1235
4011 1949
4012 1071
4013 423
4014 153
4015 3606
4016 862
4017 1965
4018 1783
4019 2211
4020 1004
4021 35
4022 3434
4023 730
4024 3293
4025 3282
4026 710
4027 3270
4028 3141
4029 488
4030 2607
4031 3093
4032 3645
4033 3192
4034 2786
4035 2485
4036 83
4037 3702
4038 1193
4039 3355
4040 2042
4041 3049
4042 3713
4043 1851
4044 2848
4045 2132
4046 1705
4047 147
4048 1633
4049 7
4050 2437
4051 465
4052 3652
4053 10
4054 3199
4055 202
4056 4053
4057 1333
4058 1936
4059 3035
4060 28
4061 533
4062 59
4063 2644
4064 1005
4065 1431
4066 2717
4067 2906
4068 3387
4069 1826
4070 668
4071 2254
4072 352
4073 540
4074 2492
4075 2463
4076 2945
4077 3940
4078 2733
4079 1229
4080 2837
4081 3811
4082 4043
4083 334
4084 446
4085 871
4086 867
4087 884
4088 154
4089 2144
4090 3866
4091 1405
4092 2761
4093 347
4094 2849
4095 181
4096 1012
4097 1299
4098 1625
4099 466
4100 2250
4101 195
4102 3547
4103 2486
4104 2951
4105 925
4106 2708
4107 2923
4108 1450
4109 2092
4110 2752
4111 2701
4112 1048
4113 1701
4114 3921
4115 2761
4116 3209
4117 1008
4118 2481
4119 3222
4120 1382
4121 602
4122 4109
4123 301
4124 1380
4125 3653
4126 2331
4127 875
4128 893
4129 4047
4130 77
4131 498
4132 3887
4133 1072
4134 1098
4135 2730
4136 71
4137 2172
4138 3886
4139 3796
4140 2846
4141 4131
4142 2353
4143 719
4144 3702
4145 223
4146 3320
4147 3708
4148 194
4149 1585
4150 1025
4151 4006
4152 735
4153 1498
4154 106
4155 3747
4156 1552
4157 555
4158 2632
4159 3513
4160 630
4161 1931
4162 204
4163 2637
4164 3644
4165 1311
4166 467
4167 973
4168 1137
4169 1834
4170 2073
4171 2751
4172 3233
4173 270
4174 621
4175 3874
4176 3590
4177 67
4178 1555
4179 3830
4180 1725
4181 2644
4182 983
4183 2791
4184 2330
4185 1778
4186 3891
4187 2531
4188 4181
4189 1978
4190 2172
4191 2987
4192 4120
4193 3338
4194 895
4195 3591
4196 1609
4197 2509
4198 1737
4199 272
4200 976
4201 2662
4202 2974
4203 3004
4204 2658
4205 3169
4206 1995
4207 328
4208 3706
4209 2369
4210 1710
4211 53
4212 2818
4213 3900
4214 3044
4215 3317
4216 588
4217 2749
4218 2715
4219 3409
4220 2483
4221 2577
4222 3915
4223 623
4224 1318
4225 2592
4226 685
4227 3040
4228 4075
4229 1434
4230 468
4231 1101
4232 3541
4233 3184
4234 1491
4235 1267
4236 676
4237 1886
4238 131
4239 281
4240 2628
4241 4176
4242 3195
4243 256
4244 2167
4245 763
4246 3678
4247 4189
4248 2342
4249 1898
4250 3496
4251 16
4252 2713
4253 551
4254 1205
4255 1181
4256 2771
4257 3325
4258 397
4259 3533
4260 1725
4261 995
4262 2500
4263 1860
4264 3084
4265 601
4266 1282
4267 1930
4268 457
4269 278
4270 200
4271 4216
4272 1760
4273 3047
4274 3266
4275 2754
4276 1559
4277 2618
4278 4127
4279 746
4280 2401
4281 2584
4282 185
4283 412
4284 3309
4285 1466
4286 2658
4287 2653
4288 4186
4289 4110
4290 3990
4291 1568
4292 2564
4293 3167
4294 3653
4295 1110
4296 854
4297 90
4298 2335
4299 3540
4300 1556
4301 2271
4302 36
4303 3748
4304 2760
4305 25
4306 3502
4307 3559
4308 3362
4309 599
4310 1795
4311 2841
4312 1971
4313 36
4314 1729
4315 4056
4316 3815
4317 1761
4318 2525
4319 268
4320 2546
4321 3294
4322 1091
4323 321
4324 453
4325 3545
4326 1798
4327 1601
4328 1087
4329 1597
4330 1603
4331 1232
4332 1089
4333 1196
4334 1428
4335 3645
4336 2743
4337 379
4338 2151
4339 4176
4340 499
4341 1068
4342 4186
4343 797
4344 716
4345 934
4346 2072
4347 659
4348 2076
4349 1159
4350 412
4351 3050
4352 4317
4353 1726
4354 457
4355 427
4356 2314
4357 838
4358 300
4359 3829
4360 1764
4361 631
4362 124
4363 3348
4364 1909
4365 93
4366 2622
4367 510
4368 1659
4369 1916
4370 2850
4371 237
4372 3516
4373 1076
4374 2608
4375 1531
4376 788
4377 3519
4378 3712
4379 848
4380 2585
4381 69
4382 170
4383 1055
4384 2362
4385 3502
4386 3699
4387 208
4388 3346
4389 1738
4390 3134
4391 2528
4392 3427
4393 2016
4394 1183
4395 1134
4396 2118
4397 3424
4398 1394
4399 3108
4400 4378
4401 3072
4402 637
4403 84
4404 4077
4405 138
4406 3460
4407 1534
4408 2160
4409 3751
4410 384
4411 1381
4412 821
4413 2291
4414 3378
4415 1523
4416 2424
4417 273
4418 1195
4419 382
4420 2097
4421 1135
4422 3344
4423 1373
4424 3746
4425 1941
4426 3944
4427 1990
4428 286
4429 1066
4430 3358
4431 3277
4432 1550
4433 570
4434 3240
4435 1312
4436 2289
4437 3206
4438 1943
4439 1027
4440 2536
4441 2702
4442 1350
4443 3499
4444 35
4445 3425
4446 1217
4447 1260
4448 3521
4449 489
4450 3903
4451 903
4452 4124
4453 1077
4454 3359
4455 3198
4456 811
4457 4234
4458 2608
4459 740
4460 765
4461 297
4462 4387
4463 497
4464 3752
4465 4209
4466 3487
4467 1491
4468 3224
4469 1497
4470 1613
4471 1722
4472 1470
4473 4346
4474 378
4475 1019
4476 122
4477 3223
4478 4299
4479 4030
4480 186
4481 3791
4482 1260
4483 757
4484 776
4485 555
4486 2863
4487 3581
4488 3564
4489 724
4490 4324
4491 3895
4492 3058
4493 3718
4494 4435
4495 3202
4496 3677
4497 105
4498 4052
4499 1815
4500 980
4501 3684
4502 2730
4503 759
4504 4191
4505 1668
4506 3269
4507 1123
4508 1207
4509 3138
4510 2099
4511 2721
4512 2896
4513 4272
4514 1735
4515 297
4516 610
4517 2291
4518 2828
4519 4088
4520 1868
4521 2793
4522 767
4523 2483
4524 1703
4525 248
4526 57
4527 3488
4528 4055
4529 824
4530 3298
4531 4122
4532 1423
4533 2742
4534 2233
4535 2424
4536 1728
4537 3954
4538 778
4539 3952
4540 181
4541 65
4542 2230
4543 2050
4544 2553
4545 3010
4546 2414
4547 2456
4548 4474
4549 2889
4550 1661
4551 2311
4552 4478
4553 3952
4554 3929
4555 629
4556 4250
4557 4407
4558 1369
4559 3217
4560 963
4561 3612
4562 701
4563 225
4564 3596
4565 227
4566 581
4567 2391
4568 2024
4569 1855
4570 1552
4571 2111
4572 3719
4573 2656
4574 3116
4575 2922
4576 3903
4577 3104
4578 32
4579 1408
4580 3775
4581 2863
4582 4142
4583 3372
4584 3225
4585 1958
4586 3918
4587 1642
4588 1683
4589 1599
4590 1989
4591 4014
4592 3003
4593 2030
4594 1892
4595 3772
4596 3474
4597 2064
4598 2849
4599 3168
4600 82
4601 418
4602 479
4603 3629
4604 617
4605 3436
4606 3942
4607 2363
4608 4353
4609 4391
4610 2872
4611 4609
4612 1224
4613 1456
4614 1148
4615 300
4616 4025
4617 2175
4618 805
4619 2653
4620 1686
4621 2937
4622 2779
4623 2201
4624 3619
4625 2933
4626 668
4627 4036
4628 4289
4629 360
4630 2289
4631 2012
4632 3650
4633 2822
4634 3300
4635 1408
4636 3293
4637 685
4638 4415
4639 4395
4640 3369
4641 2795
4642 4421
4643 1045
4644 625
4645 1695
4646 252
4647 3063
4648 3150
4649 3754
4650 1140
4651 4080
4652 116
4653 3933
4654 4090
4655 2420
4656 1655
4657 543
4658 2335
4659 1514
4660 2409
4661 4403
4662 1310
4663 4349
4664 762
4665 3329
4666 1752
4667 1335
4668 4101
4669 2569
4670 1577
4671 4536
4672 2525
4673 3986
4674 114
4675 1623
4676 1995
4677 3377
4678 2869
4679 505
4680 374
4681 4356
4682 2160
4683 1057
4684 2177
4685 2960
4686 2831
4687 2977
4688 2923
4689 578
4690 557
4691 2121
4692 670
4693 1094
4694 4693
4695 887
4696 2739
4697 4476
4698 232
4699 2365
4700 4267
4701 3556
4702 955
4703 1038
4704 1903
4705 3458
4706 3371
4707 860
4708 2682
4709 3345
4710 465
4711 4386
4712 843
4713 501
4714 342
4715 4675
4716 399
4717 2242
4718 2456
4719 1341
4720 3661
4721 3977
4722 3967
4723 231
4724 2780
4725 1058
4726 224
4727 934
4728 4256
4729 527
4730 2589
4731 542
4732 1012
4733 2945
4734 3868
4735 699
4736 3252
4737 2520
4738 3500
4739 2160
4740 2362
4741 1332
4742 349
4743 2808
4744 3289
4745 4042
4746 2432
4747 3413
4748 1469
4749 4387
4750 4145
4751 2590
4752 1835
4753 4726
4754 1184
4755 339
4756 77
4757 2197
4758 1402
4759 849
4760 4267
4761 2931
4762 677
4763 2910
4764 4510
4765 2918
4766 1935
4767 99
4768 4710
4769 2076
4770 4299
4771 4060
4772 4158
4773 3931
4774 1116
4775 3643
4776 4338
4777 4557
4778 2222
4779 3753
4780 4511
4781 946
4782 2442
4783 3507
4784 3049
4785 84
4786 4239
4787 2701
4788 4588
4789 797
4790 1086
4791 2075
4792 3088
4793 4694
4794 4674
4795 2163
4796 3219
4797 1812
4798 1826
4799 1130
4800 4571
4801 2
4802 4133
4803 749
4804 714
4805 2565
4806 3732
4807 1680
4808 4417
4809 3488
4810 2007
4811 2438
4812 4529
4813 3068
4814 2328
4815 2415
4816 1702
4817 536
4818 1608
4819 1845
4820 2017
4821 438
4822 852
4823 1277
4824 765
4825 3935
4826 2522
4827 2916
4828 2741
4829 3502
4830 2547
4831 2757
4832 268
4833 3961
4834 3506
4835 4312
4836 581
4837 2972
4838 3921
4839 395
4840 2583
4841 4268
4842 18
4843 2737
4844 1949
4845 3130
4846 2903
4847 1716
4848 276
4849 1692
4850 3967
4851 3612
4852 4618
4853 1329
4854 4853
4855 2714
4856 3369
4857 498
4858 2882
4859 3836
4860 4174
4861 300
4862 4478
4863 4289
4864 323
4865 3331
4866 1272
4867 2537
4868 2298
4869 2913
4870 746
4871 1991
4872 2416
4873 84
4874 4670
4875 1003
4876 1337
4877 2532
4878 42
4879 4847
4880 166
4881 175
4882 1398
4883 3745
4884 514
4885 789
4886 1967
4887 274
4888 118
4889 830
4890 1136
4891 3545
4892 1704
4893 1814
4894 2080
4895 1712
4896 3037
4897 3334
4898 4689
4899 2565
4900 3703
4901 2098
4902 927
4903 2305
4904 2915
4905 3444
4906 2117
4907 2529
4908 2900
4909 3412
4910 707
4911 93
4912 2527
4913 4134
4914 533
4915 109
4916 2373
4917 4907
4918 4853
4919 4580
4920 2391
4921 2882
4922 2111
4923 4566
4924 1039
4925 1722
4926 2842
4927 2727
4928 2379
4929 2892
4930 3920
4931 2272
4932 1158
4933 2833
4934 2335
4935 2698
4936 1749
4937 32
4938 526
4939 1573
4940 1132
4941 1340
4942 3386
4943 3275
4944 965
4945 4077
4946 3568
4947 2900
4948 3236
4949 2329
4950 707
4951 2980
4952 1794
4953 1884
4954 1448
4955 2467
4956 2312
4957 552
4958 2788
4959 2092
4960 3123
4961 361
4962 214
4963 114
4964 4566
4965 2814
4966 984
4967 1396
4968 4868
4969 504
4970 591
4971 1874
4972 3239
4973 575
4974 2390
4975 3937
4976 2192
4977 245
4978 3348
4979 1579
4980 867
4981 2791
4982 4533
4983 4352
4984 36
4985 4771
4986 2955
4987 4147
4988 1469
4989 2881
4990 2371
4991 2259
4992 4439
4993 4163
4994 4915
4995 2369
4996 1405
4997 459
4998 3871
4999 2168
5000 1180
5001 478
5002 2112
5003 1824
5004 3527
5005 2387
5006 4490
5007 4682
5008 4786
5009 1974
5010 2404
5011 2686
5012 2351
5013 2733
5014 3475
5015 4871
5016 93
5017 1140
5018 4790
5019 2841
5020 305
5021 2569
5022 3631
5023 4495
5024 4725
5025 2734
5026 595
5027 3364
5028 1822
5029 4746
5030 3893
5031 1348
5032 1564
5033 4778
5034 2996
5035 3437
5036 685
5037 4902
5038 3844
5039 206
5040 3235
5041 4255
5042 1145
5043 3254
5044 3450
5045 271
5046 4027
5047 1542
5048 1164
5049 1243
5050 3454
5051 2397
5052 2175
5053 4787
5054 1711
5055 4947
5056 3188
5057 1286
5058 3068
5059 2265
5060 3744
5061 2685
5062 2981
5063 914
5064 4788
5065 4976
5066 2782
5067 2545
5068 532
5069 83
5070 23
5071 2962
5072 1089
5073 3515
5074 417
5075 2172
5076 2299
5077 4020
5078 3793
5079 1410
5080 1163
5081 4456
5082 3819
5083 2929
5084 1139
5085 294
5086 506
5087 53
5088 2304
5089 1144
5090 1374
5091 3785
5092 1528
5093 2844
5094 1336
5095 4007
5096 3470
5097 4958
5098 3168
5099 3274
5100 1932
5101 1735
5102 2568
5103 104
5104 187
5105 658
5106 3958
5107 1249
5108 3933
5109 221
5110 1176
5111 4921
5112 2541
5113 3495
5114 2030
5115 3819
5116 4786
5117 1029
5118 2762
5119 1813
5120 414
5121 3636
5122 4269
5123 2188
5124 2829
5125 2202
5126 3447
5127 352
5128 1502
5129 348
5130 201
5131 3897
5132 802
5133 83
5134 1828
5135 2565
5136 1716
5137 2940
5138 871
5139 3825
5140 885
5141 4634
5142 3733
5143 1961
5144 4476
5145 1039
5146 2007
5147 57
5148 2957
5149 2956
5150 4425
5151 4661
5152 4705
5153 344
5154 2050
5155 4462
5156 2048
5157 2136
5158 1357
5159 495
5160 798
5161 4932
5162 193
5163 3023
5164 499
5165 2149
5166 4689
5167 4339
5168 1851
5169 4187
5170 3171
5171 1736
5172 85
5173 1227
5174 3412
5175 3829
5176 4549
5177 1032
5178 3327
5179 2255
5180 3223
5181 2553
5182 4850
5183 3540
5184 2434
5185 1282
5186 1924
5187 2544
5188 4366
5189 1289
5190 92
5191 5000
5192 700
5193 702
5194 3705
5195 3616
5196 4216
5197 4722
5198 3376
5199 2555
5200 96
5201 3511
5202 409
5203 3410
5204 2587
5205 939
5206 725
5207 221
5208 1601
5209 2941
5210 818
5211 3429
5212 966
5213 3159
5214 168
5215 982
5216 819
5217 843
5218 4171
5219 747
5220 809
5221 4383
5222 3250
5223 4934
5224 312
5225 1587
5226 3066
5227 5134
5228 622
5229 3955
5230 4821
5231 882
5232 480
5233 4192
5234 2271
5235 377
5236 1266
5237 5216
5238 159
5239 5194
5240 4196
5241 3365
5242 118
5243 5098
5244 2064
5245 1983
5246 221
5247 2142
5248 2898
5249 4058
5250 1407
5251 3221
5252 909
5253 3009
5254 1957
5255 1465
5256 1784
5257 2752
5258 2995
5259 4139
5260 2178
5261 279
5262 701
5263 2557
5264 2285
5265 4251
5266 2152
5267 3503
5268 319
5269 313
5270 4240
5271 2302
5272 5095
5273 3936
5274 3280
5275 2157
5276 3213
5277 2759
5278 4234
5279 4886
5280 2882
5281 332
5282 131
5283 4001
5284 5146
5285 1604
5286 2170
5287 3478
5288 3733
5289 200
5290 3133
5291 265
5292 4089
5293 389
5294 1697
5295 4467
5296 4301
5297 3669
5298 2821
5299 3475
5300 3562
5301 212
5302 4193
5303 1987
5304 88
5305 4672
5306 4234
5307 404
5308 5089
5309 4980
5310 52
5311 3442
5312 2599
5313 5142
5314 4219
5315 3624
5316 4267
5317 2026
5318 1433
5319 1900
5320 44
5321 3987
5322 4392
5323 412
5324 849
5325 1327
5326 222
5327 2388
5328 1803
5329 574
5330 3654
5331 756
5332 397
5333 3203
5334 4878
5335 4258
5336 3551
5337 4390
5338 33
5339 1457
5340 4159
5341 4842
5342 4827
5343 3124
5344 3373
5345 534
5346 2287
5347 5054
5348 4088
5349 1061
5350 1967
5351 1403
5352 37
5353 5090
5354 2382
5355 1256
5356 4485
5357 3368
5358 660
5359 3786
5360 310
5361 2632
5362 2160
5363 1261
5364 1522
5365 3593
5366 2193
5367 1924
5368 1110
5369 3998
5370 3166
5371 554
5372 1462
5373 2296
5374 4565
5375 4619
5376 4462
5377 2300
5378 4902
5379 2237
5380 2531
5381 1309
5382 4884
5383 933
5384 3443
5385 1616
5386 864
5387 162
5388 597
5389 3900
5390 4365
5391 4226
5392 1877
5393 3846
5394 1443
5395 1639
5396 494
5397 2937
5398 2779
5399 3529
5400 547
5401 3317
5402 1997
5403 3000
5404 121
5405 2540
5406 2518
5407 5037
5408 4745
5409 5126
5410 3996
5411 4027
5412 1651
5413 649
5414 3700
5415 4173
5416 1814
5417 2234
5418 926
5419 3343
5420 2911
5421 991
5422 4157
5423 557
5424 659
5425 830
5426 5165
5427 5249
5428 636
5429 3557
5430 1608
5431 2457
5432 4362
5433 814
5434 2842
5435 3340
5436 4445
5437 2679
5438 3661
5439 5326
5440 811
5441 858
5442 5283
5443 475
5444 4606
5445 3808
5446 5212
5447 2497
5448 4504
5449 5323
5450 2000
5451 4491
5452 4898
5453 2446
5454 1240
5455 3588
5456 2594
5457 5263
5458 3277
5459 1696
5460 1771
5461 2741
5462 5166
5463 3892
5464 3750
5465 3631
5466 530
5467 1198
5468 811
5469 4711
5470 1802
5471 3815
5472 1056
5473 1650
5474 747
5475 969
5476 4226
5477 2076
5478 820
5479 5406
5480 4143
5481 5359
5482 56
5483 315
5484 1249
5485 52
5486 3497
5487 4248
5488 316
5489 3416
5490 3274
5491 3321
5492 3670
5493 2621
5494 4074
5495 445
5496 2536
5497 789
5498 4332
5499 945
5500 2063
5501 2626
5502 3412
5503 2165
5504 4492
5505 572
5506 5240
5507 5179
5508 2967
5509 4780
5510 4066
5511 2999
5512 3246
5513 3221
5514 1837
5515 3266
5516 179
5517 5278
5518 5498
5519 2802
5520 2989
5521 4793
5522 1219
5523 507
5524 3118
5525 3603
5526 3890
5527 2964
5528 5297
5529 5084
5530 5099
5531 5497
5532 4916
5533 3910
5534 1869
5535 1665
5536 2076
5537 1582
5538 4486
5539 5162
5540 4732
5541 2136
5542 3000
5543 3373
5544 2030
5545 1965
5546 3365
5547 4938
5548 3315
5549 1765
5550 2022
5551 895
5552 4425
5553 4796
5554 1699
5555 4656
5556 4550
5557 1427
5558 3380
5559 2110
5560 2138
5561 3015
5562 2918
5563 2772
5564 3236
5565 44
5566 4091
5567 2638
5568 2553
5569 585
5570 1851
5571 2355
5572 714
5573 4966
5574 3200
5575 3532
5576 273
5577 1433
5578 2482
5579 4018
5580 2429
5581 5458
5582 3301
5583 5514
5584 4266
5585 1837
5586 2710
5587 3763
5588 4323
5589 33
5590 2104
5591 2170
5592 4231
5593 3307
5594 2585
5595 19
5596 3684
5597 5477
5598 1546
5599 393
5600 2095
5601 3381
5602 27
5603 3035
5604 3057
5605 2795
5606 849
5607 1530
5608 4992
5609 5243
5610 3078
5611 3352
5612 21
5613 2705
5614 918
5615 298
5616 154
5617 3157
5618 5529
5619 1004
5620 1643
5621 5376
5622 1530
5623 1777
5624 2641
5625 4029
5626 4446
5627 291
5628 4488
5629 4130
5630 2266
5631 986
5632 2321
5633 436
5634 2218
5635 3350
5636 4112
5637 2116
5638 4996
5639 2847
5640 2601
5641 5031
5642 2387
5643 463
5644 1089
5645 4294
5646 767
5647 1703
5648 633
5649 5201
5650 5160
5651 3310
5652 917
5653 3393
5654 4927
5655 3907
5656 329
5657 2232
5658 2815
5659 1904
5660 5178
5661 1315
5662 3927
5663 343
5664 2703
5665 1376
5666 426
5667 2322
5668 4377
5669 3645
5670 3813
5671 3803
5672 3745
5673 736
5674 4108
5675 993
5676 1348
5677 4588
5678 5620
5679 2035
5680 1315
5681 4289
5682 126
5683 14
5684 5302
5685 3314
5686 1063
5687 1075
5688 4018
5689 2100
5690 2878
5691 357
5692 2812
5693 4725
5694 3082
5695 2904
5696 556
5697 3099
5698 2887
5699 4793
5700 3550
5701 5295
5702 4024
5703 5170
5704 3250
5705 3555
5706 4422
5707 898
5708 4569
5709 2713
5710 1335
5711 3541
5712 288
5713 3969
5714 2486
5715 1910
5716 5399
5717 1859
5718 85
5719 5058
5720 1088
5721 2821
5722 3464
5723 4880
5724 2438
5725 622
5726 4897
5727 4580
5728 25
5729 4565
5730 2248
5731 4623
5732 3582
5733 893
5734 3625
5735 1090
5736 1695
5737 5348
5738 5054
5739 12
5740 2601
5741 3967
5742 3272
5743 5562
5744 2342
5745 1638
5746 891
5747 3291
5748 2308
5749 3488
5750 4645
5751 1045
5752 3784
5753 455
5754 2318
5755 4956
5756 4284
5757 4917
5758 2910
5759 3210
5760 3010
5761 1101
5762 2234
5763 638
5764 324
5765 5751
5766 1135
5767 1906
5768 1622
5769 4695
5770 1913
5771 5739
5772 5401
5773 3472
5774 5556
5775 3094
5776 243
5777 5058
5778 5530
5779 2963
5780 268
5781 1356
5782 1121
5783 903
5784 4873
5785 168
5786 2224
5787 3603
5788 3790
5789 708
5790 2676
5791 4354
5792 116
5793 2176
5794 1621
5795 3342
5796 2580
5797 5667
5798 4652
5799 2932
5800 4508
5801 5429
5802 3001
5803 3134
5804 1230
5805 5706
5806 2020
5807 1167
5808 263
5809 1647
5810 1262
5811 522
5812 2906
5813 2189
5814 841
5815 473
5816 1186
5817 5170
5818 2007
5819 45
5820 1616
5821 1193
5822 2230
5823 3100
5824 2196
5825 4667
5826 3638
5827 4673
5828 2923
5829 4666
5830 5394
5831 991
5832 3612
5833 639
5834 4447
5835 203
5836 5392
5837 4831
5838 4145
5839 2798
5840 2203
5841 4926
5842 2427
5843 1719
5844 2506
5845 3201
5846 4763
5847 5482
5848 3403
5849 5831
5850 3416
5851 2220
5852 5064
5853 4312
5854 2198
5855 3917
5856 5156
5857 1085
5858 5370
5859 5183
5860 5667
5861 4723
5862 1481
5863 4976
5864 1297
5865 127
5866 1583
5867 4321
5868 3254
5869 2337
5870 1046
5871 1528
5872 2720
5873 2546
5874 2236
5875 3363
5876 3478
5877 4469
5878 1099
5879 920
5880 1863
5881 2249
5882 5421
5883 373
5884 4485
5885 4628
5886 1815
5887 1671
5888 759
5889 2225
5890 5802
5891 5292
5892 5369
5893 382
5894 1878
5895 5756
5896 5769
5897 4403
5898 4217
5899 772
5900 3851
5901 2283
5902 1909
5903 2183
5904 3959
5905 3116
5906 5778
5907 506
5908 2753
5909 5502
5910 1176
5911 4358
5912 2502
5913 4897
5914 3928
5915 1574
5916 1603
5917 5557
5918 329
5919 2316
5920 3485
5921 3995
5922 3563
5923 702
5924 3109
5925 5727
5926 5428
5927 1252
5928 1097
5929 2173
5930 2398
5931 327
5932 4637
5933 2362
5934 5921
5935 3427
5936 4300
5937 4802
5938 4805
5939 4715
5940 1383
5941 2655
5942 3942
5943 5658
5944 2481
5945 915
5946 1710
5947 187
5948 4972
5949 2535
5950 3599
5951 4919
5952 4744
5953 3531
5954 1660
5955 1898
5956 5065
5957 2652
5958 560
5959 4529
5960 5533
5961 3743
5962 5617
5963 1636
5964 4908
5965 1825
5966 5486
5967 5178
5968 2497
5969 5108
5970 39
5971 363
5972 3137
5973 1579
5974 5646
5975 4940
5976 1837
5977 3757
5978 5305
5979 2014
5980 923
5981 3834
5982 85
5983 664
5984 2869
5985 5627
5986 1465
5987 3524
5988 430
5989 59
5990 26
5991 2684
5992 18
5993 1075
5994 3729
5995 2259
5996 2183
5997 5608
5998 3873
5999 4729
6000 5715
6001 5432
6002 500
6003 5659
6004 4169
6005 5944
6006 1875
6007 5381
6008 4081
6009 5979
6010 859
6011 2447
6012 2289
6013 60
6014 1288
6015 1282
6016 943
6017 3031
6018 3982
6019 3888
6020 4192
6021 4153
6022 4181
6023 2850
6024 5393
6025 2139
6026 2747
6027 3962
6028 1082
6029 245
6030 2824
6031 841
6032 5834
6033 5282
6034 5616
6035 1674
6036 2490
6037 5263
6038 1996
6039 4357
6040 4755
6041 1299
6042 3424
6043 473
6044 1154
6045 2609
6046 633
6047 794
6048 1551
6049 440
6050 1644
6051 2118
6052 3285
6053 4125
6054 2412
6055 1225
6056 4446
6057 4396
6058 5722
6059 5032
6060 518
6061 3468
6062 2589
6063 349
6064 3034
6065 5443
6066 5750
6067 3814
6068 150
6069 2787
6070 3858
6071 577
6072 3504
6073 4918
6074 3526
6075 376
6076 5931
6077 1592
6078 5045
6079 4622
6080 4014
6081 5468
6082 1433
6083 1272
6084 4403
6085 979
6086 4109
6087 1980
6088 3525
6089 5262
6090 28
6091 1208
6092 3151
6093 959
6094 3473
6095 2306
6096 5550
6097 4685
6098 4765
6099 4851
6100 4648
6101 2627
6102 248
6103 1728
6104 5354
6105 4056
6106 4707
6107 3952
6108 3192
6109 1513
6110 4425
6111 2436
6112 1335
6113 464
6114 3872
6115 4764
6116 4653
6117 5812
6118 957
6119 64
6120 6062
6121 4649
6122 776
6123 4070
6124 4945
6125 2571
6126 4480
6127 4832
6128 2742
6129 5478
6130 2814
6131 572
6132 959
6133 4614
6134 5256
6135 3599
6136 5476
6137 1803
6138 4713
6139 3354
6140 4090
6141 5706
6142 519
6143 6079
6144 2139
6145 1616
6146 3790
6147 2737
6148 5169
6149 3541
6150 989
6151 3956
6152 622
6153 5411
6154 1838
6155 6053
6156 1718
6157 3769
6158 5309
6159 5492
6160 1353
6161 3547
6162 3357
6163 5168
6164 2620
6165 878
6166 3692
6167 3064
6168 2410
6169 4195
6170 3752
6171 2032
6172 3105
6173 5843
6174 1990
6175 2136
6176 2839
6177 450
6178 4419
6179 1696
6180 4895
6181 3989
6182 1625
6183 953
6184 2771
6185 2290
6186 3502
6187 5944
6188 2452
6189 4175
6190 929
6191 2585
6192 1905
6193 5995
6194 86
6195 642
6196 2362
6197 1134
6198 6137
6199 2851
6200 239
6201 86
6202 3551
6203 4484
6204 2913
6205 3709
6206 2904
6207 2499
6208 139
6209 5792
6210 5329
6211 5025
6212 3810
6213 5455
6214 1136
6215 2647
6216 4768
6217 4567
6218 2854
6219 558
6220 656
6221 4503
6222 3976
6223 99
6224 1716
6225 6035
6226 1972
6227 821
6228 6198
6229 1727
6230 4823
6231 4189
6232 5270
6233 3119
6234 1205
6235 173
6236 3693
6237 5733
6238 866
6239 4063
6240 1511
6241 1238
6242 4523
6243 4006
6244 2286
6245 3355
6246 1777
6247 1118
6248 3080
6249 5515
6250 1247
6251 2784
6252 6205
6253 1341
6254 3829
6255 2272
6256 3988
6257 1122
6258 1634
6259 4209
6260 365
6261 1175
6262 3501
6263 2163
6264 1130
6265 2267
6266 1860
6267 5369
6268 660
6269 6064
6270 1928
6271 3936
6272 6192
6273 5322
6274 1577
6275 3895
6276 286
6277 4210
6278 1417
6279 742
6280 1884
6281 3957
6282 6087
6283 3195
6284 1822
6285 62
6286 1926
6287 3030
6288 5683
6289 3051
6290 2143
6291 3946
6292 1397
6293 2834
6294 2986
6295 3659
6296 1131
6297 1857
6298 2514
6299 2950
6300 5976
6301 2380
6302 5600
6303 4528
6304 2687
6305 2738
6306 2143
6307 4780
6308 1495
6309 3369
6310 2841
6311 4593
6312 3193
6313 2103
6314 385
6315 1103
6316 2511
6317 614
6318 40
6319 4207
6320 1553
6321 4225
6322 4814
6323 2737
6324 5928
6325 1654
6326 548
6327 5631
6328 1944
6329 5635
6330 448
6331 1342
6332 4043
6333 5460
6334 3853
6335 3532
6336 2854
6337 4812
6338 4831
6339 566
6340 5647
6341 1056
6342 2541
6343 5439
6344 3977
6345 3649
6346 3122
6347 5968
6348 3858
6349 427
6350 5382
6351 6138
6352 1907
6353 4113
6354 5630
6355 2749
6356 3925
6357 5122
6358 1977
6359 4824
6360 4504
6361 678
6362 443
6363 1118
6364 6169
6365 4652
6366 2223
6367 6354
6368 1708
6369 5022
6370 1277
6371 2267
6372 5994
6373 882
6374 3167
6375 571
6376 1787
6377 4627
6378 2737
6379 108
6380 3522
6381 2343
6382 947
6383 4337
6384 4865
6385 2166
6386 2926
6387 104
6388 6
6389 4674
6390 3868
6391 2382
6392 5176
6393 5551
6394 4341
6395 2293
6396 136
6397 6159
6398 2761
6399 3974
6400 4922
6401 916
6402 5595
6403 1916
6404 922
6405 5342
6406 3677
6407 2552
6408 4540
6409 6083
6410 569
6411 2997
6412 3101
6413 1621
6414 1002
6415 5595
6416 1202
6417 2195
6418 1632
6419 5709
6420 5001
6421 2189
6422 5652
6423 5644
6424 3081
6425 6209
6426 2564
6427 4770
6428 2114
6429 2251
6430 6030
6431 2407
6432 886
6433 6276
6434 3349
6435 3593
6436 2469
6437 5363
6438 507
6439 6194
6440 1635
6441 4852
6442 4601
6443 4986
6444 2304
6445 786
6446 6015
6447 6169
6448 5041
6449 716
6450 489
6451 4604
6452 4559
6453 2721
6454 5605
6455 738
6456 1924
6457 6431
6458 6327
6459 4373
6460 873
6461 4811
6462 869
6463 840
6464 3299
6465 1614
6466 6400
6467 4662
6468 2572
6469 5852
6470 5318
6471 4130
6472 2740
6473 4455
6474 820
6475 2107
6476 465
6477 4957
6478 2284
6479 1134
6480 538
6481 4223
6482 2127
6483 319
6484 643
6485 723
6486 3258
6487 6470
6488 2570
6489 283
6490 4897
6491 3205
6492 3321
6493 6334
6494 3469
6495 1805
6496 3458
6497 1115
6498 4671
6499 2343
6500 1526
6501 3227
6502 1901
6503 6023
6504 2912
6505 4391
6506 6441
6507 4769
6508 4977
6509 838
6510 1491
6511 2072
6512 2846
6513 6214
6514 3452
6515 3135
6516 3354
6517 3517
6518 142
6519 5984
6520 651
6521 6489
6522 1716
6523 4567
6524 1260
6525 4810
6526 903
6527 2518
6528 3675
6529 4471
6530 4396
6531 880
6532 5461
6533 1915
6534 4716
6535 2657
6536 2459
6537 5301
6538 1579
6539 3881
6540 4227
6541 4742
6542 4516
6543 1137
6544 4346
6545 4914
6546 5710
6547 3932
6548 3021
6549 577
6550 4078
6551 6214
6552 322
6553 1608
6554 2946
6555 2469
6556 1997
6557 1847
6558 6145
6559 2011
6560 2905
6561 3778
6562 88
6563 5345
6564 369
6565 3931
6566 1385
6567 5320
6568 2615
6569 453
6570 4967
6571 5762
6572 4265
6573 4454
6574 245
6575 1023
6576 2919
6577 354
6578 2446
6579 2995
6580 2100
6581 469
6582 6101
6583 1968
6584 771
6585 5411
6586 1181
6587 5669
6588 314
6589 5030
6590 5404
6591 2898
6592 1011
6593 5730
6594 5013
6595 3261
6596 3360
6597 6380
6598 4160
6599 2990
6600 486
6601 6359
6602 1079
6603 5780
6604 1718
6605 882
6606 3861
6607 5825
6608 1403
6609 1340
6610 5776
6611 3331
6612 840
6613 925
6614 2560
6615 1030
6616 889
6617 2927
6618 689
6619 5410
6620 4147
6621 5301
6622 4205
6623 2029
6624 5974
6625 3772
6626 5589
6627 208
6628 4835
6629 3234
6630 1784
6631 4920
6632 1800
6633 2817
6634 5645
6635 2252
6636 6420
6637 5196
6638 1760
6639 5740
6640 2680
6641 3847
6642 4995
6643 2032
6644 362
6645 6028
6646 4428
6647 5343
6648 3151
6649 786
6650 1812
6651 1873
6652 4680
6653 702
6654 3847
6655 6531
6656 2617
6657 6017
6658 3064
6659 4843
6660 719
6661 6604
6662 1826
6663 4822
6664 418
6665 4296
6666 5500
6667 5774
6668 3564
6669 517
6670 4819
6671 176
6672 467
6673 2744
6674 6357
6675 4048
6676 1535
6677 3767
6678 3326
6679 2932
6680 5759
6681 1584
6682 3517
6683 5689
6684 2
6685 4774
6686 5937
6687 483
6688 1483
6689 6673
6690 1685
6691 4028
6692 1198
6693 2612
6694 3270
6695 5944
6696 2081
6697 1907
6698 5956
6699 3833
6700 2957
6701 6098
6702 5132
6703 3776
6704 5973
6705 2368
6706 6428
6707 6146
6708 1581
6709 81
6710 6647
6711 4048
6712 3420
6713 5402
6714 5471
6715 2495
6716 2051
6717 1627
6718 6003
6719 5588
6720 6697
6721 6049
6722 3859
6723 244
6724 976
6725 356
6726 2985
6727 6672
6728 1910
6729 186
6730 1097
6731 1045
6732 1938
6733 4610
6734 3728
6735 3991
6736 5105
6737 1476
6738 496
6739 3082
6740 1575
6741 924
6742 3087
6743 6037
6744 4080
6745 5212
6746 247
6747 537
6748 1602
6749 2470
6750 5797
6751 1618
6752 3280
6753 6108
6754 6176
6755 3952
6756 2438
6757 3794
6758 2963
6759 806
6760 3217
6761 1146
6762 6451
6763 582
6764 4941
6765 6042
6766 1749
6767 2505
6768 4306
6769 3459
6770 964
6771 4134
6772 3288
6773 2231
6774 2096
6775 6637
6776 6116
6777 6346
6778 1981
6779 748
6780 3029
6781 3698
6782 3276
6783 1962
6784 2200
6785 5108
6786 929
6787 5198
6788 506
6789 1567
6790 105
6791 1818
6792 4622
6793 4241
6794 1206
6795 4406
6796 751
6797 1739
6798 6693
6799 6525
6800 6743
6801 3742
6802 3786
6803 6197
6804 3766
6805 6058
6806 746
6807 6737
6808 3305
6809 537
6810 5924
6811 1521
6812 5896
6813 5554
6814 6573
6815 6343
6816 5424
6817 6670
6818 269
6819 1687
6820 1407
6821 3433
6822 5466
6823 4439
6824 1277
6825 2389
6826 4922
6827 3054
6828 2644
6829 1913
6830 6278
6831 6694
6832 3253
6833 4562
6834 620
6835 3167
6836 6229
6837 5587
6838 1945
6839 2618
6840 6346
6841 1040
6842 3047
6843 3620
6844 1552
6845 3178
6846 2518
6847 1762
6848 2980
6849 3726
6850 5030
6851 5056
6852 408
6853 2865
6854 3949
6855 5694
6856 2094
6857 1281
6858 573
6859 4546
6860 4072
6861 4597
6862 4937
6863 1339
6864 2325
6865 3753
6866 2313
6867 3097
6868 4822
6869 1261
6870 3320
6871 5164
6872 5311
6873 3086
6874 470
6875 2462
6876 2182
6877 4316
6878 219
6879 3563
6880 1364
6881 3511
6882 3522
6883 2083
6884 6107
6885 86
6886 3061
6887 6564
6888 1854
6889 1356
6890 4633
6891 4669
6892 4592
6893 780
6894 4752
6895 2476
6896 2068
6897 3183
6898 4362
6899 4563
6900 5389
6901 5960
6902 4591
6903 761
6904 3642
6905 1279
6906 5219
6907 3599
6908 6087
6909 1162
6910 5211
6911 6156
6912 3035
6913 1798
6914 3722
6915 6816
6916 5560
6917 3980
6918 2404
6919 3733
6920 717
6921 3171
6922 1739
6923 39
6924 2310
6925 6304
6926 6025
6927 307
6928 6810
6929 2755
6930 4791
6931 838
6932 2448
6933 5680
6934 4820
6935 6136
6936 1646
6937 3110
6938 6194
6939 1042
6940 6224
6941 558
6942 870
6943 3777
6944 6870
6945 5639
6946 4661
6947 1799
6948 6714
6949 118
6950 709
6951 1848
6952 4821
6953 1334
6954 1552
6955 5024
6956 6206
6957 3355
6958 3961
6959 3590
6960 1564
6961 4393
6962 2870
6963 6059
6964 5998
6965 6563
6966 4307
6967 6778
6968 6637
6969 4012
6970 4344
6971 2968
6972 1892
6973 6551
6974 1834
6975 2505
6976 5451
6977 6599
6978 6592
6979 6555
6980 3412
6981 4308
6982 3483
6983 5726
6984 5740
6985 315
6986 193
6987 703
6988 588
6989 1156
6990 3774
6991 5806
6992 6264
6993 1166
6994 1444
6995 5024
6996 5089
6997 4507
6998 3353
6999 1105
7000 5722
7001 5779
7002 251
7003 6093
7004 3661
7005 2315
7006 91
7007 3737
7008 4427
7009 3363
7010 5319
7011 6027
7012 6380
7013 6155
7014 2288
7015 1741
7016 4219
7017 6887
7018 6490
7019 3717
7020 3503
7021 505
7022 5587
7023 3699
7024 6128
7025 3617
7026 4313
7027 5548
7028 1996
7029 6551
7030 5169
7031 2024
7032 5335
7033 2712
7034 5594
7035 995
7036 1822
7037 5657
7038 4404
7039 3296
7040 1530
7041 6588
7042 5985
7043 3886
7044 3888
7045 3362
7046 1458
7047 5893
7048 6547
7049 4978
7050 6661
7051 6393
7052 3626
7053 3769
7054 3601
7055 4742
7056 4222
7057 6775
7058 3693
7059 6851
7060 5147
7061 565
7062 2221
7063 1862
7064 1503
7065 695
7066 4403
7067 3756
7068 3443
7069 3026
7070 1285
7071 4365
7072 1509
7073 5727
7074 4719
7075 1473
7076 2974
7077 900
7078 1186
7079 12
7080 4793
7081 2734
7082 2759
7083 4528
7084 6201
7085 5085
7086 2175
7087 131
7088 5801
7089 4913
7090 5832
7091 6417
7092 2521
7093 375
7094 5892
7095 3113
7096 4383
7097 306
7098 5201
7099 482
7100 3009
7101 2455
7102 4905
7103 4584
7104 1516
7105 5599
7106 3268
7107 2765
7108 6058
7109 1995
7110 6235
7111 7089
7112 2311
7113 4658
7114 1476
7115 3842
7116 4992
7117 6261
7118 3902
7119 3705
7120 3880
7121 3101
7122 1605
7123 2418
7124 6216
7125 567
7126 3901
7127 1096
7128 2419
7129 2122
7130 1258
7131 7101
7132 4621
7133 4454
7134 1163
7135 4962
7136 1475
7137 4257
7138 3793
7139 4076
7140 1219
7141 3862
7142 5695
7143 733
7144 3545
7145 3447
7146 2676
7147 5731
7148 534
7149 5380
7150 7091
7151 2094
7152 5739
7153 2880
7154 1213
7155 4458
7156 67
7157 5349
7158 2264
7159 5897
7160 2009
7161 1432
7162 2824
7163 3823
7164 926
7165 3161
7166 171
7167 1154
7168 5099
7169 7120
7170 3394
7171 384
7172 1853
7173 4711
7174 6582
7175 2282
7176 615
7177 2725
7178 1756
7179 4136
7180 2994
7181 5692
7182 3846
7183 4098
7184 1648
7185 2722
7186 3048
7187 627
7188 3153
7189 2311
7190 2062
7191 70
7192 7155
7193 5572
7194 4190
7195 6029
7196 3104
7197 6605
7198 401
7199 3993
7200 5992
7201 4659
7202 3618
7203 4049
7204 5669
7205 2241
7206 5838
7207 3393
7208 1727
7209 1095
7210 48
7211 2350
7212 6827
7213 341
7214 5075
7215 4000
7216 3153
7217 6513
7218 6315
7219 921
7220 78
7221 2195
7222 2290
7223 2
7224 820
7225 1305
7226 412
7227 7120
7228 5751
7229 2183
7230 4931
7231 6395
7232 441
7233 5534
7234 3782
7235 3970
7236 2563
7237 2703
7238 4846
7239 2964
7240 889
7241 568
7242 7020
7243 3804
7244 6749
7245 288
7246 5937
7247 465
7248 3542
7249 4737
7250 6490
7251 3160
7252 2034
7253 5239
7254 6517
7255 3249
7256 858
7257 763
7258 4483
7259 4289
7260 6086
7261 2548
7262 4149
7263 6650
7264 2379
7265 3393
7266 1032
7267 6672
7268 887
7269 1225
7270 301
7271 5415
7272 7218
7273 6458
7274 3514
7275 885
7276 6037
7277 1541
7278 655
7279 2434
7280 3812
7281 3940
7282 2879
7283 405
7284 5505
7285 142
7286 2530
7287 4308
7288 5658
7289 1281
7290 5644
7291 4204
7292 6419
7293 1713
7294 3664
7295 3888
7296 329
7297 366
7298 923
7299 3549
7300 3447
7301 3572
7302 5561
7303 4425
7304 1397
7305 3673
7306 205
7307 3567
7308 1777
7309 1507
7310 2475
7311 2736
7312 4182
7313 2397
7314 3068
7315 611
7316 6955
7317 1013
7318 2564
7319 4599
7320 6288
7321 1359
7322 3548
7323 6927
7324 80
7325 6183
7326 6361
7327 3626
7328 5514
7329 4484
7330 5652
7331 2769
7332 2193
7333 570
7334 167
7335 6718
7336 6380
7337 4335
7338 1175
7339 6896
7340 3567
7341 4082
7342 6012
7343 1225
7344 489
7345 7212
7346 4765
7347 2053
7348 7161
7349 4232
7350 231
7351 7109
7352 2511
7353 7069
7354 3677
7355 1179
7356 153
7357 3623
7358 5595
7359 5246
7360 7304
7361 5031
7362 71
7363 768
7364 3000
7365 1772
7366 133
7367 3283
7368 4213
7369 2195
7370 3471
7371 2217
7372 1335
7373 5323
7374 5534
7375 1507
7376 4785
7377 3609
7378 2563
7379 5582
7380 2239
7381 857
7382 2305
7383 3420
7384 4776
7385 1015
7386 1032
7387 2564
7388 6203
7389 5400
7390 6674
7391 4102
7392 3672
7393 5192
7394 553
7395 7268
7396 3743
7397 4207
7398 4790
7399 1775
7400 4129
7401 1280
7402 5851
7403 4369
7404 1364
7405 3680
7406 5681
7407 341
7408 5387
7409 7302
7410 4155
7411 4504
7412 715
7413 4452
7414 1396
7415 2548
7416 3160
7417 282
7418 7282
7419 5601
7420 1780
7421 4385
7422 3776
7423 63
7424 5052
7425 4754
7426 1875
7427 801
7428 3379
7429 3325
7430 4631
7431 1626
7432 3800
7433 156
7434 4108
7435 7173
7436 3946
7437 2382
7438 1715
7439 3023
7440 6891
7441 6781
7442 3154
7443 3414
7444 5659
7445 1571
7446 6257
7447 5763
7448 5166
7449 1094
7450 2451
7451 2428
7452 6735
7453 6225
7454 5793
7455 3308
7456 454
7457 1908
7458 705
7459 91
7460 2994
7461 4016
7462 1637
7463 6377
7464 2816
7465 6779
7466 2982
7467 3977
7468 4499
7469 2112
7470 2314
7471 610
7472 6790
7473 1734
7474 1172
7475 7150
7476 1094
7477 6549
7478 4116
7479 6187
7480 4516
7481 641
7482 4926
7483 3714
7484 357
7485 7091
7486 1097
7487 2884
7488 1625
7489 1918
7490 6428
7491 6291
7492 3709
7493 5413
7494 4823
7495 6171
7496 1578
7497 2188
7498 4368
7499 6888
7500 1144
7501 6100
7502 6128
7503 2835
7504 5814
7505 3471
7506 3980
7507 2027
7508 2964
7509 6296
7510 2551
7511 5859
7512 6975
7513 5454
7514 5885
7515 3574
7516 329
7517 7154
7518 5001
7519 6133
7520 3133
7521 2151
7522 2920
7523 1546
7524 2714
7525 6118
7526 5078
7527 3552
7528 6160
7529 4437
7530 6871
7531 2917
7532 3450
7533 6677
7534 6556
7535 4745
7536 5058
7537 2963
7538 4605
7539 261
7540 2594
7541 5256
7542 5372
7543 6197
7544 7026
7545 2636
7546 961
7547 1350
7548 6040
7549 2799
7550 3359
7551 4233
7552 4446
7553 1187
7554 2695
7555 766
7556 6590
7557 2457
7558 1300
7559 490
7560 2279
7561 4376
7562 5721
7563 2511
7564 1286
7565 2336
7566 975
7567 6547
7568 6287
7569 7474
7570 6244
7571 3995
7572 3094
7573 5998
7574 2821
7575 6282
7576 6501
7577 1820
7578 1544
7579 284
7580 5163
7581 459
7582 5864
7583 6541
7584 2332
7585 533
7586 2692
7587 4718
7588 7
7589 6911
7590 6589
7591 5671
7592 5818
7593 4238
7594 4204
7595 1316
7596 5823
7597 4909
7598 422
7599 507
7600 5766
7601 6220
7602 4030
7603 2043
7604 783
7605 3280
7606 5183
7607 6733
7608 2808
7609 3878
7610 4316
7611 4245
7612 1305
7613 488
7614 2695
7615 6217
7616 7070
7617 7364
7618 3661
7619 4301
7620 2075
7621 3948
7622 5557
7623 5813
7624 6399
7625 4507
7626 4955
7627 1066
7628 4446
7629 5003
7630 5274
7631 4309
7632 581
7633 4499
7634 1872
7635 401
7636 1172
7637 2705
7638 543
7639 3932
7640 163
7641 6514
7642 5938
7643 2714
7644 3638
7645 4835
7646 1473
7647 1119
7648 1625
7649 231
7650 3355
7651 2798
7652 434
7653 6696
7654 5559
7655 4564
7656 5321
7657 2167
7658 6106
7659 415
7660 3380
7661 6351
7662 2125
7663 6340
7664 3384
7665 3963
7666 428
7667 7242
7668 6073
7669 4885
7670 1070
7671 380
7672 6654
7673 7425
7674 6054
7675 5737
7676 5336
7677 4006
7678 3569
7679 4887
7680 7354
7681 5248
7682 2135
7683 1295
7684 7207
7685 1344
7686 2915
7687 6721
7688 5681
7689 93
7690 920
7691 1459
7692 7576
7693 3144
7694 6959
7695 5958
7696 415
7697 5985
7698 5090
7699 2016
7700 1206
7701 2845
7702 963
7703 4534
7704 2124
7705 7026
7706 4591
7707 472
7708 397
7709 305
7710 1973
7711 1928
7712 5993
7713 4746
7714 5026
7715 525
7716 5474
7717 4469
7718 2095
7719 6793
7720 971
7721 371
7722 6058
7723 4065
7724 590
7725 3165
7726 6688
7727 7664
7728 1038
7729 2077
7730 5763
7731 1224
7732 5167
7733 6782
7734 2626
7735 934
7736 3321
7737 4573
7738 4873
7739 4176
7740 6747
7741 1540
7742 5266
7743 1637
7744 1209
7745 1406
7746 2729
7747 6311
7748 3565
7749 7034
7750 1102
7751 47
7752 730
7753 2750
7754 84
7755 4485
7756 5313
7757 1609
7758 3125
7759 3846
7760 1764
7761 106
7762 4103
7763 4278
7764 3230
7765 1355
7766 7180
7767 6129
7768 6012
7769 5052
7770 5011
7771 7345
7772 4232
7773 1485
7774 141
7775 6172
7776 5563
7777 6025
7778 2808
7779 2943
7780 243
7781 5325
7782 5813
7783 4878
7784 2609
7785 6964
7786 2868
7787 274
7788 1324
7789 2171
7790 3710
7791 2220
7792 6641
7793 690
7794 7123
7795 1188
7796 2808
7797 3585
7798 3045
7799 227
7800 6759
7801 4358
7802 1289
7803 7369
7804 750
7805 7216
7806 6115
7807 5321
7808 6443
7809 366
7810 4516
7811 2858
7812 4549
7813 5176
7814 4220
7815 6511
7816 485
7817 4839
7818 6521
7819 4311
7820 540
7821 2340
7822 7391
7823 1996
7824 197
7825 5904
7826 2265
7827 2475
7828 2259
7829 5688
7830 5686
7831 5089
7832 5159
7833 5254
7834 6019
7835 4904
7836 4791
7837 7820
7838 5825
7839 6600
7840 4388
7841 2579
7842 6576
7843 6934
7844 2961
7845 7785
7846 5777
7847 5053
7848 1361
7849 3289
7850 6859
7851 2526
7852 1469
7853 855
7854 803
7855 6305
7856 2443
7857 2490
7858 6938
7859 7688
7860 6121
7861 1757
7862 3558
7863 3290
7864 857
7865 1976
7866 1062
7867 4126
7868 925
7869 2722
7870 1674
7871 4080
7872 6739
7873 2156
7874 5979
7875 7007
7876 2222
7877 6812
7878 1239
7879 103
7880 6886
7881 5980
7882 787
7883 449
7884 7694
7885 3908
7886 1667
7887 4088
7888 7872
7889 7868
7890 4200
7891 1927
7892 3405
7893 1586
7894 2373
7895 4637
7896 3358
7897 5514
7898 1569
7899 1169
7900 3610
7901 6544
7902 6518
7903 6473
7904 4453
7905 7477
7906 41
7907 2549
7908 76
7909 4156
7910 4548
7911 7399
7912 1983
7913 5236
7914 3642
7915 6459
7916 6898
7917 2014
7918 6884
7919 3595
7920 149
7921 3113
7922 1829
7923 5268
7924 7558
7925 5548
7926 141
7927 100
7928 2571
7929 5211
7930 3737
7931 4053
7932 6310
7933 3578
7934 6308
7935 452
7936 189
7937 3633
7938 468
7939 3021
7940 2880
7941 5615
7942 6568
7943 4363
7944 6413
7945 1165
7946 1370
7947 4153
7948 1001
7949 5440
7950 3754
7951 3224
7952 3964
7953 1034
7954 6236
7955 2763
7956 2475
7957 365
7958 6147
7959 776
7960 4692
7961 7459
7962 4640
7963 3014
7964 2985
7965 3774
7966 6941
7967 4184
7968 5883
7969 1358
7970 4623
7971 9
7972 7313
7973 4875
7974 7092
7975 1895
7976 3478
7977 1373
7978 2807
7979 7492
7980 4595
7981 7603
7982 2736
7983 7764
7984 3390
7985 6887
7986 977
7987 7332
7988 7049
7989 7690
7990 2804
7991 4534
7992 7945
7993 6150
7994 5691
7995 7477
7996 4313
7997 6707
7998 7147
7999 3601
8000 3372
8001 5714
8002 6600
8003 3352
8004 3169
8005 2757
8006 6758
8007 7873
8008 7056
8009 1732
8010 4331
8011 5437
8012 447
8013 497
8014 3471
8015 5030
8016 802
8017 7932
8018 7143
8019 869
8020 3468
8021 4451
8022 2009
8023 5133
8024 1880
8025 2053
8026 7138
8027 7997
8028 7185
8029 1757
8030 7164
8031 5207
8032 3336
8033 7349
8034 5575
8035 7709
8036 4097
8037 397
8038 4816
8039 205
8040 83
8041 7353
8042 5699
8043 2305
8044 1798
8045 5841
8046 5613
8047 3848
8048 6140
8049 190
8050 2506
8051 5564
8052 3936
8053 6623
8054 2188
8055 402
8056 3748
8057 3491
8058 2074
8059 4415
8060 2763
8061 2396
8062 2850
8063 6806
8064 4018
8065 4906
8066 2737
8067 2970
8068 285
8069 2545
8070 4039
8071 708
8072 7508
8073 255
8074 5358
8075 1310
8076 4683
8077 7781
8078 1860
8079 3258
8080 1407
8081 4208
8082 7702
8083 1394
8084 1554
8085 2342
8086 4995
8087 3541
8088 6342
8089 1884
8090 7006
8091 2611
8092 7013
8093 4088
8094 1955
8095 3990
8096 2591
8097 7076
8098 5902
8099 7553
8100 3047
8101 7153
8102 5894
8103 2743
8104 1164
8105 375
8106 7821
8107 7064
8108 7726
8109 1005
8110 4989
8111 1368
8112 4048
8113 617
8114 2265
8115 1105
8116 319
8117 3043
8118 4906
8119 3238
8120 4633
8121 4519
8122 5563
8123 2944
8124 2729
8125 3004
8126 6911
8127 3314
8128 7434
8129 1124
8130 6586
8131 8042
8132 7496
8133 7969
8134 3747
8135 4256
8136 1771
8137 246
8138 7738
8139 7617
8140 4944
8141 821
8142 2865
8143 179
8144 7383
8145 7896
8146 1271
8147 2742
8148 3545
8149 3431
8150 1198
8151 2866
8152 4956
8153 2081
8154 5522
8155 103
8156 8050
8157 3877
8158 5235
8159 1781
8160 2090
8161 6607
8162 7604
8163 4220
8164 6972
8165 4905
8166 37
8167 443
8168 4623
8169 2148
8170 3602
8171 2683
8172 7223
8173 4940
8174 6658
8175 4978
8176 1326
8177 4862
8178 6800
8179 7431
8180 5713
8181 1709
8182 7338
8183 5711
8184 1748
8185 7639
8186 5390
8187 4406
8188 6267
8189 4391
8190 4109
8191 3309
8192 5579
8193 1622
8194 2768
8195 1971
8196 6192
8197 7991
8198 5599
8199 1571
8200 5709
8201 377
8202 4888
8203 7877
8204 3565
8205 3281
8206 1967
8207 8097
8208 6087
8209 258
8210 7753
8211 4143
8212 926
8213 5145
8214 3130
8215 5296
8216 1982
8217 1451
8218 4099
8219 7457
8220 8179
8221 8078
8222 5630
8223 1823
8224 5311
8225 3635
8226 7384
8227 2319
8228 4364
8229 1180
8230 4247
8231 6417
8232 3567
8233 1476
8234 7753
8235 5209
8236 8148
8237 4820
8238 2036
8239 1256
8240 4852
8241 3183
8242 6631
8243 1307
8244 6823
8245 2204
8246 7376
8247 7162
8248 724
8249 5193
8250 7562
8251 7912
8252 7578
8253 3423
8254 1657
8255 5853
8256 137
8257 6533
8258 8150
8259 4991
8260 4337
8261 8111
8262 5190
8263 4623
8264 7376
8265 4382
8266 7822
8267 7462
8268 7862
8269 4288
8270 6233
8271 1263
8272 464
8273 913
8274 7544
8275 7917
8276 6701
8277 3827
8278 477
8279 1483
8280 2979
8281 3361
8282 2380
8283 6708
8284 6253
8285 2769
8286 2602
8287 3372
8288 4124
8289 1399
8290 2846
8291 6800
8292 586
8293 5579
8294 5651
8295 1314
8296 3230
8297 2828
8298 2277
8299 6401
8300 6429
8301 7896
8302 3314
8303 4997
8304 6512
8305 1097
8306 1533
8307 4978
8308 4241
8309 6895
8310 1945
8311 2218
8312 7503
8313 2259
8314 3865
8315 2353
8316 5560
8317 6294
8318 5770
8319 2698
8320 4654
8321 3705
8322 523
8323 5346
8324 8057
8325 2466
8326 1939
8327 5889
8328 4772
8329 2275
8330 677
8331 2882
8332 1795
8333 2635
8334 2743
8335 1328
8336 7926
8337 5547
8338 2225
8339 1846
8340 1807
8341 5456
8342 2887
8343 5850
8344 6070
8345 4297
8346 3457
8347 1824
8348 8137
8349 1847
8350 4849
8351 3569
8352 5216
8353 1001
8354 5706
8355 4867
8356 8078
8357 6534
8358 6060
8359 2990
8360 2231
8361 8154
8362 5000
8363 2579
8364 7089
8365 6751
8366 3319
8367 6782
8368 889
8369 3668
8370 2857
8371 3176
8372 297
8373 4397
8374 3358
8375 5892
8376 4160
8377 6515
8378 7591
8379 4621
8380 1581
8381 3338
8382 5065
8383 7079
8384 6930
8385 4147
8386 4414
8387 6582
8388 2949
8389 605
8390 4503
8391 3674
8392 1066
8393 6639
8394 6250
8395 6599
8396 3416
8397 4187
8398 2084
8399 3796
8400 290
8401 6392
8402 4735
8403 6341
8404 2112
8405 4126
8406 3764
8407 609
8408 4978
8409 7173
8410 7670
8411 4808
8412 1367
8413 5103
8414 4880
8415 8285
8416 7612
8417 734
8418 2600
8419 3331
8420 1992
8421 7859
8422 2013
8423 6173
8424 863
8425 251
8426 3316
8427 3538
8428 1721
8429 2996
8430 2499
8431 2248
8432 2144
8433 4930
8434 5670
8435 6695
8436 1298
8437 7927
8438 644
8439 5083
8440 3873
8441 6335
8442 1405
8443 692
8444 7832
8445 4280
8446 6231
8447 6336
8448 5349
8449 6853
8450 4159
8451 2622
8452 5881
8453 5780
8454 1116
8455 1209
8456 4914
8457 7080
8458 3317
8459 924
8460 3312
8461 2206
8462 2116
8463 7294
8464 349
8465 3062
8466 4992
8467 3554
8468 8200
8469 1518
8470 7592
8471 7385
8472 3173
8473 5379
8474 34
8475 1628
8476 6173
8477 547
8478 4736
8479 2425
8480 2305
8481 398
8482 8268
8483 3059
8484 7384
8485 5942
8486 4259
8487 4176
8488 3357
8489 3259
8490 2264
8491 1988
8492 3831
8493 2618
8494 8137
8495 2412
8496 6124
8497 4240
8498 859
8499 1723
8500 8035
8501 1176
8502 7856
8503 556
8504 4045
8505 566
8506 307
8507 3946
8508 3714
8509 307
8510 4674
8511 6001
8512 6000
8513 4056
8514 3827
8515 3056
8516 3426
8517 6355
8518 4998
8519 7072
8520 6762
8521 4882
8522 4248
8523 1269
8524 3639
8525 3989
8526 1358
8527 5612
8528 2153
8529 6497
8530 4903
8531 356
8532 2243
8533 384
8534 6149
8535 2562
8536 7667
8537 8043
8538 2000
8539 103
8540 537
8541 6250
8542 5488
8543 7823
8544 7076
8545 362
8546 3787
8547 8347
8548 7266
8549 2850
8550 318
8551 6547
8552 6791
8553 7956
8554 4030
8555 6781
8556 4511
8557 6157
8558 8164
8559 1353
8560 7717
8561 1234
8562 4450
8563 8250
8564 6868
8565 2872
8566 7565
8567 2035
8568 3975
8569 4379
8570 465
8571 4684
8572 1591
8573 3441
8574 3816
8575 5258
8576 2501
8577 3098
8578 7896
8579 3270
8580 3168
8581 2921
8582 2901
8583 3359
8584 5044
8585 4743
8586 1034
8587 5623
8588 1277
8589 4781
8590 1423
8591 8445
8592 1678
8593 2527
8594 256
8595 3302
8596 7
8597 5592
8598 114
8599 1550
8600 6357
8601 4190
8602 6984
8603 3592
8604 941
8605 4788
8606 6012
8607 4048
8608 271
8609 2187
8610 7853
8611 6653
8612 6685
8613 6625
8614 4732
8615 8109
8616 7031
8617 8281
8618 4224
8619 3435
8620 4377
8621 2247
8622 2724
8623 7876
8624 1809
8625 890
8626 3783
8627 1120
8628 858
8629 3810
8630 3949
8631 1066
8632 7509
8633 7067
8634 650
8635 7415
8636 7151
8637 7653
8638 5944
8639 1467
8640 4978
8641 2427
8642 7257
8643 588
8644 8241
8645 5545
8646 3636
8647 2574
8648 7239
8649 3075
8650 6331
8651 1148
8652 3876
8653 7503
8654 8599
8655 6395
8656 4332
8657 6981
8658 6017
8659 7090
8660 2195
8661 6933
8662 4015
8663 8095
8664 1448
8665 7975
8666 7737
8667 3840
8668 4169
8669 3297
8670 7897
8671 2603
8672 8069
8673 102
8674 6073
8675 8358
8676 3250
8677 5155
8678 4116
8679 70
8680 8067
8681 7887
8682 5582
8683 8234
8684 5529
8685 1501
8686 6192
8687 2300
8688 1900
8689 7196
8690 850
8691 8466
8692 4471
8693 2692
8694 3085
8695 3050
8696 3312
8697 4314
8698 7231
8699 659
8700 7973
8701 4981
8702 1644
8703 4756
8704 5676
8705 2551
8706 3092
8707 7780
8708 6009
8709 426
8710 5250
8711 6050
8712 5581
8713 4144
8714 5865
8715 4119
8716 5538
8717 410
8718 4635
8719 6198
8720 8469
8721 5549
8722 4043
8723 5362
8724 826
8725 8142
8726 6600
8727 2918
8728 8307
8729 4338
8730 3557
8731 2075
8732 6017
8733 3125
8734 6137
8735 7136
8736 2851
8737 2903
8738 1327
8739 8632
8740 3970
8741 5655
8742 7888
8743 4262
8744 6930
8745 6374
8746 28
8747 8391
8748 3415
8749 6403
8750 5705
8751 749
8752 3079
8753 968
8754 188
8755 3065
8756 335
8757 6242
8758 8277
8759 8130
8760 2549
8761 4986
8762 5513
8763 251
8764 5404
8765 7914
8766 6676
8767 7515
8768 3338
8769 747
8770 6327
8771 578
8772 7059
8773 322
8774 8341
8775 4063
8776 2162
8777 7697
8778 1074
8779 1257
8780 8386
8781 5811
8782 3670
8783 3528
8784 6825
8785 1781
8786 6063
8787 3938
8788 6885
8789 8736
8790 8221
8791 7443
8792 162
8793 4335
8794 3754
8795 6852
8796 1943
8797 7567
8798 1647
8799 5625
8800 3789
8801 6504
8802 4900
8803 3773
8804 614
8805 5863
8806 3992
8807 7052
8808 4371
8809 4465
8810 6227
8811 4926
8812 3375
8813 4049
8814 8234
8815 17
8816 1828
8817 530
8818 1290
8819 3301
8820 4361
8821 6977
8822 4939
8823 881
8824 6631
8825 2149
8826 8499
8827 1731
8828 4781
8829 6074
8830 1594
8831 8544
8832 5913
8833 5928
8834 4900
8835 1660
8836 2522
8837 4391
8838 2774
8839 7615
8840 1746
8841 7662
8842 4402
8843 155
8844 4967
8845 5387
8846 1581
8847 6177
8848 6331
8849 4830
8850 1611
8851 6669
8852 7777
8853 5237
8854 6927
8855 6293
8856 3092
8857 5582
8858 8089
8859 1215
8860 8092
8861 2192
8862 4820
8863 5101
8864 1021
8865 5554
8866 6507
8867 7735
8868 3840
8869 6407
8870 1996
8871 12
8872 6715
8873 1838
8874 4853
8875 3548
8876 4732
8877 4046
8878 3556
8879 7153
8880 4067
8881 2858
8882 5994
8883 7023
8884 7747
8885 6505
8886 5023
8887 1380
8888 4299
8889 6783
8890 6944
8891 3560
8892 4877
8893 6516
8894 2309
8895 6731
8896 5797
8897 8579
8898 3277
8899 6349
8900 5387
8901 6219
8902 4735
8903 7065
8904 8088
8905 221
8906 4045
8907 7894
8908 6120
8909 6673
8910 5764
8911 1337
8912 519
8913 901
8914 3699
8915 6947
8916 3254
8917 8133
8918 491
8919 631
8920 7205
8921 8205
8922 1525
8923 6454
8924 2646
8925 3873
8926 4032
8927 1440
8928 5304
8929 3334
8930 3817
8931 6987
8932 7109
8933 906
8934 8749
8935 3898
8936 5086
8937 7113
8938 2287
8939 5701
8940 6271
8941 7776
8942 1316
8943 5907
8944 7217
8945 2563
8946 2616
8947 550
8948 4404
8949 5854
8950 7551
8951 4598
8952 7745
8953 6983
8954 6118
8955 8398
8956 7522
8957 6597
8958 3767
8959 4723
8960 5646
8961 2647
8962 6195
8963 8364
8964 8316
8965 5100
8966 3203
8967 4733
8968 4325
8969 1114
8970 1216
8971 8785
8972 7111
8973 3907
8974 5489
8975 3913
8976 430
8977 4637
8978 1669
8979 663
8980 2306
8981 461
8982 8196
8983 4299
8984 6954
8985 7840
8986 905
8987 4230
8988 361
8989 5694
8990 622
8991 6027
8992 5663
8993 30
8994 5364
8995 5385
8996 8464
8997 5473
8998 448
8999 7188
9000 7411
9001 2548
9002 5773
9003 5237
9004 2643
9005 4835
9006 4501
9007 8660
9008 1400
9009 6033
9010 7913
9011 3761
9012 2975
9013 5580
9014 2055
9015 8689
9016 2414
9017 9000
9018 8109
9019 8671
9020 4279
9021 5017
9022 7491
9023 3590
9024 8086
9025 1823
9026 4228
9027 2649
9028 3529
9029 8396
9030 1898
9031 118
9032 6080
9033 1003
9034 4433
9035 2550
9036 1156
9037 4580
9038 7662
9039 4003
9040 8999
9041 2588
9042 8578
9043 1109
9044 1673
9045 3577
9046 1584
9047 5258
9048 5596
9049 5161
9050 253
9051 8542
9052 6406
9053 1595
9054 5537
9055 3969
9056 536
9057 5156
9058 6086
9059 762
9060 8555
9061 8402
9062 3012
9063 8938
9064 4972
9065 5172
9066 2267
9067 4506
9068 153
9069 8490
9070 7068
9071 5724
9072 5176
9073 517
9074 2982
9075 286
9076 1883
9077 1690
9078 4412
9079 2878
9080 4964
9081 5686
9082 8843
9083 7233
9084 2158
9085 1420
9086 995
9087 4381
9088 6520
9089 5143
9090 2631
9091 2539
9092 6983
9093 4315
9094 6977
9095 5430
9096 5073
9097 3449
9098 7016
9099 7516
9100 1361
9101 3956
9102 1178
9103 3518
9104 4090
9105 7664
9106 1909
9107 3721
9108 8304
9109 8389
9110 2896
9111 199
9112 6002
9113 5034
9114 670
9115 7672
9116 5763
9117 8019
9118 5914
9119 5219
9120 813
9121 7548
9122 7519
9123 4908
9124 2195
9125 6403
9126 3417
9127 7172
9128 461
9129 6900
9130 8029
9131 1423
9132 7157
9133 6791
9134 5245
9135 754
9136 5673
9137 5097
9138 599
9139 2664
9140 6869
9141 6308
9142 8761
9143 1113
9144 4407
9145 3704
9146 586
9147 6121
9148 7480
9149 7986
9150 7506
9151 2894
9152 7926
9153 7876
9154 4529
9155 1835
9156 3360
9157 3925
9158 1022
9159 3978
9160 4421
9161 2335
9162 4267
9163 5806
9164 4640
9165 1293
9166 7477
9167 5756
9168 6832
9169 2449
9170 8779
9171 5632
9172 4912
9173 7543
9174 7292
9175 1749
9176 8707
9177 8657
9178 2390
9179 6680
9180 5667
9181 28
9182 8921
9183 6645
9184 1565
9185 5354
9186 108
9187 1656
9188 4842
9189 4265
9190 3911
9191 1032
9192 6815
9193 4248
9194 5147
9195 6528
9196 2074
9197 1496
9198 7327
9199 4693
9200 720
9201 7799
9202 7321
9203 653
9204 5800
9205 172
9206 6653
9207 4626
9208 1432
9209 3195
9210 8555
9211 2777
9212 4718
9213 2635
9214 4128
9215 5823
9216 8834
9217 6024
9218 1920
9219 792
9220 8798
9221 6777
9222 4247
9223 6201
9224 9197
9225 472
9226 1734
9227 2721
9228 696
9229 3482
9230 3680
9231 5153
9232 401
9233 2597
9234 2942
9235 477
9236 8209
9237 2829
9238 152
9239 5301
9240 7054
9241 1144
9242 7255
9243 4067
9244 1043
9245 5837
9246 5783
9247 1661
9248 1454
9249 8663
9250 789
9251 2108
9252 4730
9253 9065
9254 8192
9255 3701
9256 6035
9257 1103
9258 2727
9259 6916
9260 8125
9261 1763
9262 7570
9263 3648
9264 7248
9265 5373
9266 2984
9267 2047
9268 8107
9269 939
9270 1013
9271 1085
9272 2946
9273 2233
9274 3183
9275 3462
9276 4914
9277 7807
9278 4766
9279 6359
9280 1731
9281 8841
9282 9084
9283 3063
9284 2200
9285 6566
9286 971
9287 33
9288 6263
9289 5898
9290 5967
9291 3204
9292 4668
9293 1388
9294 1620
9295 6302
9296 7536
9297 7624
9298 3403
9299 6739
9300 3521
9301 9243
9302 1087
9303 5081
9304 1805
9305 8458
9306 487
9307 7349
9308 1728
9309 2236
9310 7838
9311 3408
9312 7188
9313 3573
9314 9293
9315 1194
9316 8774
9317 5190
9318 3553
9319 9312
9320 3832
9321 6288
9322 9044
9323 5821
9324 8594
9325 6574
9326 3190
9327 2448
9328 3225
9329 3638
9330 4401
9331 2794
9332 5711
9333 2589
9334 5254
9335 2305
9336 1512
9337 2940
9338 8142
9339 3707
9340 7665
9341 8601
9342 658
9343 1496
9344 7111
9345 4048
9346 4313
9347 7725
9348 8704
9349 3617
9350 7789
9351 6334
9352 7475
9353 5619
9354 6951
9355 8414
9356 5172
9357 6229
9358 5846
9359 8514
9360 1353
9361 7858
9362 7726
9363 3546
9364 6407
9365 2021
9366 6957
9367 1992
9368 7152
9369 6832
9370 7392
9371 4729
9372 7712
9373 2867
9374 1196
9375 5314
9376 4377
9377 4804
9378 8637
9379 3033
9380 6883
9381 4276
9382 269
9383 1533
9384 8967
9385 6064
9386 8406
9387 797
9388 4047
9389 1653
9390 8274
9391 5091
9392 4355
9393 5363
9394 4736
9395 6062
9396 1418
9397 3075
9398 2597
9399 2139
9400 7291
9401 3464
9402 8349
9403 8210
9404 1095
9405 9250
9406 1675
9407 3346
9408 2990
9409 4025
9410 1918
9411 4075
9412 7060
9413 6089
9414 4898
9415 3843
9416 6258
9417 7085
9418 7685
9419 4018
9420 8057
9421 3576
9422 7334
9423 513
9424 7336
9425 9235
9426 5580
9427 3545
9428 9293
9429 9364
9430 4941
9431 3597
9432 322
9433 4736
9434 6185
9435 7058
9436 5690
9437 4994
9438 7234
9439 4672
9440 2490
9441 2134
9442 8480
9443 5375
9444 2207
9445 5207
9446 8489
9447 8554
9448 1335
9449 6550
9450 1060
9451 3337
9452 3273
9453 4531
9454 143
9455 7261
9456 6997
9457 8747
9458 6507
9459 3715
9460 181
9461 8115
9462 4843
9463 307
9464 5802
9465 6843
9466 9363
9467 8979
9468 6684
9469 3620
9470 157
9471 3296
9472 8510
9473 9044
9474 8925
9475 1938
9476 428
9477 7694
9478 2008
9479 4147
9480 2921
9481 9101
9482 1166
9483 335
9484 3041
9485 6513
9486 3674
9487 3823
9488 8203
9489 3185
9490 3763
9491 3442
9492 1658
9493 2682
9494 3099
9495 550
9496 6580
9497 6899
9498 2942
9499 5435
9500 6213
9501 7158
9502 5653
9503 9159
9504 8365
9505 4854
9506 4772
9507 8445
9508 3072
9509 8145
9510 8545
9511 8758
9512 2462
9513 9402
9514 4037
9515 4295
9516 1592
9517 8461
9518 1183
9519 7072
9520 7126
9521 5809
9522 6771
9523 6717
9524 6058
9525 1709
9526 1183
9527 5502
9528 5972
9529 7246
9530 7726
9531 8861
9532 59
9533 4925
9534 4138
9535 8034
9536 9521
9537 1974
9538 5364
9539 777
9540 821
9541 6002
9542 2757
9543 2829
9544 1656
9545 3396
9546 8646
9547 1031
9548 8253
9549 5224
9550 8000
9551 7078
9552 5013
9553 4881
9554 5052
9555 7009
9556 4658
9557 1791
9558 2127
9559 5743
9560 3727
9561 3959
9562 3674
9563 2958
9564 5658
9565 6611
9566 8856
9567 3596
9568 1559
9569 5293
9570 6401
9571 2388
9572 8210
9573 3546
9574 6405
9575 9452
9576 977
9577 3420
9578 2338
9579 9443
9580 9517
9581 2487
9582 4612
9583 5960
9584 6288
9585 6459
9586 4642
9587 8555
9588 6597
9589 2019
9590 9176
9591 6963
9592 3878
9593 7137
9594 5494
9595 8583
9596 8935
9597 1889
9598 6527
9599 2727
9600 3367
9601 3210
9602 8443
9603 8271
9604 5387
9605 9147
9606 7572
9607 8860
9608 3906
9609 7388
9610 486
9611 139
9612 4192
9613 2331
9614 3095
9615 666
9616 693
9617 6287
9618 946
9619 153
9620 38
9621 7813
9622 7939
9623 4505
9624 2454
9625 1038
9626 5177
9627 3746
9628 6379
9629 6245
9630 4243
9631 3343
9632 305
9633 4009
9634 8652
9635 6598
9636 2942
9637 7844
9638 1116
9639 8875
9640 4070
9641 9367
9642 8026
9643 5068
9644 7360
9645 5073
9646 1995
9647 790
9648 7405
9649 3959
9650 6186
9651 8808
9652 9030
9653 5646
9654 5663
9655 4658
9656 4364
9657 8094
9658 6611
9659 826
9660 952
9661 7742
9662 7907
9663 7390
9664 4173
9665 7048
9666 7535
9667 5058
9668 9512
9669 1878
9670 4266
9671 6133
9672 3665
9673 2460
9674 7035
9675 3268
9676 8708
9677 3667
9678 3073
9679 8876
9680 64
9681 4816
9682 6412
9683 9265
9684 3231
9685 2407
9686 4855
9687 4572
9688 7071
9689 8371
9690 8026
9691 8334
9692 8493
9693 3192
9694 2449
9695 358
9696 3368
9697 4502
9698 4404
9699 7135
9700 1143
9701 6811
9702 5851
9703 6930
9704 9111
9705 8037
9706 4611
9707 6399
9708 6970
9709 8887
9710 3492
9711 3074
9712 2886
9713 4581
9714 6506
9715 5062
9716 6557
9717 5009
9718 1726
9719 1340
9720 8171
9721 6980
9722 3539
9723 9653
9724 3386
9725 2797
9726 1236
9727 5024
9728 4396
9729 3970
9730 4178
9731 1077
9732 843
9733 7367
9734 4288
9735 8129
9736 1957
9737 2791
9738 7476
9739 6521
9740 6094
9741 6010
9742 5619
9743 3483
9744 8222
9745 3082
9746 5438
9747 9133
9748 4041
9749 1412
9750 7943
9751 321
9752 109
9753 5496
9754 7733
9755 1439
9756 4349
9757 5271
9758 76
9759 9559
9760 6329
9761 4968
9762 215
9763 3280
9764 844
9765 9518
9766 224
9767 1555
9768 5224
9769 3113
9770 2711
9771 368
9772 1565
9773 8475
9774 8221
9775 1673
9776 7757
9777 9751
9778 1483
9779 8390
9780 8121
9781 6588
9782 7306
9783 6885
9784 6521
9785 893
9786 5446
9787 1501
9788 7510
9789 8061
9790 9168
9791 1543
9792 542
9793 2164
9794 8611
9795 6327
9796 4743
9797 4046
9798 4770
9799 3992
9800 3889
9801 104
9802 1281
9803 5341
9804 9063
9805 9420
9806 55
9807 4299
9808 8086
9809 1546
9810 8874
9811 6090
9812 7669
9813 6507
9814 8266
9815 7803
9816 8435
9817 3457
9818 4106
9819 5179
9820 5610
9821 1969
9822 4952
9823 8746
9824 4110
9825 5120
9826 2273
9827 8186
9828 7808
9829 7003
9830 769
9831 6673
9832 8528
9833 488
9834 3624
9835 2996
9836 913
9837 1142
9838 6172
9839 9543
9840 386
9841 3699
9842 4197
9843 31
9844 6563
9845 8197
9846 8863
9847 8043
9848 2772
9849 3920
9850 774
9851 7165
9852 3584
9853 7176
9854 1990
9855 790
9856 8880
9857 6509
9858 500
9859 6751
9860 3928
9861 3790
9862 2699
9863 3070
9864 2925
9865 6852
9866 4755
9867 887
9868 7573
9869 5148
9870 8376
9871 1198
9872 1449
9873 139
9874 4340
9875 6796
9876 429
9877 7232
9878 1128
9879 2563
9880 6371
9881 3704
9882 370
9883 6173
9884 954
9885 5878
9886 2626
9887 4720
9888 8897
9889 6619
9890 2378
9891 3862
9892 8839
9893 512
9894 9396
9895 1255
9896 8378
9897 6427
9898 6024
9899 3439
9900 8704
9901 8634
9902 5581
9903 6017
9904 97
9905 8372
9906 5761
9907 3927
9908 7243
9909 4055
9910 8566
9911 6450
9912 1715
9913 3821
9914 8105
9915 3015
9916 5763
9917 7932
9918 8590
9919 4397
9920 1661
9921 7987
9922 6175
9923 9551
9924 3103
9925 6869
9926 8133
9927 3956
9928 4942
9929 3506
9930 9927
9931 2730
9932 515
9933 5061
9934 3729
9935 4676
9936 6196
9937 6594
9938 9775
9939 3321
9940 9476
9941 7605
9942 5476
9943 9193
9944 676
9945 3214
9946 470
9947 3905
9948 6349
9949 9767
9950 4865
9951 8019
9952 5459
9953 3755
9954 3765
9955 982
9956 1107
9957 6638
9958 6484
9959 7661
9960 8037
9961 20
9962 6757
9963 5314
9964 3057
9965 2030
9966 9044
9967 4639
9968 9122
9969 5920
9970 286
9971 4054
9972 8882
9973 4100
9974 2420
9975 6520
9976 41
9977 5328
9978 2107
9979 828
9980 8445
9981 9471
9982 3334
9983 7031
9984 1915
9985 5482
9986 1435
9987 538
9988 2677
9989 9192
9990 1221
9991 5990
9992 576
9993 9973
9994 5220
9995 8847
9996 6052
9997 978
9998 1701
9999 518
10000 1042
