100
2 3 4 5 7 8 9 10 11 12 13 14 15 16 19 20 21 22 23 25 27 28 29 30 33 34 35 36 37 38 40 41 42 44 45 46 47 48 49 51 52 53 54 55 56 57 58 59 61 62 63 64 65 66 67 68 69 70 71 74 75 76 77 78 79 80 81 82 83 84 85 86 87 88 89 90 91 92 93 94 95 96 97 98 99 100 0
1 3 4 5 6 7 8 9 10 13 14 15 16 17 18 19 20 21 22 23 24 25 26 27 29 30 31 32 33 35 36 37 38 39 40 41 42 43 44 45 46 47 48 49 50 51 52 53 54 55 56 57 59 60 61 63 64 65 66 67 68 69 71 72 73 74 75 76 77 79 81 82 83 84 85 86 88 89 90 92 93 94 96 97 98 99 0
1 2 4 5 7 8 9 10 11 12 13 14 15 16 19 20 21 22 23 25 27 28 29 30 33 34 35 36 37 38 40 41 42 44 45 46 47 48 49 51 52 53 54 55 56 57 58 59 61 62 63 64 65 66 67 68 69 70 71 74 75 76 77 78 79 80 81 82 83 84 85 86 87 88 89 90 91 92 93 94 95 96 97 98 99 100 0
1 2 3 5 7 8 9 10 11 12 13 14 15 16 19 20 21 22 23 25 27 28 29 30 33 34 35 36 37 38 40 41 42 44 45 46 47 48 49 51 52 53 54 55 56 57 58 59 61 62 63 64 65 66 67 68 69 70 71 74 75 76 77 78 79 80 81 82 83 84 85 86 87 88 89 90 91 92 93 94 95 96 97 98 99 100 0
1 2 3 4 6 8 9 11 12 13 14 15 16 17 18 19 20 21 22 23 24 25 26 28 29 30 31 32 33 34 36 38 39 40 41 42 43 44 46 47 48 49 50 51 53 54 56 57 58 59 60 61 62 63 64 66 67 68 69 70 72 73 74 75 76 77 78 80 81 82 83 84 85 87 88 89 90 91 92 93 94 95 96 97 98 100 0
2 5 7 8 9 10 11 12 13 14 15 17 18 19 22 23 24 25 26 27 28 29 31 32 33 34 35 37 38 39 40 41 42 43 44 45 46 48 50 52 53 54 55 56 58 60 61 62 64 65 67 69 70 71 72 73 74 75 76 78 79 80 81 82 83 84 85 86 87 91 94 95 97 98 99 100 0
1 2 3 4 6 10 11 12 14 15 16 17 18 19 20 21 24 26 27 28 29 30 31 32 33 34 35 36 37 39 41 43 45 47 49 50 51 52 53 55 56 57 58 59 60 61 62 63 64 65 66 68 70 71 72 73 75 77 78 79 80 82 86 87 88 89 90 91 92 93 94 95 96 97 99 100 0
1 2 3 4 5 6 9 11 12 13 14 15 16 17 18 19 20 21 22 23 24 25 26 28 29 30 31 32 33 34 36 38 39 40 41 42 43 44 46 47 48 49 50 51 53 54 56 57 58 59 60 61 62 63 64 66 67 68 69 70 72 73 74 75 76 77 78 80 81 82 83 84 85 87 88 89 90 91 92 93 94 95 96 97 98 100 0
1 2 3 4 5 6 8 11 12 13 14 15 16 17 18 19 20 21 22 23 24 25 26 28 29 30 31 32 33 34 36 38 39 40 41 42 43 44 46 47 48 49 50 51 53 54 56 57 58 59 60 61 62 63 64 66 67 68 69 70 72 73 74 75 76 77 78 80 81 82 83 84 85 87 88 89 90 91 92 93 94 95 96 97 98 100 0
1 2 3 4 6 7 11 12 14 15 16 17 18 19 20 21 24 26 27 28 29 30 31 32 33 34 35 36 37 39 41 43 45 47 49 50 51 52 53 55 56 57 58 59 60 61 62 63 64 65 66 68 70 71 72 73 75 77 78 79 80 82 86 87 88 89 90 91 92 93 94 95 96 97 99 100 0
1 3 4 5 6 7 8 9 10 12 13 16 17 18 20 21 22 23 24 25 26 27 28 30 31 32 34 35 36 37 38 39 40 42 43 44 45 46 47 48 49 50 51 52 54 55 57 58 59 60 62 63 65 66 67 68 69 70 71 72 73 74 76 77 78 79 80 81 83 84 85 86 87 88 89 90 91 92 93 95 96 98 99 100 0
1 3 4 5 6 7 8 9 10 11 13 16 17 18 20 21 22 23 24 25 26 27 28 30 31 32 34 35 36 37 38 39 40 42 43 44 45 46 47 48 49 50 51 52 54 55 57 58 59 60 62 63 65 66 67 68 69 70 71 72 73 74 76 77 78 79 80 81 83 84 85 86 87 88 89 90 91 92 93 95 96 98 99 100 0
1 2 3 4 5 6 8 9 11 12 14 15 16 17 18 19 20 21 22 23 24 25 26 28 29 30 31 32 33 34 36 38 39 40 41 42 43 44 46 47 48 49 50 51 53 54 56 57 58 59 60 61 62 63 64 66 67 68 69 70 72 73 74 75 76 77 78 80 81 82 83 84 85 87 88 89 90 91 92 93 94 95 96 97 98 100 0
1 2 3 4 5 6 7 8 9 10 13 15 16 17 18 19 20 21 22 23 24 25 26 27 29 30 31 32 33 35 36 37 38 39 40 41 42 43 44 45 46 47 48 49 50 51 52 53 54 55 56 57 59 60 61 63 64 65 66 67 68 69 71 72 73 74 75 76 77 79 81 82 83 84 85 86 88 89 90 92 93 94 96 97 98 99 0
1 2 3 4 5 6 7 8 9 10 13 14 16 17 18 19 20 21 22 23 24 25 26 27 29 30 31 32 33 35 36 37 38 39 40 41 42 43 44 45 46 47 48 49 50 51 52 53 54 55 56 57 59 60 61 63 64 65 66 67 68 69 71 72 73 74 75 76 77 79 81 82 83 84 85 86 88 89 90 92 93 94 96 97 98 99 0
1 2 3 4 5 7 8 9 10 11 12 13 14 15 19 20 21 22 23 25 27 28 29 30 33 34 35 36 37 38 40 41 42 44 45 46 47 48 49 51 52 53 54 55 56 57 58 59 61 62 63 64 65 66 67 68 69 70 71 74 75 76 77 78 79 80 81 82 83 84 85 86 87 88 89 90 91 92 93 94 95 96 97 98 99 100 0
2 5 6 7 8 9 10 11 12 13 14 15 18 19 22 23 24 25 26 27 28 29 31 32 33 34 35 37 38 39 40 41 42 43 44 45 46 48 50 52 53 54 55 56 58 60 61 62 64 65 67 69 70 71 72 73 74 75 76 78 79 80 81 82 83 84 85 86 87 91 94 95 97 98 99 100 0
2 5 6 7 8 9 10 11 12 13 14 15 17 19 22 23 24 25 26 27 28 29 31 32 33 34 35 37 38 39 40 41 42 43 44 45 46 48 50 52 53 54 55 56 58 60 61 62 64 65 67 69 70 71 72 73 74 75 76 78 79 80 81 82 83 84 85 86 87 91 94 95 97 98 99 100 0
1 2 3 4 5 6 7 8 9 10 13 14 15 16 17 18 20 21 22 23 24 25 26 27 29 30 31 32 33 35 36 37 38 39 40 41 42 43 44 45 46 47 48 49 50 51 52 53 54 55 56 57 59 60 61 63 64 65 66 67 68 69 71 72 73 74 75 76 77 79 81 82 83 84 85 86 88 89 90 92 93 94 96 97 98 99 0
1 2 3 4 5 7 8 9 10 11 12 13 14 15 16 19 21 22 23 25 27 28 29 30 33 34 35 36 37 38 40 41 42 44 45 46 47 48 49 51 52 53 54 55 56 57 58 59 61 62 63 64 65 66 67 68 69 70 71 74 75 76 77 78 79 80 81 82 83 84 85 86 87 88 89 90 91 92 93 94 95 96 97 98 99 100 0
1 2 3 4 5 7 8 9 10 11 12 13 14 15 16 19 20 22 23 25 27 28 29 30 33 34 35 36 37 38 40 41 42 44 45 46 47 48 49 51 52 53 54 55 56 57 58 59 61 62 63 64 65 66 67 68 69 70 71 74 75 76 77 78 79 80 81 82 83 84 85 86 87 88 89 90 91 92 93 94 95 96 97 98 99 100 0
1 2 3 4 5 6 8 9 11 12 13 14 15 16 17 18 19 20 21 23 24 25 26 28 29 30 31 32 33 34 36 38 39 40 41 42 43 44 46 47 48 49 50 51 53 54 56 57 58 59 60 61 62 63 64 66 67 68 69 70 72 73 74 75 76 77 78 80 81 82 83 84 85 87 88 89 90 91 92 93 94 95 96 97 98 100 0
1 2 3 4 5 6 8 9 11 12 13 14 15 16 17 18 19 20 21 22 24 25 26 28 29 30 31 32 33 34 36 38 39 40 41 42 43 44 46 47 48 49 50 51 53 54 56 57 58 59 60 61 62 63 64 66 67 68 69 70 72 73 74 75 76 77 78 80 81 82 83 84 85 87 88 89 90 91 92 93 94 95 96 97 98 100 0
2 5 6 7 8 9 10 11 12 13 14 15 17 18 19 22 23 25 26 27 28 29 31 32 33 34 35 37 38 39 40 41 42 43 44 45 46 48 50 52 53 54 55 56 58 60 61 62 64 65 67 69 70 71 72 73 74 75 76 78 79 80 81 82 83 84 85 86 87 91 94 95 97 98 99 100 0
1 2 3 4 5 6 8 9 11 12 13 14 15 16 17 18 19 20 21 22 23 24 26 28 29 30 31 32 33 34 36 38 39 40 41 42 43 44 46 47 48 49 50 51 53 54 56 57 58 59 60 61 62 63 64 66 67 68 69 70 72 73 74 75 76 77 78 80 81 82 83 84 85 87 88 89 90 91 92 93 94 95 96 97 98 100 0
2 5 6 7 8 9 10 11 12 13 14 15 17 18 19 22 23 24 25 27 28 29 31 32 33 34 35 37 38 39 40 41 42 43 44 45 46 48 50 52 53 54 55 56 58 60 61 62 64 65 67 69 70 71 72 73 74 75 76 78 79 80 81 82 83 84 85 86 87 91 94 95 97 98 99 100 0
1 2 3 4 6 7 10 11 12 14 15 16 17 18 19 20 21 24 26 28 29 30 31 32 33 34 35 36 37 39 41 43 45 47 49 50 51 52 53 55 56 57 58 59 60 61 62 63 64 65 66 68 70 71 72 73 75 77 78 79 80 82 86 87 88 89 90 91 92 93 94 95 96 97 99 100 0
1 3 4 5 6 7 8 9 10 11 12 13 16 17 18 20 21 22 23 24 25 26 27 30 31 32 34 35 36 37 38 39 40 42 43 44 45 46 47 48 49 50 51 52 54 55 57 58 59 60 62 63 65 66 67 68 69 70 71 72 73 74 76 77 78 79 80 81 83 84 85 86 87 88 89 90 91 92 93 95 96 98 99 100 0
1 2 3 4 5 6 7 8 9 10 13 14 15 16 17 18 19 20 21 22 23 24 25 26 27 30 31 32 33 35 36 37 38 39 40 41 42 43 44 45 46 47 48 49 50 51 52 53 54 55 56 57 59 60 61 63 64 65 66 67 68 69 71 72 73 74 75 76 77 79 81 82 83 84 85 86 88 89 90 92 93 94 96 97 98 99 0
1 2 3 4 5 7 8 9 10 11 12 13 14 15 16 19 20 21 22 23 25 27 28 29 33 34 35 36 37 38 40 41 42 44 45 46 47 48 49 51 52 53 54 55 56 57 58 59 61 62 63 64 65 66 67 68 69 70 71 74 75 76 77 78 79 80 81 82 83 84 85 86 87 88 89 90 91 92 93 94 95 96 97 98 99 100 0
2 5 6 7 8 9 10 11 12 13 14 15 17 18 19 22 23 24 25 26 27 28 29 32 33 34 35 37 38 39 40 41 42 43 44 45 46 48 50 52 53 54 55 56 58 60 61 62 64 65 67 69 70 71 72 73 74 75 76 78 79 80 81 82 83 84 85 86 87 91 94 95 97 98 99 100 0
2 5 6 7 8 9 10 11 12 13 14 15 17 18 19 22 23 24 25 26 27 28 29 31 33 34 35 37 38 39 40 41 42 43 44 45 46 48 50 52 53 54 55 56 58 60 61 62 64 65 67 69 70 71 72 73 74 75 76 78 79 80 81 82 83 84 85 86 87 91 94 95 97 98 99 100 0
1 2 3 4 5 6 7 8 9 10 13 14 15 16 17 18 19 20 21 22 23 24 25 26 27 29 30 31 32 35 36 37 38 39 40 41 42 43 44 45 46 47 48 49 50 51 52 53 54 55 56 57 59 60 61 63 64 65 66 67 68 69 71 72 73 74 75 76 77 79 81 82 83 84 85 86 88 89 90 92 93 94 96 97 98 99 0
1 3 4 5 6 7 8 9 10 11 12 13 16 17 18 20 21 22 23 24 25 26 27 28 30 31 32 35 36 37 38 39 40 42 43 44 45 46 47 48 49 50 51 52 54 55 57 58 59 60 62 63 65 66 67 68 69 70 71 72 73 74 76 77 78 79 80 81 83 84 85 86 87 88 89 90 91 92 93 95 96 98 99 100 0
1 2 3 4 6 7 10 11 12 14 15 16 17 18 19 20 21 24 26 27 28 29 30 31 32 33 34 36 37 39 41 43 45 47 49 50 51 52 53 55 56 57 58 59 60 61 62 63 64 65 66 68 70 71 72 73 75 77 78 79 80 82 86 87 88 89 90 91 92 93 94 95 96 97 99 100 0
1 2 3 4 5 7 8 9 10 11 12 13 14 15 16 19 20 21 22 23 25 27 28 29 30 33 34 35 37 38 40 41 42 44 45 46 47 48 49 51 52 53 54 55 56 57 58 59 61 62 63 64 65 66 67 68 69 70 71 74 75 76 77 78 79 80 81 82 83 84 85 86 87 88 89 90 91 92 93 94 95 96 97 98 99 100 0
1 2 3 4 6 7 10 11 12 14 15 16 17 18 19 20 21 24 26 27 28 29 30 31 32 33 34 35 36 39 41 43 45 47 49 50 51 52 53 55 56 57 58 59 60 61 62 63 64 65 66 68 70 71 72 73 75 77 78 79 80 82 86 87 88 89 90 91 92 93 94 95 96 97 99 100 0
1 2 3 4 5 6 8 9 11 12 13 14 15 16 17 18 19 20 21 22 23 24 25 26 28 29 30 31 32 33 34 36 39 40 41 42 43 44 46 47 48 49 50 51 53 54 56 57 58 59 60 61 62 63 64 66 67 68 69 70 72 73 74 75 76 77 78 80 81 82 83 84 85 87 88 89 90 91 92 93 94 95 96 97 98 100 0
2 5 6 7 8 9 10 11 12 13 14 15 17 18 19 22 23 24 25 26 27 28 29 31 32 33 34 35 37 38 40 41 42 43 44 45 46 48 50 52 53 54 55 56 58 60 61 62 64 65 67 69 70 71 72 73 74 75 76 78 79 80 81 82 83 84 85 86 87 91 94 95 97 98 99 100 0
1 2 3 4 5 6 8 9 11 12 13 14 15 16 17 18 19 20 21 22 23 24 25 26 28 29 30 31 32 33 34 36 38 39 41 42 43 44 46 47 48 49 50 51 53 54 56 57 58 59 60 61 62 63 64 66 67 68 69 70 72 73 74 75 76 77 78 80 81 82 83 84 85 87 88 89 90 91 92 93 94 95 96 97 98 100 0
1 2 3 4 5 6 7 8 9 10 13 14 15 16 17 18 19 20 21 22 23 24 25 26 27 29 30 31 32 33 35 36 37 38 39 40 42 43 44 45 46 47 48 49 50 51 52 53 54 55 56 57 59 60 61 63 64 65 66 67 68 69 71 72 73 74 75 76 77 79 81 82 83 84 85 86 88 89 90 92 93 94 96 97 98 99 0
1 2 3 4 5 6 8 9 11 12 13 14 15 16 17 18 19 20 21 22 23 24 25 26 28 29 30 31 32 33 34 36 38 39 40 41 43 44 46 47 48 49 50 51 53 54 56 57 58 59 60 61 62 63 64 66 67 68 69 70 72 73 74 75 76 77 78 80 81 82 83 84 85 87 88 89 90 91 92 93 94 95 96 97 98 100 0
2 5 6 7 8 9 10 11 12 13 14 15 17 18 19 22 23 24 25 26 27 28 29 31 32 33 34 35 37 38 39 40 41 42 44 45 46 48 50 52 53 54 55 56 58 60 61 62 64 65 67 69 70 71 72 73 74 75 76 78 79 80 81 82 83 84 85 86 87 91 94 95 97 98 99 100 0
1 2 3 4 5 6 8 9 11 12 13 14 15 16 17 18 19 20 21 22 23 24 25 26 28 29 30 31 32 33 34 36 38 39 40 41 42 43 46 47 48 49 50 51 53 54 56 57 58 59 60 61 62 63 64 66 67 68 69 70 72 73 74 75 76 77 78 80 81 82 83 84 85 87 88 89 90 91 92 93 94 95 96 97 98 100 0
1 2 3 4 6 7 10 11 12 14 15 16 17 18 19 20 21 24 26 27 28 29 30 31 32 33 34 35 36 37 39 41 43 47 49 50 51 52 53 55 56 57 58 59 60 61 62 63 64 65 66 68 70 71 72 73 75 77 78 79 80 82 86 87 88 89 90 91 92 93 94 95 96 97 99 100 0
1 2 3 4 5 6 8 9 11 12 13 14 15 16 17 18 19 20 21 22 23 24 25 26 28 29 30 31 32 33 34 36 38 39 40 41 42 43 44 47 48 49 50 51 53 54 56 57 58 59 60 61 62 63 64 66 67 68 69 70 72 73 74 75 76 77 78 80 81 82 83 84 85 87 88 89 90 91 92 93 94 95 96 97 98 100 0
1 2 3 4 5 7 8 9 10 11 12 13 14 15 16 19 20 21 22 23 25 27 28 29 30 33 34 35 36 37 38 40 41 42 44 45 46 48 49 51 52 53 54 55 56 57 58 59 61 62 63 64 65 66 67 68 69 70 71 74 75 76 77 78 79 80 81 82 83 84 85 86 87 88 89 90 91 92 93 94 95 96 97 98 99 100 0
1 2 3 4 5 6 8 9 11 12 13 14 15 16 17 18 19 20 21 22 23 24 25 26 28 29 30 31 32 33 34 36 38 39 40 41 42 43 44 46 47 49 50 51 53 54 56 57 58 59 60 61 62 63 64 66 67 68 69 70 72 73 74 75 76 77 78 80 81 82 83 84 85 87 88 89 90 91 92 93 94 95 96 97 98 100 0
1 2 3 4 5 7 8 9 10 11 12 13 14 15 16 19 20 21 22 23 25 27 28 29 30 33 34 35 36 37 38 40 41 42 44 45 46 47 48 51 52 53 54 55 56 57 58 59 61 62 63 64 65 66 67 68 69 70 71 74 75 76 77 78 79 80 81 82 83 84 85 86 87 88 89 90 91 92 93 94 95 96 97 98 99 100 0
2 5 6 7 8 9 10 11 12 13 14 15 17 18 19 22 23 24 25 26 27 28 29 31 32 33 34 35 37 38 39 40 41 42 43 44 45 46 48 52 53 54 55 56 58 60 61 62 64 65 67 69 70 71 72 73 74 75 76 78 79 80 81 82 83 84 85 86 87 91 94 95 97 98 99 100 0
1 2 3 4 5 7 8 9 10 11 12 13 14 15 16 19 20 21 22 23 25 27 28 29 30 33 34 35 36 37 38 40 41 42 44 45 46 47 48 49 52 53 54 55 56 57 58 59 61 62 63 64 65 66 67 68 69 70 71 74 75 76 77 78 79 80 81 82 83 84 85 86 87 88 89 90 91 92 93 94 95 96 97 98 99 100 0
1 2 3 4 6 7 10 11 12 14 15 16 17 18 19 20 21 24 26 27 28 29 30 31 32 33 34 35 36 37 39 41 43 45 47 49 50 51 53 55 56 57 58 59 60 61 62 63 64 65 66 68 70 71 72 73 75 77 78 79 80 82 86 87 88 89 90 91 92 93 94 95 96 97 99 100 0
1 2 3 4 5 6 7 8 9 10 13 14 15 16 17 18 19 20 21 22 23 24 25 26 27 29 30 31 32 33 35 36 37 38 39 40 41 42 43 44 45 46 47 48 49 50 51 52 54 55 56 57 59 60 61 63 64 65 66 67 68 69 71 72 73 74 75 76 77 79 81 82 83 84 85 86 88 89 90 92 93 94 96 97 98 99 0
1 2 3 4 5 6 8 9 11 12 13 14 15 16 17 18 19 20 21 22 23 24 25 26 28 29 30 31 32 33 34 36 38 39 40 41 42 43 44 46 47 48 49 50 51 53 56 57 58 59 60 61 62 63 64 66 67 68 69 70 72 73 74 75 76 77 78 80 81 82 83 84 85 87 88 89 90 91 92 93 94 95 96 97 98 100 0
1 2 3 4 6 7 10 11 12 14 15 16 17 18 19 20 21 24 26 27 28 29 30 31 32 33 34 35 36 37 39 41 43 45 47 49 50 51 52 53 56 57 58 59 60 61 62 63 64 65 66 68 70 71 72 73 75 77 78 79 80 82 86 87 88 89 90 91 92 93 94 95 96 97 99 100 0
1 2 3 4 5 6 7 8 9 10 13 14 15 16 17 18 19 20 21 22 23 24 25 26 27 29 30 31 32 33 35 36 37 38 39 40 41 42 43 44 45 46 47 48 49 50 51 52 53 54 55 57 59 60 61 63 64 65 66 67 68 69 71 72 73 74 75 76 77 79 81 82 83 84 85 86 88 89 90 92 93 94 96 97 98 99 0
1 2 3 4 5 7 8 9 10 11 12 13 14 15 16 19 20 21 22 23 25 27 28 29 30 33 34 35 36 37 38 40 41 42 44 45 46 47 48 49 51 52 53 54 55 56 58 59 61 62 63 64 65 66 67 68 69 70 71 74 75 76 77 78 79 80 81 82 83 84 85 86 87 88 89 90 91 92 93 94 95 96 97 98 99 100 0
1 3 4 5 6 7 8 9 10 11 12 13 16 17 18 20 21 22 23 24 25 26 27 28 30 31 32 34 35 36 37 38 39 40 42 43 44 45 46 47 48 49 50 51 52 54 55 57 59 60 62 63 65 66 67 68 69 70 71 72 73 74 76 77 78 79 80 81 83 84 85 86 87 88 89 90 91 92 93 95 96 98 99 100 0
1 2 3 4 5 7 8 9 10 11 12 13 14 15 16 19 20 21 22 23 25 27 28 29 30 33 34 35 36 37 38 40 41 42 44 45 46 47 48 49 51 52 53 54 55 56 57 58 61 62 63 64 65 66 67 68 69 70 71 74 75 76 77 78 79 80 81 82 83 84 85 86 87 88 89 90 91 92 93 94 95 96 97 98 99 100 0
2 5 6 7 8 9 10 11 12 13 14 15 17 18 19 22 23 24 25 26 27 28 29 31 32 33 34 35 37 38 39 40 41 42 43 44 45 46 48 50 52 53 54 55 56 58 61 62 64 65 67 69 70 71 72 73 74 75 76 78 79 80 81 82 83 84 85 86 87 91 94 95 97 98 99 100 0
1 2 3 4 5 6 7 8 9 10 13 14 15 16 17 18 19 20 21 22 23 24 25 26 27 29 30 31 32 33 35 36 37 38 39 40 41 42 43 44 45 46 47 48 49 50 51 52 53 54 55 56 57 59 60 63 64 65 66 67 68 69 71 72 73 74 75 76 77 79 81 82 83 84 85 86 88 89 90 92 93 94 96 97 98 99 0
1 3 4 5 6 7 8 9 10 11 12 13 16 17 18 20 21 22 23 24 25 26 27 28 30 31 32 34 35 36 37 38 39 40 42 43 44 45 46 47 48 49 50 51 52 54 55 57 58 59 60 63 65 66 67 68 69 70 71 72 73 74 76 77 78 79 80 81 83 84 85 86 87 88 89 90 91 92 93 95 96 98 99 100 0
1 2 3 4 5 7 8 9 10 11 12 13 14 15 16 19 20 21 22 23 25 27 28 29 30 33 34 35 36 37 38 40 41 42 44 45 46 47 48 49 51 52 53 54 55 56 57 58 59 61 62 64 65 66 67 68 69 70 71 74 75 76 77 78 79 80 81 82 83 84 85 86 87 88 89 90 91 92 93 94 95 96 97 98 99 100 0
1 2 3 4 5 6 7 8 9 10 13 14 15 16 17 18 19 20 21 22 23 24 25 26 27 29 30 31 32 33 35 36 37 38 39 40 41 42 43 44 45 46 47 48 49 50 51 52 53 54 55 56 57 59 60 61 63 65 66 67 68 69 71 72 73 74 75 76 77 79 81 82 83 84 85 86 88 89 90 92 93 94 96 97 98 99 0
1 2 3 4 6 7 10 11 12 14 15 16 17 18 19 20 21 24 26 27 28 29 30 31 32 33 34 35 36 37 39 41 43 45 47 49 50 51 52 53 55 56 57 58 59 60 61 62 63 64 66 68 70 71 72 73 75 77 78 79 80 82 86 87 88 89 90 91 92 93 94 95 96 97 99 100 0
1 2 3 4 5 7 8 9 10 11 12 13 14 15 16 19 20 21 22 23 25 27 28 29 30 33 34 35 36 37 38 40 41 42 44 45 46 47 48 49 51 52 53 54 55 56 57 58 59 61 62 63 64 65 67 68 69 70 71 74 75 76 77 78 79 80 81 82 83 84 85 86 87 88 89 90 91 92 93 94 95 96 97 98 99 100 0
1 2 3 4 5 6 8 9 11 12 13 14 15 16 17 18 19 20 21 22 23 24 25 26 28 29 30 31 32 33 34 36 38 39 40 41 42 43 44 46 47 48 49 50 51 53 54 56 57 58 59 60 61 62 63 64 66 68 69 70 72 73 74 75 76 77 78 80 81 82 83 84 85 87 88 89 90 91 92 93 94 95 96 97 98 100 0
1 2 3 4 5 7 8 9 10 11 12 13 14 15 16 19 20 21 22 23 25 27 28 29 30 33 34 35 36 37 38 40 41 42 44 45 46 47 48 49 51 52 53 54 55 56 57 58 59 61 62 63 64 65 66 67 69 70 71 74 75 76 77 78 79 80 81 82 83 84 85 86 87 88 89 90 91 92 93 94 95 96 97 98 99 100 0
1 2 3 4 5 6 8 9 11 12 13 14 15 16 17 18 19 20 21 22 23 24 25 26 28 29 30 31 32 33 34 36 38 39 40 41 42 43 44 46 47 48 49 50 51 53 54 56 57 58 59 60 61 62 63 64 66 67 68 70 72 73 74 75 76 77 78 80 81 82 83 84 85 87 88 89 90 91 92 93 94 95 96 97 98 100 0
1 3 4 5 6 7 8 9 10 11 12 13 16 17 18 20 21 22 23 24 25 26 27 28 30 31 32 34 35 36 37 38 39 40 42 43 44 45 46 47 48 49 50 51 52 54 55 57 58 59 60 62 63 65 66 67 68 69 71 72 73 74 76 77 78 79 80 81 83 84 85 86 87 88 89 90 91 92 93 95 96 98 99 100 0
1 2 3 4 6 7 10 11 12 14 15 16 17 18 19 20 21 24 26 27 28 29 30 31 32 33 34 35 36 37 39 41 43 45 47 49 50 51 52 53 55 56 57 58 59 60 61 62 63 64 65 66 68 70 72 73 75 77 78 79 80 82 86 87 88 89 90 91 92 93 94 95 96 97 99 100 0
2 5 6 7 8 9 10 11 12 13 14 15 17 18 19 22 23 24 25 26 27 28 29 31 32 33 34 35 37 38 39 40 41 42 43 44 45 46 48 50 52 53 54 55 56 58 60 61 62 64 65 67 69 70 71 73 74 75 76 78 79 80 81 82 83 84 85 86 87 91 94 95 97 98 99 100 0
2 5 6 7 8 9 10 11 12 13 14 15 17 18 19 22 23 24 25 26 27 28 29 31 32 33 34 35 37 38 39 40 41 42 43 44 45 46 48 50 52 53 54 55 56 58 60 61 62 64 65 67 69 70 71 72 74 75 76 78 79 80 81 82 83 84 85 86 87 91 94 95 97 98 99 100 0
1 2 3 4 5 6 8 9 11 12 13 14 15 16 17 18 19 20 21 22 23 24 25 26 28 29 30 31 32 33 34 36 38 39 40 41 42 43 44 46 47 48 49 50 51 53 54 56 57 58 59 60 61 62 63 64 66 67 68 69 70 72 73 75 76 77 78 80 81 82 83 84 85 87 88 89 90 91 92 93 94 95 96 97 98 100 0
1 2 3 4 5 6 7 8 9 10 13 14 15 16 17 18 19 20 21 22 23 24 25 26 27 29 30 31 32 33 35 36 37 38 39 40 41 42 43 44 45 46 47 48 49 50 51 52 53 54 55 56 57 59 60 61 63 64 65 66 67 68 69 71 72 73 74 76 77 79 81 82 83 84 85 86 88 89 90 92 93 94 96 97 98 99 0
1 2 3 4 5 6 8 9 11 12 13 14 15 16 17 18 19 20 21 22 23 24 25 26 28 29 30 31 32 33 34 36 38 39 40 41 42 43 44 46 47 48 49 50 51 53 54 56 57 58 59 60 61 62 63 64 66 67 68 69 70 72 73 74 75 77 78 80 81 82 83 84 85 87 88 89 90 91 92 93 94 95 96 97 98 100 0
1 2 3 4 5 7 8 9 10 11 12 13 14 15 16 19 20 21 22 23 25 27 28 29 30 33 34 35 36 37 38 40 41 42 44 45 46 47 48 49 51 52 53 54 55 56 57 58 59 61 62 63 64 65 66 67 68 69 70 71 74 75 76 78 79 80 81 82 83 84 85 86 87 88 89 90 91 92 93 94 95 96 97 98 99 100 0
1 3 4 5 6 7 8 9 10 11 12 13 16 17 18 20 21 22 23 24 25 26 27 28 30 31 32 34 35 36 37 38 39 40 42 43 44 45 46 47 48 49 50 51 52 54 55 57 58 59 60 62 63 65 66 67 68 69 70 71 72 73 74 76 77 79 80 81 83 84 85 86 87 88 89 90 91 92 93 95 96 98 99 100 0
1 2 3 4 6 7 10 11 12 14 15 16 17 18 19 20 21 24 26 27 28 29 30 31 32 33 34 35 36 37 39 41 43 45 47 49 50 51 52 53 55 56 57 58 59 60 61 62 63 64 65 66 68 70 71 72 73 75 77 78 80 82 86 87 88 89 90 91 92 93 94 95 96 97 99 100 0
1 3 4 5 6 7 8 9 10 11 12 13 16 17 18 20 21 22 23 24 25 26 27 28 30 31 32 34 35 36 37 38 39 40 42 43 44 45 46 47 48 49 50 51 52 54 55 57 58 59 60 62 63 65 66 67 68 69 70 71 72 73 74 76 77 78 79 81 83 84 85 86 87 88 89 90 91 92 93 95 96 98 99 100 0
1 2 3 4 5 6 8 9 11 12 13 14 15 16 17 18 19 20 21 22 23 24 25 26 28 29 30 31 32 33 34 36 38 39 40 41 42 43 44 46 47 48 49 50 51 53 54 56 57 58 59 60 61 62 63 64 66 67 68 69 70 72 73 74 75 76 77 78 80 82 83 84 85 87 88 89 90 91 92 93 94 95 96 97 98 100 0
1 2 3 4 5 6 7 8 9 10 13 14 15 16 17 18 19 20 21 22 23 24 25 26 27 29 30 31 32 33 35 36 37 38 39 40 41 42 43 44 45 46 47 48 49 50 51 52 53 54 55 56 57 59 60 61 63 64 65 66 67 68 69 71 72 73 74 75 76 77 79 81 83 84 85 86 88 89 90 92 93 94 96 97 98 99 0
1 2 3 4 5 6 8 9 11 12 13 14 15 16 17 18 19 20 21 22 23 24 25 26 28 29 30 31 32 33 34 36 38 39 40 41 42 43 44 46 47 48 49 50 51 53 54 56 57 58 59 60 61 62 63 64 66 67 68 69 70 72 73 74 75 76 77 78 80 81 82 84 85 87 88 89 90 91 92 93 94 95 96 97 98 100 0
1 2 3 4 5 6 8 9 11 12 13 14 15 16 17 18 19 20 21 22 23 24 25 26 28 29 30 31 32 33 34 36 38 39 40 41 42 43 44 46 47 48 49 50 51 53 54 56 57 58 59 60 61 62 63 64 66 67 68 69 70 72 73 74 75 76 77 78 80 81 82 83 85 87 88 89 90 91 92 93 94 95 96 97 98 100 0
1 2 3 4 5 6 8 9 11 12 13 14 15 16 17 18 19 20 21 22 23 24 25 26 28 29 30 31 32 33 34 36 38 39 40 41 42 43 44 46 47 48 49 50 51 53 54 56 57 58 59 60 61 62 63 64 66 67 68 69 70 72 73 74 75 76 77 78 80 81 82 83 84 87 88 89 90 91 92 93 94 95 96 97 98 100 0
1 2 3 4 6 7 10 11 14 15 16 17 18 19 20 21 24 26 27 28 29 30 31 32 33 34 35 36 37 39 41 43 45 47 49 50 51 52 53 55 56 57 58 59 60 61 62 63 64 65 66 68 70 71 72 73 75 77 78 79 80 82 87 88 89 90 91 92 93 94 95 96 97 99 100 0
1 3 4 5 6 7 8 9 10 11 12 13 16 17 18 20 21 22 23 24 25 26 27 28 30 31 32 34 35 36 37 38 39 40 42 43 44 45 46 47 48 49 50 51 52 54 55 57 58 59 60 62 63 65 66 67 68 69 70 71 72 73 74 76 77 78 79 80 81 83 84 85 86 88 89 90 91 92 93 95 96 98 99 100 0
1 2 3 4 5 7 8 9 10 11 12 13 14 15 16 19 20 21 22 23 25 27 28 29 30 33 34 35 36 37 38 40 41 42 44 45 46 47 48 49 51 52 53 54 55 56 57 58 59 61 62 63 64 65 66 67 68 69 70 71 74 75 76 77 78 79 80 81 82 83 84 85 86 87 89 90 91 92 93 94 95 96 97 98 99 100 0
1 2 3 4 5 7 8 9 10 11 12 13 14 15 16 19 20 21 22 23 25 27 28 29 30 33 34 35 36 37 38 40 41 42 44 45 46 47 48 49 51 52 53 54 55 56 57 58 59 61 62 63 64 65 66 67 68 69 70 71 74 75 76 77 78 79 80 81 82 83 84 85 86 87 88 90 91 92 93 94 95 96 97 98 99 100 0
1 2 3 4 5 7 8 9 10 11 12 13 14 15 16 19 20 21 22 23 25 27 28 29 30 33 34 35 36 37 38 40 41 42 44 45 46 47 48 49 51 52 53 54 55 56 57 58 59 61 62 63 64 65 66 67 68 69 70 71 74 75 76 77 78 79 80 81 82 83 84 85 86 87 88 89 91 92 93 94 95 96 97 98 99 100 0
1 3 4 5 6 7 8 9 10 11 12 13 16 17 18 20 21 22 23 24 25 26 27 28 30 31 32 34 35 36 37 38 39 40 42 43 44 45 46 47 48 49 50 51 52 54 55 57 58 59 60 62 63 65 66 67 68 69 70 71 72 73 74 76 77 78 79 80 81 83 84 85 86 87 88 89 90 92 93 95 96 98 99 100 0
1 2 3 4 5 7 8 9 10 11 12 13 14 15 16 19 20 21 22 23 25 27 28 29 30 33 34 35 36 37 38 40 41 42 44 45 46 47 48 49 51 52 53 54 55 56 57 58 59 61 62 63 64 65 66 67 68 69 70 71 74 75 76 77 78 79 80 81 82 83 84 85 86 87 88 89 90 91 93 94 95 96 97 98 99 100 0
1 2 3 4 5 7 8 9 10 11 12 13 14 15 16 19 20 21 22 23 25 27 28 29 30 33 34 35 36 37 38 40 41 42 44 45 46 47 48 49 51 52 53 54 55 56 57 58 59 61 62 63 64 65 66 67 68 69 70 71 74 75 76 77 78 79 80 81 82 83 84 85 86 87 88 89 90 91 92 94 95 96 97 98 99 100 0
1 2 3 4 5 6 7 8 9 10 13 14 15 16 17 18 19 20 21 22 23 24 25 26 27 29 30 31 32 33 35 36 37 38 39 40 41 42 43 44 45 46 47 48 49 50 51 52 53 54 55 56 57 59 60 61 63 64 65 66 67 68 69 71 72 73 74 75 76 77 79 81 82 83 84 85 86 88 89 90 92 93 96 97 98 99 0
1 3 4 5 6 7 8 9 10 11 12 13 16 17 18 20 21 22 23 24 25 26 27 28 30 31 32 34 35 36 37 38 39 40 42 43 44 45 46 47 48 49 50 51 52 54 55 57 58 59 60 62 63 65 66 67 68 69 70 71 72 73 74 76 77 78 79 80 81 83 84 85 86 87 88 89 90 91 92 93 96 98 99 100 0
1 2 3 4 5 7 8 9 10 11 12 13 14 15 16 19 20 21 22 23 25 27 28 29 30 33 34 35 36 37 38 40 41 42 44 45 46 47 48 49 51 52 53 54 55 56 57 58 59 61 62 63 64 65 66 67 68 69 70 71 74 75 76 77 78 79 80 81 82 83 84 85 86 87 88 89 90 91 92 93 94 95 97 98 99 100 0
1 2 3 4 5 6 7 8 9 10 13 14 15 16 17 18 19 20 21 22 23 24 25 26 27 29 30 31 32 33 35 36 37 38 39 40 41 42 43 44 45 46 47 48 49 50 51 52 53 54 55 56 57 59 60 61 63 64 65 66 67 68 69 71 72 73 74 75 76 77 79 81 82 83 84 85 86 88 89 90 92 93 94 96 98 99 0
1 2 3 4 5 6 8 9 11 12 13 14 15 16 17 18 19 20 21 22 23 24 25 26 28 29 30 31 32 33 34 36 38 39 40 41 42 43 44 46 47 48 49 50 51 53 54 56 57 58 59 60 61 62 63 64 66 67 68 69 70 72 73 74 75 76 77 78 80 81 82 83 84 85 87 88 89 90 91 92 93 94 95 96 97 100 0
1 2 3 4 6 7 10 11 12 14 15 16 17 18 19 20 21 24 26 27 28 29 30 31 32 33 34 35 36 37 39 41 43 45 47 49 50 51 52 53 55 56 57 58 59 60 61 62 63 64 65 66 68 70 71 72 73 75 77 78 79 80 82 86 87 88 89 90 91 92 93 94 95 96 97 100 0
1 3 4 5 6 7 8 9 10 11 12 13 16 17 18 20 21 22 23 24 25 26 27 28 30 31 32 34 35 36 37 38 39 40 42 43 44 45 46 47 48 49 50 51 52 54 55 57 58 59 60 62 63 65 66 67 68 69 70 71 72 73 74 76 77 78 79 80 81 83 84 85 86 87 88 89 90 91 92 93 95 96 98 99 0
