25
12 21 25 18 22 19 24 14 9 17 16 5 20 13 7 8 2 4 15 11 6 3 23 10 0
14 25 12 6 4 23 24 3 16 13 20 18 17 10 5 11 22 7 9 1 19 8 21 0
24 11 19 9 22 6 21 25 12 4 13 18 1 17 15 20 8 10 5 14 16 7 23 2 0
13 20 25 22 14 11 17 2 21 16 3 5 6 10 9 24 12 23 8 1 19 18 7 0
13 9 24 6 19 14 11 3 17 25 8 18 15 12 1 2 23 4 16 7 22 20 21 10 0
1 2 19 22 12 8 17 21 3 25 15 10 7 5 18 9 4 14 20 11 16 23 24 13 0
6 22 23 12 15 9 5 11 8 3 21 24 10 4 1 13 20 14 16 17 18 2 19 25 0
22 2 20 11 25 9 13 21 5 1 16 10 18 6 23 4 3 24 12 7 14 17 19 0
23 7 4 10 15 13 11 19 25 14 3 21 24 20 5 17 16 1 12 22 2 18 8 6 0
17 19 5 3 4 15 9 6 21 20 11 16 12 22 18 1 2 7 24 25 13 8 14 23 0
15 23 5 4 12 25 17 8 19 20 16 3 2 10 21 7 1 18 22 13 24 14 6 9 0
13 11 22 18 10 3 23 2 19 1 15 14 25 9 21 7 20 6 4 17 5 8 24 16 0
10 19 17 11 18 24 2 5 15 22 6 9 14 8 12 23 16 21 25 1 4 7 3 20 0
25 16 23 5 1 22 18 17 9 12 20 2 10 7 21 13 8 3 19 15 24 4 6 11 0
4 21 2 16 18 8 20 24 0
20 18 19 22 7 1 11 21 13 25 5 10 9 12 24 17 8 14 23 3 2 4 6 0
4 3 14 2 7 11 16 13 20 5 22 21 6 9 19 8 15 23 24 12 10 25 18 1 0
14 2 17 8 9 13 1 5 20 19 12 6 22 23 25 21 10 11 4 3 7 16 24 0
2 16 1 20 13 18 7 9 21 3 11 15 10 8 4 25 23 14 5 17 12 24 6 22 0
1 7 6 10 8 2 14 21 25 12 13 24 16 22 11 19 4 17 9 18 5 23 3 0
11 14 3 23 4 20 18 22 13 1 17 12 19 24 2 6 8 9 25 7 10 5 16 0
21 6 10 12 7 19 17 15 23 4 2 3 11 13 5 8 20 24 16 1 25 18 14 9 0
11 16 9 21 22 12 8 10 13 25 15 17 7 2 3 1 24 5 18 6 4 14 19 20 0
16 2 20 17 13 12 7 23 14 9 19 10 4 3 22 1 8 11 5 25 6 21 18 0
2 17 15 20 19 7 16 21 10 3 22 18 24 14 5 11 13 6 1 23 4 8 12 9 0
