100
13 97 85 82 95 23 72 44 98 6 14 7 88 53 2 87 58 34 76 66 92 99 42 70 29 49 24 46 75 3 61 33 52 10 35 32 59 43 83 37 9 41 40 19 4 31 79 39 62 78 11 21 81 17 8 93 48 47 73 86 56 65 27 26 94 54 30 20 60 45 63 71 91 69 25 18 64 68 80 5 28 12 89 96 22 90 15 57 50 67 38 16 74 36 100 77 0
31 50 14 33 88 7 67 92 60 81 68 6 89 15 22 95 42 66 77 75 37 49 69 96 79 12 40 78 52 90 87 86 39 46 63 100 32 35 85 8 55 44 59 58 61 83 34 11 28 43 72 4 98 10 23 17 48 73 26 74 38 21 99 93 97 3 70 19 29 24 18 36 62 91 53 84 45 30 71 16 54 25 82 64 27 57 76 1 56 80 51 47 20 13 94 0
67 42 94 72 22 57 28 88 8 93 20 84 85 91 51 39 56 96 19 35 14 48 5 58 12 79 40 55 18 100 36 69 11 99 90 68 2 54 10 87 15 82 71 37 47 89 53 46 60 64 32 73 27 76 23 52 83 80 98 77 7 70 21 9 25 86 6 45 16 38 31 62 43 33 78 92 65 34 24 26 30 59 97 50 63 44 74 95 41 81 75 66 4 49 61 0
40 41 2 44 58 25 43 95 64 1 5 26 68 55 87 19 46 93 77 65 62 80 71 8 60 17 50 30 12 13 42 28 38 27 20 34 24 10 11 75 39 78 84 61 97 14 83 35 51 69 31 90 16 72 29 91 76 32 56 52 33 85 88 96 82 86 98 7 37 53 6 49 45 15 22 92 48 54 9 36 18 59 21 67 70 3 81 73 94 23 47 79 57 99 74 63 89 0
6 82 39 57 100 69 42 81 33 41 97 54 40 92 19 32 23 45 12 78 48 34 2 17 59 67 79 3 46 25 30 72 64 99 84 18 63 88 49 29 68 77 22 51 31 60 85 8 10 14 1 13 93 35 80 28 90 15 37 4 9 36 74 56 95 66 38 44 87 16 55 91 71 7 83 50 26 52 11 27 65 20 53 21 98 96 75 43 73 76 61 86 70 62 58 47 89 94 0
65 54 75 40 1 100 14 26 23 39 5 64 31 35 76 66 13 91 61 52 70 17 20 58 55 78 15 33 73 43 47 60 9 44 88 56 92 72 25 86 96 27 8 90 34 38 95 37 3 80 48 68 59 36 87 84 46 99 29 89 22 67 41 21 94 2 18 69 51 16 32 57 93 77 45 81 24 98 97 42 62 11 74 49 4 7 83 79 10 82 28 85 30 0
20 55 1 44 27 50 49 30 54 3 25 75 59 31 79 82 85 58 10 56 97 57 14 74 22 52 13 23 99 63 80 29 62 15 6 24 69 76 60 53 91 28 48 71 8 81 73 78 43 100 2 66 96 41 87 11 95 83 38 4 45 39 5 12 16 33 61 93 40 65 77 37 17 21 9 70 72 98 35 47 64 67 18 94 26 92 68 46 19 88 42 86 90 34 89 32 0
91 66 16 42 50 10 61 93 34 19 74 13 80 30 56 73 45 100 69 58 98 27 95 22 77 52 84 36 12 31 7 63 44 94 75 55 57 99 26 14 28 92 3 39 33 76 32 62 71 21 38 83 82 87 20 41 64 85 24 70 35 25 40 11 78 49 88 53 2 48 47 81 96 59 65 6 5 68 54 60 86 46 17 4 51 18 90 29 89 72 79 43 37 0
49 34 95 4 28 86 55 88 12 31 72 16 18 57 92 40 35 50 71 99 32 26 96 85 54 62 14 81 68 76 37 87 8 10 89 42 25 93 97 90 19 74 48 64 23 7 77 53 84 22 11 61 45 46 6 17 44 1 56 67 66 20 36 60 3 59 27 83 5 21 39 69 43 41 78 24 65 100 58 29 79 13 63 15 82 52 47 51 70 80 98 91 2 73 30 38 33 0
83 53 48 6 29 27 15 93 97 69 41 23 20 59 5 14 43 7 56 82 89 75 58 100 51 84 25 4 55 63 46 16 94 88 19 42 11 65 35 60 22 77 87 44 3 80 17 36 62 13 12 79 92 34 95 68 32 86 24 50 73 45 9 40 21 71 90 8 2 37 81 61 31 26 49 78 33 99 70 74 1 66 98 85 76 39 64 54 28 38 52 96 47 72 18 30 91 0
65 38 73 53 36 83 62 79 86 20 3 69 33 94 56 45 68 25 72 52 30 87 93 90 57 37 9 34 19 48 78 5 2 58 82 67 10 31 13 18 96 14 35 77 92 63 28 44 6 100 7 99 71 88 64 85 75 70 95 98 46 91 8 43 32 21 47 41 76 12 80 27 22 24 1 15 26 54 39 74 66 17 29 81 23 16 61 4 97 55 59 49 40 84 42 89 50 0
2 96 79 5 47 9 75 49 38 77 64 48 63 86 17 13 68 35 42 59 53 39 85 98 58 89 8 32 15 62 24 44 69 81 25 40 54 72 43 31 50 34 74 61 14 45 60 1 52 27 21 93 88 65 41 87 90 20 71 4 80 11 76 19 83 56 29 78 6 3 7 36 22 10 97 18 57 66 99 73 51 84 33 26 46 70 67 23 95 94 28 92 37 16 100 30 91 82 55 0
85 61 96 75 94 39 12 24 1 22 38 30 59 37 5 73 74 40 29 25 63 64 91 100 93 84 56 58 80 67 77 46 89 31 83 36 43 66 35 95 19 16 54 76 78 98 45 14 87 47 8 49 65 52 6 86 18 44 88 72 11 48 9 57 4 17 60 27 2 97 70 62 21 42 53 55 69 3 92 32 20 28 99 71 81 50 15 79 10 51 23 41 68 90 7 34 82 26 0
67 46 79 52 37 26 96 18 85 99 92 15 12 73 36 3 24 83 29 7 32 10 90 70 81 61 54 11 23 8 41 28 93 42 75 27 80 9 22 84 87 43 72 1 60 58 17 57 88 48 31 76 74 53 30 66 95 47 38 63 44 50 59 82 89 6 77 35 71 68 21 100 16 5 64 19 55 98 49 51 34 65 86 94 20 97 45 39 78 4 33 62 56 2 13 25 69 40 91 0
66 25 7 19 56 28 78 65 14 97 88 49 22 60 21 92 31 59 91 100 13 77 4 61 57 48 86 93 62 1 42 99 29 53 38 54 44 71 87 90 37 69 6 39 68 10 35 43 95 96 85 17 24 9 51 20 47 46 94 5 36 74 12 41 80 23 27 72 3 2 30 34 55 32 18 73 75 89 11 26 70 83 8 64 52 33 98 82 67 79 16 76 45 40 84 58 63 81 0
57 42 69 82 38 81 52 91 54 51 46 49 73 62 21 89 50 88 8 12 1 66 99 11 74 17 79 96 55 4 63 3 58 35 5 70 30 100 14 78 47 92 36 94 32 39 33 6 13 98 64 53 24 97 72 41 37 87 25 7 85 76 34 61 80 68 90 23 75 65 40 60 19 43 22 67 45 95 2 31 56 10 20 71 27 77 86 26 29 48 28 9 84 44 0
20 43 32 39 54 6 100 29 82 38 40 27 50 96 66 63 64 83 70 8 93 88 90 1 44 57 67 97 14 45 58 84 87 19 7 68 85 77 76 24 36 95 78 21 34 16 15 48 94 69 59 51 65 60 5 52 13 49 11 86 62 37 81 2 89 22 74 73 56 10 42 79 26 72 18 61 80 46 55 71 35 9 41 47 4 31 98 23 75 99 0
59 40 94 77 85 4 95 72 27 47 28 71 5 34 58 62 80 84 52 53 91 15 78 45 49 7 38 21 51 56 6 20 60 73 87 76 96 54 31 46 79 14 83 22 98 66 39 23 90 29 89 37 42 88 24 19 43 41 64 97 93 16 70 68 35 3 75 99 11 12 67 36 74 82 13 26 48 2 81 1 50 61 86 57 30 33 44 10 9 92 17 65 8 32 25 55 0
55 2 96 57 25 41 47 85 23 31 88 86 33 15 79 27 68 87 34 82 52 91 94 60 4 16 90 66 99 92 45 64 73 8 17 20 24 49 95 3 26 71 13 43 72 83 11 76 81 56 59 14 78 36 75 53 48 50 35 51 10 38 77 40 5 6 100 98 93 67 30 69 29 12 63 74 37 62 70 32 80 97 89 84 21 28 18 54 44 9 46 22 61 39 0
53 29 1 71 67 74 78 18 14 3 37 7 48 76 95 34 44 59 68 27 15 93 10 38 83 25 56 58 6 94 64 30 32 45 33 19 23 63 66 98 41 12 57 87 54 5 24 4 2 70 85 81 89 40 50 51 49 97 92 21 99 55 8 65 62 73 26 69 31 35 100 91 43 61 28 36 11 72 9 47 22 77 17 90 46 86 82 80 60 39 79 96 13 52 75 84 16 0
69 94 23 22 4 96 90 17 12 51 3 75 95 36 28 74 9 66 44 42 84 25 38 93 13 7 45 11 10 32 54 48 97 56 58 18 68 29 62 99 86 37 14 20 26 6 5 34 87 91 98 88 92 55 8 100 33 64 79 31 40 61 41 76 65 72 19 78 47 89 57 63 24 35 49 27 85 46 60 30 43 59 67 39 73 82 70 52 81 15 1 80 50 83 0
75 18 69 30 61 66 1 8 21 37 49 5 29 89 34 28 83 27 23 63 4 45 40 19 81 57 46 17 72 68 44 94 100 93 87 73 99 96 82 91 2 80 74 86 84 55 97 11 41 79 60 48 67 16 59 90 7 85 58 95 62 10 47 77 38 15 51 25 14 50 64 36 13 31 12 32 92 76 71 20 33 52 26 9 3 35 53 6 98 65 70 43 24 56 54 42 39 78 0
22 17 43 6 97 31 87 28 98 95 78 45 90 83 68 60 46 47 26 44 91 21 72 53 80 3 27 74 41 100 1 10 69 37 85 73 40 52 9 79 89 8 51 7 2 61 35 54 24 94 13 93 96 62 66 34 39 5 19 32 50 63 88 84 77 65 4 64 49 76 75 38 82 14 58 99 12 86 29 36 57 15 20 30 92 71 70 59 18 55 56 81 16 42 67 11 0
17 72 45 41 96 54 82 13 100 81 49 46 12 52 11 68 29 33 65 75 88 38 39 51 60 36 98 1 97 27 25 47 3 95 83 50 32 56 80 28 79 30 6 2 8 99 62 58 69 66 22 37 94 9 14 18 64 48 21 77 93 42 89 10 57 76 92 87 53 19 43 74 90 4 84 35 85 20 91 15 86 7 40 70 34 55 67 59 73 31 71 16 26 44 61 63 0
46 14 99 63 84 59 10 94 45 72 13 49 58 97 96 54 20 32 3 50 22 44 8 79 42 55 51 38 17 80 16 68 47 11 90 2 35 34 28 61 62 60 76 43 18 24 69 92 9 7 95 66 78 86 73 85 26 30 77 1 88 53 39 21 93 52 100 40 56 65 15 81 74 83 5 64 70 98 23 27 19 82 67 87 31 75 91 71 48 33 6 57 89 4 41 36 12 0
78 71 59 17 9 97 34 75 40 38 44 14 35 81 50 77 73 82 85 80 10 30 43 60 31 29 32 36 91 79 58 56 49 57 24 99 16 70 37 68 23 41 76 64 47 42 63 88 96 21 74 90 8 98 67 69 20 62 95 72 28 93 83 19 86 13 84 87 65 18 33 66 94 39 25 6 48 54 27 5 15 4 51 45 92 2 11 22 7 89 100 1 61 55 12 53 52 46 3 0
36 48 75 66 83 11 80 70 99 3 72 97 45 86 54 82 15 87 62 13 90 25 95 65 9 31 77 35 1 74 58 16 46 20 51 41 37 79 94 85 5 21 76 88 100 78 64 93 92 14 53 59 7 84 60 2 56 4 68 61 10 6 38 18 71 47 34 57 50 33 26 32 42 44 63 91 69 89 22 96 28 29 55 8 52 49 39 40 43 17 30 98 23 12 19 24 0
52 4 91 3 12 77 83 22 55 78 65 71 93 8 48 54 66 7 98 37 57 41 74 96 34 17 59 33 42 87 43 32 2 19 35 10 26 80 16 15 30 40 20 9 88 63 38 27 31 81 64 67 72 95 69 100 18 47 94 25 51 14 61 99 53 50 97 23 5 86 58 44 84 6 21 60 11 39 62 24 46 92 36 90 89 45 75 56 13 68 79 85 82 29 49 70 73 0
84 9 16 57 76 80 20 47 62 96 56 63 87 100 97 37 77 5 23 42 34 92 78 21 66 6 93 41 55 44 58 26 85 65 15 35 45 53 27 32 1 36 86 60 90 4 49 73 71 54 59 43 89 88 13 39 3 81 22 74 38 2 17 40 61 72 98 10 28 7 46 69 12 50 82 64 91 95 83 99 75 67 33 31 24 51 25 52 8 94 14 11 18 19 48 0
6 84 10 55 73 15 95 49 76 99 75 67 24 77 96 8 27 13 100 58 81 34 59 50 17 69 89 91 71 98 78 60 88 68 41 47 39 74 79 57 64 62 12 2 45 72 70 63 23 52 86 85 3 80 82 28 43 56 40 33 26 22 48 31 14 20 42 97 83 53 54 32 93 36 92 9 46 61 4 18 16 29 19 38 66 51 44 90 1 11 5 94 37 25 35 87 0
57 77 78 36 52 50 40 25 62 60 81 28 27 42 67 75 88 83 99 97 48 5 82 85 74 14 30 16 2 10 86 12 29 32 63 55 64 20 24 96 4 37 76 68 95 18 51 90 39 94 56 13 35 41 87 61 59 70 3 38 65 11 66 17 6 45 44 100 47 21 33 69 58 9 46 71 98 53 80 15 54 49 73 43 26 23 92 72 89 1 91 34 79 93 7 0
93 18 24 21 47 50 1 14 20 53 48 44 92 43 55 72 83 64 54 31 66 90 96 45 91 7 42 23 85 99 3 35 65 40 60 22 29 67 77 15 28 13 95 12 98 9 19 73 71 37 88 11 94 81 75 16 70 87 34 68 82 86 38 56 25 4 76 41 26 84 59 30 49 97 10 27 74 57 46 17 36 5 100 6 33 2 58 89 78 52 51 69 62 79 0
80 49 43 92 64 60 45 66 41 10 40 18 99 68 24 26 84 12 11 69 72 50 48 85 93 34 31 25 21 16 22 37 2 61 70 29 77 58 65 57 3 87 28 30 8 90 46 27 95 9 98 42 62 4 53 73 81 86 75 13 47 59 100 63 78 51 96 5 7 94 83 44 71 23 17 67 38 74 14 52 97 19 56 91 55 79 15 20 54 35 39 89 36 82 88 6 0
39 98 16 46 24 27 61 56 9 5 54 71 87 20 23 51 26 42 44 99 68 6 18 69 49 14 28 83 58 36 84 81 35 2 78 52 57 96 1 22 21 30 95 85 63 10 62 80 64 7 53 17 86 92 48 31 76 82 13 8 11 45 3 15 74 72 97 55 73 41 50 25 38 67 40 66 75 37 91 65 89 59 77 100 93 60 33 43 12 4 32 88 79 47 29 0
37 46 12 64 33 10 70 93 27 92 68 55 30 19 31 91 75 67 34 45 25 56 85 13 38 73 49 7 51 72 54 42 16 40 78 44 50 74 99 77 84 6 47 94 58 59 69 26 3 53 11 98 48 43 63 79 83 80 4 5 8 88 61 36 90 17 97 62 82 100 23 65 22 2 60 87 86 18 66 57 96 41 52 21 32 24 20 14 28 95 71 89 39 29 0
97 47 55 5 44 23 75 10 46 8 33 40 60 93 57 24 89 67 71 17 9 82 95 26 66 34 20 31 77 87 22 41 18 86 14 58 98 100 37 69 28 64 4 3 32 7 43 53 16 73 39 11 38 2 70 96 99 48 79 25 42 88 51 49 13 84 35 72 56 50 6 12 59 68 81 29 54 30 83 62 90 45 74 15 78 92 19 85 21 52 94 61 27 65 80 91 63 0
60 33 38 90 34 76 97 31 46 83 56 14 65 23 74 55 94 3 80 26 16 28 59 57 58 20 48 35 4 39 61 45 32 54 42 63 89 9 91 68 43 19 96 51 84 49 13 64 98 100 72 95 18 78 79 12 40 24 17 11 53 82 77 62 7 81 29 71 41 2 85 47 99 93 52 88 22 1 44 21 70 36 87 15 25 67 30 27 10 5 6 50 86 73 75 69 0
7 85 65 84 31 14 27 24 17 45 10 80 8 52 73 58 50 51 76 96 11 30 21 75 36 86 9 57 47 43 63 2 20 19 60 67 42 49 48 97 40 15 37 82 6 56 78 79 62 54 95 99 25 90 13 41 72 1 59 28 46 32 70 39 44 98 5 77 29 66 4 74 69 3 68 53 81 83 71 34 18 94 23 55 100 93 22 88 33 26 12 91 64 89 0
81 49 69 24 21 3 45 48 38 18 1 20 26 80 10 65 57 75 28 83 30 50 15 72 53 54 78 99 59 51 47 19 11 36 93 86 68 70 84 90 34 40 62 5 31 71 17 8 73 6 14 22 43 56 61 67 9 98 58 12 42 100 37 7 66 46 94 25 95 82 23 89 52 92 63 32 96 55 85 77 29 27 88 74 87 91 33 79 35 97 76 13 2 64 16 41 60 0
33 44 65 47 55 91 1 54 34 50 78 74 16 94 22 82 53 28 66 68 49 79 2 69 19 67 13 83 14 88 80 9 38 26 30 46 61 27 58 41 11 76 81 45 57 95 29 72 56 59 37 85 99 42 25 36 35 96 5 63 73 52 62 75 8 6 98 100 39 7 10 18 71 87 77 31 90 15 84 32 21 48 93 89 12 97 43 86 3 17 23 4 64 24 51 60 92 0
52 23 87 91 96 86 71 4 77 30 98 6 38 19 58 15 100 81 36 33 39 57 92 55 68 29 42 51 84 48 85 79 14 46 78 72 7 53 24 54 20 60 9 74 44 47 94 93 88 66 73 40 56 28 89 22 70 11 59 45 69 61 26 90 50 76 31 3 32 17 82 8 5 75 97 13 35 25 12 67 95 64 18 1 16 10 65 49 43 99 34 21 37 62 2 83 63 0
20 99 3 71 92 85 72 83 46 96 30 62 65 18 34 87 12 84 44 37 41 13 24 11 98 53 38 21 94 5 1 81 25 68 86 28 59 48 14 32 43 4 58 57 19 89 55 40 54 36 39 23 73 7 61 69 6 49 77 22 27 63 60 52 35 70 9 26 15 45 2 93 76 33 16 91 80 31 78 10 66 67 74 56 82 47 29 64 8 90 88 75 97 51 95 100 17 0
46 21 29 77 63 1 26 49 20 80 40 9 32 61 69 34 75 88 16 44 5 14 94 19 90 52 100 2 66 84 59 41 3 99 97 30 25 58 79 56 67 98 33 18 28 36 55 22 45 39 76 95 27 91 71 89 64 17 53 73 7 47 70 4 81 35 54 96 57 93 10 72 68 85 87 83 31 37 15 92 62 13 78 48 23 11 24 86 12 82 42 51 74 65 6 38 0
98 12 71 74 51 62 33 97 81 9 68 6 86 83 25 20 54 80 94 8 27 23 72 41 70 32 87 78 84 85 92 82 79 53 18 76 61 49 13 77 88 5 31 56 17 75 99 29 69 46 28 65 57 43 64 37 19 90 55 40 36 67 34 30 26 2 21 10 16 93 50 100 95 63 60 39 66 7 52 38 11 3 73 45 58 15 24 47 35 59 4 14 96 1 89 42 0
37 84 100 4 88 44 12 23 51 91 15 60 26 86 81 59 9 11 1 79 18 69 99 74 97 48 82 70 36 39 63 56 41 57 96 35 83 13 68 73 30 65 66 80 7 43 53 32 77 49 25 38 28 62 55 92 21 52 31 61 34 42 29 5 2 98 71 58 10 64 85 14 47 6 94 27 16 76 22 24 67 46 72 87 3 17 75 50 78 93 54 40 33 90 0
76 9 47 86 12 58 96 48 28 90 51 67 74 82 2 5 73 33 17 80 55 72 97 81 71 78 8 27 44 43 14 22 69 39 89 20 21 70 52 26 40 15 7 63 91 50 68 99 42 79 45 13 75 88 1 53 38 100 65 87 37 98 95 61 10 60 19 18 34 4 32 30 3 16 36 84 56 31 23 62 49 29 24 92 25 6 93 83 57 35 11 66 94 85 77 64 59 41 54 0
100 96 98 69 88 28 27 67 74 95 23 20 31 51 25 58 42 72 71 76 3 82 53 4 2 66 93 38 87 29 34 54 11 78 48 22 17 91 43 86 52 79 40 12 94 83 10 7 65 85 92 44 60 35 97 61 33 45 1 56 64 50 73 55 6 39 9 30 19 8 62 5 90 75 81 13 70 36 80 59 41 84 16 26 89 15 24 49 46 37 77 32 21 18 57 68 63 14 99 0
97 1 26 14 52 43 75 64 12 29 91 28 40 89 65 45 44 92 71 67 47 84 94 33 78 56 73 23 82 31 55 3 51 24 60 57 5 99 93 80 74 53 22 96 86 90 72 19 13 63 7 54 46 49 27 25 87 8 79 100 98 38 62 83 9 70 39 61 59 20 50 37 18 85 21 11 69 95 42 58 41 6 66 76 16 30 17 36 81 10 77 15 68 2 4 32 35 0
25 3 73 93 82 43 94 35 24 84 20 55 46 33 29 70 15 59 23 57 81 2 13 26 100 64 22 17 39 40 48 65 5 53 96 41 45 7 11 38 68 51 83 36 92 58 14 52 42 99 18 47 80 32 85 1 21 27 98 16 76 88 74 62 67 77 4 10 75 60 30 95 66 86 63 28 8 71 89 79 44 87 12 34 6 61 54 90 56 19 97 31 72 37 91 69 9 50 78 0
54 99 86 42 87 10 49 1 20 79 81 46 11 66 33 91 6 80 30 5 100 63 68 17 16 94 90 61 56 4 36 57 34 18 55 95 92 51 19 25 83 12 2 69 43 60 29 48 76 26 28 58 31 7 24 44 8 39 72 21 35 27 74 71 64 75 15 97 98 65 37 23 85 9 70 67 45 52 84 38 96 77 40 89 22 41 78 32 59 73 13 93 53 47 62 3 0
52 86 32 66 98 39 22 54 48 2 11 93 1 38 61 79 31 76 57 8 67 56 97 6 29 34 94 28 41 9 71 91 95 42 17 30 90 46 59 81 5 35 24 77 15 45 73 88 100 7 40 4 36 20 60 87 63 33 84 83 80 44 12 25 85 74 70 16 96 62 53 19 49 64 72 75 10 47 68 58 26 18 23 89 14 13 69 55 50 3 92 65 99 21 43 27 37 0
24 58 43 25 33 64 78 76 56 7 38 67 48 71 57 27 31 2 46 13 47 63 96 41 15 8 89 84 5 72 99 85 34 11 45 6 14 95 21 54 94 19 4 40 3 93 20 80 32 59 97 30 92 16 23 86 22 9 36 75 39 44 17 66 68 28 61 79 12 83 10 42 88 90 26 53 81 62 55 37 70 91 51 77 69 29 65 74 100 60 82 18 1 50 73 98 0
88 75 79 65 70 37 60 28 23 58 30 2 22 57 40 44 11 35 77 71 73 97 87 19 41 98 47 38 4 14 27 12 96 5 81 42 86 83 95 90 52 56 91 72 69 9 62 43 80 61 16 39 15 3 93 100 59 78 32 6 84 48 67 54 13 36 74 33 68 18 92 1 7 64 63 26 51 31 89 55 99 34 76 25 17 29 20 10 85 94 50 46 49 82 24 66 8 45 0
7 48 2 56 8 57 36 52 95 100 4 99 97 81 66 69 70 86 27 64 83 53 41 18 14 59 23 74 82 61 17 13 12 28 73 87 76 6 16 34 47 79 3 29 32 94 45 51 98 49 42 67 89 24 88 75 15 80 38 44 40 71 84 21 26 58 25 11 19 9 31 20 72 35 63 77 33 60 85 43 92 91 1 5 37 68 90 93 55 46 78 39 30 62 50 96 65 0
26 36 20 6 99 49 59 32 28 47 39 57 11 33 66 42 64 81 48 95 40 4 19 56 65 90 73 15 67 76 91 43 35 30 98 18 86 13 10 79 75 50 92 31 87 85 16 82 51 88 45 74 71 46 27 9 96 21 70 84 100 60 52 24 89 63 17 97 58 34 77 93 69 8 14 78 3 53 94 25 23 68 41 44 72 5 37 61 1 2 80 62 54 29 38 12 22 0
47 79 61 21 67 51 17 34 19 82 76 53 36 15 12 7 57 37 27 74 43 55 14 52 62 1 33 4 32 45 2 86 3 31 100 22 49 78 48 81 89 59 84 23 72 13 50 77 39 20 38 8 58 9 93 6 95 64 30 29 69 96 85 71 10 54 92 99 42 66 16 97 44 75 5 46 73 60 63 26 98 41 24 68 90 40 87 25 11 28 35 91 65 88 83 94 80 18 0
72 91 31 5 13 56 10 14 90 93 2 84 54 89 44 55 86 60 11 58 29 23 82 38 95 37 50 18 42 85 68 9 77 7 22 75 97 70 100 12 99 65 30 36 81 79 32 71 34 48 8 27 43 63 15 73 41 80 51 33 45 21 74 67 6 46 16 98 53 19 3 28 25 1 61 24 78 49 52 40 26 62 87 96 69 83 47 59 94 39 88 17 20 64 35 4 76 92 66 0
80 41 12 15 87 71 64 32 61 45 94 5 46 90 23 3 74 95 44 50 20 6 72 82 9 49 31 96 93 29 65 2 88 54 52 99 40 89 53 14 30 34 86 81 28 59 68 19 39 78 10 62 1 56 67 25 26 69 47 91 36 7 55 97 73 42 77 22 11 51 100 84 13 70 83 79 4 21 38 57 48 27 66 18 43 60 37 85 35 33 92 75 76 63 24 17 16 98 0
97 43 24 46 68 21 84 95 38 55 65 44 83 57 31 88 76 35 53 25 69 51 49 20 10 100 48 16 4 91 70 18 71 98 96 93 54 36 81 34 15 72 14 79 13 85 73 63 47 30 66 39 17 33 45 89 42 23 77 3 74 64 12 62 5 11 67 52 99 28 41 37 2 60 75 56 50 19 29 22 82 6 87 92 27 86 61 94 90 7 78 40 26 1 9 32 80 58 0
19 92 54 57 38 47 82 78 93 66 75 42 64 69 51 52 21 76 45 94 31 6 63 72 71 20 50 18 65 74 67 24 90 9 15 27 29 89 35 25 96 91 59 62 48 53 99 36 83 33 58 39 30 95 79 17 56 49 68 43 4 98 5 12 41 32 14 16 22 7 85 55 40 86 80 100 81 1 34 37 77 46 97 87 23 8 61 84 28 11 88 13 73 2 70 10 3 0
40 36 10 55 64 8 22 31 72 39 81 94 67 100 18 79 6 96 14 89 56 52 57 69 17 44 80 27 58 77 32 4 86 42 78 47 87 41 59 21 63 85 45 2 66 23 7 9 24 53 97 75 82 3 5 84 11 12 16 88 73 70 92 71 90 65 19 62 29 15 28 95 43 25 54 99 51 35 46 30 38 91 60 48 49 50 26 93 98 34 33 83 13 76 1 20 68 37 0
44 10 34 39 99 100 72 17 8 36 88 15 60 38 46 49 18 89 64 84 74 78 71 19 68 1 12 4 75 5 16 81 86 59 57 65 30 11 90 58 61 40 97 95 55 94 25 22 14 76 70 43 13 33 80 54 27 69 26 53 79 20 92 67 96 47 50 37 87 63 98 2 29 6 23 56 45 93 7 24 77 31 66 28 52 35 42 91 32 51 82 41 48 9 3 83 0
11 26 82 25 84 44 95 73 28 8 21 89 29 91 50 98 97 53 36 86 96 51 68 22 55 19 37 42 16 7 49 47 27 46 79 72 70 64 48 90 81 76 30 61 59 58 17 34 15 10 39 52 93 56 32 20 35 14 40 31 75 12 33 45 100 88 5 66 54 80 92 69 38 6 9 67 13 57 65 74 85 87 78 94 99 1 83 62 60 23 24 77 71 2 4 3 0
52 67 44 54 15 18 56 66 62 21 26 91 77 1 38 100 32 45 17 30 73 60 88 13 24 27 16 70 65 28 90 7 80 2 34 57 78 20 33 75 12 25 19 55 69 86 72 51 41 6 63 85 43 84 11 93 23 79 99 29 53 14 36 5 31 48 39 59 22 8 94 40 95 58 42 87 35 61 9 47 98 3 89 76 71 10 82 4 92 74 50 37 49 81 83 46 97 68 96 0
41 100 8 73 62 81 77 35 66 79 99 85 61 91 74 70 7 97 94 2 51 14 34 10 28 96 15 84 3 87 1 19 39 4 32 23 6 16 75 80 68 46 21 31 55 50 12 38 56 18 78 59 43 89 37 53 45 30 90 42 11 48 22 49 67 52 5 27 40 98 82 58 24 33 93 13 17 76 83 57 60 63 92 64 20 54 26 44 71 29 88 69 25 9 0
17 44 43 3 19 78 53 95 81 76 62 30 89 12 69 38 10 6 57 55 80 1 28 98 92 51 83 47 20 59 14 24 49 88 100 72 84 21 7 52 46 42 37 16 91 63 15 60 27 8 26 41 54 39 4 94 50 35 18 45 9 5 25 68 79 65 86 97 2 85 64 56 34 96 40 71 61 93 67 33 77 58 31 11 36 23 75 73 90 48 70 22 87 74 32 82 0
87 98 36 57 65 88 12 47 21 27 90 24 39 91 32 13 42 26 38 73 40 64 97 83 1 55 43 34 45 50 81 4 92 7 18 78 68 9 5 74 20 79 11 61 3 48 29 33 10 51 54 14 93 82 89 28 19 44 99 94 100 84 56 16 15 59 96 17 76 8 31 35 72 52 62 6 23 77 58 70 86 85 53 25 75 41 95 22 49 69 71 37 46 80 2 60 0
1 16 44 64 99 32 43 27 97 65 48 86 94 41 38 58 17 84 46 45 26 77 57 23 80 8 11 6 72 70 18 69 25 71 34 66 92 89 28 29 90 42 55 13 12 20 76 37 52 21 49 75 24 47 9 14 67 53 81 54 78 10 7 91 82 96 60 100 31 73 19 87 4 35 22 2 88 15 62 74 56 5 61 33 79 39 83 93 30 40 98 63 50 3 51 36 95 0
75 12 77 79 41 46 57 91 25 22 37 68 49 35 100 31 56 16 43 28 27 5 11 48 83 88 19 54 84 80 24 96 92 98 53 99 52 10 33 36 81 18 6 64 86 78 32 93 66 55 47 8 85 13 34 94 21 82 63 87 61 40 3 50 23 29 17 59 14 9 4 30 97 39 76 42 2 95 60 72 67 1 73 89 51 62 71 15 74 20 44 58 70 90 0
49 83 75 23 18 87 40 29 99 82 35 81 26 39 31 20 52 21 37 10 89 33 2 50 72 93 4 36 48 98 92 78 84 85 15 7 14 54 94 8 27 46 100 34 86 58 79 32 63 22 17 51 12 11 64 42 88 16 1 69 30 97 62 55 25 71 56 19 28 80 43 95 44 76 59 60 5 61 47 45 57 73 9 67 6 96 77 24 91 38 53 3 65 90 68 66 0
27 70 51 95 83 24 64 11 59 50 91 74 10 65 75 53 13 73 52 23 69 46 94 85 68 26 4 8 66 6 67 1 35 30 25 90 98 15 16 63 88 82 92 99 20 60 14 77 57 72 38 28 21 22 31 7 32 29 87 47 12 18 93 84 45 34 61 58 86 78 49 42 97 62 55 80 36 79 2 100 39 17 3 44 41 76 56 37 81 33 96 89 48 9 19 5 0
12 44 59 70 20 25 43 19 79 68 63 27 62 67 4 50 88 7 64 89 42 24 91 38 16 52 80 49 90 35 21 78 65 3 11 100 5 95 14 47 41 30 22 10 82 48 26 13 57 18 45 46 84 53 37 2 33 17 75 8 40 32 87 86 97 39 29 34 93 96 74 69 15 58 98 66 61 73 77 81 1 60 55 28 31 71 36 54 56 6 51 99 9 92 85 94 23 0
84 83 36 46 25 12 89 35 4 7 60 69 43 8 86 47 2 49 56 34 10 85 48 62 57 94 80 19 23 24 99 45 32 5 37 14 6 93 29 59 52 33 58 66 13 3 100 55 78 31 67 64 16 68 81 38 82 18 41 11 87 17 9 75 74 92 27 51 40 63 71 42 95 90 39 76 72 70 26 61 79 44 77 98 97 15 96 54 50 21 53 30 1 28 20 88 65 91 0
2 41 93 9 57 53 18 45 69 27 51 14 88 67 79 4 25 17 78 72 31 80 21 97 99 87 56 82 15 33 77 50 10 47 89 52 71 12 95 37 66 58 40 13 59 42 22 61 84 91 68 38 1 92 5 55 94 63 100 23 3 48 36 46 70 35 98 54 30 16 39 34 11 75 83 32 28 24 43 29 90 44 85 8 7 64 86 81 6 19 73 26 20 76 96 62 65 0
51 10 67 78 91 69 85 32 54 27 12 47 6 95 71 24 41 26 48 37 98 33 14 92 38 17 74 35 82 62 42 94 19 97 2 79 65 34 49 13 3 11 59 64 44 63 4 56 87 96 70 53 15 72 21 28 57 86 1 61 46 23 50 60 58 31 76 30 99 83 66 8 90 93 25 80 43 39 73 52 9 84 89 5 77 88 22 55 36 16 45 18 100 81 68 20 7 0
83 26 2 44 13 4 19 78 85 38 15 20 63 9 17 22 79 11 24 86 70 53 33 29 47 18 28 37 43 68 72 92 16 51 41 94 14 27 7 34 48 87 55 3 64 69 46 6 77 93 25 54 58 98 74 40 99 82 39 100 23 10 71 80 88 52 62 31 42 95 97 65 59 5 61 21 89 75 32 45 49 66 96 73 30 57 8 56 81 67 1 35 36 60 12 91 0
40 29 1 54 96 58 68 41 88 80 92 34 36 2 85 19 64 56 26 32 6 79 59 15 46 83 100 7 11 63 60 73 37 89 42 3 86 13 52 67 21 98 97 10 12 71 39 82 18 66 90 51 17 47 30 75 70 48 25 74 69 20 44 5 23 62 61 99 53 91 43 45 94 76 57 27 16 33 22 4 49 55 14 24 93 9 35 84 8 28 38 72 95 31 87 50 0
26 18 44 95 62 84 13 2 86 75 43 94 22 60 59 90 49 96 36 98 6 54 21 99 9 89 48 27 29 97 28 72 82 38 10 52 79 42 46 91 25 61 67 12 65 74 3 8 53 77 66 81 34 31 11 73 19 56 15 24 87 69 55 71 37 20 93 47 1 58 23 16 88 35 41 85 45 50 100 39 17 32 4 83 14 40 68 5 7 80 57 64 76 70 30 51 33 63 0
13 82 53 91 65 27 98 23 92 2 56 31 5 33 8 20 19 49 41 15 36 71 87 32 14 100 86 52 58 51 4 17 60 47 62 26 66 88 7 84 72 67 30 74 93 43 44 97 70 80 77 64 81 35 12 94 16 76 18 9 1 21 54 83 96 57 89 22 42 37 28 95 63 61 99 34 29 75 68 3 10 46 73 45 55 69 11 48 85 90 39 50 24 25 38 0
25 96 67 3 61 18 6 8 62 14 71 37 74 2 11 35 39 50 9 60 58 89 42 98 17 84 23 30 33 68 13 48 27 99 10 32 29 47 28 63 24 66 92 34 57 4 5 55 87 12 52 94 64 15 78 100 91 20 75 41 73 16 81 95 26 40 51 59 7 43 97 22 46 90 31 77 45 44 93 69 19 82 65 53 54 70 88 72 38 1 49 21 79 76 85 36 83 86 0
49 40 63 47 32 69 85 41 90 94 77 79 51 45 46 16 26 18 70 71 33 34 22 10 72 28 80 7 43 93 76 74 13 27 3 36 12 60 89 59 23 48 56 82 84 65 11 2 9 35 64 29 5 97 58 50 100 73 31 44 8 19 20 66 53 24 95 86 21 68 91 37 98 88 30 42 15 6 99 67 25 54 78 1 96 92 61 38 4 52 57 39 87 75 14 83 55 62 17 0
16 24 11 40 78 47 10 69 95 60 93 66 29 19 76 15 51 1 70 96 21 30 35 58 81 97 44 92 26 80 87 91 57 72 64 43 50 73 14 39 79 18 6 61 98 55 45 49 71 89 77 31 12 83 13 17 4 9 94 62 63 54 23 88 65 27 48 28 38 46 34 25 41 67 53 5 56 22 33 2 42 37 59 99 52 68 74 85 20 7 100 3 36 84 86 90 32 8 75 0
23 69 11 15 89 34 91 26 99 79 7 68 31 73 84 27 3 66 50 6 60 93 78 22 94 96 52 19 2 24 41 8 16 76 47 21 5 17 45 10 12 33 18 82 57 58 87 35 37 77 13 95 54 36 63 32 51 46 39 71 4 81 53 40 97 65 28 48 61 59 98 85 86 25 56 64 44 29 74 90 49 100 75 38 80 70 14 55 72 1 88 20 30 42 9 92 67 43 0
48 77 8 20 67 24 53 89 73 39 26 71 58 13 85 92 96 69 9 2 72 68 88 40 29 37 14 5 49 57 52 31 28 66 51 7 18 15 23 35 17 78 75 62 64 45 81 44 56 76 95 65 80 12 36 60 4 79 16 41 27 99 74 55 10 59 70 3 42 19 83 34 43 47 100 98 90 63 93 91 11 6 87 32 21 30 82 50 46 22 97 94 1 38 33 25 61 86 0
28 9 77 91 42 70 27 24 95 56 3 6 21 71 99 97 43 92 13 48 4 31 34 57 87 80 66 86 84 60 5 30 26 33 93 1 82 78 63 50 76 59 10 41 89 88 96 49 25 19 45 8 36 32 14 40 65 94 39 46 79 68 38 15 47 81 7 2 11 17 62 44 51 18 64 16 54 72 58 37 20 29 52 55 67 23 98 90 83 74 73 100 22 35 0
30 92 72 90 67 40 78 53 25 51 3 27 16 45 49 50 95 96 33 83 4 36 58 23 29 77 65 2 68 26 84 89 41 15 99 79 70 61 76 32 5 52 46 22 19 91 14 38 93 18 75 24 47 54 21 62 88 80 100 43 59 20 31 10 9 60 7 97 48 12 42 28 34 63 13 71 11 94 69 55 87 17 6 66 98 81 39 37 74 35 56 8 57 85 44 0
61 43 14 96 80 64 22 78 83 62 51 92 60 7 48 57 32 97 18 81 25 10 39 75 11 34 2 59 100 36 76 63 72 99 86 50 89 27 19 84 58 88 1 9 90 21 23 66 77 79 53 70 35 93 26 95 55 20 85 12 4 74 65 42 29 8 13 71 73 91 33 30 98 69 28 46 56 44 82 3 15 68 17 45 40 67 37 24 41 6 31 49 16 54 38 47 52 94 5 0
71 37 40 91 58 94 68 45 84 24 2 7 92 78 16 73 10 4 69 80 83 72 90 26 59 98 74 13 99 44 27 36 21 22 96 100 82 48 41 12 66 65 34 43 95 57 19 33 87 52 61 29 42 62 47 56 89 25 15 67 20 30 8 5 35 23 31 76 17 50 49 77 75 38 18 51 3 86 46 32 85 70 53 79 64 9 1 97 39 93 55 81 14 63 6 54 11 60 0
37 27 33 41 12 49 80 65 38 69 31 2 54 8 72 32 82 100 7 11 86 45 46 92 4 74 18 95 61 21 50 77 73 58 75 81 14 5 34 90 10 47 16 93 25 39 20 6 30 79 66 98 29 94 1 9 85 97 13 88 83 53 56 35 19 63 68 87 24 15 48 84 71 42 23 62 70 3 26 91 57 76 40 36 96 28 67 60 99 55 22 78 51 44 52 0
20 68 36 24 80 7 66 44 99 67 56 27 78 85 13 34 60 94 58 72 17 38 31 40 64 47 69 88 53 21 18 97 76 11 65 19 45 89 84 48 12 96 57 73 9 4 2 63 42 81 100 37 86 52 50 70 49 6 75 71 30 82 62 41 23 35 32 15 55 79 22 5 95 54 43 98 83 33 10 92 28 14 29 51 16 46 59 74 26 61 39 25 77 1 3 8 87 91 0
37 52 83 100 16 31 46 60 76 69 41 95 27 11 74 39 49 9 10 19 82 79 88 53 87 47 34 33 81 75 92 57 24 25 56 1 65 66 35 68 20 93 61 78 22 97 64 8 55 84 94 90 32 13 14 43 18 77 58 50 67 71 3 28 85 30 99 36 42 17 89 54 26 80 51 4 7 40 59 45 12 15 6 5 29 62 23 86 63 44 48 70 73 2 38 98 96 72 0
24 78 98 64 99 90 85 4 76 43 35 32 83 5 60 50 6 27 63 54 9 73 77 67 87 94 82 16 15 84 46 71 19 14 40 1 96 18 21 30 7 34 38 68 8 59 36 79 58 12 22 33 2 57 17 39 100 42 69 91 61 3 74 70 52 45 56 89 86 55 88 51 41 49 75 44 65 47 31 81 72 26 48 62 28 23 37 29 80 95 53 66 20 93 10 11 25 0
71 8 53 32 63 33 28 43 88 67 55 45 40 31 26 23 6 61 47 59 94 75 87 29 100 62 64 77 58 74 68 48 34 10 46 37 22 2 98 82 42 4 95 9 36 13 41 65 21 57 76 97 17 85 54 66 25 44 99 35 73 19 86 79 78 69 96 89 70 7 38 52 12 16 56 24 84 92 14 5 18 49 3 91 90 27 60 39 20 15 1 72 11 51 83 81 0
44 40 70 7 79 15 93 36 64 91 57 31 68 1 80 11 38 26 96 48 84 54 78 41 29 76 98 32 90 50 81 83 12 63 77 85 28 9 61 71 97 56 87 69 8 21 51 46 16 22 86 74 25 55 58 100 66 18 10 5 4 65 34 27 59 49 6 62 13 42 37 92 95 35 45 75 72 53 2 23 20 60 17 3 82 52 30 33 24 47 89 19 73 39 43 88 99 0
84 72 63 61 12 96 22 8 34 56 58 62 30 35 98 40 29 36 80 54 93 83 46 57 55 23 85 70 64 18 47 26 99 44 27 48 39 53 42 38 79 5 21 10 1 41 16 71 88 94 13 87 33 4 32 68 73 89 77 52 65 90 81 76 11 66 97 2 17 60 67 75 20 9 19 7 69 92 25 3 50 59 91 78 24 74 86 43 14 100 31 15 6 82 37 51 28 49 0
29 53 73 88 24 39 56 85 72 68 7 33 36 75 31 66 32 17 22 87 40 45 64 86 54 38 1 83 93 10 82 71 69 15 67 25 97 37 57 27 20 49 3 92 47 14 95 91 35 6 60 84 44 76 94 98 74 8 48 4 16 18 21 78 12 2 41 11 80 46 55 63 34 51 26 61 50 90 77 65 43 13 5 42 19 89 100 59 99 58 52 70 28 81 9 23 0
10 2 19 76 25 68 70 8 55 99 39 16 86 38 84 73 71 5 51 21 61 37 7 33 4 12 89 59 58 26 1 60 72 100 40 14 91 27 69 66 56 81 13 18 32 54 6 52 78 36 75 53 64 3 57 43 93 44 47 48 24 29 63 50 67 82 42 17 94 62 28 79 22 9 96 87 98 34 85 88 74 35 46 90 11 92 15 31 65 30 20 80 45 41 23 49 95 83 77 0
12 53 90 31 13 15 24 48 20 9 69 39 8 45 58 54 77 29 78 42 55 26 61 63 56 6 66 30 83 81 67 50 74 57 16 4 43 46 34 18 19 72 93 70 22 33 1 64 21 86 3 73 51 10 87 65 91 88 85 89 44 36 80 94 68 99 82 95 71 2 52 40 25 32 35 11 59 17 97 100 41 60 84 92 49 23 47 76 14 5 75 96 37 38 7 79 0
4 11 95 38 21 97 76 77 87 78 37 28 8 66 24 62 88 85 81 58 52 41 16 61 57 6 63 26 89 29 82 93 31 64 42 23 15 44 96 46 10 54 72 3 25 86 75 79 35 36 43 50 68 69 7 100 74 1 5 65 12 39 13 67 2 60 56 49 92 53 55 80 83 84 22 18 98 40 34 27 73 90 45 32 51 70 17 19 94 59 48 30 9 47 14 71 33 0
49 62 39 70 83 65 3 69 81 66 5 80 68 85 12 57 76 87 22 89 14 97 93 90 28 24 58 23 41 67 21 63 61 8 17 78 43 31 37 9 33 16 79 60 40 47 2 20 52 59 32 96 51 99 44 11 95 56 86 71 48 75 74 25 35 38 53 54 92 19 98 13 10 84 27 6 91 77 4 45 7 72 26 50 64 42 30 94 46 55 82 88 36 0
