8
36292550 34147919
133864174 53282422
99292426 49935196
11961553 0
25553226 15892236
15364983 21857954
375645881 115899340
7553038 0
88688858 38856325
7374038 6943778
54769277 11277721
55280458 23415577
37923548 17736171
27313644 2889504
10475592 3901448
21378860 21857954
37369302 18732071
332941853 59888656
70841984 36992798
27681768 21857954
94446449 41941220
41683034 41984720
6623514 0
3011822 2616611
83996903 39517419
119311168 49459342
84178196 41984720
23666669 13065545
152782156 59649906
18004075 3296306
53927624 16706960
46089691 16423522
13146864 0
48370025 15536248
15978808 653847
9417307 0
92481892 14033946
39728996 9771513
63429339 25029200
67956355 41984720
85057936 42271601
27313644 2889504
2069610 0
0 0
18739436 2847447
87193255 47505653
146678159 53467063
86944733 37931853
332941853 59888656
85689849 35588341
0 0
0 0
126280726 55144266
48370025 15536248
21378860 21857954
126280726 55144266
86211889 38246000
78061961 31183031
5001055 238750
84454236 33221716
0 0
412957286 84173249
99226203 33301756
78899303 227979021
87193255 47505653
15364983 21857954
134581914 53782248
77545257 33675919
37187057 8575316
13355141 78243
250409808 36561370
0 0
45797987 19900508
58500145 28423328
86439126 40241801
8144592 1912422
109227326 44929708
177056925 59649906
357825235 106043327
22096704 11722803
76816324 45870722
9000411 6217196
10063143 238750
144063461 70028618
25388490 15536248
49021185 28202302
7781956 3433153
54769277 11277721
27313644 2889504
34836135 25098910
441747879 96106560
60571668 15347173
107295594 37779380
72472907 24076366
101160458 44854293
85444160 22275909
0 0
40568608 36014709
9087003 13243133
5995206 0
