100 100
0 1 90
1 2 38
2 3 31
3 4 72
4 5 4
5 6 36
6 7 45
7 8 23
8 9 73
9 10 92
10 11 71
11 12 5
12 13 26
13 14 92
14 15 35
15 16 86
16 17 2
17 18 3
18 19 53
19 20 82
20 21 17
21 22 58
22 23 7
23 24 89
24 25 84
25 26 8
26 27 96
27 28 9
28 29 24
29 30 48
30 31 30
31 32 18
32 33 56
33 34 58
34 35 14
35 36 28
36 37 28
37 38 31
38 39 86
39 40 53
40 41 15
41 42 85
42 43 54
43 44 6
44 45 46
45 46 18
46 47 55
47 48 48
48 49 84
49 50 27
50 51 26
51 52 43
52 53 46
53 54 68
54 55 97
55 56 68
56 57 81
57 58 86
58 59 47
59 60 49
60 61 2
61 62 14
62 63 35
63 64 13
64 65 28
65 66 85
66 67 89
67 68 94
68 69 13
69 70 58
70 71 53
71 72 98
72 73 7
73 74 64
74 75 88
75 76 56
76 77 84
77 78 85
78 79 21
79 80 49
80 81 67
81 82 62
82 83 83
83 84 60
84 85 56
85 86 98
86 87 7
87 88 1
88 89 4
89 90 65
90 91 82
91 92 83
92 93 27
93 94 57
94 95 4
95 96 50
96 97 37
97 98 26
98 99 33
