100 100
0 1 1
1 2 1
2 3 0
3 4 0
4 5 1
5 6 1
6 7 0
7 8 1
8 9 0
9 10 1
10 11 1
11 12 0
12 13 0
13 14 0
14 15 1
15 16 1
16 17 0
17 18 1
18 19 1
19 20 0
20 21 0
21 22 0
22 23 1
23 24 0
24 25 0
25 26 0
26 27 1
27 28 0
28 29 1
29 30 0
30 31 1
31 32 0
32 33 1
33 34 0
34 35 0
35 36 1
36 37 1
37 38 1
38 39 1
39 40 1
40 41 0
41 42 1
42 43 0
43 44 0
44 45 1
45 46 1
46 47 1
47 48 1
48 49 1
49 50 1
50 51 1
51 52 1
52 53 1
53 54 0
54 55 0
55 56 1
56 57 1
57 58 0
58 59 0
59 60 0
60 61 1
61 62 0
62 63 0
63 64 0
64 65 1
65 66 1
66 67 0
67 68 1
68 69 0
69 70 0
70 71 1
71 72 1
72 73 1
73 74 0
74 75 1
75 76 1
76 77 0
77 78 1
78 79 0
79 80 1
80 81 1
81 82 1
82 83 1
83 84 1
84 85 1
85 86 1
86 87 1
87 88 1
88 89 1
89 90 0
90 91 1
91 92 1
92 93 0
93 94 0
94 95 0
95 96 1
96 97 1
97 98 1
98 99 1
