100 100
0 1 0
1 2 3
2 3 1
3 4 3
4 5 1
5 6 1
6 7 0
7 8 0
8 9 0
9 10 2
10 11 1
11 12 1
12 13 0
13 14 2
14 15 0
15 16 1
16 17 1
17 18 2
18 19 0
19 20 3
20 21 2
21 22 2
22 23 0
23 24 0
24 25 3
25 26 1
26 27 2
27 28 3
28 29 0
29 30 3
30 31 3
31 32 2
32 33 1
33 34 3
34 35 3
35 36 2
36 37 0
37 38 2
38 39 1
39 40 0
40 41 2
41 42 2
42 43 0
43 44 0
44 45 0
45 46 1
46 47 2
47 48 2
48 49 0
49 50 3
50 51 1
51 52 3
52 53 0
53 54 2
54 55 1
55 56 2
56 57 2
57 58 2
58 59 1
59 60 3
60 61 0
61 62 3
62 63 2
63 64 2
64 65 1
65 66 2
66 67 2
67 68 2
68 69 3
69 70 1
70 71 2
71 72 3
72 73 1
73 74 0
74 75 1
75 76 0
76 77 2
77 78 1
78 79 3
79 80 3
80 81 2
81 82 2
82 83 0
83 84 1
84 85 3
85 86 3
86 87 0
87 88 0
88 89 2
89 90 3
90 91 0
91 92 3
92 93 0
93 94 2
94 95 0
95 96 3
96 97 2
97 98 2
98 99 0
