100 100
1 0 1000000
2 1 1000000
3 2 1000000
4 3 1000000
5 4 1000000
6 5 1000000
7 6 1000000
8 7 1000000
9 8 1000000
10 9 1000000
11 10 1000000
12 11 1000000
13 12 1000000
14 13 1000000
15 14 1000000
16 15 1000000
17 16 1000000
18 17 1000000
19 18 1000000
20 19 1000000
21 20 1000000
22 21 1000000
23 22 1000000
24 23 1000000
25 24 1000000
26 25 1000000
27 26 1000000
28 27 1000000
29 28 1000000
30 29 1000000
31 30 1000000
32 31 1000000
33 32 1000000
34 33 1000000
35 34 1000000
36 35 1000000
37 36 1000000
38 37 1000000
39 38 1000000
40 39 1000000
41 40 1000000
42 41 1000000
43 42 1000000
44 43 1000000
45 44 1000000
46 45 1000000
47 46 1000000
48 47 1000000
49 48 1000000
50 49 1000000
51 50 1000000
52 51 1000000
53 52 1000000
54 53 1000000
55 54 1000000
56 55 1000000
57 56 1000000
58 57 1000000
59 58 1000000
60 59 1000000
61 60 1000000
62 61 1000000
63 62 1000000
64 63 1000000
65 64 1000000
66 65 1000000
67 66 1000000
68 67 1000000
69 68 1000000
70 69 1000000
71 70 1000000
72 71 1000000
73 72 1000000
74 73 1000000
75 74 1000000
76 75 1000000
77 76 1000000
78 77 1000000
79 78 1000000
80 79 1000000
81 80 1000000
82 81 1000000
83 82 1000000
84 83 1000000
85 84 1000000
86 85 1000000
87 86 1000000
88 87 1000000
89 88 1000000
90 89 1000000
91 90 1000000
92 91 1000000
93 92 1000000
94 93 1000000
95 94 1000000
96 95 1000000
97 96 1000000
98 97 1000000
99 98 1000000
