100 100
0 1 27
1 2 28
2 3 0
3 4 18
4 5 40
5 6 12
6 7 6
7 8 29
8 9 37
9 10 39
10 11 6
11 12 32
12 13 34
13 14 30
14 15 39
15 16 39
16 17 46
17 18 23
18 19 43
19 20 47
20 21 46
21 22 34
22 23 31
23 24 28
24 25 12
25 26 13
26 27 19
27 28 25
28 29 44
29 30 25
30 31 9
31 32 29
32 33 11
33 34 45
34 35 30
35 36 20
36 37 48
37 38 41
38 39 40
39 40 7
40 41 39
41 42 16
42 43 26
43 44 36
44 45 2
45 46 42
46 47 20
47 48 23
48 49 15
49 50 34
50 51 16
51 52 39
52 53 44
53 54 38
54 55 39
55 56 11
56 57 15
57 58 32
58 59 18
59 60 0
60 61 10
61 62 25
62 63 13
63 64 19
64 65 14
65 66 45
66 67 32
67 68 46
68 69 23
69 70 12
70 71 1
71 72 18
72 73 49
73 74 18
74 75 39
75 76 42
76 77 43
77 78 41
78 79 22
79 80 6
80 81 1
81 82 13
82 83 45
83 84 16
84 85 1
85 86 8
86 87 2
87 88 29
88 89 19
89 90 20
90 91 12
91 92 7
92 93 28
93 94 33
94 95 21
95 96 33
96 97 30
97 98 20
98 99 36
