826 795916
373 680 3800
680 395 1305
395 658 3185
658 795 2839
795 605 139
605 283 2268
283 455 1725
455 451 3782
451 117 277
117 193 4895
193 103 4497
103 254 1140
254 416 384
416 628 4296
628 738 2279
738 275 4969
275 689 2906
689 514 1281
514 396 3635
396 108 2925
108 232 3781
232 306 524
306 293 2413
293 686 128
686 334 4007
334 298 4330
298 588 3764
588 368 1011
368 678 4550
678 493 1810
493 623 1602
623 80 4811
80 425 2723
425 58 3651
58 469 4521
469 46 2779
46 407 1642
407 37 3083
37 316 4516
316 79 3840
79 181 3916
181 330 3014
330 802 760
802 218 1422
218 423 4924
423 431 1433
431 75 3752
75 263 4724
263 700 2112
700 341 2076
341 10 2252
10 156 1315
156 435 3543
435 56 3670
56 625 42
625 810 2758
810 57 2462
57 225 2139
225 51 2773
51 503 4978
503 357 3039
357 386 4877
386 757 1723
757 397 1049
397 212 947
212 744 1531
744 736 1322
736 803 3183
803 277 729
277 203 3466
203 800 4967
800 253 1223
253 772 1894
772 165 482
165 704 1697
704 753 1235
753 55 3834
55 756 4790
756 350 4570
350 420 200
420 231 4199
231 583 2658
583 499 1309
499 72 485
72 575 3405
575 269 2850
269 598 1680
598 766 3792
766 483 4662
483 804 3927
804 668 590
668 389 922
389 635 2027
635 196 4682
196 158 3428
158 485 2241
485 35 200
35 701 1182
701 351 1155
351 429 275
429 237 2409
237 215 1393
215 679 1095
679 403 1211
403 343 380
343 353 3917
353 504 4931
504 551 4211
551 44 2853
44 630 23
630 555 3107
555 788 1936
788 751 4620
751 581 1336
581 176 2474
176 552 4270
552 730 1501
730 544 3762
544 442 2521
442 84 4189
84 124 4127
124 187 1423
187 95 2695
95 323 4006
323 743 3241
743 74 714
74 497 214
497 92 364
92 220 1749
220 675 1030
675 441 3234
441 399 2470
399 270 4180
270 698 2133
698 643 509
643 710 60
710 492 463
492 667 4175
667 592 4152
592 734 3602
734 290 2208
290 507 1774
507 62 406
62 648 1237
648 147 476
147 611 4528
611 799 3449
799 96 1901
96 620 4518
620 813 1318
813 295 676
295 553 774
553 723 4942
723 627 3937
627 247 4951
247 590 450
590 18 3918
18 644 1882
644 113 4992
113 121 1608
121 463 525
463 114 3096
114 622 742
622 438 1628
438 705 2653
667 491 3428
491 233 380
233 596 2887
596 722 660
722 649 3003
649 26 128
26 242 200
242 265 2382
265 468 2284
468 372 3087
372 498 4932
498 608 4538
608 726 4692
726 378 4078
378 582 1369
582 410 2738
410 76 3170
76 211 503
211 54 4109
54 222 1001
222 560 4605
560 0 2271
0 593 1161
593 711 2669
711 484 2373
484 638 4397
638 118 1409
118 754 2924
754 276 891
276 758 1590
758 519 1984
519 699 2251
699 268 3976
268 500 4373
500 300 167
300 564 1905
564 40 675
40 439 714
439 655 961
655 380 4188
380 160 4650
160 297 2930
297 554 382
554 412 1791
412 589 581
589 308 3247
308 136 3044
136 192 1820
192 809 1089
809 177 3128
177 325 3420
325 462 2363
462 105 2074
105 475 2329
475 194 850
194 50 4425
50 418 3278
418 597 3800
597 578 1616
578 227 4419
227 246 2226
246 479 189
479 525 643
525 347 1221
347 755 3580
755 521 799
521 166 3703
166 717 4757
717 238 4961
238 691 4164
691 214 3803
214 32 2409
32 670 3141
670 291 3883
291 570 4775
570 770 3547
770 460 3408
460 718 4909
718 376 2300
376 563 1868
563 702 533
702 746 930
746 348 3120
348 674 3407
674 457 4766
457 808 2700
808 73 1380
73 697 896
697 624 20
624 179 2663
179 494 53
494 287 2093
287 206 3142
206 202 2106
202 682 2529
682 775 2152
775 769 1047
769 336 681
336 251 3133
251 91 4989
91 573 1602
573 774 3053
774 687 1366
687 318 2383
318 282 2995
282 260 2908
260 230 3098
230 128 2744
128 14 2675
14 482 4894
482 47 3956
47 393 17
393 25 3009
25 301 2167
301 168 856
168 586 2308
586 139 2257
139 42 4233
42 60 4176
60 473 4716
473 443 4411
443 666 749
666 65 4934
65 518 2627
518 279 3433
279 656 676
656 129 1568
129 546 3647
546 466 4121
466 369 2016
369 23 4487
23 603 4982
603 159 2018
159 805 584
805 789 575
789 133 2535
133 281 1991
281 792 4654
792 171 1833
171 725 2827
725 382 2231
382 149 2544
149 694 4469
694 440 1553
440 359 1486
359 709 2924
709 456 2411
456 36 4651
36 618 1370
618 292 2594
292 767 456
767 426 4217
426 645 4374
645 685 3786
685 659 768
659 182 1833
182 19 421
19 735 3693
735 366 2685
366 409 2288
409 371 833
371 250 2860
250 89 2410
89 140 1730
140 288 4561
276 812 1335
812 258 3489
258 663 3324
663 20 1552
20 104 3782
104 505 4578
505 427 4678
427 248 785
248 556 4901
556 445 2864
445 818 3076
818 375 702
375 541 1175
541 197 4009
197 791 3552
791 85 4890
85 672 2011
672 322 2254
322 7 1385
7 614 2711
614 83 2424
83 465 596
465 820 371
820 99 3773
99 241 2769
241 2 4911
2 88 3299
88 489 318
489 243 2588
243 660 2128
660 472 3072
472 464 4839
464 606 707
606 45 4606
45 328 357
328 714 4150
714 733 1938
733 651 1
651 31 689
31 363 2124
363 312 1790
312 513 4190
513 496 4711
496 688 911
688 148 3285
148 450 1945
450 326 4570
326 591 2404
591 534 1812
534 289 982
289 69 4327
69 539 2328
539 344 32
344 90 916
90 43 2674
43 765 1055
765 130 4841
130 528 1218
528 814 3138
814 652 1612
652 721 745
721 665 600
665 650 1446
650 703 927
703 356 190
356 550 1609
550 561 1898
561 143 4133
143 48 4382
48 3 3564
3 98 4292
98 641 361
641 167 1982
167 150 742
150 29 1918
29 82 1683
82 355 4039
355 303 127
303 786 936
786 219 2821
219 728 3948
728 762 4506
762 696 2785
696 226 3482
226 572 4011
572 516 3683
516 307 4989
307 424 4978
424 116 1446
116 345 4723
345 296 3730
296 816 2604
816 749 4436
749 299 1484
299 444 1151
444 388 4437
388 533 4431
533 175 337
175 379 3087
379 529 3798
529 487 1988
487 773 742
773 271 2358
271 400 4058
400 302 1062
302 195 246
195 822 4837
822 447 1205
447 508 568
508 315 1254
315 642 4194
642 311 3950
311 112 3535
112 557 4527
557 64 1924
64 562 3131
562 782 4998
782 610 1777
610 437 281
437 747 4382
747 101 4508
101 284 1610
284 511 1823
511 294 2860
294 501 1469
501 132 3621
132 713 201
713 384 602
384 12 4819
12 569 3187
569 383 4968
383 111 3030
111 200 3253
200 526 4540
526 517 1279
517 565 3937
565 729 4587
729 428 3172
428 4 1066
4 509 3527
509 777 4263
777 261 2800
261 567 1825
567 715 4614
715 806 1747
806 217 4189
217 719 3705
719 332 180
332 392 1100
392 664 2055
664 657 3586
657 677 2430
677 512 2369
512 352 4929
352 15 4021
15 249 4019
249 198 3941
198 387 3564
387 676 962
676 244 145
244 401 830
401 188 870
188 358 1929
358 692 4907
692 259 4880
641 262 3031
262 174 2957
174 362 828
362 22 890
22 138 1212
138 185 296
185 595 4931
595 256 4664
256 364 3036
364 600 4000
600 434 427
434 673 3354
673 488 1145
488 612 2476
612 543 747
543 234 2401
234 137 2666
137 771 3352
771 365 783
365 221 2768
221 81 2140
81 579 171
579 613 906
613 536 4668
536 452 1183
452 327 399
327 235 3891
235 759 3679
759 66 812
66 349 4716
349 577 372
577 38 144
38 752 1926
752 208 291
208 540 1991
540 776 4821
776 324 3210
324 394 3879
394 17 3584
17 33 2087
33 616 2224
616 390 743
390 213 2873
213 1 1868
1 125 2801
125 422 1638
422 471 835
471 817 3483
817 141 1142
141 255 858
255 823 4156
823 576 3363
576 784 4071
784 502 652
502 67 3220
67 280 3195
280 732 2107
732 531 593
531 662 2708
662 119 3759
119 411 181
411 639 682
639 737 3587
737 571 2251
571 532 2667
532 346 3107
346 548 2488
548 619 3190
619 433 1459
433 417 1940
417 454 1571
454 708 3684
708 461 4430
461 28 703
28 319 4105
319 453 781
453 615 4730
615 413 1601
413 783 2516
783 654 3084
654 824 3316
824 153 2151
153 106 2160
106 414 3832
414 779 2533
779 207 3930
207 30 1750
30 566 710
566 354 124
354 574 634
574 201 4163
201 264 1838
264 609 2216
609 131 4078
131 9 4991
9 415 1240
415 506 4119
506 559 4776
559 63 1674
63 707 4260
707 398 4306
398 523 1786
523 186 3855
186 239 2873
239 8 2505
8 216 882
216 115 1591
115 448 1250
448 204 1141
204 272 3945
272 793 4813
793 731 246
731 170 4163
170 157 1681
157 706 962
706 267 4367
267 631 952
631 778 3104
778 41 2214
41 640 1713
640 524 1465
524 720 4871
720 339 4344
339 146 3255
146 110 2670
110 712 478
712 34 4303
34 669 177
669 49 4503
49 695 1180
695 807 285
807 77 198
77 419 4030
419 798 3898
798 787 2574
787 11 3548
11 310 687
310 52 1430
52 122 2809
122 338 4371
338 402 1260
402 470 2111
470 436 4902
436 742 2196
742 340 4169
340 587 4350
587 510 1440
510 633 2063
633 205 2078
205 370 1321
370 825 2121
825 530 274
530 760 1148
760 145 985
145 785 4508
785 70 2125
70 240 1549
240 257 1363
257 740 2792
740 229 275
229 142 758
142 522 1145
522 801 4975
801 636 2431
636 107 1755
703 632 2830
632 634 2498
634 558 260
558 16 2419
16 750 4418
750 59 4418
59 459 2984
459 385 1209
385 109 3167
109 629 4777
629 87 2955
87 408 4138
408 815 4072
815 169 3595
169 278 2639
278 172 4268
172 286 1074
286 320 4493
320 189 3078
189 61 1031
61 545 4239
545 120 3072
120 391 2880
391 607 1819
607 210 4796
210 184 1870
184 236 2362
236 381 977
381 367 9
367 568 3146
568 693 4270
693 739 4930
739 821 3511
821 794 2639
794 374 1191
374 780 2542
780 53 2828
53 549 4459
549 273 1863
273 763 1261
763 245 4683
245 360 4848
360 520 4746
520 155 600
155 527 55
527 163 4327
163 342 766
342 797 3008
797 100 4858
100 449 1469
449 467 1680
467 535 1037
535 480 2594
480 405 1325
405 183 1277
183 337 1563
337 151 455
151 317 4336
317 126 1770
126 78 1212
78 745 186
745 304 161
304 154 2962
154 24 3003
24 123 4252
123 252 4668
252 21 570
21 266 1263
266 748 38
748 331 1129
331 477 2989
477 585 2378
585 478 912
478 601 13
601 781 3059
781 584 3703
584 228 1131
228 313 2867
313 180 752
180 13 3162
13 86 1476
86 594 2435
594 335 4
335 173 3233
173 476 3677
476 646 160
646 305 2030
305 626 3477
626 486 3767
486 361 4275
361 223 3718
223 819 345
819 515 4391
515 209 1048
209 768 2674
768 144 958
144 724 3164
724 538 2735
538 621 2477
621 314 4680
314 321 723
321 377 2212
377 547 1299
547 309 3951
309 5 708
5 127 3488
127 495 2141
495 199 715
199 329 4450
329 537 4945
537 406 571
406 690 1021
690 474 1621
474 684 2275
684 421 4804
421 39 1335
39 97 3689
97 68 2757
68 490 1942
490 716 4035
716 661 3136
661 430 2403
430 761 1955
761 134 3389
134 161 2642
161 458 1581
458 404 2517
404 741 1128
741 764 3658
764 481 2889
481 790 4626
790 647 2075
647 93 2519
93 671 3504
671 796 3831
796 285 3961
285 681 4212
681 599 4443
599 152 737
152 617 1940
617 224 4601
224 683 1337
683 27 3633
27 190 257
190 135 4352
135 164 4504
164 446 757
446 604 1911
604 162 3345
162 94 2141
94 274 1426
274 102 956
102 811 2126
811 71 1137
71 191 2625
191 432 3785
432 727 4114
727 602 2662
602 653 3636
653 333 2381
333 178 4923
178 6 4038
6 637 1656
637 542 1121
542 580 797
