826 930612
414 268 18141
268 369 44539
369 418 21069
418 65 22682
65 269 23679
269 626 2522
626 538 23730
538 705 3402
705 701 27463
701 20 6363
20 513 49707
513 78 44688
78 379 6114
379 386 16315
386 56 159
56 88 19145
88 430 4537
430 743 44073
743 794 16188
794 603 24946
603 480 37555
480 420 23429
420 647 30311
647 385 33871
385 409 10521
409 274 45263
274 374 40075
374 439 18920
439 712 13165
712 754 38612
754 115 38546
115 664 10964
664 789 25442
789 751 11792
751 798 26750
798 244 9875
244 107 30594
107 765 14294
765 37 1240
37 568 37187
568 574 46966
574 326 30885
326 29 44924
29 32 45656
32 448 582
448 18 16059
18 72 18543
72 276 19337
276 192 21441
192 638 5428
638 419 31979
419 566 24150
566 431 24065
431 371 14300
371 601 30754
601 497 34811
497 570 30612
570 312 28259
312 421 1460
421 275 2559
275 494 33884
494 586 29716
586 87 21267
87 157 9704
157 821 14749
821 629 37324
629 155 252
155 444 11874
444 517 20799
517 639 37013
639 7 27695
7 695 35394
695 729 22142
729 617 8315
617 696 40632
696 721 41079
721 395 33070
395 727 22810
727 423 4391
423 625 336
625 310 14753
310 0 28569
0 698 40929
698 667 23246
667 76 40153
76 715 7314
715 279 15230
279 284 40188
284 52 5381
52 714 29557
714 655 25853
655 338 35128
338 191 25120
191 813 29324
813 273 40803
273 171 46755
171 534 23502
534 89 29725
89 425 32406
425 483 19220
483 187 41117
187 354 3244
354 156 27730
156 282 14301
282 406 25004
406 558 37821
558 174 2787
174 630 3018
630 300 33463
300 135 27406
135 471 1561
471 805 36034
805 440 8141
440 207 2256
207 796 46547
796 281 43963
281 53 25360
53 153 29044
153 611 4174
611 620 9269
620 663 23050
663 227 9722
227 277 15651
277 446 19560
446 545 6477
545 428 40903
428 226 30883
226 301 9293
301 24 946
24 125 4384
125 159 818
159 308 41066
308 556 475
556 713 12512
713 580 12538
580 396 10673
396 345 41266
345 328 20386
328 761 10597
761 209 47873
209 80 43305
80 562 6614
562 223 3219
223 60 32526
60 550 18189
550 83 39639
83 618 40260
618 505 28813
505 319 648
319 576 45772
576 443 4492
443 782 34749
782 342 3416
342 81 8588
81 767 36849
767 466 29133
466 802 44691
802 547 44638
547 270 30099
270 415 7367
415 84 15584
84 416 10836
416 572 13618
572 220 31066
220 449 17621
418 154 36531
154 397 37198
397 145 14701
145 564 28998
564 408 38829
408 501 42544
501 205 15623
205 594 30553
594 693 28767
693 565 1185
565 522 44045
522 123 31267
123 230 20261
230 529 29556
529 323 33342
323 500 37054
500 752 4848
752 288 19408
288 243 23726
243 168 23563
168 519 32227
519 360 24018
360 772 30950
772 251 4296
251 334 2543
334 105 18669
105 14 23954
14 622 42139
622 763 47344
763 266 29550
266 460 34393
460 263 33477
263 49 47226
49 173 34649
173 46 28440
46 748 1565
748 465 9182
465 249 36146
249 74 11015
74 725 2264
725 658 20076
658 336 17012
336 23 17762
23 520 28577
520 552 43200
552 57 49625
57 68 39338
68 199 250
199 231 27393
231 259 11739
259 346 59
346 85 47673
85 394 8144
394 507 44178
507 313 32289
313 240 12038
240 6 23912
6 54 46353
54 8 22661
8 575 370
575 523 4943
523 442 14951
442 306 39920
306 436 13828
436 305 12061
305 11 20753
11 98 31142
98 788 49053
788 130 33612
130 110 25580
110 335 13357
335 95 21256
95 493 8023
493 683 4373
683 40 46391
40 809 44446
809 38 40109
38 481 4642
481 631 15273
631 292 26891
292 563 11369
563 343 18216
343 47 49949
47 730 46377
730 200 29869
200 366 30583
366 615 42139
615 451 47912
451 61 47767
61 697 30493
697 776 299
776 362 22234
362 216 18544
216 225 20557
225 590 40140
590 589 48458
589 380 29169
380 492 27926
492 718 32494
718 502 21333
502 291 29356
291 742 28239
742 246 29346
246 770 49228
770 189 12586
189 537 3890
537 694 6220
694 463 42922
463 393 23212
393 202 8178
202 807 42655
807 456 14997
456 486 18517
486 119 10443
119 48 47939
48 824 41804
824 195 31861
195 602 36466
602 299 2203
299 82 33000
82 598 41239
598 621 23532
621 706 9634
706 1 2728
1 799 18592
799 506 19917
506 485 37609
485 624 40552
624 197 28004
197 298 49540
298 728 21647
728 149 18674
149 724 22102
724 399 23982
399 645 7157
645 10 6415
10 265 39431
265 248 28261
248 410 7416
410 571 17976
571 158 41344
158 518 45066
518 535 21734
535 604 15467
604 527 43230
527 42 40989
42 530 22137
530 659 31625
659 573 3741
573 600 15877
600 194 28337
194 320 35116
320 214 28839
214 31 46581
31 643 4014
643 569 38981
569 591 33537
591 792 35549
792 756 18290
756 731 8477
731 745 26717
745 239 46673
239 653 3092
653 814 29857
814 747 2503
291 596 37066
596 613 48675
613 775 17880
775 632 35435
632 377 11138
377 577 8199
577 331 28114
331 482 29287
482 533 29251
533 427 31495
427 356 37080
356 795 49040
795 720 6067
720 542 41183
542 649 30169
649 351 1453
351 142 3754
142 162 28777
162 358 42869
358 491 46715
491 437 23490
437 233 16216
233 232 22616
232 666 24211
666 458 14563
458 66 41788
66 774 40235
774 687 33122
687 540 26837
540 627 29854
627 525 30338
525 19 12497
19 737 36462
737 307 18446
307 688 14031
688 650 48764
650 264 27103
264 496 33033
496 337 9024
337 178 19508
178 210 8579
210 526 43297
526 735 18291
735 510 44749
510 348 11679
348 764 18193
764 464 45922
464 651 39470
651 27 37069
27 128 20440
128 361 35016
361 344 14423
344 648 18860
648 150 31716
150 684 27056
684 124 38998
124 468 8215
468 35 21113
35 332 7127
332 579 9536
579 330 10682
330 389 18318
389 588 31035
588 404 40328
404 175 1528
175 619 45749
619 403 18619
403 447 1515
447 689 39123
689 41 31542
41 260 3735
260 599 41015
599 121 28408
121 255 15238
255 741 2006
741 390 24243
390 679 26052
679 96 16834
96 63 22837
63 495 16317
495 381 38801
381 309 25118
309 668 43928
668 108 29565
108 524 12313
524 339 18826
339 554 26675
554 612 37978
612 478 47991
478 193 36774
193 388 21861
388 825 11236
825 25 17100
25 222 38004
222 474 14877
474 739 24375
739 62 651
62 723 22868
723 368 23543
368 382 7081
382 750 38874
750 536 34580
536 636 39274
636 669 5280
669 551 513
551 412 17169
412 454 30837
454 285 39243
285 681 25723
681 55 7388
55 614 39621
614 424 44803
424 387 28623
387 229 31212
229 755 18694
755 515 24766
515 325 11081
325 100 39304
100 740 30940
740 435 37769
435 587 27275
587 59 22336
59 103 21815
103 656 15442
656 129 4730
129 179 35780
179 736 47956
736 793 42014
793 64 37641
64 779 11746
779 606 34266
606 211 42401
211 165 48425
165 303 4741
303 516 37963
516 780 42320
780 512 37089
512 359 23938
359 401 49063
401 151 48298
151 138 38657
138 219 17801
219 114 25928
114 543 46396
543 791 20308
791 757 7466
757 521 20088
521 678 5237
678 646 33271
646 181 10202
181 503 18576
503 132 4081
132 238 49614
238 790 18273
790 411 28678
411 376 4000
376 324 15156
324 786 41181
786 803 27872
803 350 19835
350 459 34435
459 290 30249
290 644 34573
644 33 30708
33 317 49240
66 111 13033
111 363 7435
363 514 9363
514 605 21432
605 477 1412
477 467 23093
467 784 7484
784 642 27949
642 817 32133
817 479 28515
479 623 18621
623 528 8293
528 610 20806
610 90 48081
90 177 44237
177 616 41186
616 544 7856
544 476 49049
476 322 19277
322 204 22901
204 169 17727
169 176 2171
176 79 36120
79 441 9275
441 44 39804
44 77 25478
77 272 8724
272 126 47318
126 318 19911
318 801 28259
801 347 7866
347 92 3649
92 487 16567
487 407 14096
407 710 5184
710 247 11815
247 549 14931
549 560 10150
560 539 26165
539 203 635
203 186 6711
186 800 11670
800 315 20803
315 699 36878
699 143 5263
143 816 35577
816 634 9510
634 140 17739
140 585 39829
585 271 31221
271 3 20360
3 139 41520
139 652 44392
652 509 35726
509 607 47057
607 365 8283
365 804 33877
804 700 21621
700 167 3184
167 392 47863
392 455 9261
455 499 34481
499 469 49452
469 417 23632
417 172 37794
172 546 48098
546 609 23837
609 144 25695
144 102 43279
102 445 34523
445 511 33780
511 101 23867
101 198 8157
198 250 32373
250 113 47090
113 39 20041
39 311 21462
311 112 33961
112 99 24037
99 333 7666
333 43 38991
43 470 23693
470 69 36672
69 314 30399
314 261 13181
261 578 44995
578 278 30745
278 218 24465
218 242 42927
242 262 3620
262 34 43270
34 717 28028
717 196 25448
196 583 5011
583 26 4835
26 432 14524
432 702 2104
702 50 39212
50 295 6849
295 215 42221
215 597 33941
597 302 35352
302 628 44561
628 280 8900
280 120 31994
120 254 37750
254 22 44226
22 289 46474
289 166 46634
166 674 12994
674 753 4598
753 12 22668
12 383 33757
383 686 15763
686 131 17473
131 608 48713
608 457 44086
457 692 31857
692 704 42728
704 353 49935
353 91 1397
91 429 6588
429 541 48187
541 67 16490
67 206 28312
206 58 12524
58 349 31135
349 208 10791
208 372 24539
372 245 32581
245 97 37117
97 773 9049
773 719 43659
719 559 40467
559 141 41318
141 133 10959
133 402 27869
402 633 39156
633 662 19286
662 733 23461
733 9 38571
9 711 2197
711 384 13039
384 654 8763
654 147 25789
147 73 1885
73 489 43371
489 304 13090
304 593 23622
593 785 23199
785 224 1727
224 685 33478
685 746 35117
746 769 18235
769 370 24718
370 398 33313
398 93 17068
93 657 44154
657 329 31725
329 161 47528
161 286 43588
286 321 35604
321 771 1976
771 707 6102
707 504 49893
121 400 22131
400 635 5657
635 661 4712
661 152 19116
152 117 44482
117 760 25808
760 490 18729
490 17 9852
17 422 13588
422 488 46691
488 170 31126
170 316 5812
316 13 39082
13 670 39437
670 28 9767
28 16 39368
16 146 8060
146 136 21360
136 671 28922
671 660 19335
660 45 28706
45 716 25022
716 236 32506
236 182 12068
182 297 2434
297 106 15081
106 352 27541
352 640 40480
640 228 42380
228 287 23041
287 484 25327
484 122 7796
122 340 9506
340 738 22246
738 812 48776
812 462 1317
462 127 45628
127 160 49629
160 426 9690
426 235 6389
235 51 6462
51 561 752
561 787 39819
787 783 33078
783 690 41651
690 758 2972
758 453 21286
453 818 39828
818 475 25436
475 71 47407
71 258 8786
258 677 26990
677 367 39123
367 808 48299
808 584 431
584 822 32706
822 766 49830
766 221 39337
221 391 31109
391 438 25252
438 734 17904
734 283 14901
283 341 22582
341 732 29561
732 434 27705
434 708 11751
708 355 45835
355 296 8439
296 253 19459
253 532 6724
532 267 41927
267 637 26786
637 201 664
201 680 17019
680 118 14700
118 582 29419
582 461 36480
461 294 41804
294 15 18286
15 185 43087
185 373 26625
373 217 45924
217 75 48210
75 819 17816
819 190 31357
190 703 33677
703 823 16560
823 473 15240
473 749 766
749 4 10418
4 531 3694
531 722 36406
722 357 7433
357 188 2937
188 665 43085
665 433 4959
433 781 1015
781 797 19378
797 164 47666
164 116 8232
116 555 12216
555 452 22767
452 36 32324
36 450 9360
450 691 15268
691 375 21338
375 30 23395
30 806 33332
806 508 4792
508 777 31091
777 557 16397
557 104 7644
104 672 32448
672 2 1912
2 676 17476
676 759 41594
759 709 9386
709 180 28813
180 548 12135
548 581 7287
581 673 45081
673 641 30935
641 184 24869
184 682 6870
682 237 30100
237 234 34807
234 567 46640
567 148 14339
148 811 19417
811 134 46823
134 592 786
592 413 43405
413 94 35679
94 109 40212
109 675 43145
675 744 5848
744 595 864
595 405 19273
405 21 31017
21 778 47792
778 163 12154
163 293 41976
293 241 49333
241 252 13728
252 820 1943
820 212 35354
212 810 42764
810 5 502
5 726 558
726 70 21344
70 327 3303
327 183 8270
183 257 49481
257 472 19938
472 815 23431
815 256 23818
256 213 29093
213 137 36903
137 378 17306
378 762 46735
762 768 29490
768 498 32040
498 553 15551
553 364 49597
364 86 22535
