1000 199112
762 339 28482
749 762 227
319 749 53263
552 762 12523
716 339 46366
613 319 74345
249 339 72086
42 249 2870
589 552 5725
179 42 53677
760 249 5715
298 552 163
67 179 2902
573 319 2
219 573 10621
539 749 4024
335 219 254
727 42 6119
429 298 8518
825 219 17484
248 249 43205
244 67 11387
317 339 22627
362 319 2241
300 613 4629
306 749 95
173 613 23708
33 825 63501
947 335 18734
822 248 44990
102 339 54850
481 248 124
264 762 15721
518 249 41875
898 306 16999
202 727 60960
799 589 67164
813 317 12127
278 298 23092
651 248 2878
939 518 78013
893 219 668
902 42 1330
183 749 86692
821 42 12980
987 249 54566
866 727 35337
234 102 83576
293 300 1440
294 898 34050
72 893 19236
128 294 706
420 173 16028
818 651 99706
737 42 37589
262 866 80360
579 264 80692
54 102 25834
618 898 38067
448 202 15967
305 179 56358
867 202 1861
378 262 16785
359 727 4443
75 244 85410
856 481 4159
375 618 9527
169 716 9079
435 298 81302
326 335 3211
174 339 53869
296 420 39803
163 893 62405
149 760 268
196 169 91866
830 613 44584
265 33 6615
674 539 7914
886 481 14532
61 375 25485
380 799 26339
553 651 33766
250 898 48818
166 813 63575
785 589 4119
680 166 1074
603 166 2838
693 262 12458
905 319 77278
267 174 26840
735 264 16439
485 375 88209
565 886 4258
28 565 84720
159 893 11432
220 319 55673
878 589 45231
527 429 63192
357 481 3458
396 518 38530
768 680 32811
88 987 8325
450 727 28724
198 813 20568
191 893 31472
963 202 12944
969 264 30236
160 380 62066
157 785 1323
717 305 24823
966 762 6342
803 966 19365
758 893 22925
907 799 52690
45 987 63560
995 481 48484
138 262 29259
525 969 73263
953 939 89404
983 878 22644
857 429 51920
540 183 63323
697 300 24802
571 553 19919
23 966 11701
459 573 601
266 249 18979
237 202 36789
656 33 3387
228 357 40106
633 553 715
994 173 35285
710 159 70729
748 966 73336
331 969 4
962 220 53767
746 166 8895
213 540 18728
847 359 20867
366 749 29
112 813 32
108 196 84496
343 737 10461
15 128 90643
407 108 2033
967 579 8501
918 359 13733
692 265 16057
790 905 24976
105 995 94659
523 799 4345
59 450 1038
792 939 33753
175 138 16523
394 967 20832
900 680 77408
454 693 51215
39 962 674
751 296 58470
98 856 69465
427 174 70951
516 435 7869
788 196 14122
779 737 93880
582 15 7932
430 244 139
545 878 6596
628 33 24237
650 571 2145
560 995 80140
466 727 29605
167 394 2238
754 847 57598
617 459 359
897 435 72003
704 267 270
882 760 26852
744 995 4928
706 847 19506
369 237 0
192 248 5485
927 357 29927
575 300 4004
354 459 15173
583 378 46922
96 335 40
912 407 3458
694 573 933
47 697 14249
493 706 69497
89 228 3158
464 565 3908
240 138 40732
259 962 53033
52 23 22598
60 362 4641
76 493 7067
646 579 92083
85 897 2002
490 969 36305
413 54 69328
595 697 30645
814 803 2915
370 47 199
829 85 2381
598 228 52764
109 219 19103
679 545 516
384 595 35906
848 359 15790
817 366 69797
327 525 1508
761 847 1645
611 375 12869
77 430 97742
806 611 11873
307 761 9
802 706 4879
392 761 51
332 560 43125
738 244 22
743 611 558
808 966 63285
321 370 9788
928 366 93410
468 219 27967
469 717 60663
750 727 93437
5 790 15814
714 717 128
383 265 41667
35 947 65963
662 357 12586
957 375 61482
148 173 64559
538 321 31167
770 167 6437
48 571 3381
657 317 36290
932 693 44439
103 662 81054
405 898 50028
655 5 36385
846 907 5754
386 799 8412
205 738 41499
414 813 9046
443 583 19562
208 969 39404
355 459 27364
347 603 5495
789 706 17559
133 518 32696
311 758 12491
562 321 11257
731 527 6
944 405 2019
239 85 72890
530 72 17273
256 565 9018
268 539 638
588 357 7822
868 552 80027
194 383 19950
418 427 94169
154 613 42823
53 339 51228
597 987 81521
608 995 3411
43 608 59411
881 679 44985
895 987 6147
620 754 4172
521 443 88589
960 939 83245
777 112 68599
964 898 9451
890 183 95685
764 33 44308
834 191 4353
543 23 32623
315 706 4358
22 278 9262
601 966 54073
708 89 66127
883 856 46128
670 331 72772
506 306 329
669 944 4415
546 268 31455
787 813 120
676 108 43
314 907 17503
421 601 11692
971 319 59350
409 995 37502
594 907 270
949 530 58894
14 562 28851
661 679 716
524 248 96159
677 138 34821
473 680 1460
634 326 5093
323 485 41090
937 886 15552
501 898 48106
734 192 76629
363 785 32494
442 429 2095
725 317 71
740 300 10216
722 792 35636
801 886 52408
476 305 12714
284 256 3460
891 573 20864
700 694 10632
255 787 74858
942 109 76095
921 905 24251
78 957 35035
863 250 38184
258 149 37514
382 957 327
32 633 15404
512 293 17056
66 750 484
569 848 9572
215 633 63151
566 540 57725
21 746 12126
227 932 2722
401 829 52983
752 307 79181
342 294 7813
41 396 89485
137 617 7
299 856 25349
104 803 3881
685 248 2204
302 414 226
509 620 3
736 650 81989
528 369 18364
564 264 11968
973 435 55572
30 314 41350
520 138 63595
584 571 31791
689 787 37201
505 137 32890
578 103 12183
129 512 7847
9 962 57907
567 752 23686
551 264 60109
65 259 91929
229 305 69137
642 708 14022
461 735 1596
310 229 93068
346 33 16068
37 394 72817
804 256 40242
510 380 57979
783 326 57703
411 613 86892
683 735 58741
922 890 25160
604 847 69209
90 725 67
819 802 62653
189 789 29555
309 215 43711
441 323 2909
170 129 550
673 564 89289
715 405 41203
2 655 94041
444 611 12559
666 565 11537
952 693 8111
203 509 16124
207 220 63984
913 830 2
206 169 86333
34 655 13
374 14 456
397 14 40160
349 239 5247
246 738 4252
526 244 3772
419 620 34062
345 307 989
892 67 75061
487 405 12908
361 163 39727
652 666 40675
872 382 96030
726 918 77739
984 551 640
904 944 89344
554 60 53050
439 620 47623
412 524 86573
548 777 56139
301 895 72136
263 267 13939
985 411 91718
843 293 3828
616 39 91254
636 892 434
908 264 2489
593 953 38637
860 265 74204
99 30 53
793 661 25266
11 904 92586
915 72 6730
24 616 2485
887 661 839
0 469 67616
230 674 4
945 872 67095
861 904 86205
276 944 2391
492 829 46014
753 746 94707
236 512 27
850 518 7827
368 900 1139
279 192 14561
517 133 2546
500 947 12934
961 85 36785
8 206 19456
605 299 133
624 454 151
724 302 3960
644 657 42882
775 500 2010
671 430 32867
781 250 14867
178 985 2728
216 35 7331
292 178 621
18 579 39588
400 710 22530
134 553 95583
631 468 7009
20 65 50038
330 891 43237
94 594 36427
911 651 84382
844 292 45542
260 676 45291
74 868 21742
875 539 10852
606 868 85740
38 748 84228
771 662 2590
709 77 0
675 631 4441
142 689 36259
334 857 31375
742 104 0
145 785 42222
29 693 63728
193 789 7740
226 298 46541
643 203 40742
243 644 2589
508 226 71
58 66 7694
615 848 20241
17 90 50886
69 802 87347
602 14 17132
701 760 31603
684 301 50156
497 768 35753
57 882 3057
126 892 891
805 485 32808
221 657 15531
467 642 4259
404 652 298
337 58 2652
885 65 6261
452 309 74774
132 942 44848
460 103 25950
851 468 60360
385 292 71341
433 783 59638
688 500 34990
858 973 659
115 752 63251
283 860 72885
763 775 28598
991 208 1877
257 985 876
919 651 15534
312 39 2507
955 751 14215
381 169 1054
741 777 15226
879 662 59613
946 311 8956
827 822 92221
344 196 7708
251 145 50016
542 605 503
649 863 187
470 922 5740
6 283 978
144 613 50876
371 347 34283
120 469 18035
472 508 40876
135 825 62078
721 540 59005
123 344 33779
393 615 10306
590 569 29539
513 249 76657
833 339 35484
639 501 11074
379 246 58747
26 123 325
659 642 39608
809 673 48128
786 887 51441
488 35 98666
711 679 16505
308 339 87905
177 827 79092
612 488 4616
107 134 29090
640 69 21843
903 538 10705
795 207 27424
499 528 48020
929 345 76253
614 508 5642
982 409 58322
832 337 35932
690 108 187
544 851 54547
86 566 64442
896 879 52841
889 250 47492
622 6 69568
455 215 33129
865 651 51968
426 589 70783
535 987 73321
859 213 20244
172 208 75895
304 126 7
152 69 11753
274 693 13
288 379 71316
50 349 29426
791 361 899
977 646 93012
289 911 53740
970 311 48656
772 301 39
10 8 66572
95 159 25498
136 11 56975
980 701 57802
223 32 92386
70 711 24954
831 215 243
55 932 55393
906 738 2356
972 551 49030
532 104 40286
437 264 32088
40 589 77033
931 844 31295
621 493 348
637 790 22235
71 752 680
958 683 23218
550 905 2421
80 301 18538
555 513 17137
729 294 50381
635 919 53259
876 814 20029
185 710 8759
959 452 2983
855 196 29531
874 701 3783
277 499 67099
199 969 1771
113 198 68044
665 485 7749
140 311 85355
581 279 71238
815 927 4166
46 604 38418
81 500 34665
463 907 2512
93 429 86910
536 689 76571
356 237 95926
280 11 38835
495 603 20532
916 860 2486
25 46 16647
209 194 12391
403 857 790
432 326 89004
360 397 65558
253 789 58643
686 331 6269
838 906 39046
976 602 79871
978 595 2188
3 199 14
585 932 48153
303 748 49750
824 962 17621
998 642 47370
271 203 45723
747 346 18292
171 15 1546
19 363 29842
577 721 11098
537 781 337
200 70 48610
110 198 467
486 566 21642
131 708 43049
862 551 78
372 617 98910
572 978 12556
478 330 17013
285 302 35176
182 613 8549
625 932 33454
993 69 20912
83 229 9875
340 671 54951
212 868 39476
836 263 28503
462 345 1155
607 294 4133
482 340 83026
842 911 70994
164 327 51888
592 572 26642
63 379 55474
73 215 60930
519 772 25596
254 132 4231
619 385 59160
923 801 477
141 154 78018
367 284 76926
667 227 38758
388 163 31317
436 198 4244
201 539 48682
176 493 14668
580 622 1491
350 6 17120
440 984 303
681 264 17182
471 77 615
515 939 14863
318 688 10925
702 3 49477
387 405 75193
313 902 7190
823 616 67386
7 409 2606
934 304 87119
324 513 23872
997 300 30513
494 688 25167
664 3 85420
210 102 89153
974 11 92359
504 953 33483
784 209 2116
498 946 31324
502 567 9699
124 386 4956
774 25 65428
214 521 67249
920 54 57580
438 107 18862
238 606 29424
965 677 62568
402 802 79454
224 380 1246
979 223 20371
188 0 57067
13 132 3101
529 727 400
325 461 20103
477 411 1050
100 753 19391
561 903 77774
150 685 94898
873 344 4643
840 419 64437
118 3 22455
162 37 28608
106 516 99550
703 162 3057
687 289 4
351 577 83773
839 692 58236
4 506 14159
431 947 13102
647 644 5161
36 123 6561
549 727 15945
854 554 506
732 343 964
996 95 66204
910 107 6574
767 664 84474
812 498 352
390 763 19889
333 85 28836
849 518 71037
950 887 35622
406 65 26
197 872 125
663 381 73141
654 306 5170
428 969 1987
534 932 351
778 35 96
158 370 36182
935 833 52355
968 775 144
31 778 2891
217 213 25109
936 785 24819
27 504 32406
127 263 50414
111 30 23422
570 862 49958
16 565 27223
547 973 39399
609 659 1124
489 621 6852
480 0 16071
186 987 51632
864 700 19998
496 249 4563
990 283 31671
364 721 12642
389 710 2088
195 94 13222
165 166 171
884 602 28382
629 41 59687
563 561 15756
391 725 41941
445 378 7977
376 861 78228
282 191 15451
766 502 5017
541 775 40870
116 135 34099
491 203 24926
630 36 8036
914 280 65656
511 167 43649
723 585 0
121 983 72648
739 552 52258
62 994 60737
272 138 26
151 243 43651
320 677 62869
800 263 50243
668 188 28672
992 154 12550
475 41 53648
877 501 98936
181 824 33950
211 478 83349
930 11 5781
756 548 50959
587 174 34999
641 303 6556
341 438 17633
190 795 2665
329 512 52629
557 38 14620
338 67 96236
933 426 17345
943 659 3391
981 304 59
755 24 12931
682 489 46892
353 42 17782
816 327 49509
410 708 11607
568 684 32411
458 604 6369
780 649 15861
252 630 26259
733 772 20969
139 866 75848
261 301 28379
44 929 77060
713 562 26439
909 350 49926
938 959 7641
117 255 48013
82 258 97596
574 849 523
925 567 2179
660 936 19201
828 620 60844
514 847 83428
408 492 10231
290 50 9210
870 512 82292
416 602 48406
155 106 33276
719 500 48045
853 268 6703
988 933 19999
358 800 94789
218 790 492
794 881 29562
424 991 2852
627 65 611
295 89 30627
231 144 81203
101 804 70953
91 155 55538
705 753 14598
718 551 82491
395 308 461
233 512 2575
92 945 19
672 420 41584
225 338 1607
242 257 69478
241 109 15282
730 45 121
638 221 4109
180 353 68865
623 918 5203
87 540 37741
56 459 3484
484 622 39932
352 311 29152
398 752 59640
835 682 538
336 201 98176
64 248 71208
97 20 694
653 647 2195
880 57 3775
591 866 4896
222 240 69337
434 578 92112
187 384 43696
373 993 53774
899 144 4782
941 609 72319
951 299 54520
273 506 215
1 244 1935
811 55 54098
975 636 45701
125 30 25084
287 488 60376
507 28 71868
291 150 15862
901 957 6190
986 742 47214
576 367 26077
275 741 395
926 75 82875
948 106 443
940 510 3956
586 561 67820
270 330 96947
465 529 81313
147 744 1090
269 249 60195
531 836 64585
558 669 33811
153 801 14311
888 538 10140
696 44 239
161 725 33169
894 530 68745
425 228 54174
600 700 88516
479 505 1423
235 705 37043
79 508 23190
247 899 58724
449 375 19132
119 787 58139
648 756 90468
130 529 21087
328 119 74682
114 444 12466
84 170 26721
745 638 25175
599 300 13358
765 109 58009
707 860 72231
156 159 13619
415 921 94445
143 806 32732
456 378 95230
610 424 13345
796 872 58
399 475 11169
453 765 22179
447 968 14315
423 510 62558
759 927 37283
845 851 906
168 603 15025
626 579 591
773 76 6856
286 459 7126
807 119 95318
678 418 2795
204 493 20607
720 601 28896
122 363 23661
632 175 31021
924 948 77
728 508 25206
451 462 45778
12 928 42748
645 601 38126
798 272 4664
871 802 44836
596 188 36004
556 302 28618
999 65 15405
698 495 14049
559 785 23529
232 437 39619
348 526 82544
989 779 77723
417 713 87673
533 372 5111
322 387 666
695 234 60855
769 227 37459
826 37 209
281 585 8236
954 526 48783
297 491 30153
474 32 40906
776 706 1331
146 497 27507
365 491 92405
852 679 56346
457 329 93112
820 597 737
422 710 21961
917 329 39693
51 678 66833
956 165 179
810 188 10956
837 851 14580
522 535 133
503 92 5776
869 469 5061
691 778 28234
49 651 63753
483 263 45099
712 299 64235
658 186 43160
245 356 2930
184 162 20597
316 123 272
782 632 19433
68 167 39310
797 230 38613
757 935 33017
699 793 69498
377 515 30469
446 521 15218
841 278 41270
