892 812365
150 547 47626
547 211 8069
211 450 5073
450 83 15844
83 463 32533
463 162 18136
162 616 38946
616 208 46311
208 426 13486
426 711 1563
711 5 34500
5 732 14509
732 348 5191
348 143 41434
143 434 36868
434 129 13120
129 333 2262
333 215 28924
215 504 27493
504 519 45708
519 752 9209
752 798 44139
798 238 44710
238 176 27738
176 633 35490
633 734 44740
734 121 26998
121 459 6609
459 173 43933
173 597 18933
597 465 5621
465 621 45932
621 751 37013
751 763 40623
763 187 41533
187 445 7489
445 553 24759
553 864 21298
864 278 16868
278 704 20651
704 486 37690
486 144 16204
144 456 13494
456 410 49315
410 578 7264
578 142 7640
142 522 4846
522 277 37602
277 443 46320
443 427 18573
427 837 9779
837 774 4804
774 531 17793
531 130 1367
130 886 33672
886 414 44803
414 624 15528
624 372 36143
372 444 45598
444 761 31076
761 841 49685
841 77 14057
77 528 2535
528 313 7145
313 630 10365
630 134 322
134 265 49468
265 736 19486
736 649 40139
649 361 26214
361 480 30409
480 605 48382
605 214 27513
214 98 8313
98 558 11272
558 595 47770
595 376 28211
376 747 30340
747 56 5516
56 188 38677
188 393 20976
393 196 42698
196 809 28276
809 676 4227
676 872 868
872 869 14135
869 738 42473
738 727 7373
727 197 40831
197 744 10101
744 224 17963
224 105 36241
105 51 45819
51 706 12989
706 754 48728
754 273 39231
273 387 25143
387 198 2519
198 789 31624
134 251 34973
251 270 22145
270 776 8268
776 324 6438
324 293 19548
293 158 8132
158 636 42995
636 811 42008
811 634 32028
634 498 28826
498 506 48988
506 542 9149
542 240 8123
240 314 7079
314 684 39631
684 713 17064
713 728 47183
728 263 15297
263 799 49114
799 843 34835
843 29 29392
29 783 20066
783 159 45368
159 78 41816
78 216 49357
216 650 7421
650 839 20639
839 304 49139
304 661 22821
661 192 32260
192 672 12193
672 674 10892
674 826 21247
826 780 19805
780 287 26611
287 632 9168
632 787 10565
787 670 37706
670 4 46488
4 868 28480
868 114 27333
114 409 3776
409 802 27040
802 470 47145
470 321 10509
321 125 18976
125 846 40139
846 93 41864
93 76 13305
76 448 35163
448 580 24466
580 137 16069
137 120 48119
120 166 41750
166 697 46754
697 15 1819
15 582 7464
582 79 5271
79 618 21580
618 24 1297
24 16 41905
16 512 33957
512 730 1350
730 660 32003
660 330 20106
330 266 26919
266 275 23143
275 575 6283
575 718 33317
718 349 31741
349 724 34682
724 195 26874
195 219 14300
219 569 11551
569 505 24504
505 3 27241
3 71 1899
71 327 32114
327 332 47476
332 481 25594
481 527 35672
527 425 49537
425 27 37166
27 529 28095
529 408 30514
408 118 22359
118 418 30608
418 30 8104
30 690 35176
690 583 36514
583 419 25600
419 665 27942
665 572 45772
572 788 14716
788 362 16205
362 715 43543
715 439 28554
439 146 10861
146 17 32502
166 222 39213
222 123 13491
123 836 24734
836 851 14640
851 99 16047
99 19 33865
19 808 8370
808 723 11709
723 857 9456
857 507 48093
507 693 23733
693 862 25508
862 345 33533
345 402 27345
402 32 1159
32 353 41151
353 255 36562
255 607 42229
607 73 34332
73 664 5416
664 842 5072
842 617 1629
617 716 36975
716 881 22524
881 755 26185
755 496 44730
496 274 38951
274 570 20305
570 566 19111
566 791 41288
791 233 26266
233 204 12769
204 779 12087
779 379 1235
379 592 42099
592 509 20814
509 874 48120
874 461 7612
461 766 9395
766 346 19406
346 540 14986
540 541 16082
541 365 4735
365 401 38144
401 157 33365
157 259 30659
259 138 21055
138 546 5809
546 589 36394
589 394 35238
394 457 16964
457 645 23635
645 827 33629
827 785 34360
785 67 37611
67 307 26264
307 25 42580
25 882 41388
882 829 15966
829 95 21513
95 377 6866
377 34 685
34 82 18006
82 853 35665
853 417 15536
417 382 3411
382 760 27871
760 389 38014
389 663 38171
663 237 2638
237 525 14161
525 437 6248
437 86 27643
86 109 12075
109 648 43350
648 576 9853
576 217 42872
217 499 21359
499 312 2477
312 124 43716
124 88 31947
88 865 2391
865 471 23624
471 600 7178
600 579 12859
579 53 44249
53 331 42875
331 66 22234
66 735 26980
735 35 7391
35 220 47727
220 1 1406
1 740 40721
740 59 12892
59 269 28195
269 135 44645
135 523 35704
523 694 10247
694 860 8770
137 449 28745
449 520 40715
520 317 22094
317 559 33071
559 887 39092
887 100 35664
100 867 25243
867 469 14146
469 52 14309
52 673 44989
673 643 38778
643 501 13697
501 458 7328
458 651 19588
651 245 9883
245 344 26792
344 147 44713
147 63 17056
63 813 24276
813 514 43129
514 511 37373
511 12 4583
12 746 13665
746 380 38040
380 451 9362
451 705 32030
705 243 28716
243 777 24693
777 156 38146
156 683 35820
683 863 44692
863 635 24184
635 671 23151
671 710 41517
710 85 48436
85 568 37025
568 375 40870
375 614 7615
614 335 36863
335 149 2402
149 163 6374
163 549 35156
549 7 37820
7 228 14683
228 586 43371
586 80 6937
80 246 37693
246 407 10209
407 155 12352
155 276 26029
276 772 31962
772 54 39639
54 185 40338
185 261 46307
261 22 35434
22 154 48888
154 406 8922
406 472 19589
472 550 9011
550 205 28819
205 452 48869
452 524 3004
524 55 18978
55 642 35973
642 46 47098
46 695 13409
695 212 29087
212 116 3895
116 878 9305
878 84 26527
84 18 39085
18 136 41020
136 326 15014
326 310 43539
310 239 13821
239 656 12449
656 290 10525
290 818 11026
818 786 18547
786 131 260
131 62 29929
62 264 6860
264 819 23297
819 767 3546
767 72 40081
72 628 27426
628 190 30063
190 832 42004
832 381 10151
381 223 22011
223 870 45838
870 395 26364
395 709 14555
709 103 12621
103 358 41802
358 374 17493
374 213 40857
213 432 45500
432 200 12174
82 792 5342
792 544 15888
544 667 10629
667 70 36138
70 803 46839
803 141 2612
141 42 27702
42 840 29915
840 165 21087
165 668 21901
668 183 32647
183 725 47102
725 883 31255
883 368 2205
368 385 20701
385 167 8847
167 666 39853
666 297 3290
297 429 12386
429 768 330
768 539 1098
539 339 15566
339 533 48332
533 250 41153
250 497 21550
497 551 34490
551 515 362
515 552 1693
552 258 32657
258 115 46939
115 492 28976
492 171 32756
171 179 26516
179 745 15889
745 128 1696
128 689 6537
689 877 44825
877 491 29110
491 797 5745
797 113 24925
113 164 37828
164 302 26205
302 352 37343
352 548 48201
548 257 28220
257 20 41676
20 423 24776
423 203 13723
203 45 7281
45 26 3690
26 404 20640
404 422 27357
422 260 46016
260 814 36045
814 748 40761
748 834 1722
834 562 33053
562 119 24900
119 588 19811
588 696 19272
696 69 17061
69 495 48441
495 201 21501
201 757 36520
757 680 12178
680 536 13371
536 484 27835
484 679 12412
679 466 39134
466 796 14095
796 281 38394
281 102 6493
102 743 3094
743 296 23108
296 699 39057
699 359 34011
359 438 34159
438 182 21865
182 400 35828
400 593 30751
593 235 1621
235 623 14352
623 537 17064
537 652 36902
652 168 12299
168 835 28765
835 884 14394
884 474 26574
474 9 3410
9 700 42059
700 854 8737
854 403 37705
403 741 12881
741 65 25046
65 91 6656
91 140 37285
140 207 15942
207 707 15685
707 31 13241
497 96 43445
96 606 29214
606 68 8529
68 563 7521
563 638 4310
638 178 41717
178 770 39199
770 191 2844
191 23 34634
23 386 28995
386 336 18462
336 227 28495
227 453 14233
453 852 6944
852 793 2449
793 848 19119
848 556 18144
556 360 13192
360 75 12489
75 396 7529
396 441 8839
441 367 42894
367 875 2261
875 821 34473
821 765 47489
765 726 6355
726 856 35232
856 169 29092
169 833 35177
833 517 10470
517 627 34604
627 625 29880
625 534 10747
534 388 21318
388 662 22742
662 513 8447
513 341 33280
341 447 48483
447 454 17379
454 36 10980
36 397 20877
397 292 29247
292 485 43668
485 415 47068
415 186 25716
186 629 397
629 565 5650
565 844 3495
844 398 1007
398 800 29368
800 585 45855
585 669 44777
669 81 1843
81 659 10913
659 110 22995
110 366 42925
366 729 34086
729 717 22374
717 764 19407
764 604 5014
604 807 20510
807 490 33320
490 440 35270
440 891 13385
891 291 430
291 784 27992
784 620 35869
620 347 29790
347 328 24987
328 503 15485
503 87 39638
87 226 28985
226 571 30050
571 300 38223
300 489 40381
489 172 20264
172 460 6997
460 873 22993
873 184 20778
184 294 15962
294 48 28856
48 691 7090
691 820 31465
820 794 40531
794 442 8499
442 657 47974
657 824 47368
824 354 40035
354 482 45993
482 283 20147
283 225 35364
225 801 49102
801 708 24297
708 8 49641
8 677 47387
677 39 40654
39 230 6626
230 555 24794
555 306 29670
140 435 20113
435 57 41272
57 356 9032
356 598 37492
598 122 34719
122 639 24943
639 545 16610
545 323 39379
323 493 39006
493 139 29089
139 104 13531
104 610 37420
610 232 842
232 40 1493
40 805 36903
805 194 6171
194 384 38506
384 180 4850
180 737 49852
737 0 2491
0 687 48887
687 369 23649
369 309 47544
309 60 35447
60 38 13477
38 288 881
288 584 28283
584 299 39267
299 94 6782
94 885 14040
885 626 42701
626 682 19540
682 175 21263
175 564 31132
564 773 31184
773 599 11097
599 89 40183
89 714 19378
714 619 6651
619 325 46084
325 631 13867
631 318 41637
318 428 34485
428 209 2847
209 10 12392
10 554 31117
554 543 22793
543 637 5484
637 337 15262
337 311 32419
311 132 2511
132 678 1454
678 351 20674
351 338 22412
338 193 30294
193 681 24753
681 581 15747
581 61 15164
61 612 48722
612 37 31210
37 357 28597
357 462 9062
462 371 40903
371 688 30312
688 181 47911
181 698 41150
698 804 6612
804 876 37289
876 771 26092
771 762 29405
762 160 35511
160 231 16902
231 831 31523
831 494 18660
494 888 3066
888 587 19118
587 411 42650
411 229 6745
229 530 14675
530 692 2703
692 101 3202
101 769 32875
769 526 30362
526 399 44628
399 658 46630
658 111 28789
111 560 45092
560 502 45653
502 516 13152
516 248 32996
248 609 896
609 822 29112
822 412 31266
412 685 37766
685 305 686
305 812 5614
812 712 10143
712 2 40708
2 6 1378
607 557 11564
557 750 32250
750 473 46592
473 301 471
301 739 5288
739 64 25547
64 487 41563
487 823 15075
823 561 13577
561 845 43046
845 284 11345
284 758 35257
758 759 8602
759 392 23123
392 421 28741
421 467 47318
467 647 35536
647 577 17439
577 753 14815
753 641 41721
641 221 32712
221 828 1105
828 815 46083
815 817 8683
817 383 16942
383 343 27500
343 282 31765
282 14 33974
14 859 26202
859 574 5305
574 117 7578
117 247 11394
247 148 14417
148 847 6368
847 271 7331
271 253 36912
253 850 45723
850 790 42834
790 108 49771
108 478 30961
478 433 14421
433 279 36003
279 126 28589
126 436 32047
436 653 8797
653 455 45736
455 858 26327
858 602 37395
602 655 48686
655 262 20562
262 521 24417
521 280 2837
280 28 34398
28 861 39723
861 289 43693
289 252 31691
252 703 31578
703 268 20994
268 810 49692
810 416 9706
416 202 18794
202 567 46131
567 594 24651
594 731 21765
731 825 13608
825 340 42675
340 488 1620
488 742 6626
742 686 41807
686 373 41482
373 210 18654
210 518 23098
518 322 18394
322 532 19392
532 107 5491
107 44 8526
44 334 2128
334 234 31171
234 479 49382
479 320 33445
320 161 35228
161 153 13340
153 174 16571
174 866 46178
866 535 18640
535 591 29151
591 74 20293
74 49 18719
49 608 28814
608 145 3887
145 390 1815
390 242 46864
242 133 40671
133 468 13761
468 778 18263
778 364 7607
364 319 35573
319 613 11015
613 295 48253
594 871 20503
871 508 1597
508 879 3757
879 782 38307
782 749 27026
749 378 1925
378 756 44454
756 241 25067
241 50 17088
50 92 20460
92 890 42690
890 189 44980
189 249 24692
249 446 28645
446 342 346
342 41 44845
41 596 21575
596 889 34389
889 267 44307
267 510 37037
510 236 28176
236 830 43403
830 413 35894
413 151 35900
151 849 15135
849 285 1337
285 483 28737
483 622 14586
622 640 12694
640 855 43077
855 97 39851
97 816 26913
816 43 35864
43 806 4692
806 424 22878
424 430 37798
430 112 15136
112 603 2454
603 477 11979
477 701 10939
701 177 16484
177 795 44383
795 218 18138
218 90 34078
90 315 12445
315 405 41671
405 573 14884
573 152 28995
152 355 15213
355 644 2778
644 654 36494
654 370 29053
370 475 29205
475 391 41558
391 538 27769
538 350 43906
350 254 29897
254 838 3791
838 646 21325
646 733 5762
733 476 44539
476 719 13561
719 590 16421
590 308 4322
308 615 35757
615 611 17201
611 880 31693
880 675 41878
675 127 5270
127 286 15385
286 721 3066
721 106 15413
106 11 32218
11 316 3797
316 170 10664
170 21 24117
21 420 41316
420 775 32428
775 33 9090
33 272 9172
272 329 24518
329 464 24167
464 431 1503
431 303 18457
303 363 48810
363 244 39452
244 13 49776
13 47 28257
47 199 45164
199 58 15347
58 298 36417
298 720 13822
720 781 33848
781 722 21915
722 500 119
500 601 21512
601 206 8521
206 702 1699
702 256 20314
