921 590007
171 474 42940
474 831 16568
831 304 14707
304 588 47559
588 873 484
873 248 44533
248 778 30660
778 423 13081
423 757 39197
757 858 31373
858 31 5651
31 326 47096
326 43 12437
43 367 8017
367 175 37267
175 711 20278
711 868 32767
868 166 1147
166 483 20699
483 694 17553
694 343 31933
343 509 13332
509 736 6230
736 677 47250
677 119 17513
119 151 14858
151 475 16032
475 76 48608
76 824 47938
824 370 42920
370 32 4762
32 433 15854
433 360 31237
360 660 41926
660 712 15367
712 85 23936
85 723 14199
723 839 16480
839 571 42343
571 16 30562
16 671 8785
671 826 2227
826 228 6532
228 601 21296
601 118 2057
118 271 8221
248 675 27288
675 467 29477
467 735 20029
735 244 37159
244 533 49436
533 377 47283
377 484 47269
484 487 15046
487 515 4024
515 578 49234
578 204 40162
204 612 4513
612 514 46440
514 538 12772
538 331 36598
331 541 6843
541 284 23810
284 363 18769
363 842 25350
842 40 9807
40 404 46736
404 42 17890
42 764 40119
764 654 13926
654 815 24071
815 345 8313
345 523 18584
523 740 33728
740 72 17087
72 135 881
135 645 40474
645 919 40931
919 106 24809
106 628 39230
628 94 31708
94 772 23753
772 50 37032
50 194 27138
194 372 12098
372 231 17542
231 371 30785
371 269 27300
269 266 10369
266 615 37025
615 282 15302
282 748 48398
515 792 8299
792 823 38839
823 648 4355
648 80 24566
80 813 40612
813 708 21020
708 285 26762
285 742 1253
742 520 25651
520 552 12675
552 788 7694
788 756 23526
756 422 19189
422 678 34232
678 156 12422
156 476 13044
476 579 24925
579 150 34584
150 211 11826
211 539 31638
539 188 27470
188 173 8194
173 299 43322
299 2 32568
2 46 22905
46 848 22875
848 872 21468
872 500 30395
500 862 1755
862 262 9420
262 359 1097
359 722 24220
722 4 34640
4 644 12827
644 77 14115
77 631 22751
631 524 6850
524 503 41899
503 380 5464
380 163 28144
163 828 11201
828 391 45260
391 911 8628
911 491 11146
491 616 15282
616 14 38020
433 356 40673
356 585 37383
585 65 41884
65 744 24885
744 178 4524
178 553 4504
553 718 5021
718 448 47896
448 905 20076
905 240 30180
240 597 22934
597 270 7852
270 608 24351
608 134 7026
134 255 35494
255 186 38350
186 302 23556
302 856 29919
856 555 1435
555 399 12096
399 213 9337
213 548 27264
548 573 33419
573 451 47014
451 920 5916
920 653 44103
653 36 1939
36 575 19507
575 350 38584
350 716 12060
716 336 13248
336 405 5822
405 209 23712
209 239 94
239 8 5786
8 715 36052
715 781 27920
781 246 27878
246 832 32174
832 846 32355
846 157 30764
157 223 3165
223 829 45607
829 442 9834
442 197 48236
197 112 22976
2 454 597
454 507 19048
507 153 17851
153 729 4553
729 352 46409
352 865 1279
865 89 41189
89 913 48057
913 382 1373
382 463 39747
463 203 11237
203 167 17757
167 912 27532
912 342 31267
342 637 37963
637 109 30353
109 877 22907
877 784 8618
784 843 14217
843 122 48794
122 811 46861
811 348 38499
348 294 40843
294 703 467
703 861 10649
861 232 29693
232 142 20964
142 486 5724
486 600 20240
600 582 25594
582 318 11796
318 809 2493
809 477 14066
477 22 45028
22 15 30903
15 41 12346
41 669 38809
669 376 19556
376 137 1152
137 681 41953
681 340 41947
340 570 33754
570 493 1060
493 876 7078
876 47 46024
47 752 21924
601 805 48151
805 512 31809
512 502 44406
502 347 6988
347 818 29067
818 525 1505
525 316 15521
316 308 23758
308 710 42264
710 630 27608
630 260 4309
260 835 46469
835 593 26665
593 564 44432
564 559 26586
559 437 9104
437 501 21028
501 693 1716
693 126 7347
126 496 34357
496 754 14507
754 569 17589
569 891 28581
891 426 10241
426 145 49929
145 55 18437
55 707 11926
707 906 8636
906 799 13922
799 635 6507
635 155 47593
155 335 47708
335 161 22125
161 860 25364
860 116 40577
116 159 13215
159 508 1950
508 131 19852
131 6 46268
6 560 17939
560 349 12730
349 685 6130
685 245 28630
245 697 9448
697 895 24661
895 148 26277
269 110 1769
110 409 44045
409 60 25713
60 897 35100
897 365 41890
365 217 23190
217 704 4331
704 421 39724
421 18 26748
18 884 19326
884 676 26037
676 627 19937
627 482 13489
482 417 22352
417 817 13172
817 713 4567
713 563 31252
563 914 8794
914 407 46031
407 278 40752
278 566 35673
566 295 2038
295 907 25610
907 773 34916
773 481 15913
481 721 16798
721 95 15524
95 67 9639
67 762 48457
762 328 41433
328 672 17284
672 289 4667
289 910 5947
910 431 30993
431 883 45885
883 531 40276
531 298 42715
298 229 5043
229 136 39736
136 338 1536
338 558 21997
558 420 42000
420 103 6310
103 221 20760
221 647 22543
647 253 21684
282 263 27413
263 321 27000
321 783 29408
783 797 15635
797 592 31167
592 267 42146
267 314 39549
314 622 41629
622 162 46259
162 87 5753
87 462 9991
462 330 14489
330 23 33761
23 174 2008
174 875 37423
875 886 13807
886 532 30238
532 216 11997
216 786 26472
786 519 2903
519 249 25034
249 275 12065
275 66 15522
66 141 18932
141 265 6309
265 303 26100
303 730 20277
730 51 47778
51 684 7319
684 96 13635
96 699 9336
699 516 41512
516 658 7011
658 313 33777
313 692 8542
692 403 9387
403 870 8465
870 287 49528
287 840 43063
840 88 38013
88 10 13462
10 425 27995
425 292 44073
292 636 20175
636 169 31363
169 511 15900
295 230 7762
230 49 27189
49 179 13290
179 899 31445
899 127 4301
127 709 39387
709 583 5957
583 584 3161
584 763 11288
763 208 32367
208 124 15556
124 429 32860
429 827 37421
827 821 29042
821 152 18038
152 739 39415
739 57 43653
57 734 37101
734 346 33741
346 455 36679
455 81 33473
81 867 24123
867 607 5617
607 143 9977
143 800 8462
800 775 14342
775 198 3774
198 537 35310
537 689 33886
689 814 26979
814 812 49441
812 214 10293
214 432 27443
432 315 19104
315 530 39189
530 29 40884
29 185 47924
185 489 41282
489 549 33553
549 755 35836
755 355 15414
355 605 29962
605 11 43167
11 428 13082
428 604 35371
604 885 13095
81 241 5612
241 889 40430
889 613 15057
613 386 49269
386 568 47587
568 369 7460
369 381 33736
381 845 2243
845 301 35525
301 333 11370
333 170 32287
170 61 47402
61 146 22124
146 544 9997
544 129 10094
129 801 11509
801 272 28024
272 98 33705
98 521 44557
521 385 44375
385 780 17694
780 634 49599
634 662 38075
662 354 28555
354 909 43811
909 807 48343
807 479 8781
479 290 8035
290 251 34649
251 257 22254
257 205 30384
205 97 10830
97 140 46213
140 168 6312
168 611 34421
611 646 17001
646 410 38068
410 427 24180
427 238 4514
238 785 7292
785 714 27165
714 70 11735
70 691 32833
691 56 21829
56 215 3604
215 358 35659
689 619 10696
619 836 21204
836 680 9078
680 332 41028
332 93 42767
93 86 19323
86 796 30553
796 139 543
139 668 25551
668 430 28525
430 638 41895
638 567 11293
567 341 28153
341 510 17711
510 268 1604
268 13 41503
13 128 21375
128 586 10803
586 561 6378
561 206 23940
206 879 28690
879 804 14364
804 478 30562
478 603 43137
603 517 21302
517 63 32079
63 414 41878
414 464 46852
464 256 3613
256 759 38702
759 379 10602
379 445 45527
445 849 24197
849 488 4136
488 468 4776
468 465 39760
465 402 20517
402 83 23658
83 401 31197
401 160 8475
160 902 45520
902 649 45771
649 743 25539
743 305 24983
305 717 45133
717 535 36373
828 655 9746
655 378 25500
378 881 36276
881 90 33807
90 890 27697
890 623 36895
623 419 3363
419 114 16689
114 695 3700
695 855 36661
855 771 14619
771 749 48289
749 227 47952
227 453 45369
453 400 38675
400 286 436
286 609 4874
609 291 12284
291 819 14896
819 79 20248
79 443 18623
443 624 3747
624 184 23690
184 300 29363
300 293 994
293 505 32585
505 673 16614
673 614 5652
614 551 25513
551 857 46034
857 917 25933
917 319 7779
319 746 18144
746 898 8150
898 37 34645
37 753 30228
753 233 5090
233 719 36502
719 724 17739
724 750 7036
750 101 14857
101 19 5235
19 494 35573
494 351 19476
351 790 28228
790 767 13863
909 536 22551
536 650 11014
650 78 16966
78 526 20245
526 791 7942
791 264 14408
264 777 43023
777 758 48512
758 187 18610
187 589 45726
589 222 28597
222 24 12529
24 207 33818
207 45 10512
45 450 9668
450 903 24497
903 793 8033
793 254 14576
254 408 10045
408 100 32637
100 113 11306
113 74 33400
74 219 4276
219 394 40474
394 395 21512
395 774 2279
774 368 28106
368 808 2969
808 765 4948
765 441 45800
441 258 39335
258 183 39261
183 177 16858
177 461 28455
461 841 40823
841 916 32560
916 556 37737
556 418 41925
418 871 43175
871 542 31932
542 543 42181
543 164 5212
164 741 39980
741 590 12147
590 366 19633
366 279 1351
255 639 43715
639 9 37029
9 75 1014
75 235 33790
235 123 23448
123 572 35337
572 317 22345
317 656 13957
656 498 43684
498 576 23068
576 866 1712
866 34 32203
34 362 45950
362 58 9260
58 54 7273
54 731 20993
731 670 36687
670 701 27064
701 434 7687
434 618 7670
618 720 40929
720 874 43431
874 389 25924
389 133 16236
133 915 37966
915 629 13932
629 190 18472
190 495 7307
495 62 8764
62 27 4143
27 396 41903
396 416 6583
416 5 36195
5 854 16673
854 745 6581
745 850 49283
850 309 8435
309 834 48219
834 659 40838
659 506 12165
506 310 28373
310 261 37602
261 527 46964
527 38 20502
38 327 26261
327 12 21376
627 803 4139
803 664 20300
664 702 4616
702 259 16371
259 457 5149
457 374 32154
374 687 16929
687 320 22521
320 138 11727
138 787 3889
787 7 45085
7 28 18523
28 361 465
361 312 4593
312 880 21087
880 456 8325
456 250 30669
250 92 26508
92 59 44966
59 237 26886
237 665 10011
665 440 48004
440 337 23695
337 283 27789
283 30 37243
30 534 3780
534 383 12677
383 626 48492
626 705 13378
705 439 19850
439 447 4989
447 165 45726
165 212 19722
212 384 16657
384 192 12157
192 725 47337
725 436 14662
436 154 10600
154 490 3766
490 120 8676
120 599 7943
599 540 23701
540 747 9676
747 3 8129
3 529 7912
529 761 13196
208 770 985
770 99 11427
99 52 46771
52 424 2421
424 218 45098
218 686 40075
686 115 30980
115 201 15232
201 674 33965
674 307 13094
307 446 14901
446 180 13478
180 199 45044
199 504 21661
504 64 6843
64 565 47550
565 107 6375
107 732 3307
732 53 11392
53 435 46058
435 617 32516
617 737 26354
737 546 30210
546 104 17564
104 243 47345
243 859 48933
859 830 8308
830 334 11514
334 518 6257
518 894 40416
894 108 24197
108 158 38310
158 226 37985
226 438 18272
438 182 2631
182 25 27680
25 657 29057
657 472 16646
472 528 8457
528 406 17811
406 234 2925
234 651 37170
651 492 32190
492 329 8510
329 667 49752
667 896 23741
56 195 45399
195 48 4487
48 196 29226
196 893 11754
893 852 18211
852 324 25622
324 688 42923
688 288 27878
288 121 31759
121 625 41794
625 276 42614
276 373 42756
373 144 38625
144 679 3057
679 863 41448
863 415 48850
415 322 17661
322 666 404
666 323 24997
323 550 20289
550 888 8322
888 397 43578
397 91 35077
91 499 17817
499 297 20006
297 82 33478
82 825 22283
825 26 9936
26 393 14493
393 698 20106
698 602 10166
602 789 23518
789 643 5082
643 280 7171
280 574 45213
574 460 3016
460 1 22590
1 357 38311
357 220 46520
220 581 33999
581 596 18867
596 887 7852
887 794 26543
794 449 10741
449 252 28068
252 69 39749
56 111 15595
111 580 17330
580 353 4059
353 102 12429
102 202 40430
202 594 35836
594 458 3637
458 769 33340
769 68 6799
68 700 39967
700 768 11679
768 193 39377
193 661 17533
661 640 9803
640 277 32923
277 838 37025
838 459 17229
459 210 48543
210 130 41504
130 470 16235
470 690 13990
690 176 2757
176 798 26379
798 844 43073
844 782 25420
782 469 7916
469 147 21599
147 853 15335
853 191 34895
191 779 22379
779 390 49911
390 311 41139
311 760 13992
760 0 34685
0 882 22277
882 339 44266
339 39 16477
39 547 10848
547 822 46846
822 225 21190
225 820 14577
820 620 10131
620 522 36076
522 869 7921
869 816 46206
816 598 17677
620 908 24951
908 806 33327
806 236 16710
236 633 37969
633 682 16040
682 325 35375
325 44 19972
44 71 17117
71 132 291
132 17 12244
17 35 15656
35 117 34468
117 33 24202
33 577 39190
577 591 1653
591 466 10512
466 84 158
84 413 7395
413 473 20993
473 364 49540
364 471 26279
471 105 33840
105 557 31724
557 452 36807
452 485 48797
485 606 31428
606 392 25536
392 728 14807
728 641 43523
641 696 2854
696 632 42002
632 513 39764
513 306 29034
306 810 31693
810 847 22285
847 242 5888
242 610 17938
610 904 19566
904 837 41982
837 900 35899
900 727 28641
727 344 44921
344 387 6799
387 901 43507
901 663 36587
663 642 37968
69 545 43768
545 149 33813
149 172 37224
172 200 29508
200 412 7507
412 892 46576
892 595 13795
595 497 31621
497 562 2120
562 444 30262
444 181 26242
181 864 27427
864 683 38925
683 296 2329
296 652 41336
652 247 31918
247 281 31134
281 706 32718
706 398 42201
398 554 32274
554 388 6440
388 751 22579
751 621 15336
621 833 43842
833 125 5087
125 795 21785
795 738 15681
738 587 11939
587 411 39633
411 375 42877
375 726 20180
726 878 43319
878 766 30832
766 273 5344
273 20 2661
20 189 25924
189 274 45277
274 224 30793
224 802 34107
802 480 27792
480 73 45623
73 851 42844
851 733 24149
733 918 38559
918 21 25188
21 776 25959
