1000 753860
227 458 21111
570 227 84533
611 570 150029
786 570 269774
412 611 379594
805 412 887270
565 412 317425
367 412 107659
558 565 642786
784 558 978539
780 558 555471
683 784 905071
643 784 169983
802 558 851006
557 784 445461
774 784 708696
179 643 390915
174 683 267650
452 174 368580
806 774 266410
295 174 15010
970 806 770782
891 179 87994
214 452 65014
590 774 403429
821 174 823194
847 174 415724
240 214 947357
895 452 790365
398 590 16310
190 847 607726
744 895 229546
745 190 853101
185 398 850367
526 214 969303
582 240 397296
180 240 379082
870 590 516596
627 190 533123
817 821 813017
67 847 546868
461 398 877916
577 398 457702
364 870 667232
329 577 857192
401 745 933053
969 577 732399
949 817 779130
827 461 700445
768 185 319513
15 627 881155
203 15 815018
251 582 950589
743 817 235973
992 461 947445
283 827 324001
39 283 868390
679 949 432400
669 203 505758
393 203 716784
220 669 35672
685 401 70540
711 577 682644
723 685 598244
95 39 998559
943 711 579544
222 679 222943
521 283 855192
632 39 462130
114 222 444056
690 15 134614
625 283 792627
387 669 647220
311 95 622735
873 669 536060
742 768 814527
373 220 736445
268 393 698642
868 873 451101
691 743 443895
837 311 933309
455 311 761204
132 632 968972
419 632 995150
25 742 125453
378 521 151969
630 378 351942
541 378 418967
5 268 850223
447 521 819926
720 630 176289
484 873 121634
875 711 824806
430 447 385291
106 268 899578
708 95 304727
729 632 94483
718 837 173877
617 875 370887
863 720 919373
512 132 780885
350 729 355858
431 720 75547
936 625 824672
678 25 896785
504 837 769345
480 387 446114
522 480 259977
470 837 3557
68 873 576423
520 512 816715
270 504 724087
463 742 3249
392 350 404197
260 875 916316
194 630 685976
993 863 169113
829 484 858115
72 463 320327
879 260 980574
824 718 165792
861 863 997923
175 463 151078
302 678 926698
169 708 594556
607 879 838269
439 169 441012
810 484 867906
547 484 973490
693 512 456079
389 484 238870
832 484 689729
796 522 591290
78 430 806252
420 430 234616
159 810 928653
445 547 450620
609 861 17064
485 439 511183
394 504 965726
457 389 798711
543 350 177831
807 547 716881
843 431 81571
63 824 21913
374 807 472710
665 260 702226
153 829 477155
315 194 253024
361 879 469671
730 431 508082
689 439 350437
815 175 276734
956 861 165962
395 72 714718
405 194 703213
722 843 272746
846 843 301661
549 693 316436
560 522 436470
335 843 19751
670 665 54384
318 879 623622
906 361 226689
912 670 295632
490 159 257798
592 485 142634
528 159 36032
474 609 303635
618 824 655172
107 670 328583
380 824 584483
505 394 467918
141 547 731414
862 693 761397
88 315 110867
226 490 13783
243 420 212029
105 543 845781
267 457 543284
645 318 619882
706 693 978741
145 485 591453
752 243 670060
614 374 421055
608 374 69439
859 457 449235
545 361 158530
396 318 729758
766 592 94581
372 226 249260
834 810 128523
140 361 537667
342 474 782981
548 342 839247
334 807 571802
60 834 472488
343 796 10359
487 730 186101
838 141 605469
322 105 82240
775 140 527008
671 549 850521
369 528 263349
465 474 894026
218 474 397159
305 88 776270
926 153 116733
83 457 386927
238 505 76668
69 141 326718
538 218 229895
200 689 305415
694 141 846979
43 538 156075
208 608 296455
319 592 659279
530 528 223625
753 490 741650
813 689 397450
149 528 517960
871 267 891889
688 671 545514
658 549 960847
313 549 758209
738 43 130969
187 505 773107
276 548 255794
309 396 334208
292 187 374198
437 775 428305
525 276 973631
352 545 587644
819 352 503102
89 218 368193
495 105 525090
482 838 602030
954 548 922969
568 313 493554
792 140 459773
968 313 814510
37 753 226067
804 83 769678
808 706 8912
155 706 17727
359 342 413556
849 276 306371
11 753 524812
588 804 543635
515 859 377414
12 200 54326
794 200 362341
234 343 132159
269 495 40230
101 89 307205
282 269 164666
848 88 979298
587 808 572942
974 525 642998
147 838 468658
47 658 818325
290 83 871219
48 753 728962
249 267 699438
523 871 504407
897 954 895523
131 954 422595
842 926 882928
476 523 708848
973 545 218728
855 482 860207
765 808 720429
162 753 327271
353 282 840931
844 804 36383
118 871 472404
204 752 829532
989 83 269914
298 313 734608
710 834 849501
273 187 818870
715 234 808038
913 487 20986
917 794 759206
946 149 705713
728 309 364857
758 276 535353
280 37 464810
735 765 212018
230 808 534247
556 871 950194
390 588 690999
648 530 92018
692 989 248382
836 694 393169
399 556 969333
682 162 672726
258 12 143668
535 118 32038
59 913 808436
426 147 871967
652 47 537618
887 926 857804
782 682 214016
130 926 123398
157 37 537866
573 808 967435
143 292 612804
858 130 789610
748 313 199492
882 848 738511
655 290 509991
184 855 454632
44 130 556489
382 946 170692
198 946 117809
503 804 284410
475 782 410758
417 298 833962
166 748 877882
428 298 645909
930 968 335000
567 503 53517
320 946 983134
637 930 638941
596 735 426024
239 282 467556
365 476 50109
139 735 555132
376 913 945600
45 503 19639
550 588 179626
53 567 581281
980 89 949344
622 258 726595
899 475 40089
448 290 358084
371 917 277678
798 482 649597
919 525 963065
358 476 736438
10 258 212791
193 48 149477
793 292 834929
991 682 67914
368 588 15078
754 980 707388
576 655 48530
453 576 399579
111 844 386670
965 193 470923
990 89 275132
356 968 710611
124 622 803732
272 198 558448
423 399 51317
79 290 688784
109 587 956379
750 882 980049
856 974 918624
937 476 309264
518 523 332774
764 258 11167
317 648 604779
777 376 907468
638 59 194625
598 965 629798
650 930 107464
388 764 94817
623 523 531383
822 990 343575
581 417 792010
951 550 203434
41 735 992492
905 230 240737
424 317 401626
112 184 85092
999 842 964909
663 937 802674
386 748 241650
578 930 445237
662 53 680702
135 623 527760
945 353 575630
972 368 907850
761 135 84717
961 417 383831
156 638 425784
247 131 330426
77 109 749525
82 518 456495
559 637 19191
867 663 414523
976 550 217596
680 423 86258
635 156 891728
232 976 14406
489 844 780618
901 390 410091
98 989 737715
569 761 855856
896 798 621273
695 793 278184
661 376 803478
966 937 593191
51 143 353044
800 448 135459
893 976 714804
281 692 385939
911 489 70886
773 569 709065
397 773 927898
595 581 445572
918 118 271702
925 390 491553
499 417 637544
869 692 594896
434 423 418392
206 637 846901
536 503 28009
199 867 631828
191 280 999557
866 798 74332
517 728 873128
492 913 212167
947 866 523791
714 758 650594
486 661 491954
209 166 43547
654 899 860919
422 822 43815
564 41 297333
250 692 814741
163 648 557074
19 166 257265
216 576 943520
981 53 365929
289 111 900241
427 258 647473
746 980 768955
146 356 331942
442 382 659126
613 499 123089
811 388 153968
574 761 886947
787 59 966550
26 10 818770
876 965 826161
233 652 398162
481 53 676157
979 798 122692
494 79 976921
90 663 868151
910 10 953504
34 748 15840
432 79 145171
572 386 728125
321 388 229250
213 156 973275
601 191 700533
384 876 499503
571 250 995748
326 572 964421
212 574 765636
49 51 809449
853 901 255089
699 901 42162
763 574 930899
736 559 64848
42 10 116947
498 746 523892
845 856 714526
65 358 954490
284 699 132275
85 845 234103
959 764 426993
35 576 426204
108 581 429121
91 980 954730
880 598 81178
985 358 833518
1 109 750354
628 247 600215
29 42 98285
852 596 204695
713 212 198023
172 486 772463
324 51 384425
14 434 6296
841 317 686539
553 206 622361
696 199 8864
154 212 114587
167 434 332203
418 798 659184
93 635 338562
952 1 602709
881 773 180364
920 899 903867
732 494 111677
826 167 381878
900 680 519603
701 489 507468
173 199 54579
818 384 657905
707 1 81133
142 98 112502
181 423 51261
128 662 541683
278 434 192488
931 773 890208
264 572 636133
331 29 79739
604 787 444341
287 754 310473
123 156 4044
958 163 511327
762 811 978097
337 212 750255
513 42 419214
539 247 151355
408 91 815932
672 51 416251
375 595 999165
409 696 849563
275 422 778835
3 128 383549
589 51 991206
136 386 299150
584 867 871785
534 604 788572
87 206 460951
939 181 414874
642 951 682727
527 654 692868
621 945 210376
61 714 247808
444 494 21373
546 999 312176
30 181 487504
332 384 983647
676 601 816247
6 432 937633
935 621 287669
664 589 752714
277 979 546558
102 142 175853
580 598 877180
344 638 347425
115 264 988293
16 422 983273
982 952 755877
626 486 594188
76 661 450226
96 905 515919
340 958 40589
544 14 88665
698 985 505914
820 635 429811
955 135 375055
473 880 829024
164 489 11057
328 539 726543
733 418 909683
898 337 309531
467 397 942076
983 867 838587
402 979 874343
228 910 695735
347 216 138
967 281 320980
421 762 32238
519 29 958962
727 82 672496
603 920 930066
636 664 447493
122 209 485791
189 947 628502
916 128 658359
908 278 570523
357 845 707672
749 321 173003
205 98 382364
719 853 915818
756 749 400082
702 264 819056
221 467 898582
889 979 12147
40 278 879776
491 467 195493
253 896 262829
479 580 636620
493 931 995287
497 880 726694
410 818 7646
293 213 652140
245 820 466947
886 654 795585
700 497 967123
770 569 452840
941 939 102961
616 898 375569
864 732 503865
385 763 525352
776 85 527110
262 628 273786
207 494 617130
851 164 914645
57 191 310074
624 344 730447
255 616 303393
308 427 895525
129 102 201012
18 19 933482
877 402 152246
552 910 591579
928 76 954130
619 250 816170
196 26 253959
801 626 316806
46 493 337269
677 221 602358
346 714 794285
210 473 512139
649 277 619057
182 762 686773
231 701 448288
647 574 358295
667 628 288685
301 866 933207
659 331 642528
244 324 792025
116 497 75461
860 115 287120
351 714 975426
929 209 383771
984 519 492781
563 811 775963
790 527 152957
865 898 15915
586 571 171374
988 624 948754
152 939 549798
24 212 980578
872 479 670163
537 984 526446
509 421 416203
704 233 132855
885 811 530892
170 787 283245
291 42 263865
599 102 127937
933 347 851219
300 408 199029
274 136 306713
138 442 284001
717 851 989934
13 385 120731
725 826 748583
22 872 867681
97 865 632869
660 649 105417
629 42 301037
383 278 508999
888 93 243660
304 205 564156
235 347 773892
413 851 248869
252 493 388686
151 205 5622
192 233 953696
454 672 855652
964 116 835294
977 255 454805
709 513 299523
236 732 708462
511 357 296480
360 253 7231
425 511 736395
446 6 32868
529 984 799891
542 885 68824
55 321 355814
610 87 599795
674 97 872491
510 553 727783
816 542 265859
962 749 232469
803 816 705363
70 709 637288
759 952 908941
263 571 447096
524 725 705041
117 610 848690
113 977 591605
705 719 68115
478 30 466669
133 291 107790
224 983 473949
271 170 751967
904 860 854296
562 24 289623
259 544 733670
657 22 561507
508 138 600111
684 552 227173
165 983 520007
94 749 983151
833 904 145429
740 151 147930
840 619 605640
600 840 290667
934 660 42099
370 885 439088
363 941 798573
506 885 48955
797 40 523814
644 877 620311
379 93 830419
125 657 389650
902 717 209106
121 826 562396
606 506 422794
176 271 340028
779 610 833280
449 253 421429
809 363 401469
66 983 612054
257 510 38409
20 385 372616
554 151 79880
406 621 659461
656 790 923968
296 304 88630
100 196 20466
712 493 856944
631 87 236931
186 508 199757
835 66 513660
830 982 125238
217 801 904713
651 271 678208
757 308 230295
615 982 929657
310 186 903053
726 332 698876
653 189 729397
686 255 625462
341 935 297592
381 340 301639
456 809 439512
31 181 200805
183 816 485513
54 165 272209
778 534 842402
772 984 146612
297 604 758507
411 759 842310
874 291 485863
254 293 735115
854 941 443424
633 410 66326
681 3 581651
407 129 694103
697 700 739202
783 228 537036
62 820 57560
469 539 94979
438 657 686415
994 929 885280
103 629 312799
971 18 863910
594 833 899377
907 809 529426
602 651 68071
266 370 263750
555 772 14243
781 700 657378
323 409 668202
188 473 821503
223 835 195127
788 413 453283
211 733 488894
641 885 622867
265 467 898567
161 928 12944
915 524 386843
914 308 359756
789 115 634422
355 527 116498
857 757 306983
960 122 671673
673 684 369430
583 456 739463
741 6 613055
591 421 961224
52 449 358230
150 228 800184
620 615 663083
23 40 253103
256 217 697243
828 816 9580
299 491 573701
924 236 978926
597 656 166191
338 778 414467
325 370 112804
158 783 154732
377 704 463028
440 789 726086
483 31 130739
948 615 962963
345 116 422588
950 797 904584
71 756 63240
443 749 954993
687 370 690600
731 616 350658
339 351 391181
307 864 466281
303 619 655198
769 196 911210
593 296 414385
27 594 205554
306 152 676691
171 443 211987
450 874 313706
314 338 651124
767 425 389323
336 235 303653
640 790 932026
472 385 4603
823 150 844594
892 491 531809
460 27 926920
441 161 224237
922 483 831750
646 600 621706
21 583 122597
795 554 697725
451 704 15907
997 210 280969
86 795 266005
120 717 252143
878 606 731934
242 21 306271
286 231 855555
894 653 733338
996 878 159524
7 491 497211
436 790 564003
634 54 640137
825 948 968360
721 223 929859
799 510 974668
195 165 206709
433 667 760924
279 385 637216
110 988 301993
288 379 216520
177 781 808178
80 928 867533
666 363 422603
533 150 721052
75 778 238013
84 54 812548
751 941 211394
938 889 212907
148 649 589302
963 94 910138
957 741 756011
771 719 685745
50 195 978093
248 674 246079
998 449 531472
639 493 614722
734 657 845718
675 977 257049
921 667 675940
923 629 116784
28 129 430353
464 125 208364
507 997 532990
56 186 242553
944 790 896643
435 771 819431
496 639 966779
8 865 634552
201 192 627923
927 18 100155
134 941 555254
64 597 894006
739 235 397870
516 888 450134
285 731 417094
883 555 253636
850 8 618572
814 610 35618
416 314 519630
294 28 571416
502 994 247570
400 435 726557
58 416 249459
585 314 566498
785 23 515709
791 921 859623
566 725 885585
229 964 669620
215 610 428752
884 150 216609
261 13 770252
488 235 643508
579 296 293439
99 291 89693
540 717 936625
903 914 591724
468 296 889170
81 586 779939
500 370 518395
354 962 872484
160 828 342024
127 709 37493
168 265 651949
36 55 885092
316 210 399925
747 529 571276
531 781 855426
38 502 550507
391 542 378919
4 36 302125
462 449 540656
225 984 94742
92 134 27373
978 585 935562
178 300 189996
429 103 351003
760 599 701592
9 878 210568
561 261 213337
839 259 598204
831 606 347010
605 339 818606
74 188 826714
932 960 741891
73 464 871889
755 310 248446
477 907 103228
403 92 679718
312 84 114491
362 13 113780
466 242 169686
333 416 856073
987 314 905616
501 932 166231
909 56 634547
975 303 782264
703 195 120975
459 631 284160
144 755 378823
471 562 729024
330 496 727167
349 176 381841
995 291 537572
366 120 809186
514 651 232530
414 286 72351
986 674 637245
32 857 663991
942 884 681535
33 55 179778
716 501 796625
17 757 377191
104 767 107730
137 36 269063
197 904 14389
612 291 135334
668 9 934249
246 830 840969
126 391 989741
812 996 35507
940 246 223512
890 781 192530
237 854 300196
241 286 115333
404 781 980045
532 414 27633
119 532 941492
575 8 401814
2 330 187782
415 994 787207
202 99 718451
737 830 790007
0 533 911515
348 830 319224
953 825 694728
551 279 409334
219 425 68890
327 666 719266
724 684 942482
