1000 366977
448 502 61189
568 502 12171
32 448 470
182 32 57463
409 448 63075
159 409 57598
901 568 1262
599 568 53
353 901 96550
912 32 16190
217 568 3427
60 448 10526
799 353 1175
549 409 2572
57 159 34913
743 549 2126
293 409 5579
849 60 17348
357 32 11329
477 502 53441
516 477 2105
260 599 84783
506 353 68153
975 477 32645
25 32 34687
547 217 71228
708 477 26261
49 353 39550
193 25 13178
463 799 64971
727 901 75026
464 547 49
792 799 21313
224 353 70246
732 448 29820
738 193 13820
702 217 32094
526 506 71240
637 912 41705
677 32 91483
121 549 44881
78 526 64654
530 568 46222
649 353 74748
647 353 85
94 57 1
896 60 16268
410 549 1938
209 637 108
554 293 1367
980 743 639
985 260 22730
575 637 13389
676 702 41842
373 32 18600
151 477 15039
988 209 70928
678 901 92744
17 121 22082
717 193 35423
390 353 65582
34 60 60003
136 49 82009
606 78 13517
286 477 41418
838 151 89294
884 554 13081
723 260 509
750 792 4152
973 750 78050
279 676 34416
737 57 27935
769 743 11310
766 57 14660
885 717 16444
26 32 49972
584 647 98477
735 980 1118
589 735 61216
656 286 4406
652 985 20
183 637 77415
785 885 82970
531 735 19244
86 575 15069
741 649 782
566 506 6201
683 737 31000
52 526 6431
281 60 10801
416 743 96811
22 464 45119
145 57 82748
979 182 1663
941 975 21522
324 60 7748
245 979 6326
767 209 85817
50 547 25605
327 566 72464
85 566 29187
187 677 14763
271 78 3917
428 193 22707
693 885 96532
563 390 59811
644 677 1294
809 547 17948
33 260 470
449 563 446
14 975 4020
825 32 1471
954 941 379
851 563 342
879 448 74156
47 245 62999
343 26 70286
421 416 15048
939 693 9925
709 732 1524
488 606 45465
169 708 1221
312 678 89374
119 985 13111
105 676 64961
456 516 93078
725 568 4865
72 224 939
899 584 2817
450 26 42793
771 136 63782
534 416 7035
760 792 72073
437 327 94299
880 17 27459
576 159 11602
780 792 21372
721 410 48983
560 771 77320
836 584 189
465 450 51540
695 792 46981
380 437 11786
30 576 20428
360 409 25
752 279 18024
759 693 37013
384 410 16261
815 448 4294
43 759 5101
118 50 44146
672 676 7954
686 488 105
58 985 7
866 52 17884
646 677 33822
9 738 7741
338 792 28447
179 416 18781
454 121 83945
107 360 60000
923 464 10513
828 488 8085
536 851 780
782 33 59436
218 759 33807
144 488 5602
611 721 84571
528 182 759
495 759 69200
221 488 94016
306 145 81401
69 260 45746
911 428 410
558 416 80793
147 732 636
571 144 10639
203 849 15031
600 107 857
111 203 61756
198 792 1710
438 52 1947
914 766 95374
305 107 326
292 286 26511
135 912 85
365 584 57518
608 118 94319
603 526 61409
46 144 19330
852 69 10124
905 799 33389
991 136 1424
578 353 37323
171 738 14043
929 281 41
694 390 546
233 147 83426
801 245 48242
161 151 59103
671 647 69227
387 578 30953
868 732 28
91 373 80272
582 450 28170
863 649 180
199 438 351
626 825 9420
482 723 79395
670 477 13741
734 72 94121
917 741 7052
470 912 72185
616 416 57
214 60 90843
573 735 43776
372 649 31502
413 616 1864
861 43 46393
59 752 9840
12 558 1349
955 531 22871
149 647 21288
388 477 51539
333 672 62451
304 312 42002
989 884 13695
808 815 74862
412 735 72876
562 464 50083
638 506 54300
945 955 6177
367 941 1764
247 72 7698
690 549 26276
88 536 11564
824 732 94373
949 785 30019
960 410 95683
609 954 93744
972 410 52943
278 672 41080
160 390 3122
870 923 20125
302 608 23623
368 60 41306
704 151 13060
191 482 31269
253 456 11857
113 193 6660
742 672 5476
643 160 1381
139 608 9096
776 576 31794
595 727 329
765 437 79411
586 271 42926
930 338 22558
311 502 14106
757 69 98158
833 373 54751
692 626 81685
156 333 59854
112 135 40673
420 743 1525
258 575 34453
716 949 77206
359 203 40634
63 477 1900
612 470 69580
797 338 38081
847 387 39589
518 690 30598
231 495 91
745 333 139
395 253 47429
426 723 4748
344 449 65689
230 799 63029
425 88 76447
216 118 29081
806 57 13477
784 359 90377
109 425 19049
474 988 27205
753 672 44245
511 941 35768
775 179 56533
204 109 91384
512 305 2141
541 578 434
354 743 39232
226 571 7481
339 412 46339
963 33 67767
624 863 2902
515 395 13303
401 782 27733
802 231 50806
965 57 33833
104 716 62918
657 690 40
123 286 95699
739 474 1391
447 647 4571
697 671 87718
629 825 47346
460 30 27284
592 511 94565
811 121 15896
277 955 7162
653 281 35923
115 697 67432
6 78 7968
494 111 934
452 425 84951
350 741 5626
539 989 62693
289 344 58264
701 338 79878
478 121 1059
864 350 18523
31 91 18191
228 338 959
668 989 9597
674 57 21326
28 230 35884
550 825 10112
73 63 2047
919 801 23191
345 708 20596
909 365 43804
898 739 31694
517 228 13437
634 253 48958
405 528 4178
205 945 20010
718 576 11385
44 293 1987
967 409 25477
642 421 6857
819 281 3328
804 923 5659
490 784 94233
331 825 131
423 226 12506
234 69 1157
570 33 49852
581 104 193
195 44 92713
731 963 12901
83 373 4014
493 629 2540
620 911 12534
902 32 14637
659 224 64180
188 204 304
472 78 34913
878 91 33591
154 919 41480
103 849 91422
545 828 98152
987 656 56431
168 452 17656
538 760 11453
796 33 3833
288 868 323
411 690 19
27 191 26105
117 582 491
283 28 14773
114 312 30
451 187 39620
330 91 21474
236 573 11292
846 253 71
865 145 4533
241 217 85
986 149 48741
486 846 92916
559 368 25657
20 474 9229
936 792 37855
969 656 10805
297 634 49266
798 600 32405
363 566 32112
632 550 643
772 112 51184
730 52 32287
18 678 802
61 359 59854
926 109 73251
998 241 1265
153 278 67808
391 868 54056
887 708 953
150 6 43237
844 161 2851
68 105 46372
316 534 16159
414 450 51766
267 612 86242
617 482 823
569 926 289
915 338 49
663 573 56907
435 674 67525
254 973 11350
66 765 64363
309 470 46451
859 708 1048
340 437 12052
957 384 8223
393 980 53515
429 569 20813
688 18 17029
827 387 3558
680 147 7691
900 844 167
747 657 74720
273 657 5671
322 659 84191
265 109 7645
385 22 28826
71 737 77651
604 809 24253
826 965 1876
625 776 6574
342 247 22996
940 387 16387
192 838 6107
664 674 23074
654 159 54
92 401 5355
675 826 69358
623 578 30281
893 339 1583
48 864 4106
469 887 64302
82 367 14812
201 451 10807
583 693 111
21 94 26645
966 145 5717
990 384 87299
417 620 0
557 701 23068
128 367 7222
280 199 47400
883 784 10507
194 414 2838
295 701 2737
134 18 36612
593 949 5852
937 750 48848
789 339 40134
122 670 30569
461 972 27199
533 571 15157
427 727 12670
655 357 92346
299 559 30945
376 901 5619
174 954 697
666 280 34695
167 295 39971
369 985 5880
713 333 103
84 752 3096
803 986 23290
351 114 48170
207 84 573
537 27 56476
402 151 95910
480 536 21124
596 657 2827
964 534 784
648 969 78370
284 654 162
23 119 80758
525 898 609
170 965 86856
977 666 20372
282 117 15369
175 929 620
740 937 68893
248 469 7846
696 623 2765
96 695 61515
455 695 29056
133 647 53179
703 896 73208
763 43 91627
263 333 70810
835 405 21154
335 759 40795
724 599 72250
830 85 76322
579 31 18990
501 570 73379
613 616 18684
845 909 91550
285 68 2119
814 563 14124
210 230 36004
770 333 200
272 477 26075
125 253 25174
163 456 7628
818 163 37811
313 18 44749
790 664 22662
403 411 17606
532 299 20277
489 559 5768
45 915 3771
800 273 14008
729 32 2145
348 800 85636
378 909 2244
888 234 6156
522 20 80516
433 967 73058
684 606 89688
458 170 78308
910 182 7210
244 879 31400
682 847 2531
822 955 1308
786 593 9
212 23 3760
778 204 30440
439 154 70251
101 801 99004
622 965 3949
996 160 55372
779 634 21350
619 902 5773
361 725 99764
377 78 91173
213 586 26139
98 135 138
459 896 48063
298 809 16872
264 23 92865
110 596 902
867 224 85977
296 405 70051
375 616 5615
903 387 29570
53 693 43668
5 709 13767
877 296 59694
36 230 48522
590 830 16629
485 724 22822
855 82 20509
74 61 85712
974 851 2141
961 790 1615
817 372 10012
15 279 4390
65 965 56791
564 71 40728
76 68 75930
565 599 27402
529 991 57217
137 776 48078
126 525 83742
948 101 2560
858 652 27149
197 565 17593
904 629 13836
222 170 27062
152 671 11990
341 335 24391
842 670 3808
70 306 25276
397 474 20123
206 986 592
141 423 30946
922 674 49873
290 134 51700
483 522 96047
645 363 20336
982 469 29628
748 464 33238
487 731 7415
698 732 98672
551 121 98541
561 372 9979
97 757 53
935 863 75160
514 340 3281
310 78 28021
424 154 98388
64 822 1200
712 141 40654
142 454 9404
314 97 4202
556 191 5006
640 333 7845
601 516 48717
227 357 224
239 784 95039
667 852 44715
594 725 84971
921 964 4195
650 571 1309
950 58 32059
178 182 22431
181 723 32390
337 306 58970
862 253 1616
615 652 7157
685 376 2266
158 697 47147
505 619 99568
993 316 13284
473 198 3241
326 765 1014
55 179 89684
246 678 55802
19 771 5947
831 930 29914
346 397 23635
256 868 9256
355 986 48679
841 456 81032
415 245 68
850 828 46176
500 15 58545
269 115 23432
521 557 96106
641 811 15057
394 712 30151
148 830 38487
597 914 23064
400 623 84090
95 197 11631
875 780 50667
639 182 22119
895 988 195
681 696 83320
238 306 41636
87 85 470
934 603 6499
321 536 18668
90 595 15494
484 682 72020
820 685 55413
366 954 569
577 650 96395
758 849 5096
356 646 6535
711 49 30059
453 182 46411
715 564 63088
75 94 18703
853 154 117
860 948 3836
443 716 9228
446 898 72911
840 529 496
621 482 96961
301 44 4035
821 57 35076
856 487 178
527 549 0
706 426 1167
920 151 18
441 19 48358
307 782 18590
319 601 22316
918 921 11615
916 539 24712
843 757 29591
496 494 16410
3 648 34201
11 415 42865
839 919 40681
371 775 27360
266 914 7178
535 393 13155
225 11 98073
476 28 36741
892 850 3583
928 26 2294
24 515 32295
80 101 14
202 721 60665
165 182 17494
816 372 79211
857 576 65137
100 451 400
720 657 57
190 167 1203
440 413 16260
138 59 34506
700 738 96287
956 896 22185
418 311 81851
585 324 2595
131 86 17198
872 355 25737
13 280 2461
662 986 12362
823 136 560
323 811 52485
475 207 35004
79 644 2510
504 639 416
755 504 11490
832 796 34847
543 806 21433
38 216 23339
710 969 14604
467 717 53329
432 111 44109
287 680 12591
445 178 6288
944 683 56376
540 163 64522
81 966 67961
164 455 36783
995 373 23142
186 405 89361
636 648 54977
854 322 26529
116 543 717
992 725 31320
791 851 21361
665 582 58548
942 856 4891
329 696 7596
795 861 323
552 846 7063
211 331 14463
481 670 83402
744 87 6505
673 420 14804
332 868 45942
457 417 2321
8 824 71971
508 570 35319
255 808 49912
67 998 95179
719 76 29563
374 443 3141
252 222 9206
897 854 83329
462 119 2428
602 772 10864
2 515 16617
749 996 23513
434 799 25191
722 677 19070
336 895 9182
687 919 11039
794 31 90775
157 446 75587
994 806 15340
906 234 81690
334 159 35137
317 98 82219
871 747 16984
631 893 11857
746 770 23980
237 154 73836
605 935 76315
882 804 17711
618 791 3309
627 111 81019
89 838 83136
42 694 13
567 618 4711
259 17 22189
959 912 99786
54 618 123
382 901 4502
874 239 521
630 567 3264
406 85 52436
250 319 74746
308 893 60601
268 780 588
519 33 40061
932 909 41296
398 76 319
873 839 68161
466 67 14856
633 538 74159
172 819 43775
173 43 650
555 107 1752
176 194 41527
726 237 64277
10 195 34060
166 92 79352
628 198 18601
7 391 48875
436 354 33121
812 435 17828
869 731 12739
294 96 115
155 44 35485
146 655 37062
180 672 34552
947 133 181
520 846 80507
933 351 74319
381 453 2670
970 882 21669
219 466 91525
669 803 1052
140 429 86227
56 483 53
399 409 8580
251 111 82629
762 245 55428
962 518 54079
129 759 59240
952 871 1327
4 842 13086
325 559 1919
497 675 534
983 286 26991
37 188 24822
108 312 48140
240 678 3823
498 114 67821
379 486 197
499 634 31301
829 152 118
598 211 88480
610 780 579
689 826 29630
16 381 40926
392 165 76
894 341 5715
185 516 18249
660 893 69588
223 116 1828
978 173 23914
320 123 323
127 840 40501
196 739 9082
658 959 28372
931 759 1965
243 175 2723
691 414 79893
303 992 1301
728 157 84555
40 962 68780
510 425 29154
938 599 67757
232 779 5755
352 336 4687
951 763 77042
41 686 27751
208 394 26777
507 815 44915
404 568 47115
981 828 2101
62 841 13079
777 167 17310
908 17 74195
572 762 8523
184 585 2573
492 254 23
99 888 39275
362 918 69739
999 281 79903
913 842 111
837 302 24995
768 757 2746
215 64 3039
479 61 28189
924 979 58554
347 22 48416
430 760 19442
968 675 1334
781 593 3216
714 660 94336
614 882 48231
834 818 49685
389 652 71529
143 790 61803
491 833 44448
783 464 24561
751 64 1161
383 760 4288
370 583 70402
471 9 74266
876 945 20683
848 484 65910
249 380 21301
553 963 92236
503 354 8712
386 894 428
886 312 15619
358 348 85108
890 713 635
927 313 83265
976 45 92
300 534 9130
574 300 28732
39 869 451
431 75 67479
29 96 14255
274 920 2280
315 416 5862
200 759 60121
805 165 40666
544 378 657
807 484 27765
524 933 13296
407 803 52379
774 692 9814
705 541 56575
318 369 1515
736 742 27786
177 508 1884
733 148 36724
509 740 1824
891 327 14544
651 690 12767
813 518 11480
997 619 21458
591 525 4408
364 879 59394
764 928 82666
106 562 17957
257 700 66858
275 691 51851
442 537 77359
523 257 15716
607 708 38605
588 776 1570
707 402 43533
958 99 1188
124 165 35387
587 682 6901
881 433 50317
93 650 42120
699 36 13820
35 32 44282
788 618 627
162 377 3362
953 27 14596
754 549 29333
925 14 64418
270 427 28094
971 550 36903
349 224 23888
130 158 36583
235 792 78464
889 680 52829
102 777 78292
328 324 4897
761 517 4495
276 852 420
513 343 2297
262 915 16854
907 185 64941
444 945 32111
51 97 36039
946 78 19007
661 726 11190
943 893 73635
679 105 41227
756 978 1
419 441 13749
793 818 13071
810 791 5283
189 223 16178
261 249 2242
229 96 8716
120 234 5995
542 987 53061
408 435 28057
396 133 20834
242 623 62921
220 510 31324
546 666 42497
77 643 63371
422 730 12738
548 169 20247
635 697 417
0 244 35319
468 245 116
580 612 99193
132 690 93431
773 508 85910
984 544 16669
291 511 51625
787 666 13629
1 684 60088
