1000 337882
544 223 336251
299 223 158955
355 223 3643
585 544 157536
351 355 160555
233 351 171262
999 355 273403
651 233 31864
425 585 332969
16 223 191669
758 351 181423
872 223 177793
939 355 154493
8 16 202646
511 872 100159
23 511 257639
279 223 127215
984 999 317347
358 23 205878
473 425 328064
620 872 271478
421 16 101563
404 16 155937
654 620 276639
132 421 301737
34 279 124263
357 984 207235
694 939 81067
4 511 162809
38 299 323063
953 279 230496
892 223 198337
871 132 52669
72 223 273946
273 871 234650
465 132 106231
96 511 285656
232 758 259349
771 358 323667
207 72 305990
832 207 186031
243 223 319961
181 872 139330
342 34 214101
305 758 303237
52 358 135489
89 511 123948
969 279 127258
453 999 11420
656 620 205937
508 453 123284
431 299 75641
516 4 251431
875 132 167459
983 72 185858
114 953 335804
63 656 47504
900 875 127586
638 96 317385
989 4 329834
150 832 218587
185 421 216539
876 181 159882
29 516 86009
583 999 288140
136 223 90763
852 953 43731
433 758 71185
612 207 277872
668 114 69731
160 465 270232
661 983 65680
399 871 136798
673 351 128281
21 305 204351
540 72 296895
502 612 116426
218 279 237725
212 540 320368
866 273 282546
630 273 92380
805 89 237460
2 651 289337
670 771 121214
393 358 94307
967 999 239192
836 540 204976
809 967 121348
47 585 188889
600 866 250404
677 393 335406
451 939 265571
932 502 327275
83 540 224067
574 465 202971
784 673 109999
483 694 198801
919 758 302087
143 677 44533
124 939 210959
464 273 262536
659 600 137265
84 654 74236
878 668 85678
130 871 22450
797 620 42178
951 299 237455
376 983 180332
470 351 109003
372 23 177755
546 399 257932
830 232 157029
660 47 90135
439 670 41064
436 404 290442
214 451 187917
535 677 147522
379 372 187026
497 656 60210
32 63 289468
695 951 68783
488 96 125158
75 89 329346
500 114 302964
142 399 100111
718 771 18996
811 243 2502
554 953 279673
135 546 186412
174 160 53399
415 34 322210
401 661 319041
580 2 330353
933 668 306049
441 21 30186
895 470 230798
191 142 214207
605 63 144721
517 668 310484
683 83 47754
11 872 121241
980 29 33648
560 984 88399
975 516 332688
37 871 175376
524 464 49919
76 2 14790
985 4 281131
894 892 229145
675 89 145811
91 516 234010
888 967 263275
318 983 15584
952 511 192137
650 656 248753
197 84 272518
231 540 213904
717 797 56244
597 585 294623
592 932 204504
598 142 315558
643 660 233855
749 318 232833
519 75 230847
937 866 197531
390 809 108883
515 52 6503
17 83 188013
705 638 103856
378 502 212464
58 299 110565
45 439 143535
284 811 199768
501 212 308168
403 675 184308
395 695 67418
435 811 138049
59 114 269400
885 34 102264
858 560 223802
64 866 241187
116 372 309778
552 160 119049
25 142 303004
382 59 331145
240 11 235637
594 399 189607
452 75 13096
375 695 222352
712 59 84
545 439 123755
572 612 270408
28 612 131796
936 677 41179
833 142 133207
607 833 220380
270 47 63521
287 580 282711
95 670 65623
931 59 154652
957 95 7667
106 501 116676
55 932 167749
671 984 239409
949 403 30683
241 106 270958
311 453 235884
419 895 180418
298 517 212986
308 871 130439
255 16 177974
493 8 310624
908 355 281059
905 651 207677
309 866 137867
940 931 99361
380 654 319487
536 84 193509
13 600 165965
31 983 310100
252 892 150786
30 84 220314
200 37 74047
268 937 94763
409 143 256856
203 142 193733
918 298 53794
838 683 238178
843 872 196479
163 174 80144
790 583 208010
928 268 327565
514 415 248433
244 984 304190
873 378 90827
374 985 39727
963 130 189366
334 185 122608
968 232 214599
520 940 181619
314 243 214917
997 59 335096
959 872 34121
844 244 215971
264 501 146726
422 969 82673
423 425 257137
748 959 106304
848 376 58009
921 983 9308
195 717 274222
186 871 1973
587 441 70058
161 379 16209
316 838 93311
388 163 147980
916 233 147263
703 473 100067
813 916 104681
777 888 74597
907 11 246520
329 13 187326
134 75 138440
795 308 150710
596 858 12993
117 268 198248
178 91 333904
235 748 302767
666 500 190676
993 957 207896
137 952 254562
945 660 108139
906 135 231187
366 45 335935
456 945 272644
196 493 334218
343 905 53801
946 654 23899
680 905 334625
202 502 106388
406 940 117881
820 76 324815
882 866 303638
187 375 243192
880 357 160898
950 197 78102
260 594 177018
990 758 212647
495 433 126150
738 25 315349
105 932 45181
617 260 59837
534 252 75796
890 951 169089
261 907 245274
550 96 142456
506 375 132012
689 514 150015
477 11 156899
295 435 268587
304 683 246327
808 908 90649
443 906 277607
573 638 18340
640 376 127054
562 425 293935
548 379 302441
665 25 48890
566 695 154398
561 536 198680
417 945 92989
337 790 2900
854 661 146203
754 425 301771
377 795 144789
224 514 268975
623 885 165807
171 207 17660
164 940 122933
491 813 287451
715 456 301931
629 329 84222
339 134 274595
766 717 273230
723 629 239220
169 766 132036
627 983 248333
558 949 186107
860 393 251134
851 95 222354
381 311 273876
917 566 332519
129 150 158644
362 629 201919
657 705 207041
981 8 144224
847 999 155367
679 395 34339
571 638 337288
510 851 173629
170 596 213097
254 4 263679
368 84 193001
73 607 164771
614 134 137536
710 723 154433
189 638 120841
974 4 222617
762 508 299790
877 651 181107
530 28 219953
579 243 329282
943 600 150179
290 580 333384
276 951 192420
397 32 58036
166 421 306053
211 665 326358
849 571 145493
855 766 319723
750 524 234063
100 75 108324
457 376 31964
988 495 326
823 299 92588
205 851 158818
840 620 55155
678 273 149451
328 295 299853
898 617 280158
82 990 204345
841 372 311524
157 287 1813
893 252 218695
3 132 143147
655 401 18433
557 967 6460
74 135 144007
575 953 137076
770 959 55516
428 343 101062
774 488 27282
373 417 203953
302 134 121680
676 334 273798
642 211 41765
555 895 111372
306 969 300999
369 72 325535
800 28 214090
547 502 126989
494 748 7732
50 55 186140
158 339 255504
606 174 67462
353 660 291200
641 748 309929
884 185 103404
731 207 251951
462 983 73991
935 205 178344
485 337 337005
698 612 227562
685 830 27473
578 932 334169
507 516 54902
863 390 333445
356 833 105624
320 597 26086
662 873 208211
324 214 49673
582 96 199508
335 898 45225
407 372 19246
81 443 271533
365 500 228227
180 715 316781
249 423 59078
371 491 311802
344 52 135753
330 254 258424
153 163 149954
78 654 185476
835 339 258948
645 169 161167
458 89 334790
193 501 57981
259 975 42184
42 264 35183
333 130 183543
253 852 132799
755 832 159322
730 836 196962
532 683 21591
653 594 23876
802 63 204596
929 802 137238
924 193 265777
498 943 8711
786 273 224257
332 73 104901
66 316 302280
484 936 275697
713 587 116735
479 943 102267
747 344 151516
98 630 70529
444 738 313210
489 365 337569
625 444 324776
791 29 236378
275 890 320651
826 47 300172
522 517 204440
70 180 281370
128 169 336765
145 552 89065
338 802 289885
543 516 233518
649 333 62286
383 993 315164
551 547 173974
853 983 202100
752 802 247665
267 451 210470
734 136 14063
67 501 9590
934 554 254554
958 243 89033
386 843 281896
526 383 264798
686 98 190373
283 342 80537
883 273 267028
46 988 129533
674 689 174483
593 543 250635
238 677 225979
834 558 41524
147 261 224717
719 59 87919
789 483 60675
839 946 230172
15 96 234334
743 643 143646
434 980 35763
927 583 31112
162 91 264851
870 839 283865
315 777 193222
780 838 236824
188 583 195398
965 843 143349
611 160 157671
420 755 211872
445 830 150690
591 445 271665
635 304 318739
559 58 174602
92 582 68378
396 802 72587
79 116 43799
760 965 97585
831 550 32917
595 205 28737
97 37 156964
978 958 151908
912 378 150584
85 680 48869
482 16 325474
658 254 85945
113 376 227777
227 491 320671
702 908 228791
400 839 115019
549 200 64102
944 540 21133
60 444 168136
864 884 94080
480 809 29917
735 425 147446
426 752 111201
613 937 202539
222 47 246001
962 760 61699
899 45 88460
87 284 60029
992 311 42006
721 366 85781
122 494 218646
7 958 280956
127 409 273307
360 96 100313
104 267 115810
782 625 197607
746 921 197183
991 855 320498
455 64 213512
242 85 112146
837 747 192147
416 585 96466
430 495 331453
531 651 27590
432 853 179362
184 597 258513
586 432 157820
902 863 312229
528 953 278344
599 378 229118
237 2 39665
742 540 189826
225 552 56050
819 547 139801
700 522 266
874 983 42504
398 117 97716
922 712 301105
53 546 37251
206 185 186180
996 916 272224
263 87 222483
842 465 70961
616 31 202833
198 428 182914
948 372 300366
274 983 44730
910 362 15888
221 791 40922
846 864 204430
230 551 326557
942 629 179997
615 397 258760
618 657 148006
44 465 38486
478 905 65
190 124 116788
768 223 119887
292 530 230610
289 105 176196
350 939 327001
798 223 18354
468 479 209546
621 876 139037
792 574 152759
794 477 157376
972 171 24140
845 25 98436
541 452 308439
720 988 203399
22 937 12526
36 4 78572
226 16 48010
322 614 122745
966 351 96908
6 710 88724
976 515 28746
394 337 220905
340 600 335920
509 304 62311
176 423 330084
521 702 266331
467 394 94318
926 373 320860
706 790 186382
90 520 121294
1 161 308730
20 76 107377
692 218 269914
764 543 135714
303 350 81528
326 653 132597
518 399 127333
868 358 295691
118 574 107137
867 351 245404
628 945 249885
102 942 134568
239 439 151720
363 522 64270
442 376 151741
269 169 130500
245 421 164654
101 160 15494
57 357 2319
149 261 155876
938 677 286787
262 750 219756
450 470 156943
475 673 61624
977 583 311902
179 324 122934
704 113 240396
982 922 199530
565 578 228153
744 124 200517
512 225 29145
204 805 308095
576 551 242022
804 23 210264
812 545 126127
108 836 323401
724 11 237490
915 924 12792
699 170 287494
722 166 122323
228 992 57141
590 790 2162
300 565 282587
608 66 139477
138 50 103749
424 863 120925
568 734 11112
229 549 21098
973 20 23090
553 369 191159
414 432 144716
733 560 61178
684 819 201192
602 29 928
384 710 21959
971 749 17023
775 575 300427
788 918 296432
691 72 261735
941 424 243707
151 924 331100
448 478 50038
159 676 319123
156 651 286439
248 915 10993
633 847 315876
165 641 334487
385 335 267238
533 252 114749
336 511 180699
459 393 91373
39 493 92558
644 337 185558
787 124 54791
220 548 2028
217 971 274301
767 153 173864
65 844 20369
753 70 171524
234 342 134176
345 401 128794
69 274 304580
886 678 10934
215 559 124325
307 780 165287
707 36 313408
588 150 1504
964 586 97607
19 136 146606
288 483 113402
281 673 159905
523 543 40523
486 495 66379
286 238 142411
663 28 174511
570 326 146766
759 880 316746
646 198 122567
40 706 116780
33 34 202587
505 590 253413
35 599 328635
312 703 335252
466 981 139512
954 284 66342
584 350 112398
94 360 337417
923 526 177511
349 965 197180
567 184 255277
412 588 182321
107 232 301457
251 312 149185
71 382 207070
469 436 233167
714 309 257241
603 442 96392
352 895 209595
77 455 319291
177 617 31920
80 242 71964
803 972 192443
391 721 58597
879 203 262042
449 212 125810
696 40 186910
861 838 135607
796 84 7235
869 228 127081
955 482 334753
301 30 171630
672 174 53506
476 117 205805
487 464 94026
865 129 92577
728 129 105434
327 232 134870
48 334 246498
810 485 104
182 902 44179
492 211 65863
348 274 61827
631 895 217716
913 980 124421
271 975 27309
246 936 73476
199 559 17055
637 590 100072
461 13 274878
542 422 113138
765 488 193661
282 189 177191
296 100 258131
814 853 143270
624 771 179016
726 95 253520
711 980 316281
26 36 222634
652 33 258115
911 395 194690
626 621 300391
725 161 120358
634 255 2729
474 854 228195
829 571 322848
125 928 283462
27 114 53980
209 642 43089
857 327 69605
341 830 12285
998 423 155119
144 35 120010
115 852 9881
297 25 312478
167 621 167307
61 83 187297
821 82 10187
687 157 315949
716 691 119283
131 886 132613
979 176 263651
272 296 98254
909 235 111805
891 485 160583
503 616 244125
413 586 147077
709 85 320081
317 271 60652
577 946 127208
112 230 305028
387 232 119837
440 546 31438
331 461 179769
740 640 109356
757 858 138719
183 775 61933
859 113 51290
109 114 71622
43 978 180272
822 432 186377
664 117 140125
438 662 146537
437 495 208820
827 274 67770
471 336 5466
454 740 190169
402 487 180048
278 464 187803
667 188 139698
257 624 113338
120 362 84226
569 104 308454
708 357 205711
266 246 58653
265 516 74484
609 978 55145
14 251 156721
781 90 264186
828 268 310093
904 784 331521
807 46 102487
294 242 248126
321 38 306008
785 240 312151
903 900 335659
897 77 214668
41 422 101077
914 757 266093
291 847 146890
779 932 271996
173 456 216586
763 177 260314
799 805 48374
496 438 118545
285 849 238131
736 46 230635
93 77 43485
783 430 39376
54 828 2045
359 758 259397
564 653 125939
323 845 76748
636 349 147820
24 779 80731
619 283 210603
408 742 160563
0 206 93956
213 117 118965
773 23 186861
346 454 276722
133 83 314175
121 943 117068
12 566 70500
293 791 51886
756 586 326007
688 307 52067
427 906 145160
539 933 159416
56 736 144832
701 932 80484
140 957 48947
280 136 140632
901 518 70836
219 544 191022
881 832 191599
277 425 146774
751 931 182650
325 149 84696
405 497 199843
690 35 302228
111 34 219396
729 742 182973
236 12 199085
310 219 23584
208 164 27195
697 288 300136
354 98 289441
525 666 311049
947 489 198261
201 692 54904
581 797 251051
648 494 164515
818 666 332109
994 597 284118
9 373 209721
123 441 267026
210 633 281409
639 881 255253
601 161 259209
896 835 145408
364 774 268329
418 159 133803
776 97 207622
119 694 250616
250 105 80548
347 609 46343
175 493 5308
622 428 278330
49 75 150340
529 252 9532
392 61 139933
732 117 252316
527 227 43825
563 580 68593
681 228 187016
610 618 131052
110 300 265059
647 687 991
793 345 140762
410 327 166772
986 544 58219
930 112 153544
51 937 177095
737 792 45875
68 857 131474
589 401 125317
139 218 93497
504 574 155093
815 353 254120
389 685 59344
192 91 172932
247 508 33863
604 229 189480
154 161 290598
152 864 16858
446 788 17584
216 709 271132
429 332 175019
741 171 4387
103 491 287506
727 316 140781
146 898 295884
632 473 58264
361 407 60629
960 409 76920
367 338 280102
460 44 187102
172 525 237288
538 350 191522
490 888 229552
370 231 204112
18 787 77188
313 400 160555
772 783 182528
739 98 158537
148 668 158220
995 882 234433
5 650 129782
778 74 51796
556 30 223490
887 774 33471
155 449 183099
499 212 17737
513 873 35927
62 994 287702
682 142 324403
99 768 250029
817 215 168218
825 812 20004
258 538 191614
862 695 226252
824 173 287293
850 991 316043
447 347 108751
472 301 14587
987 728 30557
669 15 78883
761 163 190111
816 981 151246
956 402 77747
693 829 142673
889 115 36803
925 831 218601
411 261 58967
141 771 105454
856 835 88554
537 788 292313
806 877 281384
970 732 278864
801 556 198727
463 184 17085
194 957 23014
920 156 21211
961 816 116020
88 434 194944
126 523 337065
168 666 228076
481 530 73359
256 438 128720
769 733 97352
745 137 208434
10 629 34468
86 888 203111
319 435 283933
