925 508606
242 124 4984
124 859 874
859 674 26
674 153 626
153 551 977
551 841 2598
841 429 3246
429 610 4421
610 739 4795
739 821 2179
821 508 3127
508 432 2882
432 923 3375
923 308 8
308 842 3669
842 133 4866
133 3 766
3 186 3762
186 80 4224
80 82 4814
82 426 390
426 818 1502
818 147 1092
147 682 4495
682 290 4632
290 676 2511
676 588 3390
588 396 2095
396 524 4357
524 100 2221
100 692 2429
692 184 3195
184 717 2606
717 387 1162
387 907 3698
907 394 520
394 701 1156
701 688 3302
688 650 1845
650 579 2000
579 623 1642
623 796 2643
184 448 452
448 399 22
399 437 4414
437 345 232
345 711 3870
711 825 1559
825 21 4627
21 812 4615
812 563 3085
563 54 3672
54 843 638
843 155 2085
155 762 1358
762 804 2095
804 833 2861
833 221 4080
221 0 4795
0 160 1843
160 483 777
483 751 2308
751 187 3039
187 313 1434
313 88 752
88 593 585
593 675 386
675 83 2228
83 215 4181
215 224 4331
224 625 4250
625 844 2719
844 469 2749
469 634 428
634 14 4659
14 490 1764
490 36 69
36 839 1176
839 614 901
614 136 4384
136 606 1253
606 353 4392
353 591 278
591 150 1374
524 585 1551
585 6 1472
6 792 2679
792 474 1321
474 324 1962
324 878 4628
878 864 4825
864 909 4053
909 904 2486
904 475 3031
475 767 1159
767 288 1804
288 395 1291
395 296 3981
296 921 1450
921 161 278
161 319 371
319 900 3840
900 50 1134
50 143 2258
143 134 451
134 142 1258
142 156 3640
156 689 2825
689 331 959
331 577 3569
577 53 365
53 359 4819
359 254 1779
254 666 2941
666 840 3884
840 730 3970
730 310 2969
310 351 629
351 401 4088
401 883 3271
883 520 1122
520 723 3767
723 56 674
56 95 2634
95 720 1119
720 307 2279
666 173 4198
173 96 2747
96 694 4438
694 127 2028
127 592 2305
592 824 1850
824 597 1239
597 33 984
33 209 4341
209 162 706
162 643 663
643 621 2004
621 917 486
917 668 2798
668 690 1049
690 246 4501
246 69 3918
69 817 4220
817 20 4598
20 831 4912
831 430 4355
430 598 1997
598 695 3948
695 644 2419
644 29 383
29 154 2396
154 667 1862
667 693 4247
693 542 3254
542 114 4843
114 232 3217
232 570 1012
570 638 332
638 565 1486
565 68 2207
68 309 4350
309 612 1364
612 342 1668
342 439 622
439 391 986
391 192 1951
192 835 1573
859 906 1775
906 386 3833
386 867 2801
867 25 3925
25 765 2148
765 511 882
511 388 1736
388 655 3588
655 279 1122
279 103 2392
103 629 2885
629 81 1779
81 472 43
472 899 980
899 607 2055
607 238 3658
238 189 3778
189 791 4739
791 166 3022
166 669 3954
669 416 810
416 691 1313
691 862 3627
862 590 3302
590 438 2300
438 540 2847
540 17 4174
17 772 4469
772 435 4862
435 529 1943
529 545 2170
545 802 243
802 509 510
509 760 97
760 444 927
444 683 4466
683 102 2595
102 727 213
727 558 2334
558 352 2162
352 680 2044
680 534 4687
540 715 3994
715 850 3575
850 556 2427
556 32 1469
32 301 2793
301 803 634
803 208 2474
208 453 4778
453 557 4657
557 333 1121
333 618 3511
618 149 3044
149 320 2785
320 503 4840
503 371 3432
371 137 4596
137 409 753
409 79 2479
79 661 3949
661 325 901
325 566 2403
566 269 3881
269 276 2059
276 330 883
330 198 1517
198 451 3567
451 731 4011
731 849 3999
849 712 1116
712 148 481
148 129 2142
129 573 2509
573 732 2501
732 35 2066
35 567 1264
567 846 169
846 781 850
781 339 2145
339 141 3877
141 915 1747
915 466 763
466 895 3296
95 375 2016
375 298 4075
298 454 3588
454 362 3662
362 562 615
562 893 3496
893 801 2298
801 771 824
771 323 2947
323 898 4536
898 47 1034
47 889 1998
889 417 2248
417 521 1523
521 663 606
663 672 3964
672 43 1854
43 223 4254
223 316 3380
316 768 3202
768 460 1139
460 494 1510
494 104 2939
104 271 541
271 52 1169
52 350 4832
350 493 3736
493 424 1284
424 317 3498
317 1 1857
1 789 693
789 87 8
87 856 3987
856 406 1124
406 405 1171
405 875 1620
875 131 3323
131 49 2914
49 806 2654
806 753 2667
753 543 3666
543 268 3996
399 229 457
229 236 2237
236 272 4992
272 481 2152
481 652 3726
652 415 552
415 412 4017
412 72 1101
72 234 4236
234 664 13
664 713 585
713 123 3432
123 108 2868
108 920 4739
920 436 4711
436 27 2934
27 706 4472
706 747 2226
747 293 4327
293 196 2544
196 476 3306
476 881 4313
881 119 607
119 433 4051
433 373 4245
373 584 4168
584 281 4863
281 506 837
506 97 1915
97 117 961
117 205 169
205 757 1509
757 258 4705
258 633 527
633 299 439
299 322 3503
322 336 4851
336 311 31
311 227 2353
227 479 1711
479 890 3637
890 827 2212
147 871 1341
871 197 4953
197 92 2255
92 140 1217
140 74 420
74 836 4390
836 679 308
679 911 363
911 125 258
125 914 1270
914 442 2390
442 560 1803
560 681 4333
681 382 3270
382 5 2187
5 805 739
805 571 3004
571 368 2664
368 877 3599
877 245 952
245 613 4877
613 628 2847
628 239 3099
239 441 2073
441 725 4745
725 790 2731
790 535 1029
535 894 2465
894 363 4748
363 377 3474
377 463 2915
463 837 4644
837 203 310
203 247 2043
247 811 4499
811 710 2141
710 861 3344
861 38 31
38 807 318
807 256 3495
256 15 4839
15 561 4277
614 115 193
115 180 526
180 517 839
517 902 1101
902 797 1633
797 390 696
390 44 536
44 206 2418
206 702 1957
702 372 4491
372 250 1756
250 167 479
167 744 1535
744 360 2087
360 263 1207
263 172 4760
172 45 280
45 411 3766
411 512 4044
512 48 3297
48 705 533
705 121 2629
121 277 3446
277 91 4916
91 168 2209
168 496 2225
496 834 2534
834 84 4885
84 418 4147
418 740 2665
740 815 2147
815 670 1936
670 718 3945
718 300 1910
300 459 3259
459 61 3312
61 903 569
903 581 1331
581 709 159
709 120 2743
120 738 4408
738 510 2142
834 207 1233
207 211 4980
211 213 332
213 641 4111
641 596 1423
596 265 676
265 814 4408
814 665 4469
665 280 1267
280 347 1791
347 252 3088
252 918 2416
918 443 280
443 40 2283
40 135 4442
135 484 4600
484 519 69
519 169 2351
169 569 1500
569 90 1398
90 7 1826
7 462 3198
462 278 4686
278 216 1468
216 86 3828
86 532 3811
532 819 4057
819 210 3996
210 170 1339
170 499 4593
499 554 2101
554 253 4700
253 515 460
515 832 243
832 708 1520
708 204 1434
204 110 2420
110 539 317
539 745 3839
745 315 758
315 640 4226
640 98 600
14 848 4837
848 274 2147
274 795 288
795 264 4462
264 808 878
808 622 4017
622 477 2587
477 611 2749
611 775 3767
775 766 415
766 609 1016
609 514 4545
514 164 1648
164 793 2917
793 30 3705
30 428 1789
428 321 1866
321 502 1140
502 348 1500
348 202 686
202 402 256
402 897 553
897 159 3193
159 219 2084
219 910 3025
910 34 304
34 698 3797
698 427 2813
427 779 3317
779 470 650
470 549 3259
549 741 3775
741 455 4221
455 794 4480
794 857 2876
857 62 552
62 24 1698
24 46 3914
46 335 2846
335 734 3564
734 516 1849
516 660 618
643 742 543
742 673 858
673 240 4975
240 257 4725
257 457 3937
457 533 1909
533 703 2262
703 736 3754
736 214 1335
214 863 2046
863 447 206
447 200 1918
200 642 2771
642 619 2788
619 64 3529
64 659 4100
659 118 3466
118 468 4322
468 128 2697
128 746 2235
746 181 3412
181 884 2363
884 225 2301
225 230 1476
230 616 1315
616 464 746
464 735 835
735 165 2577
165 478 3194
478 809 628
809 480 4080
480 615 4181
615 291 2482
291 786 2663
786 858 1689
858 630 1625
630 501 3859
501 393 4472
393 51 1520
51 882 1361
882 617 3053
617 188 4396
557 587 652
587 440 2131
440 302 4310
302 380 3891
380 218 4250
218 450 949
450 759 644
759 513 2508
513 434 1759
434 773 3092
773 365 122
365 574 4539
574 75 3403
75 344 3025
344 548 4724
548 384 2110
384 726 1990
726 201 4163
201 199 3521
199 261 2182
261 854 4228
854 132 1925
132 303 26
303 190 4130
190 85 258
85 445 3840
445 578 4984
578 901 2855
901 485 4611
485 194 3080
194 244 3934
244 171 4488
171 228 312
228 497 4244
497 314 2835
314 361 4147
361 398 2680
398 787 3539
787 220 4050
220 719 1752
719 358 1500
358 251 3425
395 306 1361
306 662 3924
662 367 3468
367 589 2791
589 364 3867
364 583 1241
583 754 3435
754 826 2514
826 329 691
329 284 1488
284 2 1508
2 507 3571
507 193 4708
193 157 3569
157 785 635
785 575 2742
575 349 1208
349 403 4272
403 312 2226
312 646 3373
646 217 3459
217 130 4647
130 810 4132
810 113 2485
113 776 4878
776 749 1365
749 60 4948
60 343 1824
343 39 3008
39 639 1766
639 379 1014
379 126 3357
126 489 4014
489 275 170
275 627 4966
627 769 3876
769 356 4149
356 16 604
16 684 4682
684 182 2001
182 603 4795
603 243 3804
17 632 4745
632 151 4638
151 756 2310
756 828 1220
828 31 3199
31 495 3238
495 700 1572
700 686 3611
686 341 4819
341 743 1728
743 152 240
152 260 1037
260 608 1742
608 626 1599
626 19 3810
19 892 2862
892 559 4179
559 870 3963
870 289 3883
289 414 737
414 550 4802
550 602 356
602 599 2080
599 471 3155
471 226 3701
226 880 2
880 671 2514
671 177 150
177 518 1846
518 11 4963
11 729 4270
729 139 247
139 919 1395
919 241 3535
241 500 3303
500 449 624
449 94 4135
94 385 2666
385 10 111
10 869 4246
869 65 61
65 678 1391
256 337 3134
337 305 2624
305 237 800
237 852 3342
852 531 2380
531 273 1999
273 580 1813
580 421 4156
421 722 1014
722 526 3836
526 874 33
874 12 1710
12 714 1439
714 536 4040
536 378 635
378 456 4172
456 721 221
721 860 3463
860 191 4035
191 879 3139
879 595 86
595 491 3176
491 458 136
458 912 3588
912 922 243
922 855 680
855 42 2548
42 270 2449
270 699 1764
699 624 2612
624 41 1834
41 425 3234
425 369 2174
369 179 3927
179 605 2752
605 783 3784
783 697 1789
697 653 2367
653 728 2841
728 553 2115
553 55 3741
55 601 4910
743 777 446
777 799 2826
799 146 4631
146 748 375
748 467 4582
467 853 1675
853 185 4262
185 527 59
527 410 2580
410 647 3920
647 111 848
111 63 1204
63 340 642
340 122 1300
122 847 1162
847 70 1376
70 750 2085
750 829 3959
829 116 2673
116 255 1366
255 231 3187
231 73 1779
73 487 2042
487 733 1919
733 178 3786
178 109 3285
109 326 4073
326 866 3832
866 176 1190
176 233 4761
233 865 2568
865 397 1166
397 78 2028
78 283 2056
283 873 3098
873 346 2267
346 408 2709
408 354 2422
354 332 1273
332 28 1754
28 872 4240
872 851 1680
74 357 77
357 830 2370
830 896 2852
896 541 37
541 420 3827
420 158 690
158 465 2709
465 636 4144
636 724 2202
724 637 1622
637 784 2187
784 389 4199
389 144 1303
144 687 4560
687 355 3358
355 651 755
651 267 4053
267 782 3604
782 905 333
905 446 455
446 788 41
788 294 4458
294 259 3444
259 93 3484
93 112 1636
112 600 2236
600 547 2051
547 800 1099
800 908 67
908 58 2171
58 504 1251
504 9 3326
9 737 4417
737 552 2439
552 22 4305
22 423 2536
423 770 3360
770 374 762
374 525 4340
525 23 2458
23 780 3616
780 538 2340
97 285 1233
285 544 73
544 572 3662
572 422 3451
422 594 1715
594 649 2063
649 101 4931
101 366 864
366 183 2127
183 816 4748
816 248 1785
248 392 178
392 461 3714
461 66 4188
66 685 2288
685 328 412
328 89 525
89 820 1270
820 407 3455
407 604 985
604 292 2376
292 413 2592
413 924 2326
924 174 31
174 648 1012
648 286 3845
286 823 1883
823 195 3962
195 763 1849
763 452 2966
452 886 4014
886 522 4547
522 822 4931
822 523 208
523 564 2956
564 716 30
716 707 250
707 235 1348
235 419 2580
419 13 1915
13 657 4589
657 761 784
24 645 3976
645 798 1504
798 888 2624
888 295 3499
295 582 4296
582 505 2051
505 488 2146
488 383 2305
383 704 2610
704 282 553
282 163 4490
163 755 4334
755 222 3430
222 138 541
138 656 1075
656 266 4195
266 473 891
473 37 1219
37 887 1462
887 530 750
530 891 1332
891 145 420
145 105 2605
105 486 2119
486 404 4420
404 913 2755
913 99 3166
99 370 1346
370 876 3516
876 774 2892
774 635 4182
635 212 4139
212 654 1065
654 59 4778
59 8 1428
8 4 319
4 334 2884
334 838 2029
838 555 3461
555 26 3181
26 916 4576
916 297 2984
276 813 1553
813 482 2979
482 537 1753
537 400 3853
400 318 2429
318 631 1912
631 696 1192
696 71 2749
71 67 2169
67 338 887
338 107 2099
107 431 4272
431 568 1491
568 778 1627
778 77 467
77 546 159
546 758 3528
758 658 3300
658 76 2225
76 885 3433
885 327 2195
327 845 3277
845 106 1662
106 175 3057
175 376 598
376 287 1036
287 498 2950
498 576 2435
576 492 3536
492 586 4876
586 868 1037
868 57 1688
57 18 1296
18 752 5
752 677 1826
677 381 628
381 528 832
528 262 934
262 620 2937
620 249 621
249 764 4724
764 304 4582
