12
100 88 1039
6 0 16 16 5 19 16 18 19 0 10 19 12 19 0 9 3 7 19 3 6 17 17 4 7 10 14 11 14 9 6 6 0 12 16 15 15 16 3 0 19 7 16 18 1 19 9 12 3 16 8 17 15 2 11 15 11 2 6 18 15 5 17 8 8 19 16 2 6 14 5 19 17 12 9 11 17 4 1 11 13 16 10 3 16 19 19 16 3 13 2 11 3 7 1 13 19 18 14 17 
100 17 11440
13 15 3 18 1 10 14 13 18 17 3 0 10 4 5 16 9 10 1 0 17 6 12 4 17 6 17 5 17 7 10 19 4 0 18 9 1 3 17 0 8 1 12 15 11 6 2 18 14 12 3 18 11 11 19 7 6 1 14 15 6 18 7 10 16 18 2 11 4 14 6 18 9 13 7 10 5 12 7 4 9 16 2 5 17 18 8 13 3 11 14 12 12 17 1 18 7 14 14 1 
100 64 10912
13 6 3 16 13 8 12 6 3 0 10 9 2 1 2 15 19 17 0 16 16 1 15 12 14 6 5 14 16 5 13 3 6 13 13 18 6 2 1 16 3 15 17 7 7 3 11 19 7 1 5 5 10 6 11 15 11 11 12 16 6 11 2 4 0 14 4 11 1 19 7 3 4 7 15 10 17 19 18 0 17 2 11 8 2 18 13 19 12 13 2 10 17 11 6 4 16 6 7 3 
100 97 17828
11 17 3 16 7 6 19 16 13 16 17 18 1 7 9 18 4 6 5 3 3 6 9 16 14 9 6 4 10 10 5 1 7 7 7 14 2 11 7 7 8 13 7 5 7 4 14 6 5 1 18 5 1 18 18 10 5 1 14 5 9 4 17 9 1 9 11 11 3 13 3 7 17 5 3 2 6 17 7 8 2 4 10 17 6 0 19 18 11 2 12 1 1 13 16 13 1 8 18 18 
100 23 24732
12 1 18 14 13 18 12 1 14 7 1 12 3 8 18 19 1 4 12 18 3 3 9 13 14 16 1 2 13 1 7 12 1 0 11 10 16 9 4 16 8 1 6 3 3 17 15 18 4 3 13 12 0 4 9 5 15 3 3 17 0 9 19 14 4 17 18 4 1 2 19 17 17 19 15 11 15 10 11 3 0 0 2 4 11 3 14 19 10 5 19 15 7 9 17 4 7 0 5 0 
100 57 30869
19 2 5 4 2 19 2 15 9 9 13 14 5 5 16 13 7 4 4 19 3 6 6 13 9 8 15 12 19 6 1 19 11 2 12 17 11 10 14 13 6 0 19 2 16 5 11 9 5 9 9 13 5 5 16 3 4 12 8 17 17 2 8 4 0 9 5 1 4 14 13 4 1 0 17 19 14 11 12 12 14 4 1 18 17 3 10 17 13 18 6 9 6 4 12 15 9 19 13 9 
100 100 12474
0 7 6 5 16 18 0 15 2 6 0 11 11 14 17 18 8 19 16 16 13 10 10 16 18 5 6 5 0 4 11 14 7 6 17 0 8 19 0 13 6 18 14 5 9 11 19 9 14 14 14 8 0 8 1 2 14 1 15 1 6 15 13 9 14 15 3 3 9 17 9 14 4 4 5 6 5 2 6 16 8 17 14 1 0 16 8 6 12 16 9 8 19 14 16 9 16 19 3 7 
100 3 23781
8 12 8 18 4 17 16 2 7 15 13 6 0 7 5 1 2 12 4 10 3 10 14 16 16 2 3 1 1 0 5 18 19 0 17 1 11 12 18 9 8 14 2 2 4 6 19 4 15 1 1 6 17 12 1 13 13 10 13 11 6 7 12 9 17 15 17 0 7 14 7 19 8 13 12 19 19 5 6 17 16 11 5 12 4 8 18 19 0 2 11 13 13 2 12 13 2 3 14 9 
100 19 3831
18 9 16 0 16 1 0 14 17 3 12 4 18 6 19 16 14 12 0 14 9 16 18 3 17 19 15 18 17 4 15 7 9 3 6 12 1 8 16 9 1 11 3 10 13 1 2 2 16 4 10 2 14 8 2 16 7 3 15 14 14 2 3 6 14 8 17 15 10 10 18 0 6 0 14 15 1 12 10 0 10 12 0 11 8 0 8 19 9 12 18 9 0 15 0 17 6 1 1 2 
100 15 838
18 12 4 19 16 13 8 0 18 9 18 7 4 3 5 17 0 7 8 2 17 1 17 14 13 2 4 5 19 14 14 10 8 13 3 15 13 14 4 12 14 13 5 14 10 4 10 14 7 8 5 19 3 4 11 19 18 14 14 17 6 13 18 11 13 0 14 5 14 13 6 2 15 15 19 13 12 16 11 12 4 18 5 12 16 17 11 8 0 2 6 8 10 17 18 0 8 3 19 5 
100 63 30394
18 14 3 5 12 15 4 5 0 10 7 12 7 8 12 12 9 3 18 12 17 3 12 9 2 13 17 15 16 10 5 17 4 9 17 10 16 17 10 13 4 1 0 8 10 5 8 9 13 8 0 1 19 2 3 8 5 16 1 9 18 1 3 5 8 3 18 18 10 18 8 18 17 5 8 6 13 19 15 0 10 16 15 10 4 4 11 4 4 6 7 15 5 13 13 4 13 3 12 1 
100 16 1399
4 19 1 17 18 4 17 3 6 17 6 18 6 2 12 1 13 0 3 6 11 15 12 7 2 10 8 6 10 4 7 3 17 12 17 18 19 3 18 13 8 16 7 8 13 0 10 11 11 16 14 10 10 4 1 6 19 1 18 8 8 17 14 15 16 1 4 11 5 19 8 0 5 13 6 3 1 10 0 11 12 8 9 14 3 10 10 7 15 18 8 11 15 17 12 15 4 18 0 13 
