12
500 429 9989
7 94 91 62 50 77 97 73 94 40 87 51 92 6 72 79 84 49 18 13 79 58 33 14 75 66 97 18 8 24 66 76 6 70 1 96 22 69 41 55 70 33 43 16 91 60 5 88 25 33 84 47 62 0 21 7 99 48 29 64 67 29 89 88 48 8 5 41 99 40 3 65 95 58 38 46 45 62 31 58 82 99 64 52 18 89 72 55 64 46 26 99 81 8 81 98 81 60 79 92 48 13 64 82 17 23 78 24 49 78 54 41 30 72 14 95 98 81 65 3 66 28 82 62 90 3 97 65 14 23 82 90 13 14 8 11 49 52 49 78 16 67 14 42 78 22 69 17 38 1 57 15 65 74 79 2 72 27 62 10 18 11 32 10 51 2 23 16 98 49 24 78 65 57 19 25 56 74 91 2 51 71 37 50 82 81 51 6 89 25 5 72 57 89 31 73 28 97 32 12 97 70 67 97 64 76 48 77 30 33 58 37 24 81 94 89 32 95 86 71 49 39 19 52 92 34 32 7 91 87 64 11 77 19 90 18 21 80 19 43 24 49 67 87 25 17 95 35 91 77 58 65 98 43 43 74 10 8 47 43 29 60 84 14 94 49 28 31 29 61 82 58 88 60 69 55 3 1 35 85 64 71 61 99 66 44 44 17 59 21 0 89 80 37 89 77 68 26 35 0 87 11 58 83 4 17 70 86 81 84 17 59 86 38 9 90 61 81 97 53 20 32 74 62 87 32 18 83 12 68 17 62 8 83 74 33 79 87 28 99 27 50 46 0 81 16 0 61 97 28 43 80 96 16 70 50 10 66 10 69 69 41 67 29 78 99 24 17 50 84 53 87 90 82 98 8 42 67 91 13 40 20 98 47 55 63 8 48 86 88 8 67 7 95 1 52 71 12 6 31 48 43 75 50 92 98 49 9 52 25 17 18 61 29 10 33 58 12 96 29 62 44 25 59 59 92 14 60 63 43 21 98 65 8 78 27 8 77 46 84 55 16 8 55 49 87 98 3 63 19 94 1 30 51 77 96 84 14 96 84 80 6 73 31 90 43 0 67 15 67 43 40 60 43 42 44 99 98 51 84 21 20 81 83 95 54 16 40 70 20 85 65 24 23 2 65 69 92 63 25 
500 244 2180
90 6 66 26 52 14 51 26 62 22 45 3 91 67 72 0 98 52 65 90 38 18 43 41 87 61 49 51 13 30 27 97 80 37 73 33 22 1 61 71 93 58 9 0 78 54 53 64 14 15 82 47 71 0 95 7 74 38 67 60 8 17 51 24 73 11 70 47 60 12 26 98 40 55 16 31 47 48 79 60 93 2 24 37 11 39 18 3 45 69 57 47 0 99 76 6 65 28 43 70 22 64 21 69 9 97 62 29 58 32 65 59 99 8 60 51 48 38 27 76 21 21 78 53 91 92 73 20 55 82 75 85 19 80 2 81 34 34 8 40 54 59 71 5 68 58 17 94 84 73 83 70 58 51 22 64 72 55 27 36 80 22 39 89 84 93 34 95 25 95 41 97 5 24 5 38 4 59 51 88 44 98 21 61 16 71 6 89 82 84 32 95 80 90 41 28 69 39 28 69 92 43 74 81 93 64 84 30 46 52 46 6 40 70 93 29 90 52 9 49 50 56 94 6 63 82 12 31 10 97 4 33 16 92 17 86 23 22 71 85 76 93 51 0 68 88 59 46 45 55 71 78 60 15 1 36 9 54 44 10 99 88 31 41 80 82 8 90 55 15 39 75 36 33 37 6 79 26 60 20 85 67 61 98 12 16 11 88 66 17 62 26 11 3 52 87 74 78 83 19 32 67 7 68 11 81 8 45 11 96 43 27 46 97 10 75 25 20 70 0 85 7 81 21 11 10 91 58 84 36 64 83 88 77 3 0 57 32 61 47 54 55 41 4 40 12 42 27 77 31 93 71 55 53 9 21 51 87 17 10 39 99 45 41 37 50 71 72 93 79 55 30 17 95 24 21 74 1 10 53 94 88 45 69 68 39 23 64 31 12 41 62 35 4 73 65 84 97 96 82 49 97 74 92 32 87 78 83 34 80 29 33 89 43 37 25 84 4 22 76 43 41 19 4 72 10 29 79 21 43 9 96 19 27 3 47 78 40 67 27 66 88 75 67 30 53 85 73 34 81 34 59 62 39 55 51 17 2 52 86 24 11 54 44 4 61 49 26 29 69 65 51 95 86 84 31 36 82 57 8 88 61 84 3 18 42 62 23 12 88 42 8 56 38 16 24 3 50 16 72 
500 172 3067
90 93 9 61 25 89 17 69 94 59 80 89 23 11 93 29 67 68 63 99 31 48 67 32 62 30 58 3 73 47 81 65 10 47 3 90 21 17 95 27 19 56 19 68 63 67 88 16 71 3 51 91 76 91 27 44 68 92 44 19 11 62 87 68 95 83 75 8 29 75 19 7 65 56 81 95 81 7 95 65 88 6 56 77 28 3 25 95 23 1 72 23 86 73 4 56 3 96 55 8 0 39 21 38 7 55 45 22 11 79 85 74 13 94 97 61 4 1 4 16 94 48 55 26 82 24 70 48 97 82 48 1 10 65 20 88 69 46 97 88 20 15 55 83 15 12 64 70 10 85 26 80 57 95 81 33 44 3 35 72 22 69 94 32 99 62 22 96 83 15 87 30 97 99 22 41 44 70 11 57 84 68 41 30 36 29 1 7 11 50 44 62 65 85 36 29 68 16 85 78 30 87 72 3 32 59 16 67 27 45 35 29 26 80 83 87 32 74 9 1 20 54 57 59 58 58 52 79 80 1 54 60 65 87 44 88 72 7 61 58 36 14 32 19 26 35 74 42 24 18 31 23 29 49 22 14 81 44 24 27 59 67 29 67 88 66 67 24 61 7 63 18 88 52 37 19 74 23 22 64 69 14 96 40 0 24 70 49 87 35 5 8 58 84 26 42 48 43 4 72 4 68 17 22 78 30 52 8 86 26 89 61 1 48 8 45 17 11 27 28 79 55 51 83 20 38 85 59 99 8 25 87 0 48 70 87 10 90 19 59 4 67 21 80 35 5 67 49 27 63 27 88 2 92 86 67 57 95 29 70 48 40 0 10 77 57 87 72 4 71 47 31 70 21 56 78 28 37 81 61 38 78 35 9 10 35 37 69 37 38 35 4 72 27 6 45 92 17 56 42 89 41 48 80 83 78 44 82 50 93 25 76 54 6 95 74 10 2 69 53 25 31 67 24 65 48 87 47 28 38 16 37 72 72 74 48 72 45 94 65 16 19 12 47 39 10 6 12 43 14 18 6 81 54 77 40 62 53 54 1 29 70 61 36 6 64 8 1 60 10 65 2 50 33 26 86 86 1 90 54 3 56 88 77 91 71 0 65 12 21 97 42 72 55 69 59 54 53 8 31 
500 432 9109
7 14 25 45 19 92 19 77 17 9 25 11 19 65 5 26 94 21 42 1 98 71 24 44 73 67 24 3 32 87 34 30 50 25 56 69 78 25 16 81 80 24 57 94 87 67 66 47 1 4 56 67 50 8 81 73 93 64 68 50 9 9 39 73 47 66 67 15 65 35 23 41 59 88 91 87 39 34 78 78 18 18 70 64 45 28 68 58 33 89 87 54 3 24 20 22 6 13 66 61 38 59 79 97 17 65 32 73 60 39 78 75 61 38 45 4 14 35 3 35 85 27 88 15 49 89 5 45 19 79 2 82 30 32 17 41 8 90 60 28 2 49 57 46 66 48 52 60 91 54 69 84 60 69 60 62 53 11 53 91 98 52 71 18 77 72 0 13 2 7 69 31 89 54 40 16 20 41 75 38 10 69 75 37 23 44 1 53 89 95 52 22 42 60 43 77 15 91 48 69 24 1 97 28 13 99 9 23 68 17 11 47 12 87 23 74 26 24 21 86 34 64 82 20 68 5 4 31 51 26 49 81 86 64 27 62 1 58 46 21 3 47 31 92 5 5 80 59 5 56 12 83 36 3 20 79 84 66 81 52 31 69 80 1 84 96 20 73 23 23 23 12 74 44 87 76 69 78 6 1 20 56 36 38 78 51 5 45 46 57 50 44 1 3 16 66 69 68 14 38 77 13 42 18 16 63 76 2 51 19 22 62 46 22 7 74 14 6 69 76 34 39 96 75 78 69 25 94 47 28 27 27 3 73 1 5 16 65 5 8 5 64 11 83 80 51 48 78 2 21 73 82 75 7 14 81 49 34 40 19 4 97 23 81 43 67 24 23 49 85 26 25 17 72 17 25 74 86 60 76 67 10 71 90 58 33 81 63 36 51 84 55 53 3 41 72 76 54 97 39 76 68 36 89 48 95 81 26 96 41 22 87 5 9 50 3 52 35 15 19 1 67 77 4 90 49 97 1 49 14 70 33 77 94 45 32 22 75 34 44 38 40 90 63 52 77 19 79 46 94 14 83 37 19 68 44 30 43 23 6 11 88 82 37 20 22 72 17 6 9 8 50 39 12 36 24 39 31 88 57 87 41 54 17 80 35 32 5 11 71 60 21 54 36 74 63 25 48 82 43 
500 34 26488
92 31 65 61 37 86 76 47 88 57 2 10 89 19 62 66 9 34 55 55 27 44 98 45 77 39 31 14 85 71 76 90 37 57 30 98 20 33 37 88 84 47 74 9 17 15 59 84 96 91 3 27 20 45 70 92 83 9 31 62 36 98 5 87 91 15 71 75 22 13 99 10 34 47 8 55 18 71 10 95 20 83 19 92 51 87 4 12 16 33 5 80 99 48 33 8 94 37 76 18 90 42 14 62 57 26 92 72 42 10 61 48 5 40 82 98 5 33 30 98 25 87 21 29 87 17 71 69 83 7 52 92 16 33 29 12 98 30 70 87 59 92 94 30 99 1 98 28 14 81 85 30 21 27 95 40 55 62 37 81 21 25 96 72 4 96 70 87 3 92 69 9 12 40 25 7 83 91 85 78 88 58 77 15 44 94 34 26 36 73 17 8 37 71 89 4 71 13 91 8 7 29 39 81 26 80 44 11 60 12 52 17 17 92 13 49 63 42 64 67 8 8 0 12 14 9 65 44 12 90 89 15 74 67 50 56 32 67 74 59 35 21 27 85 64 43 7 89 5 76 95 18 29 53 78 34 36 51 44 21 95 73 60 75 65 87 87 94 78 21 10 95 34 22 90 66 42 3 73 43 94 17 28 44 99 66 15 85 79 26 68 71 41 68 4 44 35 18 62 94 52 99 81 86 83 67 8 14 5 28 32 50 51 0 78 80 32 97 74 91 16 76 32 37 9 17 92 71 32 35 67 64 59 83 23 88 2 57 71 28 56 79 4 99 19 8 51 75 18 0 25 4 46 63 47 36 39 91 65 92 69 97 17 21 10 94 4 51 1 10 17 78 72 6 49 10 10 11 5 76 92 58 6 37 29 93 14 59 83 29 99 70 49 46 13 53 66 48 63 81 26 60 39 45 11 66 26 22 25 56 86 80 71 23 58 22 90 92 21 7 2 69 6 26 8 5 43 55 25 62 46 38 45 85 17 76 8 48 37 99 95 43 20 19 10 43 24 18 76 30 39 16 40 14 70 67 6 82 47 32 5 18 63 11 88 19 18 35 7 34 12 98 80 15 27 64 49 98 22 6 3 97 30 1 11 32 43 94 68 29 53 28 66 30 31 43 17 73 28 88 
500 170 810
24 63 68 6 77 0 32 4 34 93 76 32 4 82 81 23 48 66 45 18 72 94 42 76 2 4 20 10 53 41 61 94 12 65 40 59 92 46 24 73 82 76 30 18 62 88 93 23 42 32 18 69 6 22 83 70 31 83 11 8 50 42 31 68 22 65 7 3 18 99 92 81 20 42 61 93 88 19 31 61 57 64 58 82 73 45 84 91 12 30 0 26 67 48 40 15 0 46 74 44 49 62 21 8 76 68 29 8 22 50 28 3 21 57 37 77 14 3 50 78 39 21 94 40 67 54 22 78 96 17 8 43 34 12 37 62 48 90 19 95 56 34 27 46 6 0 51 18 21 75 28 45 9 83 94 74 72 30 28 75 96 10 37 40 8 32 79 52 3 99 78 38 33 58 81 50 79 68 93 22 5 86 82 63 58 5 26 0 16 53 15 81 56 48 49 60 97 16 32 52 8 48 83 33 86 87 56 80 85 98 50 51 68 27 17 40 22 67 49 10 92 9 57 76 70 79 97 73 39 61 22 68 36 40 5 60 99 61 62 26 32 81 2 54 92 71 84 48 44 68 44 41 44 22 69 0 33 72 92 0 99 73 92 6 31 76 40 84 76 23 23 18 4 2 94 60 18 57 79 27 33 36 61 79 72 92 80 65 44 23 42 46 89 0 90 36 5 43 48 47 9 93 37 42 49 33 97 11 2 6 74 77 5 57 71 93 55 89 28 75 72 83 48 61 81 29 80 28 5 86 54 78 73 33 50 60 54 37 75 69 23 74 90 38 8 68 78 35 35 64 64 74 21 97 9 83 58 21 71 84 84 76 73 86 33 8 17 59 76 70 93 77 79 60 22 11 30 4 79 74 66 35 49 31 34 97 81 27 98 44 83 7 31 39 81 61 5 61 75 95 44 78 2 90 20 1 78 94 27 50 65 24 93 99 25 52 89 74 85 57 95 9 42 29 35 92 19 45 61 6 67 88 83 94 22 86 51 12 79 88 90 89 56 83 44 91 75 6 0 40 35 24 94 64 94 82 27 77 54 60 57 99 85 89 64 49 66 84 96 46 56 26 52 55 69 34 2 19 63 98 84 4 74 90 63 34 58 30 70 26 14 12 32 69 98 88 86 57 36 24 
500 132 13062
49 70 45 44 11 36 73 69 30 26 65 94 39 2 89 51 99 5 31 62 56 56 88 56 84 33 56 26 39 26 19 65 83 86 69 73 86 39 43 31 63 60 63 61 28 88 14 18 92 3 47 98 67 60 35 3 6 74 51 89 0 26 46 27 53 32 64 86 95 2 21 69 58 31 42 86 4 92 28 16 93 84 58 38 59 43 46 26 29 92 47 2 13 76 78 67 3 74 5 46 64 33 71 88 24 70 29 0 20 75 12 96 34 76 76 9 72 39 41 55 71 3 60 76 29 76 40 5 90 35 5 10 84 60 72 35 16 75 25 96 26 75 98 87 92 39 81 31 11 67 27 19 23 87 10 83 64 11 7 43 45 75 44 93 68 23 30 96 66 77 34 58 0 53 5 89 90 98 20 45 39 23 69 61 57 57 16 85 91 11 9 46 80 18 74 0 98 78 63 32 14 36 96 89 50 81 7 77 28 75 15 19 49 23 48 95 54 23 3 63 81 25 60 65 52 87 83 91 45 33 12 77 85 12 19 53 42 16 94 99 19 96 20 76 28 32 62 73 9 95 99 64 35 82 30 50 59 8 94 53 77 40 41 75 78 1 14 8 38 92 79 13 18 15 96 97 56 92 67 60 94 15 68 18 7 28 41 93 83 33 69 94 91 71 62 6 70 59 34 27 30 67 94 80 93 86 38 85 13 0 73 92 58 61 78 81 91 25 65 63 48 48 38 15 78 79 42 92 16 78 95 17 36 39 23 7 57 95 44 73 36 0 3 44 64 3 64 70 66 47 68 68 21 42 34 76 23 30 71 0 84 14 53 99 2 62 70 35 1 28 16 45 24 17 40 69 16 83 36 21 45 88 61 87 82 31 28 88 4 10 19 32 86 91 32 28 72 35 94 87 29 4 27 44 5 93 17 22 35 72 0 97 99 91 11 45 55 99 26 60 67 49 47 1 79 62 96 74 12 42 4 53 86 39 17 39 68 54 86 4 80 74 5 83 28 44 75 37 45 31 70 52 80 65 3 58 98 13 72 37 56 78 32 65 30 81 30 53 32 2 54 54 27 57 98 90 29 55 25 0 99 73 42 19 41 88 18 63 55 66 65 6 63 93 62 0 68 46 50 34 
500 74 31763
15 17 28 93 69 83 57 76 20 45 41 7 56 37 76 64 46 18 11 35 11 93 54 50 97 70 45 14 56 92 68 4 47 49 48 46 36 90 32 47 10 89 12 47 64 43 40 88 25 61 65 74 18 33 76 25 27 98 55 97 73 21 84 49 83 9 26 84 60 90 98 20 25 59 91 3 56 93 82 4 16 40 65 97 61 55 41 14 94 13 69 7 89 41 49 62 75 66 83 7 37 23 64 95 54 89 38 22 22 38 13 71 63 12 72 54 22 42 53 26 63 51 71 20 0 97 23 30 95 63 17 43 31 18 33 92 69 48 94 11 28 51 37 67 97 40 21 24 51 3 13 19 14 22 54 48 34 93 91 87 35 49 70 93 10 31 70 43 94 54 74 80 0 27 23 15 72 26 96 19 1 38 48 66 87 45 89 64 22 84 36 80 6 15 66 15 45 37 29 96 45 27 38 72 43 91 97 24 58 47 53 87 60 2 82 27 65 10 29 10 6 90 99 10 73 90 99 6 45 5 68 84 17 94 94 59 92 19 17 12 80 89 69 36 23 8 0 71 29 50 32 92 20 17 83 19 88 82 51 27 22 94 3 17 63 92 59 13 25 46 35 20 82 76 55 10 84 95 45 20 72 4 8 80 41 62 88 40 87 34 74 68 20 21 72 61 23 33 28 74 16 32 94 0 96 76 76 53 77 23 93 12 8 85 8 48 48 48 6 49 30 98 2 23 27 26 17 90 21 96 42 10 14 30 38 88 37 23 35 69 35 14 13 97 5 48 93 30 59 85 94 75 24 4 49 47 58 72 38 34 1 9 20 25 35 44 67 5 11 4 84 34 66 6 0 45 53 22 38 64 56 45 99 92 34 17 35 31 75 48 25 0 62 70 90 88 99 41 46 81 40 37 51 52 78 35 46 71 58 6 63 17 28 53 1 93 12 12 62 29 36 97 4 79 54 16 96 65 29 10 66 2 69 51 9 96 46 26 40 42 81 45 65 21 67 61 5 51 26 71 76 96 2 92 58 81 15 30 23 89 19 94 47 98 94 13 45 0 88 58 93 72 2 55 19 76 1 44 78 57 0 50 0 84 8 24 64 25 33 61 34 93 31 34 6 83 62 67 87 69 
500 87 25805
49 60 57 27 77 46 26 67 84 14 9 78 39 45 56 10 65 19 22 8 41 39 98 22 82 20 47 99 44 4 29 60 45 50 98 57 71 95 45 85 44 44 51 27 4 63 52 93 93 15 77 1 29 93 88 77 83 20 35 95 67 72 40 45 47 38 32 19 14 87 27 79 44 18 40 8 87 22 6 2 12 49 81 52 65 81 40 72 5 81 35 23 88 36 81 4 49 0 84 90 57 82 80 52 99 52 45 37 92 38 60 29 79 41 3 10 25 33 32 74 45 42 43 88 16 66 14 5 7 64 2 25 33 40 80 33 14 82 54 76 0 24 98 53 49 23 35 31 98 8 38 8 90 63 42 69 70 89 41 71 36 39 18 50 20 21 7 74 95 24 78 22 70 94 6 43 67 80 17 78 50 98 75 85 57 20 66 20 18 68 28 18 80 47 84 65 8 86 12 50 37 78 42 86 6 93 2 26 76 10 12 92 92 27 95 78 25 1 69 66 0 1 83 87 47 61 39 47 29 89 12 94 1 24 31 10 93 66 48 91 12 26 70 48 13 19 86 14 66 14 28 77 73 79 84 42 38 6 77 44 30 88 0 97 5 26 43 86 54 91 34 9 7 93 25 67 83 98 3 14 48 12 35 61 68 62 41 34 80 84 40 11 31 69 97 40 0 96 66 75 97 42 60 81 22 89 66 9 77 84 75 86 68 97 38 33 66 10 72 12 65 49 29 13 36 58 70 26 95 30 10 81 39 29 60 98 44 76 1 41 56 97 99 65 49 58 72 50 86 48 27 75 46 3 28 53 89 69 82 88 28 37 34 11 7 58 69 42 89 96 58 35 18 57 9 40 12 95 23 44 96 98 63 16 2 64 40 76 51 92 68 42 66 11 17 86 73 68 62 46 33 43 84 76 13 16 41 94 67 93 65 50 76 81 35 54 41 67 90 33 22 10 33 67 69 26 60 61 58 99 16 44 85 24 48 52 33 90 69 0 60 82 59 80 15 53 41 94 0 59 59 85 48 7 53 27 62 72 51 37 21 86 43 20 45 95 2 58 77 64 35 17 59 80 17 88 48 67 11 68 9 6 5 32 91 31 4 51 60 23 93 85 38 67 59 17 39 31 90 99 
500 30 6084
52 70 62 18 38 31 55 77 14 31 63 55 16 81 86 30 2 87 43 33 16 18 93 45 83 68 25 18 36 50 13 0 36 67 95 39 76 12 29 65 18 63 47 2 94 45 14 84 30 38 84 8 98 24 19 84 73 1 22 63 87 0 2 90 39 75 13 41 69 68 69 17 67 34 11 91 61 79 1 73 41 37 85 67 4 98 55 88 19 27 75 82 77 5 42 68 85 55 65 67 78 86 91 15 69 69 98 18 31 48 54 9 95 4 9 78 86 73 90 86 50 86 58 12 92 64 96 9 97 22 62 77 79 16 56 6 39 55 49 23 62 19 54 68 16 50 81 93 84 60 18 44 97 43 10 3 5 86 33 24 4 49 8 47 39 22 31 5 58 98 26 3 7 37 95 94 36 75 87 44 22 8 54 23 30 50 24 88 8 82 39 23 71 99 71 69 44 77 32 26 82 98 27 92 65 85 48 96 86 8 42 47 79 72 47 56 19 18 62 83 80 9 73 13 99 61 12 47 96 21 19 12 67 12 76 19 62 56 33 12 3 97 87 66 52 53 99 1 6 84 43 53 55 26 8 2 27 14 22 73 88 41 65 75 37 20 88 53 4 82 75 84 27 49 60 17 93 87 53 19 69 4 15 76 83 6 63 94 94 91 18 15 32 94 17 91 55 93 75 16 20 2 17 82 34 29 60 60 74 53 97 3 53 29 55 82 69 88 98 61 79 56 47 97 24 47 72 36 54 24 13 78 26 97 75 80 36 24 12 8 83 71 0 12 77 99 2 81 5 93 21 7 27 88 81 20 47 5 1 82 2 0 3 57 90 86 46 44 81 47 6 19 99 35 37 1 63 11 20 35 2 77 53 68 58 64 24 34 7 84 88 6 39 98 75 55 31 66 5 80 20 70 57 38 19 10 32 28 97 21 38 50 26 71 53 81 56 15 73 41 94 3 29 78 73 49 88 23 27 37 36 87 10 16 77 90 59 39 21 48 76 72 11 88 27 48 66 76 12 30 19 23 49 90 29 35 47 78 27 92 36 10 3 65 7 38 39 81 91 3 81 13 60 69 23 88 74 55 42 54 52 20 82 14 72 15 75 82 11 1 74 12 39 65 83 14 75 43 10 1 
500 136 4393
71 11 85 3 18 38 27 77 15 16 6 58 11 92 42 87 95 21 15 21 40 46 4 95 28 30 41 95 18 89 2 71 28 94 50 27 5 10 62 9 93 56 39 36 81 87 33 57 66 86 80 34 26 38 50 32 36 13 43 88 87 96 22 73 95 78 97 80 51 24 6 20 62 40 87 73 32 46 63 14 39 79 30 30 67 20 51 47 85 23 83 32 70 64 77 81 32 47 0 95 53 52 81 18 56 95 89 9 60 29 77 25 10 98 24 14 87 32 1 17 62 56 2 31 79 8 68 40 43 17 72 28 2 42 53 86 51 16 87 14 94 43 3 28 92 41 28 25 10 70 77 65 99 40 76 14 56 96 19 49 9 36 93 58 82 98 79 12 69 29 59 73 57 18 56 67 68 74 8 53 53 42 15 48 41 0 85 65 35 12 69 69 89 16 50 22 41 68 66 98 8 93 86 37 98 61 6 31 38 24 65 78 59 5 30 70 75 94 12 27 83 88 16 43 88 38 29 15 56 53 48 9 15 0 88 8 28 92 71 80 79 87 75 77 69 65 32 38 37 79 78 32 25 4 6 53 52 44 56 54 62 31 3 96 79 74 84 82 55 88 96 81 77 59 45 78 49 11 11 32 72 48 71 74 47 92 40 83 79 12 92 82 59 99 69 9 67 3 32 12 79 67 73 11 3 96 89 36 97 16 44 45 35 19 83 30 99 64 74 66 41 52 33 32 40 70 64 40 91 7 94 6 97 66 18 17 30 26 89 28 69 30 99 73 94 82 78 7 57 49 47 70 16 6 14 28 92 39 0 90 75 10 31 99 32 5 30 56 16 73 62 57 15 91 92 51 30 56 87 67 60 89 89 38 38 13 5 49 31 49 3 3 20 28 47 16 36 21 63 92 60 93 0 16 85 50 95 92 66 60 12 94 40 10 10 55 10 12 80 67 70 58 56 90 41 49 42 36 58 60 91 64 42 75 91 88 86 6 99 16 38 44 23 69 25 54 79 76 53 9 80 80 12 9 58 7 62 22 92 0 5 92 75 80 19 41 98 46 55 9 13 14 95 27 97 56 4 79 48 70 26 75 21 69 57 57 62 20 20 29 4 3 81 63 59 30 58 76 86 90 
500 256 22158
5 86 60 57 78 82 28 23 24 8 37 46 51 49 70 44 12 31 62 19 91 98 51 39 78 3 7 1 24 39 46 65 55 5 37 82 13 28 77 44 1 3 6 90 89 50 5 57 31 48 81 9 5 65 74 99 18 2 23 66 45 42 17 94 67 55 6 82 20 33 55 77 57 43 62 75 25 32 17 32 37 60 11 41 62 35 38 70 17 32 9 57 60 34 46 89 32 87 64 69 85 94 35 41 57 87 16 33 17 76 47 57 92 90 6 97 86 36 92 98 68 44 77 53 80 8 16 46 27 34 46 23 33 98 77 74 89 40 85 32 94 54 41 32 85 39 57 20 68 49 79 42 83 24 24 5 16 83 28 5 80 63 69 52 92 58 71 59 89 41 36 68 20 97 98 10 88 79 69 54 69 82 39 78 93 36 49 59 85 68 16 26 75 19 59 69 21 74 39 96 85 75 9 38 98 57 50 21 93 25 25 6 89 31 4 30 52 49 36 30 75 26 75 18 80 54 90 80 58 5 96 1 84 97 92 4 66 80 90 50 48 30 53 86 28 50 71 6 30 75 78 26 42 82 93 35 18 23 78 58 69 36 15 38 55 8 54 96 98 99 37 25 48 57 26 1 90 86 63 26 84 65 45 95 78 16 91 50 31 95 17 12 95 38 34 87 82 44 2 4 71 9 8 63 82 75 94 55 18 73 97 30 94 76 24 77 78 31 80 52 13 73 49 12 12 44 87 45 1 16 92 90 1 24 9 22 86 28 88 88 54 72 51 71 88 75 4 16 76 24 32 75 81 37 26 64 32 41 98 54 4 44 93 76 36 84 14 84 20 31 13 36 80 66 35 51 53 35 27 52 6 46 84 41 34 13 6 3 2 42 58 11 66 57 80 56 31 54 90 72 60 76 23 36 77 27 17 55 91 36 44 25 41 6 67 49 30 23 3 64 44 51 47 57 20 87 77 85 43 22 62 97 5 96 45 22 0 57 60 52 92 65 83 7 88 3 37 82 39 71 65 85 8 59 77 50 82 42 52 50 64 67 21 85 73 95 23 27 7 10 24 88 1 18 17 71 61 30 15 42 58 34 90 29 23 18 89 0 88 4 18 5 26 58 83 7 66 20 42 19 
