160 3000 
1 127 88
1 37 112
2 130 95
1 94 137
2 32 79
1 150 89
2 32 122
2 25 119
2 43 155
1 157 54
1 134 159
2 18 17
2 124 76
2 130 22
1 78 63
2 1 158
2 56 12
2 61 19
2 69 72
1 18 113
1 7 127
2 129 21
2 47 26
2 88 104
1 64 14
1 107 21
2 151 139
1 20 93
2 154 55
2 65 56
2 100 78
2 152 137
2 98 30
2 124 124
2 53 145
1 157 13
1 116 75
2 96 95
2 77 19
2 24 158
2 135 47
2 17 98
1 51 108
2 127 57
2 59 90
1 48 63
1 66 129
2 8 75
1 96 12
2 115 12
1 55 149
2 138 43
2 56 98
2 51 148
2 5 36
2 67 136
2 52 126
2 59 28
1 6 151
2 129 45
1 130 40
2 75 118
2 146 19
2 92 135
2 76 130
2 158 69
2 13 46
2 111 53
2 16 143
2 77 45
1 152 21
2 100 108
2 103 14
2 158 122
2 12 102
2 144 9
1 4 155
2 158 111
2 146 104
1 144 70
2 160 130
2 87 98
2 105 135
2 71 66
2 62 20
2 88 145
2 11 157
2 38 21
1 94 120
2 103 50
1 50 149
2 130 35
2 71 143
2 52 56
2 81 81
2 38 60
2 51 134
2 57 138
2 97 64
1 15 11
1 78 89
2 99 47
2 159 148
1 32 143
2 9 57
2 33 49
2 97 57
2 29 71
2 136 61
2 95 68
1 3 114
1 123 11
2 111 12
1 37 24
2 21 27
2 72 7
1 135 13
2 125 131
1 2 161
1 55 127
2 52 12
2 72 137
2 77 154
1 58 125
1 136 78
2 1 155
2 145 42
2 148 59
1 113 56
1 128 111
2 153 159
1 97 58
1 25 66
2 147 146
2 161 87
2 84 140
2 108 9
2 97 43
2 30 131
2 102 124
2 151 59
2 150 131
2 109 68
2 146 139
1 95 88
1 148 134
1 5 23
2 119 53
1 38 146
2 108 139
1 123 76
1 65 65
2 7 18
2 38 53
2 129 139
2 55 153
1 100 107
1 79 71
1 126 63
1 55 76
2 31 129
2 146 72
1 90 64
2 137 111
2 74 97
2 50 68
2 31 58
2 59 22
1 91 106
1 75 7
2 7 32
2 75 31
1 101 89
1 15 104
1 101 155
1 26 136
1 117 107
2 4 18
2 38 30
1 46 65
2 62 82
2 149 10
2 121 129
1 38 5
2 52 111
1 87 103
1 1 84
1 15 21
2 137 136
1 65 12
2 14 103
2 9 16
2 101 9
2 44 159
2 101 64
1 44 35
1 56 161
2 76 111
2 129 103
2 68 119
1 35 25
1 23 6
2 29 132
1 49 149
1 99 137
2 46 63
2 114 92
2 144 155
2 56 46
1 111 7
1 82 31
2 62 143
2 6 155
1 49 70
1 136 64
2 113 39
2 124 19
2 71 59
2 119 118
2 129 18
1 36 149
2 99 91
2 31 68
1 42 9
2 63 95
1 109 124
2 85 101
2 13 43
2 154 94
2 113 119
2 100 99
1 37 92
2 89 144
1 128 148
1 142 104
1 102 31
2 90 98
1 131 132
1 72 9
1 49 143
1 11 64
2 16 107
1 9 35
1 159 81
2 64 122
1 35 18
2 161 61
1 111 75
2 103 103
2 119 116
1 25 95
2 6 52
2 132 156
1 149 35
2 137 84
2 63 78
2 92 39
2 155 66
2 46 81
2 7 82
2 31 44
1 143 76
2 155 127
2 70 83
2 64 99
2 39 147
1 19 64
2 59 146
2 118 110
2 18 155
1 149 106
1 91 11
2 68 27
2 9 12
2 95 88
2 124 155
2 101 32
2 43 56
2 94 6
2 119 8
2 99 148
1 92 36
2 144 92
2 148 102
2 104 124
1 31 89
1 98 52
1 132 144
2 9 49
2 143 84
2 64 66
2 107 59
2 35 9
1 81 101
1 122 44
2 18 101
2 61 44
2 75 56
2 103 76
2 116 129
2 95 68
2 52 35
2 156 23
2 35 29
2 84 49
2 78 99
2 39 46
2 66 114
1 81 144
1 82 56
1 44 111
1 76 82
1 127 62
2 83 6
2 99 49
1 147 136
1 64 113
1 146 124
1 110 71
2 155 119
1 106 129
1 11 36
2 27 99
2 12 31
1 88 42
1 155 63
2 32 109
1 56 85
1 6 13
2 8 154
2 148 113
1 36 100
2 92 37
1 102 89
2 124 128
1 89 142
2 52 102
2 144 90
1 49 131
2 84 72
1 66 49
1 59 11
2 9 16
2 101 9
2 44 159
2 101 64
1 44 35
1 56 161
2 76 111
2 129 103
2 68 119
1 35 25
1 23 6
2 29 132
1 49 149
1 99 137
2 46 63
2 114 92
2 144 155
2 56 46
1 111 7
1 82 31
2 62 143
2 6 155
1 49 70
1 136 64
2 113 39
2 124 19
2 71 59
2 119 118
2 129 18
1 36 149
2 99 91
2 31 68
1 42 9
2 63 95
1 109 124
2 85 101
2 13 43
2 154 94
2 113 119
2 100 99
1 37 92
2 89 144
1 128 148
1 142 104
1 102 31
2 90 98
1 131 132
1 72 9
1 49 143
1 11 64
2 16 107
1 9 35
1 159 81
2 64 122
1 35 18
2 161 61
1 111 75
2 103 103
2 119 116
1 25 95
2 6 52
2 132 156
1 149 35
2 137 84
2 63 78
2 92 39
2 155 66
2 46 81
2 7 82
2 31 44
1 143 76
2 155 127
2 70 83
2 64 99
2 39 147
1 19 64
2 59 146
2 118 110
2 18 155
1 149 106
1 91 11
2 68 27
2 9 12
2 95 88
2 124 155
2 101 32
2 43 56
2 94 6
2 119 8
2 99 148
1 92 36
2 144 92
2 148 102
2 104 124
1 31 89
1 98 52
1 132 144
2 9 49
2 143 84
2 64 66
2 107 59
2 35 9
1 81 101
1 122 44
2 18 101
2 61 44
2 75 56
2 103 76
2 116 129
2 95 68
2 52 35
2 156 23
2 35 29
2 84 49
2 78 99
2 39 46
2 66 114
1 81 144
1 82 56
1 44 111
1 76 82
1 127 62
2 83 6
2 99 49
1 147 136
1 64 113
1 146 124
1 110 71
2 155 119
1 106 129
1 11 36
2 27 99
2 12 31
1 88 42
1 155 63
2 32 109
1 56 85
1 6 13
2 8 154
2 148 113
1 36 100
2 92 37
1 102 89
2 124 128
1 89 142
2 52 102
2 144 90
1 49 131
2 84 72
1 66 49
1 59 11
2 9 16
2 101 9
2 44 159
2 101 64
1 44 35
1 56 161
2 76 111
2 129 103
2 68 119
1 35 25
1 23 6
2 29 132
1 49 149
1 99 137
2 46 63
2 114 92
2 144 155
2 56 46
1 111 7
1 82 31
2 62 143
2 6 155
1 49 70
1 136 64
2 113 39
2 124 19
2 71 59
2 119 118
2 129 18
1 36 149
2 99 91
2 31 68
1 42 9
2 63 95
1 109 124
2 85 101
2 13 43
2 154 94
2 113 119
2 100 99
1 37 92
2 89 144
1 128 148
1 142 104
1 102 31
2 90 98
1 131 132
1 72 9
1 49 143
1 11 64
2 16 107
1 9 35
1 159 81
2 64 122
1 35 18
2 161 61
1 111 75
2 103 103
2 119 116
1 25 95
2 6 52
2 132 156
1 149 35
2 137 84
2 63 78
2 92 39
2 155 66
2 46 81
2 7 82
2 31 44
1 143 76
2 155 127
2 70 83
2 64 99
2 39 147
1 19 64
2 59 146
2 118 110
2 18 155
1 149 106
1 91 11
2 68 27
2 9 12
2 95 88
2 124 155
2 101 32
2 43 56
2 94 6
2 119 8
2 99 148
1 92 36
2 144 92
2 148 102
2 104 124
1 31 89
1 98 52
1 132 144
2 9 49
2 143 84
2 64 66
2 107 59
2 35 9
1 81 101
1 122 44
2 18 101
2 61 44
2 75 56
2 103 76
2 116 129
2 95 68
2 52 35
2 156 23
2 35 29
2 84 49
2 78 99
2 39 46
2 66 114
1 81 144
1 82 56
1 44 111
1 76 82
1 127 62
2 83 6
2 99 49
1 147 136
1 64 113
1 146 124
1 110 71
2 155 119
1 106 129
1 11 36
2 27 99
2 12 31
1 88 42
1 155 63
2 32 109
1 56 85
1 6 13
2 8 154
2 148 113
1 36 100
2 92 37
1 102 89
2 124 128
1 89 142
2 52 102
2 144 90
1 49 131
2 84 72
1 66 49
1 59 11
2 9 16
2 101 9
2 44 159
2 101 64
1 44 35
1 56 161
2 76 111
2 129 103
2 68 119
1 35 25
1 23 6
2 29 132
1 49 149
1 99 137
2 46 63
2 114 92
2 144 155
2 56 46
1 111 7
1 82 31
2 62 143
2 6 155
1 49 70
1 136 64
2 113 39
2 124 19
2 71 59
2 119 118
2 129 18
1 36 149
2 99 91
2 31 68
1 42 9
2 63 95
1 109 124
2 85 101
2 13 43
2 154 94
2 113 119
2 100 99
1 37 92
2 89 144
1 128 148
1 142 104
1 102 31
2 90 98
1 131 132
1 72 9
1 49 143
1 11 64
2 16 107
1 9 35
1 159 81
2 64 122
1 35 18
2 161 61
1 111 75
2 103 103
2 119 116
1 25 95
2 6 52
2 132 156
1 149 35
2 137 84
2 63 78
2 92 39
2 155 66
2 46 81
2 7 82
2 31 44
1 143 76
2 155 127
2 70 83
2 64 99
2 39 147
1 19 64
2 59 146
2 118 110
2 18 155
1 149 106
1 91 11
2 68 27
2 9 12
2 95 88
2 124 155
2 101 32
2 43 56
2 94 6
2 119 8
2 99 148
1 92 36
2 144 92
2 148 102
2 104 124
1 31 89
1 98 52
1 132 144
2 9 49
2 143 84
2 64 66
2 107 59
2 35 9
1 81 101
1 122 44
2 18 101
2 61 44
2 75 56
2 103 76
2 116 129
2 95 68
2 52 35
2 156 23
2 35 29
2 84 49
2 78 99
2 39 46
2 66 114
1 81 144
1 82 56
1 44 111
1 76 82
1 127 62
2 83 6
2 99 49
1 147 136
1 64 113
1 146 124
1 110 71
2 155 119
1 106 129
1 11 36
2 27 99
2 12 31
1 88 42
1 155 63
2 32 109
1 56 85
1 6 13
2 8 154
2 148 113
1 36 100
2 92 37
1 102 89
2 124 128
1 89 142
2 52 102
2 144 90
1 49 131
2 84 72
1 66 49
1 59 11
2 9 16
2 101 9
2 44 159
2 101 64
1 44 35
1 56 161
2 76 111
2 129 103
2 68 119
1 35 25
1 23 6
2 29 132
1 49 149
1 99 137
2 46 63
2 114 92
2 144 155
2 56 46
1 111 7
1 82 31
2 62 143
2 6 155
1 49 70
1 136 64
2 113 39
2 124 19
2 71 59
2 119 118
2 129 18
1 36 149
2 99 91
2 31 68
1 42 9
2 63 95
1 109 124
2 85 101
2 13 43
2 154 94
2 113 119
2 100 99
1 37 92
2 89 144
1 128 148
1 142 104
1 102 31
2 90 98
1 131 132
1 72 9
1 49 143
1 11 64
2 16 107
1 9 35
1 159 81
2 64 122
1 35 18
2 161 61
1 111 75
2 103 103
2 119 116
1 25 95
2 6 52
2 132 156
1 149 35
2 137 84
2 63 78
2 92 39
2 155 66
2 46 81
2 7 82
2 31 44
1 143 76
2 155 127
2 70 83
2 64 99
2 39 147
1 19 64
2 59 146
2 118 110
2 18 155
1 149 106
1 91 11
2 68 27
2 9 12
2 95 88
2 124 155
2 101 32
2 43 56
2 94 6
2 119 8
2 99 148
1 92 36
2 144 92
2 148 102
2 104 124
1 31 89
1 98 52
1 132 144
2 9 49
2 143 84
2 64 66
2 107 59
2 35 9
1 81 101
1 122 44
2 18 101
2 61 44
2 75 56
2 103 76
2 116 129
2 95 68
2 52 35
2 156 23
2 35 29
2 84 49
2 78 99
2 39 46
2 66 114
1 81 144
1 82 56
1 44 111
1 76 82
1 127 62
2 83 6
2 99 49
1 147 136
1 64 113
1 146 124
1 110 71
2 155 119
1 106 129
1 11 36
2 27 99
2 12 31
1 88 42
1 155 63
2 32 109
1 56 85
1 6 13
2 8 154
2 148 113
1 36 100
2 92 37
1 102 89
2 124 128
1 89 142
2 52 102
2 144 90
1 49 131
2 84 72
1 66 49
1 59 11
2 9 16
2 101 9
2 44 159
2 101 64
1 44 35
1 56 161
2 76 111
2 129 103
2 68 119
1 35 25
1 23 6
2 29 132
1 49 149
1 99 137
2 46 63
2 114 92
2 144 155
2 56 46
1 111 7
1 82 31
2 62 143
2 6 155
1 49 70
1 136 64
2 113 39
2 124 19
2 71 59
2 119 118
2 129 18
1 36 149
2 99 91
2 31 68
1 42 9
2 63 95
1 109 124
2 85 101
2 13 43
2 154 94
2 113 119
2 100 99
1 37 92
2 89 144
1 128 148
1 142 104
1 102 31
2 90 98
1 131 132
1 72 9
1 49 143
1 11 64
2 16 107
1 9 35
1 159 81
2 64 122
1 35 18
2 161 61
1 111 75
2 103 103
2 119 116
1 25 95
2 6 52
2 132 156
1 149 35
2 137 84
2 63 78
2 92 39
2 155 66
2 46 81
2 7 82
2 31 44
1 143 76
2 155 127
2 70 83
2 64 99
2 39 147
1 19 64
2 59 146
2 118 110
2 18 155
1 149 106
1 91 11
2 68 27
2 9 12
2 95 88
2 124 155
2 101 32
2 43 56
2 94 6
2 119 8
2 99 148
1 92 36
2 144 92
2 148 102
2 104 124
1 31 89
1 98 52
1 132 144
2 9 49
2 143 84
2 64 66
2 107 59
2 35 9
1 81 101
1 122 44
2 18 101
2 61 44
2 75 56
2 103 76
2 116 129
2 95 68
2 52 35
2 156 23
2 35 29
2 84 49
2 78 99
2 39 46
2 66 114
1 81 144
1 82 56
1 44 111
1 76 82
1 127 62
2 83 6
2 99 49
1 147 136
1 64 113
1 146 124
1 110 71
2 155 119
1 106 129
1 11 36
2 27 99
2 12 31
1 88 42
1 155 63
2 32 109
1 56 85
1 6 13
2 8 154
2 148 113
1 36 100
2 92 37
1 102 89
2 124 128
1 89 142
2 52 102
2 144 90
1 49 131
2 84 72
1 66 49
1 59 11
2 9 16
2 101 9
2 44 159
2 101 64
1 44 35
1 56 161
2 76 111
2 129 103
2 68 119
1 35 25
1 23 6
2 29 132
1 49 149
1 99 137
2 46 63
2 114 92
2 144 155
2 56 46
1 111 7
1 82 31
2 62 143
2 6 155
1 49 70
1 136 64
2 113 39
2 124 19
2 71 59
2 119 118
2 129 18
1 36 149
2 99 91
2 31 68
1 42 9
2 63 95
1 109 124
2 85 101
2 13 43
2 154 94
2 113 119
2 100 99
1 37 92
2 89 144
1 128 148
1 142 104
1 102 31
2 90 98
1 131 132
1 72 9
1 49 143
1 11 64
2 16 107
1 9 35
1 159 81
2 64 122
1 35 18
2 161 61
1 111 75
2 103 103
2 119 116
1 25 95
2 6 52
2 132 156
1 149 35
2 137 84
2 63 78
2 92 39
2 155 66
2 46 81
2 7 82
2 31 44
1 143 76
2 155 127
2 70 83
2 64 99
2 39 147
1 19 64
2 59 146
2 118 110
2 18 155
1 149 106
1 91 11
2 68 27
2 9 12
2 95 88
2 124 155
2 101 32
2 43 56
2 94 6
2 119 8
2 99 148
1 92 36
2 144 92
2 148 102
2 104 124
1 31 89
1 98 52
1 132 144
2 9 49
2 143 84
2 64 66
2 107 59
2 35 9
1 81 101
1 122 44
2 18 101
2 61 44
2 75 56
2 103 76
2 116 129
2 95 68
2 52 35
2 156 23
2 35 29
2 84 49
2 78 99
2 39 46
2 66 114
1 81 144
1 82 56
1 44 111
1 76 82
1 127 62
2 83 6
2 99 49
1 147 136
1 64 113
1 146 124
1 110 71
2 155 119
1 106 129
1 11 36
2 27 99
2 12 31
1 88 42
1 155 63
2 32 109
1 56 85
1 6 13
2 8 154
2 148 113
1 36 100
2 92 37
1 102 89
2 124 128
1 89 142
2 52 102
2 144 90
1 49 131
2 84 72
1 66 49
1 59 11
2 9 16
2 101 9
2 44 159
2 101 64
1 44 35
1 56 161
2 76 111
2 129 103
2 68 119
1 35 25
1 23 6
2 29 132
1 49 149
1 99 137
2 46 63
2 114 92
2 144 155
2 56 46
1 111 7
1 82 31
2 62 143
2 6 155
1 49 70
1 136 64
2 113 39
2 124 19
2 71 59
2 119 118
2 129 18
1 36 149
2 99 91
2 31 68
1 42 9
2 63 95
1 109 124
2 85 101
2 13 43
2 154 94
2 113 119
2 100 99
1 37 92
2 89 144
1 128 148
1 142 104
1 102 31
2 90 98
1 131 132
1 72 9
1 49 143
1 11 64
2 16 107
1 9 35
1 159 81
2 64 122
1 35 18
2 161 61
1 111 75
2 103 103
2 119 116
1 25 95
2 6 52
2 132 156
1 149 35
2 137 84
2 63 78
2 92 39
2 155 66
2 46 81
2 7 82
2 31 44
1 143 76
2 155 127
2 70 83
2 64 99
2 39 147
1 19 64
2 59 146
2 118 110
2 18 155
1 149 106
1 91 11
2 68 27
2 9 12
2 95 88
2 124 155
2 101 32
2 43 56
2 94 6
2 119 8
2 99 148
1 92 36
2 144 92
2 148 102
2 104 124
1 31 89
1 98 52
1 132 144
2 9 49
2 143 84
2 64 66
2 107 59
2 35 9
1 81 101
1 122 44
2 18 101
2 61 44
2 75 56
2 103 76
2 116 129
2 95 68
2 52 35
2 156 23
2 35 29
2 84 49
2 78 99
2 39 46
2 66 114
1 81 144
1 82 56
1 44 111
1 76 82
1 127 62
2 83 6
2 99 49
1 147 136
1 64 113
1 146 124
1 110 71
2 155 119
1 106 129
1 11 36
2 27 99
2 12 31
1 88 42
1 155 63
2 32 109
1 56 85
1 6 13
2 8 154
2 148 113
1 36 100
2 92 37
1 102 89
2 124 128
1 89 142
2 52 102
2 144 90
1 49 131
2 84 72
1 66 49
1 59 11
2 9 16
2 101 9
2 44 159
2 101 64
1 44 35
1 56 161
2 76 111
2 129 103
2 68 119
1 35 25
1 23 6
2 29 132
1 49 149
1 99 137
2 46 63
2 114 92
2 144 155
2 56 46
1 111 7
1 82 31
2 62 143
2 6 155
1 49 70
1 136 64
2 113 39
2 124 19
2 71 59
2 119 118
2 129 18
1 36 149
2 99 91
2 31 68
1 42 9
2 63 95
1 109 124
2 85 101
2 13 43
2 154 94
2 113 119
2 100 99
1 37 92
2 89 144
1 128 148
1 142 104
1 102 31
2 90 98
1 131 132
1 72 9
1 49 143
1 11 64
2 16 107
1 9 35
1 159 81
2 64 122
1 35 18
2 161 61
1 111 75
2 103 103
2 119 116
1 25 95
2 6 52
2 132 156
1 149 35
2 137 84
2 63 78
2 92 39
2 155 66
2 46 81
2 7 82
2 31 44
1 143 76
2 155 127
2 70 83
2 64 99
2 39 147
1 19 64
2 59 146
2 118 110
2 18 155
1 149 106
1 91 11
2 68 27
2 9 12
2 95 88
2 124 155
2 101 32
2 43 56
2 94 6
2 119 8
2 99 148
1 92 36
2 144 92
2 148 102
2 104 124
1 31 89
1 98 52
1 132 144
2 9 49
2 143 84
2 64 66
2 107 59
2 35 9
1 81 101
1 122 44
2 18 101
2 61 44
2 75 56
2 103 76
2 116 129
2 95 68
2 52 35
2 156 23
2 35 29
2 84 49
2 78 99
2 39 46
2 66 114
1 81 144
1 82 56
1 44 111
1 76 82
1 127 62
2 83 6
2 99 49
1 147 136
1 64 113
1 146 124
1 110 71
2 155 119
1 106 129
1 11 36
2 27 99
2 12 31
1 88 42
1 155 63
2 32 109
1 56 85
1 6 13
2 8 154
2 148 113
1 36 100
2 92 37
1 102 89
2 124 128
1 89 142
2 52 102
2 144 90
1 49 131
2 84 72
1 66 49
1 59 11
2 9 16
2 101 9
2 44 159
2 101 64
1 44 35
1 56 161
2 76 111
2 129 103
2 68 119
1 35 25
1 23 6
2 29 132
1 49 149
1 99 137
2 46 63
2 114 92
2 144 155
2 56 46
1 111 7
1 82 31
2 62 143
2 6 155
1 49 70
1 136 64
2 113 39
2 124 19
2 71 59
2 119 118
2 129 18
1 36 149
2 99 91
2 31 68
1 42 9
2 63 95
1 109 124
2 85 101
2 13 43
2 154 94
2 113 119
2 100 99
1 37 92
2 89 144
1 128 148
1 142 104
1 102 31
2 90 98
1 131 132
1 72 9
1 49 143
1 11 64
2 16 107
1 9 35
1 159 81
2 64 122
1 35 18
2 161 61
1 111 75
2 103 103
2 119 116
1 25 95
2 6 52
2 132 156
1 149 35
2 137 84
2 63 78
2 92 39
2 155 66
2 46 81
2 7 82
2 31 44
1 143 76
2 155 127
2 70 83
2 64 99
2 39 147
1 19 64
2 59 146
2 118 110
2 18 155
1 149 106
1 91 11
2 68 27
2 9 12
2 95 88
2 124 155
2 101 32
2 43 56
2 94 6
2 119 8
2 99 148
1 92 36
2 144 92
2 148 102
2 104 124
1 31 89
1 98 52
1 132 144
2 9 49
2 143 84
2 64 66
2 107 59
2 35 9
1 81 101
1 122 44
2 18 101
2 61 44
2 75 56
2 103 76
2 116 129
2 95 68
2 52 35
2 156 23
2 35 29
2 84 49
2 78 99
2 39 46
2 66 114
1 81 144
1 82 56
1 44 111
1 76 82
1 127 62
2 83 6
2 99 49
1 147 136
1 64 113
1 146 124
1 110 71
2 155 119
1 106 129
1 11 36
2 27 99
2 12 31
1 88 42
1 155 63
2 32 109
1 56 85
1 6 13
2 8 154
2 148 113
1 36 100
2 92 37
1 102 89
2 124 128
1 89 142
2 52 102
2 144 90
1 49 131
2 84 72
1 66 49
1 59 11
2 9 16
2 101 9
2 44 159
2 101 64
1 44 35
1 56 161
2 76 111
2 129 103
2 68 119
1 35 25
1 23 6
2 29 132
1 49 149
1 99 137
2 46 63
2 114 92
2 144 155
2 56 46
1 111 7
1 82 31
2 62 143
2 6 155
1 49 70
1 136 64
2 113 39
2 124 19
2 71 59
2 119 118
2 129 18
1 36 149
2 99 91
2 31 68
1 42 9
2 63 95
1 109 124
2 85 101
2 13 43
2 154 94
2 113 119
2 100 99
1 37 92
2 89 144
1 128 148
1 142 104
1 102 31
2 90 98
1 131 132
1 72 9
1 49 143
1 11 64
2 16 107
1 9 35
1 159 81
2 64 122
1 35 18
2 161 61
1 111 75
2 103 103
2 119 116
1 25 95
2 6 52
2 132 156
1 149 35
2 137 84
2 63 78
2 92 39
2 155 66
2 46 81
2 7 82
2 31 44
1 143 76
2 155 127
2 70 83
2 64 99
2 39 147
1 19 64
2 59 146
2 118 110
2 18 155
1 149 106
1 91 11
2 68 27
2 9 12
2 95 88
2 124 155
2 101 32
2 43 56
2 94 6
2 119 8
2 99 148
1 92 36
2 144 92
2 148 102
2 104 124
1 31 89
1 98 52
1 132 144
2 9 49
2 143 84
2 64 66
2 107 59
2 35 9
1 81 101
1 122 44
2 18 101
2 61 44
2 75 56
2 103 76
2 116 129
2 95 68
2 52 35
2 156 23
2 35 29
2 84 49
2 78 99
2 39 46
2 66 114
1 81 144
1 82 56
1 44 111
1 76 82
1 127 62
2 83 6
2 99 49
1 147 136
1 64 113
1 146 124
1 110 71
2 155 119
1 106 129
1 11 36
2 27 99
2 12 31
1 88 42
1 155 63
2 32 109
1 56 85
1 6 13
2 8 154
2 148 113
1 36 100
2 92 37
1 102 89
2 124 128
1 89 142
2 52 102
2 144 90
1 49 131
2 84 72
1 66 49
1 59 11
2 9 16
2 101 9
2 44 159
2 101 64
1 44 35
1 56 161
2 76 111
2 129 103
2 68 119
1 35 25
1 23 6
2 29 132
1 49 149
1 99 137
2 46 63
2 114 92
2 144 155
2 56 46
1 111 7
1 82 31
2 62 143
2 6 155
1 49 70
1 136 64
2 113 39
2 124 19
2 71 59
2 119 118
2 129 18
1 36 149
2 99 91
2 31 68
1 42 9
2 63 95
1 109 124
2 85 101
2 13 43
2 154 94
2 113 119
2 100 99
1 37 92
2 89 144
1 128 148
1 142 104
1 102 31
2 90 98
1 131 132
1 72 9
1 49 143
1 11 64
2 16 107
1 9 35
1 159 81
2 64 122
1 35 18
2 161 61
1 111 75
2 103 103
2 119 116
1 25 95
2 6 52
2 132 156
1 149 35
2 137 84
2 63 78
2 92 39
2 155 66
2 46 81
2 7 82
2 31 44
1 143 76
2 155 127
2 70 83
2 64 99
2 39 147
1 19 64
2 59 146
2 118 110
2 18 155
1 149 106
1 91 11
2 68 27
2 9 12
2 95 88
2 124 155
2 101 32
2 43 56
2 94 6
2 119 8
2 99 148
1 92 36
2 144 92
2 148 102
2 104 124
1 31 89
1 98 52
1 132 144
2 9 49
2 143 84
2 64 66
2 107 59
2 35 9
1 81 101
1 122 44
2 18 101
2 61 44
2 75 56
2 103 76
2 116 129
2 95 68
2 52 35
2 156 23
2 35 29
2 84 49
2 78 99
2 39 46
2 66 114
1 81 144
1 82 56
1 44 111
1 76 82
1 127 62
2 83 6
2 99 49
1 147 136
1 64 113
1 146 124
1 110 71
2 155 119
1 106 129
1 11 36
2 27 99
2 12 31
1 88 42
1 155 63
2 32 109
1 56 85
1 6 13
2 8 154
2 148 113
1 36 100
2 92 37
1 102 89
2 124 128
1 89 142
2 52 102
2 144 90
1 49 131
2 84 72
1 66 49
1 59 11
2 9 16
2 101 9
2 44 159
2 101 64
1 44 35
1 56 161
2 76 111
2 129 103
2 68 119
1 35 25
1 23 6
2 29 132
1 49 149
1 99 137
2 46 63
2 114 92
2 144 155
2 56 46
1 111 7
1 82 31
2 62 143
2 6 155
1 49 70
1 136 64
2 113 39
2 124 19
2 71 59
2 119 118
2 129 18
1 36 149
2 99 91
2 31 68
1 42 9
2 63 95
1 109 124
2 85 101
2 13 43
2 154 94
2 113 119
2 100 99
1 37 92
2 89 144
1 128 148
1 142 104
1 102 31
2 90 98
1 131 132
1 72 9
1 49 143
1 11 64
2 16 107
1 9 35
1 159 81
2 64 122
1 35 18
2 161 61
1 111 75
2 103 103
2 119 116
1 25 95
2 6 52
2 132 156
1 149 35
2 137 84
2 63 78
2 92 39
2 155 66
2 46 81
2 7 82
2 31 44
1 143 76
2 155 127
2 70 83
2 64 99
2 39 147
1 19 64
2 59 146
2 118 110
2 18 155
1 149 106
1 91 11
2 68 27
2 9 12
2 95 88
2 124 155
2 101 32
2 43 56
2 94 6
2 119 8
2 99 148
1 92 36
2 144 92
2 148 102
2 104 124
1 31 89
1 98 52
1 132 144
2 9 49
2 143 84
2 64 66
2 107 59
2 35 9
1 81 101
1 122 44
2 18 101
2 61 44
2 75 56
2 103 76
2 116 129
2 95 68
2 52 35
2 156 23
2 35 29
2 84 49
2 78 99
2 39 46
2 66 114
1 81 144
1 82 56
1 44 111
1 76 82
1 127 62
2 83 6
2 99 49
1 147 136
1 64 113
1 146 124
1 110 71
2 155 119
1 106 129
1 11 36
2 27 99
2 12 31
1 88 42
1 155 63
2 32 109
1 56 85
1 6 13
2 8 154
2 148 113
1 36 100
2 92 37
1 102 89
2 124 128
1 89 142
2 52 102
2 144 90
1 49 131
2 84 72
1 66 49
1 59 11
2 9 16
2 101 9
2 44 159
2 101 64
1 44 35
1 56 161
2 76 111
2 129 103
2 68 119
1 35 25
1 23 6
2 29 132
1 49 149
1 99 137
2 46 63
2 114 92
2 144 155
2 56 46
1 111 7
1 82 31
2 62 143
2 6 155
1 49 70
1 136 64
2 113 39
2 124 19
2 71 59
2 119 118
2 129 18
1 36 149
2 99 91
2 31 68
1 42 9
2 63 95
1 109 124
2 85 101
2 13 43
2 154 94
2 113 119
2 100 99
1 37 92
2 89 144
1 128 148
1 142 104
1 102 31
2 90 98
1 131 132
1 72 9
1 49 143
1 11 64
2 16 107
1 9 35
1 159 81
2 64 122
1 35 18
2 161 61
1 111 75
2 103 103
2 119 116
1 25 95
2 6 52
2 132 156
1 149 35
2 137 84
2 63 78
2 92 39
2 155 66
2 46 81
2 7 82
2 31 44
1 143 76
2 155 127
2 70 83
2 64 99
2 39 147
1 19 64
2 59 146
2 118 110
2 18 155
1 149 106
1 91 11
2 68 27
2 9 12
2 95 88
2 124 155
2 101 32
2 43 56
2 94 6
2 119 8
2 99 148
1 92 36
2 144 92
2 148 102
2 104 124
1 31 89
1 98 52
1 132 144
2 9 49
2 143 84
2 64 66
2 107 59
2 35 9
1 81 101
1 122 44
2 18 101
2 61 44
2 75 56
2 103 76
2 116 129
2 95 68
2 52 35
2 156 23
2 35 29
2 84 49
2 78 99
2 39 46
2 66 114
1 81 144
1 82 56
1 44 111
1 76 82
1 127 62
2 83 6
2 99 49
1 147 136
1 64 113
1 146 124
1 110 71
2 155 119
1 106 129
1 11 36
2 27 99
2 12 31
1 88 42
1 155 63
2 32 109
1 56 85
1 6 13
2 8 154
2 148 113
1 36 100
2 92 37
1 102 89
2 124 128
1 89 142
2 52 102
2 144 90
1 49 131
2 84 72
1 66 49
1 59 11
2 9 16
2 101 9
2 44 159
2 101 64
1 44 35
1 56 161
2 76 111
2 129 103
2 68 119
1 35 25
1 23 6
2 29 132
1 49 149
1 99 137
2 46 63
2 114 92
2 144 155
2 56 46
1 111 7
1 82 31
2 62 143
2 6 155
1 49 70
1 136 64
2 113 39
2 124 19
2 71 59
2 119 118
2 129 18
1 36 149
2 99 91
2 31 68
1 42 9
2 63 95
1 109 124
2 85 101
2 13 43
2 154 94
2 113 119
2 100 99
1 37 92
2 89 144
1 128 148
1 142 104
1 102 31
2 90 98
1 131 132
1 72 9
1 49 143
1 11 64
2 16 107
1 9 35
1 159 81
2 64 122
1 35 18
2 161 61
1 111 75
2 103 103
2 119 116
1 25 95
2 6 52
2 132 156
1 149 35
2 137 84
2 63 78
2 92 39
2 155 66
2 46 81
2 7 82
2 31 44
1 143 76
2 155 127
2 70 83
2 64 99
2 39 147
1 19 64
2 59 146
2 118 110
2 18 155
1 149 106
1 91 11
2 68 27
2 9 12
2 95 88
2 124 155
2 101 32
2 43 56
2 94 6
2 119 8
2 99 148
1 92 36
2 144 92
2 148 102
2 104 124
1 31 89
1 98 52
1 132 144
2 9 49
2 143 84
2 64 66
2 107 59
2 35 9
1 81 101
1 122 44
2 18 101
2 61 44
2 75 56
2 103 76
2 116 129
2 95 68
2 52 35
2 156 23
2 35 29
2 84 49
2 78 99
2 39 46
2 66 114
1 81 144
1 82 56
1 44 111
1 76 82
1 127 62
2 83 6
2 99 49
1 147 136
1 64 113
1 146 124
1 110 71
2 155 119
1 106 129
1 11 36
2 27 99
2 12 31
1 88 42
1 155 63
2 32 109
1 56 85
1 6 13
2 8 154
2 148 113
1 36 100
2 92 37
1 102 89
2 124 128
1 89 142
2 52 102
2 144 90
1 49 131
2 84 72
1 66 49
1 59 11
2 9 16
2 101 9
2 44 159
2 101 64
1 44 35
1 56 161
2 76 111
2 129 103
2 68 119
1 35 25
1 23 6
2 29 132
1 49 149
1 99 137
2 46 63
2 114 92
2 144 155
2 56 46
1 111 7
1 82 31
2 62 143
2 6 155
1 49 70
1 136 64
2 113 39
2 124 19
2 71 59
2 119 118
2 129 18
1 36 149
2 99 91
2 31 68
1 42 9
2 63 95
1 109 124
2 85 101
2 13 43
2 154 94
2 113 119
2 100 99
1 37 92
2 89 144
1 128 148
1 142 104
1 102 31
2 90 98
1 131 132
1 72 9
1 49 143
1 11 64
2 16 107
1 9 35
1 159 81
2 64 122
1 35 18
2 161 61
1 111 75
2 103 103
2 119 116
1 25 95
2 6 52
2 132 156
1 149 35
2 137 84
2 63 78
2 92 39
2 155 66
2 46 81
2 7 82
2 31 44
1 143 76
2 155 127
2 70 83
2 64 99
2 39 147
1 19 64
2 59 146
2 118 110
2 18 155
1 149 106
1 91 11
2 68 27
2 9 12
2 95 88
2 124 155
2 101 32
2 43 56
2 94 6
2 119 8
2 99 148
1 92 36
2 144 92
2 148 102
2 104 124
1 31 89
1 98 52
1 132 144
2 9 49
2 143 84
2 64 66
2 107 59
2 35 9
1 81 101
1 122 44
2 18 101
2 61 44
2 75 56
2 103 76
2 116 129
2 95 68
2 52 35
2 156 23
2 35 29
2 84 49
2 78 99
2 39 46
2 66 114
1 81 144
1 82 56
1 44 111
1 76 82
1 127 62
2 83 6
2 99 49
1 147 136
1 64 113
1 146 124
1 110 71
2 155 119
1 106 129
1 11 36
2 27 99
2 12 31
1 88 42
1 155 63
2 32 109
1 56 85
1 6 13
2 8 154
2 148 113
1 36 100
2 92 37
1 102 89
2 124 128
1 89 142
2 52 102
2 144 90
1 49 131
2 84 72
1 66 49
1 59 11
2 9 16
2 101 9
2 44 159
2 101 64
1 44 35
1 56 161
2 76 111
2 129 103
2 68 119
1 35 25
1 23 6
2 29 132
1 49 149
1 99 137
2 46 63
2 114 92
2 144 155
2 56 46
1 111 7
1 82 31
2 62 143
2 6 155
1 49 70
1 136 64
2 113 39
2 124 19
2 71 59
2 119 118
2 129 18
1 36 149
2 99 91
2 31 68
1 42 9
2 63 95
1 109 124
2 85 101
2 13 43
2 154 94
2 113 119
2 100 99
1 37 92
2 89 144
1 128 148
1 142 104
1 102 31
2 90 98
1 131 132
1 72 9
1 49 143
1 11 64
2 16 107
1 9 35
1 159 81
2 64 122
1 35 18
2 161 61
1 111 75
2 103 103
2 119 116
1 25 95
2 6 52
2 132 156
1 149 35
2 137 84
2 63 78
2 92 39
2 155 66
2 46 81
2 7 82
2 31 44
1 143 76
2 155 127
2 70 83
2 64 99
2 39 147
1 19 64
2 59 146
2 118 110
2 18 155
1 149 106
1 91 11
2 68 27
2 9 12
2 95 88
2 124 155
2 101 32
2 43 56
2 94 6
2 119 8
2 99 148
1 92 36
2 144 92
2 148 102
2 104 124
1 31 89
1 98 52
1 132 144
2 9 49
2 143 84
2 64 66
2 107 59
2 35 9
1 81 101
1 122 44
2 18 101
2 61 44
2 75 56
2 103 76
2 116 129
2 95 68
2 52 35
2 156 23
2 35 29
2 84 49
2 78 99
2 39 46
2 66 114
1 81 144
1 82 56
1 44 111
1 76 82
1 127 62
2 83 6
2 99 49
1 147 136
1 64 113
1 146 124
1 110 71
2 155 119
1 106 129
1 11 36
2 27 99
2 12 31
1 88 42
1 155 63
2 32 109
1 56 85
1 6 13
2 8 154
2 148 113
1 36 100
2 92 37
1 102 89
2 124 128
1 89 142
2 52 102
2 144 90
1 49 131
2 84 72
1 66 49
1 59 11
2 9 16
2 101 9
2 44 159
2 101 64
1 44 35
1 56 161
2 76 111
2 129 103
2 68 119
1 35 25
1 23 6
2 29 132
1 49 149
1 99 137
2 46 63
2 114 92
2 144 155
2 56 46
1 111 7
1 82 31
2 62 143
2 6 155
1 49 70
1 136 64
2 113 39
2 124 19
2 71 59
2 119 118
2 129 18
1 36 149
2 99 91
2 31 68
1 42 9
2 63 95
1 109 124
2 85 101
2 13 43
2 154 94
2 113 119
2 100 99
1 37 92
2 89 144
1 128 148
1 142 104
1 102 31
2 90 98
1 131 132
1 72 9
1 49 143
1 11 64
2 16 107
1 9 35
1 159 81
2 64 122
1 35 18
2 161 61
1 111 75
2 103 103
2 119 116
1 25 95
2 6 52
2 132 156
1 149 35
2 137 84
2 63 78
2 92 39
2 155 66
2 46 81
2 7 82
2 31 44
1 143 76
2 155 127
2 70 83
2 64 99
2 39 147
1 19 64
2 59 146
2 118 110
2 18 155
1 149 106
1 91 11
2 68 27
2 9 12
2 95 88
2 124 155
2 101 32
2 43 56
2 94 6
2 119 8
2 99 148
1 92 36
2 144 92
2 148 102
2 104 124
1 31 89
1 98 52
1 132 144
2 9 49
2 143 84
2 64 66
2 107 59
2 35 9
1 81 101
1 122 44
2 18 101
2 61 44
2 75 56
2 103 76
2 116 129
2 95 68
2 52 35
2 156 23
2 35 29
2 84 49
2 78 99
2 39 46
2 66 114
1 81 144
1 82 56
1 44 111
1 76 82
1 127 62
2 83 6
2 99 49
1 147 136
1 64 113
1 146 124
1 110 71
2 155 119
1 106 129
1 11 36
2 27 99
2 12 31
1 88 42
1 155 63
2 32 109
1 56 85
1 6 13
2 8 154
2 148 113
1 36 100
2 92 37
1 102 89
2 124 128
1 89 142
2 52 102
2 144 90
1 49 131
2 84 72
1 66 49
1 59 11
2 9 16
2 101 9
2 44 159
2 101 64
1 44 35
1 56 161
2 76 111
2 129 103
2 68 119
1 35 25
1 23 6
2 29 132
1 49 149
1 99 137
2 46 63
2 114 92
2 144 155
2 56 46
1 111 7
1 82 31
2 62 143
2 6 155
1 49 70
1 136 64
2 113 39
2 124 19
2 71 59
2 119 118
2 129 18
1 36 149
2 99 91
2 31 68
1 42 9
2 63 95
1 109 124
2 85 101
2 13 43
2 154 94
2 113 119
2 100 99
1 37 92
2 89 144
1 128 148
1 142 104
1 102 31
2 90 98
1 131 132
1 72 9
1 49 143
1 11 64
2 16 107
1 9 35
1 159 81
2 64 122
1 35 18
2 161 61
1 111 75
2 103 103
2 119 116
1 25 95
2 6 52
2 132 156
1 149 35
2 137 84
2 63 78
2 92 39
2 155 66
2 46 81
2 7 82
2 31 44
1 143 76
2 155 127
2 70 83
2 64 99
2 39 147
1 19 64
2 59 146
2 118 110
2 18 155
1 149 106
1 91 11
2 68 27
2 9 12
2 95 88
2 124 155
2 101 32
2 43 56
2 94 6
2 119 8
2 99 148
1 92 36
