20 300
101
26
6
81
115
117
118
69
168
100
115
148
102
84
169
135
44
48
180
79
10 1 167
15 11 23
11 10 67
6 11 170
4 11 48
11 5 41
9 1 64
12 13 101
16 18 7
2 20 112
16 14 70
8 15 110
12 9 1
16 8 72
19 10 32
15 13 97
3 2 174
4 10 133
2 10 139
20 4 42
4 7 151
17 14 119
11 6 199
11 10 150
1 11 104
12 9 11
18 10 141
10 8 77
17 5 40
19 6 58
9 2 150
5 10 7
14 20 134
19 3 133
9 18 198
20 18 145
1 7 130
8 5 139
16 4 101
10 18 173
18 1 9
16 18 100
18 14 192
13 4 156
14 17 23
8 15 9
12 16 6
2 1 11
2 7 58
19 10 31
10 6 146
8 5 143
18 6 49
7 10 78
10 16 122
9 11 57
10 15 3
20 3 104
3 14 72
15 6 39
1 18 106
1 15 65
12 20 150
1 4 190
9 20 58
20 10 101
13 18 192
3 5 92
12 16 75
11 7 148
20 1 100
20 12 120
12 15 2
11 13 143
17 5 195
2 17 98
16 14 199
12 4 33
13 18 28
1 5 38
15 12 159
18 17 30
10 1 167
13 6 70
7 3 42
1 13 197
4 10 10
2 11 18
7 10 188
15 3 119
3 7 99
5 19 114
11 7 166
19 4 132
9 2 73
10 7 86
16 3 121
15 9 166
6 7 76
1 14 90
8 17 46
2 3 117
8 3 104
16 18 194
18 3 1
20 17 46
12 15 23
18 7 120
14 13 23
4 19 155
12 2 118
5 17 90
5 15 117
9 4 148
2 11 8
12 2 159
12 7 181
16 1 101
17 11 18
18 6 52
17 6 33
6 20 181
20 13 93
9 19 98
2 15 116
11 3 44
20 8 193
20 13 126
4 2 169
20 4 131
19 20 38
10 12 6
7 19 145
5 3 93
8 6 30
8 20 119
1 16 90
16 18 94
8 5 172
11 7 95
12 13 31
3 18 6
12 1 69
20 9 128
8 16 186
12 16 163
11 13 44
10 6 172
17 8 9
19 5 123
12 1 138
10 14 65
3 1 67
18 7 64
12 16 8
20 1 99
6 15 159
5 6 175
3 12 87
2 4 80
12 18 95
3 15 39
16 17 102
9 1 161
13 1 126
1 13 58
8 14 122
5 11 66
4 13 129
13 8 91
4 1 44
5 8 163
3 4 56
12 13 12
6 9 12
13 9 113
18 2 31
10 2 14
17 7 166
20 5 27
11 1 195
20 10 113
17 7 2
10 1 75
20 4 29
4 15 131
4 2 131
16 17 110
13 5 80
9 11 18
14 10 79
9 12 39
5 15 23
9 12 104
15 1 132
2 9 166
18 1 177
14 6 140
18 13 173
2 7 145
10 19 186
1 20 89
2 8 192
12 20 136
18 16 60
2 15 36
8 15 101
18 20 26
14 20 67
19 9 99
12 3 46
9 3 144
14 19 104
18 20 169
16 6 109
1 7 62
8 9 148
5 1 112
6 16 94
12 9 180
9 7 135
7 16 5
7 11 46
13 19 41
7 8 197
8 15 135
15 1 74
19 11 67
18 20 118
19 6 3
13 16 41
11 9 196
9 19 162
18 16 174
7 16 112
19 3 177
16 8 130
10 5 128
8 15 168
15 10 110
18 7 191
10 13 149
15 13 42
7 14 131
11 7 43
5 8 52
13 12 48
3 12 103
5 20 147
16 2 74
14 3 144
11 15 91
12 16 144
9 7 43
18 3 7
17 3 159
6 8 10
3 11 39
18 1 122
14 5 176
11 20 42
15 14 150
5 3 135
4 20 179
8 17 81
14 4 162
8 6 150
20 15 134
7 2 178
15 10 111
3 16 145
9 10 138
18 19 200
17 13 46
19 9 158
4 18 136
3 10 111
18 12 126
10 20 53
12 3 188
19 7 26
6 10 109
17 5 17
3 11 150
4 15 181
16 10 87
8 3 51
9 18 119
20 11 83
14 3 94
15 18 192
16 15 35
18 1 23
4 2 119
19 14 94
7 15 199
14 20 101
7 9 53
18 7 125
16 18 109
