300 2000
38
632
483
488
735
190
335
397
341
724
436
636
651
256
717
512
248
109
660
345
207
303
766
800
463
121
376
713
353
142
191
596
103
221
251
765
690
98
306
51
306
400
220
474
167
666
534
238
552
299
371
329
342
123
136
539
540
756
567
123
449
336
732
196
190
173
563
27
243
659
347
754
725
57
161
313
158
246
348
53
186
175
334
118
722
151
708
408
437
613
270
173
702
388
541
132
762
86
538
386
488
461
345
756
770
311
399
176
334
362
293
762
522
507
647
143
59
590
782
178
238
35
85
773
169
782
728
231
516
364
323
433
538
589
408
324
571
148
494
693
535
459
374
31
498
46
253
3
200
751
550
612
377
137
326
236
305
626
737
287
490
733
480
486
464
496
615
782
70
632
648
351
538
524
374
615
144
746
437
449
753
676
520
551
588
366
635
359
230
438
144
63
439
123
419
289
243
179
691
475
133
332
262
772
245
516
713
404
702
367
47
344
750
572
210
88
473
716
750
605
344
735
281
281
405
55
252
735
520
466
139
374
669
314
756
253
458
678
470
41
601
349
269
757
54
514
290
657
52
314
568
789
374
144
275
290
19
129
191
448
730
299
59
395
592
168
666
638
118
168
66
713
92
727
656
713
418
740
438
780
625
531
628
534
593
463
595
650
378
394
156
482
398
249
50
420
484
417
322
64
71 154 371
130 238 732
16 201 554
162 132 325
117 222 155
46 244 513
270 153 87
20 182 644
206 23 670
195 124 717
234 8 376
56 255 340
280 266 240
33 143 205
253 238 353
209 30 172
3 126 380
211 57 317
234 177 320
131 204 652
279 221 703
186 288 697
183 237 234
4 88 443
72 227 83
101 111 464
236 219 521
131 169 736
289 253 358
112 21 72
101 245 645
53 60 200
96 219 318
56 203 216
232 110 367
158 204 458
207 8 114
278 38 628
27 125 678
6 155 639
96 38 260
81 206 347
202 233 411
157 161 588
267 227 375
281 188 778
85 144 534
114 30 519
279 59 617
300 167 182
212 17 245
246 231 626
230 187 159
240 157 559
38 71 713
141 135 614
255 209 416
220 211 2
166 246 150
213 203 252
225 126 30
193 220 680
211 104 652
201 164 100
94 145 487
132 298 502
160 9 31
65 140 795
256 165 620
76 296 185
59 195 64
254 131 142
44 209 658
106 8 399
92 291 333
97 109 58
68 121 753
231 129 686
221 102 137
80 156 61
28 86 548
44 6 591
129 258 617
86 253 65
83 282 704
220 182 379
62 300 325
113 60 56
232 206 642
160 110 548
138 268 578
166 178 471
284 2 69
236 272 800
199 229 31
37 250 729
97 56 71
8 80 203
278 215 124
49 160 520
86 61 542
62 146 176
37 13 98
108 173 655
19 107 793
52 285 694
79 186 38
93 211 141
77 58 44
248 181 37
282 273 251
136 52 449
244 194 767
85 156 365
186 257 324
138 55 290
14 198 548
261 40 2
156 74 671
48 281 324
279 46 169
235 78 411
46 67 739
52 274 582
146 154 710
158 36 712
247 293 260
206 208 615
187 225 502
139 65 655
210 257 436
125 98 121
174 230 602
166 163 642
133 8 65
284 146 382
113 206 171
208 134 295
292 223 58
246 144 138
158 267 735
68 80 765
34 247 350
13 91 300
138 242 654
24 20 306
194 10 581
139 68 28
236 217 221
226 222 79
31 223 679
243 11 333
291 45 281
71 87 254
244 160 737
157 110 682
199 146 317
28 42 701
285 6 670
246 234 756
178 136 270
74 166 596
79 223 590
7 193 521
213 267 90
18 47 279
71 151 209
60 163 656
285 18 782
10 218 610
28 270 590
217 157 525
164 182 758
212 294 7
64 225 145
164 87 182
68 201 426
36 244 794
136 15 161
7 283 368
49 5 141
213 274 43
283 244 703
127 119 123
221 187 600
20 123 442
65 125 243
264 275 18
269 151 684
5 19 225
155 139 39
165 26 705
274 232 453
121 298 15
156 239 785
57 153 252
126 274 769
216 42 388
185 1 494
293 131 567
250 131 623
74 260 598
47 96 192
267 138 171
25 276 274
63 297 373
267 9 555
2 98 732
101 223 496
242 244 292
40 82 589
244 65 107
137 298 367
63 175 415
98 55 23
248 179 613
52 138 699
255 273 296
257 242 132
280 60 354
190 181 774
35 232 118
242 89 678
191 145 513
19 10 393
31 206 335
97 4 226
238 162 336
19 295 27
73 76 290
148 77 405
177 39 603
253 222 753
191 292 361
59 175 395
35 18 54
210 227 310
115 288 187
195 196 482
45 43 160
253 215 60
125 31 781
169 249 764
256 103 472
155 255 474
279 292 725
245 215 734
287 47 644
36 149 55
124 21 795
118 203 352
222 289 606
226 45 636
120 104 576
91 149 547
198 44 642
21 47 262
285 132 642
122 215 195
230 55 129
128 46 79
114 220 299
137 229 551
54 220 131
198 169 796
231 85 642
116 287 234
87 260 197
77 82 737
38 16 618
14 91 559
113 174 162
43 223 525
199 112 693
209 192 448
34 287 35
127 222 682
60 254 280
260 128 771
274 58 208
55 282 257
115 97 11
142 157 657
74 232 748
260 83 254
107 184 128
79 30 165
268 21 661
218 122 73
227 256 662
278 11 248
42 111 11
14 151 136
46 1 90
18 33 707
59 8 697
300 192 52
176 195 231
245 191 216
169 235 138
225 111 279
15 299 468
116 137 136
219 34 483
131 298 639
43 155 345
109 178 654
231 281 314
210 118 374
124 62 178
166 275 53
113 203 289
70 183 559
121 198 334
222 116 611
49 239 782
267 206 798
300 26 89
99 176 19
8 219 554
238 296 161
142 237 57
71 226 387
174 85 585
173 148 686
18 111 105
208 120 711
166 23 483
216 296 798
93 97 734
285 69 369
104 4 507
170 104 375
23 24 459
169 260 420
78 42 609
230 282 16
273 246 120
139 29 184
115 20 7
136 39 577
13 231 764
252 280 61
112 235 122
71 105 263
79 66 528
221 138 545
170 270 9
262 277 364
256 286 705
209 39 750
79 264 292
218 213 766
103 151 318
69 265 482
101 170 786
14 29 290
151 148 195
8 258 500
180 91 423
15 299 526
290 188 656
260 169 356
23 136 476
47 70 407
91 26 374
232 47 70
27 250 489
16 154 709
35 12 444
29 226 556
69 71 397
193 139 249
212 41 603
210 82 497
108 285 402
76 79 226
99 105 297
187 226 350
87 45 418
259 168 125
80 79 168
201 87 782
61 271 84
77 281 7
84 149 534
59 94 82
163 266 753
195 45 23
25 203 139
80 219 595
138 149 140
122 89 782
56 101 376
71 159 44
222 148 657
136 192 716
140 153 396
14 293 715
291 204 649
58 230 28
202 145 227
154 220 586
226 211 568
87 155 551
60 125 308
92 78 648
31 284 301
125 293 440
244 155 333
23 280 349
58 155 230
81 47 429
72 133 781
35 164 211
123 107 50
113 222 347
208 285 271
74 150 184
274 264 642
44 17 211
254 75 267
214 205 10
59 234 593
6 93 6
38 158 206
147 152 330
230 247 36
167 198 268
42 223 492
90 238 328
35 164 417
6 14 601
158 124 379
28 259 237
255 228 437
251 152 260
280 177 60
295 30 514
83 187 797
298 202 254
154 157 442
42 15 124
115 235 340
194 106 111
253 201 637
210 235 601
213 19 522
213 13 104
60 286 33
101 180 168
20 79 316
48 50 736
156 97 584
63 110 553
194 72 312
146 127 480
244 49 162
11 275 202
246 76 581
79 39 124
215 133 560
38 41 709
122 114 170
50 221 123
98 172 333
192 297 440
164 258 458
221 233 205
151 56 583
269 108 643
78 190 308
89 299 557
269 74 17
281 140 601
147 236 363
272 44 54
29 95 325
21 187 503
102 210 708
155 221 671
91 35 676
51 2 408
147 38 213
215 109 362
10 153 644
87 123 431
156 42 586
170 91 325
145 241 481
258 6 554
274 219 676
27 156 93
185 214 107
147 69 453
204 162 20
266 268 437
300 21 756
126 281 100
61 68 668
48 117 446
89 55 630
202 84 466
225 136 92
64 174 590
295 221 86
284 257 107
289 279 606
126 172 381
199 68 2
27 234 427
23 21 680
175 199 768
41 127 447
229 166 668
167 245 272
198 264 476
113 263 722
176 104 63
243 228 223
256 86 90
26 10 766
244 123 332
132 201 726
112 217 191
43 122 436
135 283 360
299 201 275
134 202 183
108 118 575
139 168 21
268 125 259
69 295 518
243 5 419
177 181 293
26 227 765
166 208 758
47 181 751
91 297 397
243 125 501
77 183 477
197 58 302
19 79 554
38 68 520
82 39 235
11 85 320
220 31 186
177 147 444
288 295 207
262 213 249
189 35 245
58 253 595
24 11 440
194 148 266
292 144 358
74 163 732
66 263 765
267 144 612
220 6 482
44 63 530
285 62 91
243 9 275
169 123 628
9 224 277
179 249 499
144 122 332
209 266 93
20 200 278
241 72 263
111 4 146
199 21 50
285 7 481
2 297 23
134 154 433
63 40 26
235 256 335
241 143 213
180 8 592
298 56 77
56 97 574
269 223 480
265 34 504
109 22 231
57 111 465
253 27 120
145 258 81
20 115 391
195 234 527
132 92 557
229 135 371
190 242 94
43 117 437
22 291 51
11 155 564
249 76 745
60 7 288
77 275 593
173 66 320
44 129 508
84 75 772
171 91 556
89 221 408
278 160 154
152 107 137
2 239 305
60 91 657
161 206 374
195 280 721
245 268 511
106 214 769
177 11 109
96 164 183
8 216 46
125 109 590
39 77 262
237 186 261
240 110 692
127 104 796
5 131 381
104 79 359
183 88 771
121 288 311
118 170 200
111 14 354
242 203 16
30 139 450
88 162 379
162 288 245
63 290 174
286 232 270
15 189 40
181 107 738
33 280 781
60 63 315
104 83 131
210 233 759
200 68 496
177 85 694
213 204 281
90 61 193
228 243 427
84 32 294
102 119 146
113 49 325
92 256 726
204 233 439
242 251 6
165 160 765
23 90 196
105 58 23
268 121 569
179 106 349
188 271 180
188 33 198
178 35 683
79 282 475
7 264 419
276 200 673
232 13 369
1 203 453
72 176 151
188 159 451
174 8 706
168 4 270
107 32 147
181 86 375
112 157 717
3 99 754
34 126 217
263 190 164
259 52 638
57 11 277
159 265 729
264 64 368
202 94 403
207 81 714
256 156 436
22 282 115
78 290 27
243 298 36
18 220 514
295 101 395
130 213 778
272 251 103
275 161 695
157 125 118
242 185 626
280 130 6
124 292 509
116 224 371
98 103 434
195 18 415
99 17 26
102 94 334
200 180 142
150 236 163
213 146 8
3 241 261
37 191 376
40 30 323
128 36 434
266 15 291
213 177 770
242 112 352
90 195 331
7 158 274
251 141 422
80 169 741
108 35 582
38 79 97
157 293 535
2 193 486
120 16 776
113 3 738
258 191 766
140 181 128
165 11 383
81 272 253
1 260 40
297 295 39
141 162 783
156 180 218
15 43 166
47 238 532
135 106 66
21 129 701
185 212 144
69 268 477
64 137 85
177 179 128
154 78 673
107 19 177
289 296 704
38 242 25
267 255 350
253 66 630
4 289 642
245 109 62
205 69 612
221 151 376
155 196 9
221 95 317
201 104 591
246 91 720
172 79 206
115 5 198
115 280 101
42 98 670
138 77 547
147 129 786
164 74 314
296 8 161
208 124 428
227 75 24
192 101 435
84 164 564
64 53 479
202 18 511
11 241 298
44 129 314
86 190 643
119 280 385
55 161 778
170 120 134
260 119 135
171 275 235
208 23 559
23 80 141
193 154 192
79 100 647
239 205 68
154 144 737
153 120 666
64 146 135
85 269 660
4 192 174
173 23 782
233 151 643
168 179 783
195 147 283
164 167 344
154 296 267
58 21 113
127 264 505
50 240 195
222 244 591
79 11 418
23 274 431
168 67 546
204 130 643
187 297 177
297 205 795
239 38 359
52 50 345
244 189 658
85 58 253
162 138 213
268 107 558
7 154 566
208 248 177
170 168 283
166 108 450
116 185 257
131 163 14
223 146 346
32 245 438
223 208 763
128 31 267
105 221 348
226 17 473
158 267 398
274 165 201
239 172 183
111 15 638
257 109 214
119 290 637
91 264 702
139 184 227
137 202 764
190 241 203
136 71 675
177 21 203
200 290 708
33 63 640
131 298 322
258 244 430
220 85 62
66 232 624
62 86 159
75 8 618
243 285 344
79 291 95
285 94 557
194 259 692
112 51 519
87 251 272
189 212 519
231 96 697
74 222 20
31 288 214
180 129 280
129 132 158
78 14 195
28 13 237
152 121 457
218 271 38
82 87 315
52 14 216
229 123 584
224 246 390
256 264 393
25 59 715
27 208 660
207 45 595
163 141 644
273 290 17
280 140 733
93 51 225
300 128 685
147 186 609
64 4 784
122 121 285
72 154 271
207 195 174
181 19 620
93 229 636
27 103 408
120 18 209
25 138 753
87 168 94
166 239 345
118 289 540
41 271 174
19 1 166
170 80 249
201 131 84
147 263 139
173 172 369
247 133 271
220 213 400
69 122 470
122 289 785
186 200 729
168 34 507
91 56 69
67 230 758
212 64 550
103 151 711
71 178 164
160 47 628
292 169 369
66 223 755
56 153 464
154 23 695
147 263 296
119 103 302
262 182 669
209 106 373
9 115 573
293 273 42
244 56 342
13 238 365
176 50 302
91 272 262
277 207 25
186 27 711
193 175 399
26 221 497
263 1 402
24 174 318
18 12 625
135 105 323
10 1 506
66 122 15
126 290 37
143 51 388
125 102 581
182 278 10
45 87 384
289 254 501
205 30 290
214 282 457
267 189 15
116 193 768
221 206 292
44 6 466
209 29 493
280 207 49
191 153 81
188 128 593
3 22 762
209 8 99
13 131 665
81 281 589
173 12 109
132 108 212
19 219 791
269 24 289
204 171 610
124 180 335
179 87 232
246 61 457
266 39 364
6 169 114
227 218 475
14 71 11
167 57 686
18 208 68
51 89 222
87 206 282
282 228 308
213 134 119
222 190 55
196 295 144
181 251 351
149 284 628
87 57 341
158 175 97
286 227 98
65 68 235
202 5 789
221 191 17
209 86 534
78 10 121
116 176 756
122 56 723
266 113 337
75 211 100
85 43 686
185 225 337
210 295 153
108 230 179
68 267 367
259 109 590
261 187 80
267 173 690
210 65 584
82 136 31
51 220 232
54 140 628
168 198 31
178 166 218
75 257 653
165 110 391
26 104 321
187 56 438
189 278 592
154 111 800
20 169 271
70 68 462
79 204 720
62 4 441
63 281 425
235 20 676
217 246 799
59 101 111
137 118 375
296 183 564
200 67 745
253 85 615
156 36 51
191 27 200
211 129 565
273 148 407
10 179 555
103 257 368
45 58 424
215 198 283
234 72 74
253 38 97
174 116 96
260 217 745
165 167 242
55 86 158
55 283 81
172 108 112
298 12 452
125 219 197
132 246 742
42 82 538
187 297 472
278 184 413
214 38 206
241 6 662
269 259 474
267 185 208
104 16 352
32 132 613
13 98 419
228 236 171
237 46 708
65 116 500
239 213 468
112 95 32
290 241 493
215 89 112
108 239 423
238 108 369
74 164 358
183 251 591
143 144 166
75 169 416
142 74 98
298 261 207
270 194 411
287 70 67
182 299 330
122 157 684
65 160 95
276 105 4
159 235 420
113 223 713
49 140 426
145 132 706
280 84 223
133 74 723
252 224 220
98 96 149
120 121 407
300 114 537
242 34 521
85 245 260
281 105 348
296 25 470
17 23 385
20 238 113
126 159 180
210 180 470
293 259 238
233 6 151
1 48 185
274 103 722
108 189 581
128 258 140
211 293 637
268 206 311
275 84 284
194 92 451
204 172 704
122 21 405
129 102 529
62 126 636
178 106 113
228 47 211
67 217 640
7 23 433
53 115 610
108 91 259
248 220 713
146 90 757
154 261 577
101 216 424
57 21 639
142 73 235
2 41 139
146 131 757
195 31 136
183 286 562
171 152 416
40 226 319
283 263 587
23 184 485
16 34 85
14 125 388
119 207 366
18 136 470
57 247 797
250 216 430
112 194 763
241 252 61
251 101 349
202 131 38
32 215 538
85 181 596
126 34 530
187 240 479
68 293 503
180 33 639
12 30 666
253 103 696
32 59 24
119 18 686
86 285 635
228 268 370
251 232 310
224 255 590
13 276 489
136 36 510
146 140 217
255 40 124
243 20 615
196 96 32
196 60 43
110 213 96
64 226 105
285 185 360
25 163 712
199 71 591
82 211 176
232 289 514
107 135 184
3 61 331
251 107 491
205 262 409
122 137 248
200 283 406
263 197 172
79 13 467
199 179 714
299 187 704
81 183 39
272 75 644
298 86 798
30 231 738
7 227 770
194 121 276
133 226 515
146 224 599
108 239 527
221 137 473
43 190 100
205 182 679
63 207 93
258 35 240
40 106 567
92 184 428
25 279 231
63 22 577
56 80 313
289 209 453
150 31 771
138 106 578
156 293 441
133 15 234
199 116 689
268 223 199
81 210 171
89 224 169
58 266 260
66 279 213
222 205 434
19 203 201
131 24 426
126 114 730
79 73 20
17 135 47
201 298 340
234 295 44
81 9 88
182 1 787
150 149 152
298 20 306
171 39 439
236 207 652
101 149 473
162 233 773
85 118 475
60 80 590
15 80 192
288 219 561
269 183 426
63 66 619
24 96 739
177 240 603
99 63 159
255 164 311
62 16 731
135 191 716
146 99 338
246 295 86
68 29 736
119 255 299
276 33 525
30 198 300
265 232 198
231 266 460
129 132 562
263 96 184
138 21 622
57 48 730
23 108 297
278 223 463
176 179 124
51 192 497
33 101 770
282 51 482
8 135 270
174 158 374
156 174 99
32 30 361
129 166 167
199 239 89
213 85 706
255 228 783
148 230 638
101 206 700
250 129 399
262 37 365
212 259 336
210 90 674
111 16 492
149 248 260
257 283 325
204 214 316
107 227 149
261 30 735
30 289 155
224 199 268
200 83 781
54 30 412
67 132 749
298 241 571
146 136 584
20 8 247
75 150 501
208 226 707
172 274 148
130 73 259
84 196 755
132 81 184
107 181 473
86 10 193
181 240 331
66 82 733
197 73 231
71 233 482
148 230 32
230 18 308
85 196 587
49 159 585
47 86 346
77 120 578
20 178 378
249 24 733
293 220 120
215 63 110
51 34 453
60 255 183
129 280 298
255 49 396
38 95 126
24 147 442
225 247 622
56 193 781
122 256 554
36 252 214
60 85 28
125 235 17
255 122 284
226 292 6
196 130 797
26 121 547
147 185 138
244 287 572
172 29 62
213 247 351
74 92 226
293 101 756
36 18 88
108 204 336
67 140 503
49 287 199
11 16 611
153 144 359
247 72 761
156 269 296
258 260 254
19 196 582
265 76 121
124 222 774
31 13 693
147 86 127
145 88 284
272 29 341
221 176 431
108 106 430
265 246 225
30 10 250
154 17 649
300 140 164
98 20 362
92 252 163
104 48 289
175 61 139
232 215 287
169 57 285
296 158 785
20 185 544
23 125 216
279 198 630
102 210 466
148 116 543
271 282 598
10 243 740
176 54 404
278 152 236
242 48 233
205 81 398
60 208 540
97 38 716
136 243 459
204 46 482
181 73 61
183 10 279
32 69 606
111 184 171
294 201 205
81 83 30
244 205 641
242 299 195
167 252 691
225 122 330
41 290 391
127 282 651
184 157 41
129 268 636
42 50 390
73 148 349
194 198 251
191 79 638
219 145 129
232 36 279
123 250 784
239 236 472
223 77 481
271 176 253
109 189 589
94 204 449
138 188 163
58 263 147
45 49 326
186 152 794
288 238 131
174 36 7
164 255 468
66 35 408
107 272 141
148 99 636
229 245 89
270 203 82
32 17 513
23 208 97
206 201 672
95 146 171
171 18 582
183 85 355
135 74 21
212 65 276
31 59 578
83 289 341
274 57 189
78 57 643
276 268 304
42 287 111
281 66 440
150 155 121
38 4 528
89 171 316
256 264 581
248 173 367
190 105 379
26 40 711
164 239 458
121 28 451
25 59 750
55 74 186
125 271 435
191 61 141
102 118 667
6 218 368
184 222 175
260 285 128
231 233 526
65 274 165
80 43 502
19 6 392
217 19 506
125 22 724
136 204 762
61 168 755
280 300 256
33 173 717
278 189 202
64 214 479
120 270 686
16 70 453
145 293 514
207 36 560
21 263 458
134 291 696
155 294 136
152 24 423
158 126 172
145 65 642
276 240 471
249 35 7
180 16 125
86 171 558
164 240 570
231 105 372
216 10 473
37 281 507
240 51 339
71 19 197
12 230 420
69 271 471
94 4 464
218 288 469
42 236 197
75 171 721
268 10 49
237 121 24
147 282 508
285 55 674
255 170 53
103 42 511
20 65 87
235 142 387
44 270 608
243 142 533
265 190 390
186 65 200
95 25 609
133 187 590
143 45 360
300 223 391
177 175 278
247 270 310
170 121 605
14 139 83
100 206 206
264 295 584
258 211 242
280 289 662
62 10 645
93 173 200
3 165 554
177 104 379
186 122 11
174 292 390
264 121 263
48 55 14
168 58 113
243 119 422
3 289 115
121 15 786
111 51 690
200 47 143
126 108 195
71 217 179
108 78 190
262 246 800
223 5 535
14 40 675
28 235 667
244 200 294
182 293 641
206 250 151
157 101 588
265 197 545
255 161 316
107 88 26
272 166 485
96 48 134
299 20 522
173 54 705
132 131 638
126 178 633
160 200 722
133 115 375
103 10 604
231 268 395
6 178 130
43 13 726
72 200 138
275 125 324
220 221 684
185 179 399
127 83 99
124 239 538
39 279 235
139 73 41
114 33 544
198 289 782
168 138 254
162 177 239
270 3 219
153 270 775
231 157 6
30 233 567
199 231 534
172 115 766
26 163 344
167 300 378
281 166 732
29 102 479
292 154 343
90 176 145
284 42 450
15 150 487
292 160 706
42 101 174
50 88 70
13 219 621
220 56 528
23 161 456
255 243 26
258 6 794
161 119 43
191 172 541
142 134 211
188 280 301
278 110 29
4 210 2
182 239 468
114 205 290
135 91 518
209 272 214
26 95 413
158 272 532
10 216 59
136 288 57
102 227 604
86 152 133
225 99 170
257 47 739
297 66 795
59 244 736
79 286 607
127 275 350
238 154 257
258 275 271
226 206 72
36 147 751
178 64 422
76 284 582
230 237 186
115 181 222
29 185 238
148 104 198
81 136 271
222 168 110
38 108 594
156 272 629
211 126 646
74 44 40
185 192 352
65 275 266
94 286 1
19 261 262
70 300 732
200 37 344
204 289 443
164 51 299
15 274 218
64 285 29
213 69 39
206 150 83
77 93 545
37 47 349
295 192 160
271 286 797
64 61 347
141 74 96
239 217 645
229 63 423
46 244 788
85 6 694
93 18 227
128 160 192
52 146 653
125 299 511
100 214 653
159 199 754
204 164 463
261 136 446
76 254 296
25 214 97
282 132 412
152 197 431
11 76 214
8 284 2
285 200 197
92 239 193
201 23 227
229 4 418
206 286 109
122 297 663
155 174 140
69 292 44
106 108 445
295 167 343
212 115 614
101 94 347
6 192 43
40 211 304
217 187 357
98 68 236
190 53 609
71 58 338
28 289 571
59 96 542
225 152 545
238 147 488
245 282 665
238 263 460
261 37 656
2 18 442
76 94 593
103 229 155
36 51 140
161 42 621
101 3 688
260 205 131
159 96 632
271 176 662
54 288 280
218 173 485
96 207 366
31 41 137
146 57 698
170 99 416
69 103 582
216 164 656
294 12 366
149 36 662
292 215 771
232 51 554
208 237 35
274 264 297
297 288 122
204 16 595
202 184 726
133 168 336
85 203 598
292 3 423
43 288 355
272 56 95
291 4 733
231 70 280
295 139 334
22 169 293
34 231 51
272 138 416
118 254 215
180 43 741
102 32 628
209 277 706
233 238 63
279 255 155
246 281 570
295 195 614
35 249 691
134 207 322
127 217 754
296 13 135
33 230 691
227 70 235
159 178 473
238 259 412
146 50 118
126 220 757
68 273 472
34 210 490
35 177 772
78 175 584
36 70 119
59 290 729
272 180 113
84 275 397
138 128 626
180 57 477
160 69 2
145 59 219
227 93 207
220 63 583
33 204 644
217 155 87
271 42 207
22 243 176
278 81 247
32 29 520
28 95 728
34 243 27
9 161 790
124 158 616
21 240 230
280 132 487
177 25 305
61 265 69
150 212 340
290 107 28
92 98 274
271 7 1
237 278 485
87 27 556
253 96 751
156 47 666
293 177 360
37 48 232
17 144 173
103 186 120
85 176 739
211 239 111
221 94 754
25 239 67
245 20 77
230 294 372
47 104 253
73 100 699
263 102 439
133 113 527
162 176 373
108 136 536
43 287 453
10 55 54
31 12 645
132 282 563
238 272 237
213 233 666
8 277 383
54 243 716
257 8 464
19 255 326
176 38 626
165 156 134
62 124 53
185 253 241
71 290 51
76 118 661
21 6 509
124 265 322
245 151 233
172 9 546
162 291 698
101 299 336
221 39 109
15 120 524
116 10 267
271 177 741
176 232 233
224 209 54
155 170 697
110 7 756
110 293 734
243 178 239
140 62 153
88 52 342
237 20 153
134 201 239
283 113 173
223 133 241
87 160 175
245 255 249
132 44 535
161 268 179
267 268 357
54 149 146
121 202 792
183 254 532
37 24 654
190 206 523
113 193 85
123 295 578
34 164 357
98 80 152
196 215 206
62 283 726
86 297 422
219 62 231
98 163 769
287 47 778
17 100 708
165 121 705
116 165 446
32 88 726
3 226 702
123 81 76
114 210 194
23 36 312
108 123 273
214 196 600
241 272 454
199 258 88
144 178 585
39 22 433
272 70 768
116 176 673
291 28 306
190 242 694
182 170 453
93 270 13
215 166 64
266 41 562
275 245 581
200 190 617
56 135 93
69 167 422
176 132 368
22 139 211
220 262 528
254 299 716
63 56 72
63 92 452
178 76 710
107 106 682
47 159 325
142 222 254
4 219 20
270 263 580
96 158 355
65 126 189
22 18 313
112 16 221
92 243 736
147 220 407
135 58 739
62 270 559
147 168 169
241 29 343
121 1 137
60 35 603
19 48 753
148 226 230
241 108 393
140 144 238
48 115 667
204 243 51
103 195 548
28 129 255
261 37 268
172 106 365
3 81 791
83 182 218
9 102 533
139 145 660
224 269 237
166 83 174
81 299 607
159 193 567
29 8 58
263 251 291
262 99 588
22 182 191
226 257 649
34 155 692
282 130 582
21 276 722
242 286 622
15 18 660
2 198 282
270 258 295
257 53 662
42 280 462
179 85 191
247 66 27
182 142 18
129 131 122
4 180 628
149 122 107
161 37 737
230 114 169
262 14 766
165 194 378
78 74 379
246 91 774
261 132 482
175 77 184
269 199 592
279 216 635
33 185 108
167 80 23
17 48 456
21 116 685
57 238 793
42 36 233
44 115 272
203 268 753
187 32 303
90 300 85
88 90 217
290 201 170
32 290 271
173 139 337
152 235 361
189 125 250
202 8 556
80 229 212
253 289 489
10 82 528
261 284 129
278 174 180
4 36 129
198 147 247
269 240 540
137 251 177
134 82 513
236 225 13
128 256 713
115 298 353
188 70 56
68 252 26
262 2 194
237 225 766
170 175 797
215 145 796
89 117 437
261 25 393
137 205 575
224 255 389
107 221 71
90 21 96
49 186 742
169 254 623
92 175 319
45 68 489
32 108 424
108 165 206
245 109 229
246 210 729
79 51 162
211 106 587
92 182 98
267 149 585
264 121 290
129 86 197
248 234 65
175 103 744
277 225 103
108 149 661
212 202 105
95 256 64
208 159 611
60 160 281
44 208 27
178 43 15
135 169 499
32 115 621
31 16 71
53 223 91
212 225 515
162 28 249
8 200 165
79 67 310
171 186 29
258 23 537
277 75 745
126 226 702
138 258 653
60 236 121
136 257 566
77 23 144
73 178 715
97 265 262
264 194 429
69 54 748
160 135 311
44 13 664
175 143 286
60 157 445
