10 100
45
96
72
79
8
83
31
72
89
51
6 4 78
9 3 76
7 5 87
7 5 62
9 5 79
9 8 34
5 10 9
5 8 75
6 8 55
9 10 22
2 4 30
4 6 59
2 8 17
6 2 100
1 7 68
10 4 13
3 10 2
3 10 98
2 3 57
4 5 81
2 4 63
5 1 37
2 1 28
3 6 86
7 6 90
6 5 91
6 4 21
9 8 13
2 5 17
6 7 52
5 8 21
9 10 76
5 4 76
7 3 59
7 2 29
9 3 69
8 4 11
2 8 8
8 9 95
4 1 56
4 5 42
10 8 22
6 10 43
2 8 29
8 5 64
3 1 80
7 1 67
8 9 88
2 6 8
4 5 69
1 2 34
8 9 2
1 10 35
1 4 40
5 9 32
7 2 5
2 3 44
8 5 51
8 10 69
6 1 39
5 1 19
8 10 96
5 10 92
4 5 87
4 8 3
9 8 68
8 1 35
2 6 96
7 9 52
9 1 20
6 5 54
9 6 53
6 8 57
8 7 39
4 7 9
1 8 27
1 9 15
6 3 32
4 10 40
5 9 8
7 2 79
5 1 97
3 7 69
10 3 87
1 2 34
8 7 11
6 10 21
5 6 81
2 4 9
9 3 68
10 1 45
3 8 43
4 9 7
9 7 73
2 5 95
8 3 69
2 9 20
6 1 87
5 9 28
10 3 68
