6
374
314 83 9
348 231 59
258 312 26
157 198 36
131 170 84
40 254 21
176 361 21
1 279 97
69 67 73
351 113 31
232 312 66
30 42 79
188 274 60
290 40 45
92 62 7
204 319 34
126 140 15
34 147 75
55 341 65
329 94 52
127 299 71
354 124 75
272 59 3
353 259 17
8 223 11
233 237 5
294 42 57
204 227 65
35 159 42
213 241 49
223 159 75
374 188 19
56 185 29
372 239 16
174 358 52
175 76 89
263 88 84
233 268 67
10 138 92
286 88 40
142 304 98
142 63 21
273 48 23
331 76 24
114 25 70
330 356 4
212 66 31
201 107 80
76 16 15
347 115 99
41 209 17
181 136 37
253 368 89
349 191 76
77 173 1
224 154 43
100 88 12
128 247 23
56 200 91
283 309 32
261 121 45
99 77 66
261 214 70
271 187 6
61 358 53
23 159 46
355 249 74
60 218 8
116 324 93
33 346 12
110 317 87
33 284 85
56 170 77
67 269 88
255 192 30
191 294 41
215 53 14
160 83 95
219 156 21
258 302 31
247 305 44
366 185 45
363 105 52
168 295 84
325 221 41
346 189 71
301 198 76
328 76 58
164 208 95
114 152 63
349 201 49
247 203 60
5 157 1
119 160 30
78 99 68
137 100 58
217 139 16
147 318 6
156 340 4
243 322 4
363 208 18
181 103 43
80 333 87
278 74 10
35 259 64
94 307 66
209 277 85
9 45 47
327 114 12
180 321 96
171 188 9
176 113 58
365 44 5
369 133 86
140 183 9
337 181 36
20 95 65
231 206 52
231 177 80
268 8 32
333 295 23
168 113 86
174 366 20
308 161 35
96 8 74
187 82 82
280 224 70
240 198 57
62 237 31
284 299 10
198 213 28
358 298 97
331 275 11
288 214 68
12 244 85
155 146 55
263 61 61
30 266 6
232 349 26
147 152 16
295 74 16
152 252 2
250 235 88
113 365 83
25 190 85
310 61 76
23 40 75
108 123 15
323 320 58
195 324 90
198 354 61
143 338 6
364 74 59
133 125 96
52 145 78
330 142 6
374 106 65
50 63 100
149 132 95
41 62 1
232 313 51
137 197 98
293 126 12
63 11 21
343 335 48
227 18 72
155 127 79
351 165 14
4 308 88
369 123 8
178 263 92
125 217 21
322 256 48
170 214 59
114 220 69
191 233 40
4 355 90
333 210 52
187 181 31
265 25 93
170 164 39
181 302 48
31 363 83
160 373 81
24 349 34
249 323 92
339 282 20
343 87 19
34 12 23
365 136 95
254 324 12
39 279 59
85 213 21
131 367 40
294 52 16
304 268 57
191 39 45
217 251 81
230 98 59
224 331 37
181 236 77
166 56 77
178 349 71
103 125 98
186 244 50
70 74 47
26 30 67
109 139 9
366 220 34
291 365 82
175 143 61
61 329 71
132 178 41
338 8 66
250 371 73
69 175 25
308 126 63
340 142 4
114 335 7
367 334 9
192 91 35
34 194 81
284 137 73
26 29 90
234 97 69
228 161 74
49 235 2
197 81 55
372 275 34
144 80 28
87 264 13
54 197 19
305 106 5
200 257 62
39 354 2
214 97 31
93 280 58
102 186 68
274 224 23
347 150 98
148 46 15
255 61 56
362 316 91
322 290 30
301 296 45
246 22 40
214 321 16
297 44 87
314 200 40
260 319 40
254 110 62
207 307 49
330 112 97
273 125 38
282 357 93
172 351 16
239 225 66
121 55 29
88 59 28
158 275 50
361 177 36
36 332 67
230 121 17
270 192 66
204 20 41
30 77 32
326 337 75
71 112 88
374 118 61
4 159 29
222 191 62
16 115 64
319 161 41
119 43 28
227 79 96
241 345 5
58 283 12
306 194 59
370 166 23
145 184 24
90 181 27
141 252 57
37 285 10
172 325 37
28 64 41
135 257 28
58 144 46
182 87 10
276 233 67
72 312 5
323 10 100
167 18 42
357 220 53
155 216 70
349 311 1
226 169 78
261 267 17
350 320 23
43 45 61
5 300 50
364 22 16
148 297 63
111 372 17
242 237 46
80 64 76
311 27 64
73 134 44
163 369 68
226 103 20
86 237 58
292 330 95
359 277 14
285 131 13
139 65 68
360 258 77
220 19 7
282 66 99
170 32 64
54 14 17
252 202 88
368 283 29
51 157 30
213 281 96
163 7 54
249 303 82
162 312 82
335 130 7
215 361 43
266 199 20
248 300 9
49 63 42
51 229 77
148 3 47
68 292 26
84 165 88
25 129 62
238 32 67
153 348 60
308 21 67
369 15 7
39 75 42
89 127 99
300 120 97
332 88 22
211 179 72
202 17 12
228 73 9
154 352 64
289 161 94
245 303 93
2 24 36
335 218 55
91 262 44
204 211 3
151 268 45
93 57 1
254 344 53
342 314 40
47 305 56
104 160 27
336 227 90
362 60 38
177 6 16
255 205 50
13 217 64
71 193 5
315 353 28
38 373 60
287 65 53
206 196 26
77 122 97
101 53 74
366 117 74
1209
1173 613 52
889 1100 66
537 764 26
991 639 16
10 257 16
385 1063 76
503 809 55
443 574 66
857 597 68
528 316 44
931 172 41
1175 168 80
822 201 52
234 941 12
191 986 73
390 551 48
173 635 15
798 483 87
1013 448 80
896 821 53
907 144 29
465 630 96
785 788 24
51 586 84
546 551 15
651 665 82
373 517 40
220 38 27
906 519 10
647 745 59
447 423 73
798 456 19
223 376 11
490 736 40
49 1166 92
820 703 63
884 617 31
15 943 55
111 826 15
53 730 34
1110 1177 81
1067 302 25
517 379 43
228 16 32
931 49 67
97 777 53
878 1040 25
42 181 100
624 254 20
1108 1116 95
539 1200 99
250 734 48
875 946 28
323 71 33
34 765 63
56 139 32
1008 958 6
1168 829 50
521 110 3
508 864 74
1003 227 31
1108 791 7
865 941 44
194 1205 32
939 288 81
307 462 22
992 89 13
734 287 22
949 812 52
527 254 44
155 12 84
529 6 78
655 878 10
546 123 26
624 647 18
361 1072 95
181 1160 64
279 71 62
980 640 43
542 644 58
428 525 94
627 823 10
481 390 74
1170 59 36
1003 1033 18
620 1100 39
791 824 63
100 1061 46
329 504 94
972 646 58
568 5 98
149 879 9
1132 938 22
66 1031 61
52 670 79
450 866 23
503 247 95
80 466 51
143 108 73
714 486 46
772 671 8
447 796 54
484 250 7
718 979 81
398 1142 58
1113 370 3
586 7 56
716 904 44
285 1027 2
555 337 44
555 814 67
12 931 44
954 1041 33
1150 808 73
547 1057 74
996 102 48
101 182 57
1127 687 84
730 392 34
342 690 22
240 864 22
595 334 39
813 640 32
1189 843 21
1206 917 76
738 313 3
1068 1011 87
612 1053 55
135 662 92
301 252 71
720 861 99
82 349 35
105 862 71
972 460 66
416 683 25
1174 996 5
412 647 76
273 64 5
1009 103 90
822 100 2
477 878 45
873 198 71
591 542 99
609 922 48
209 127 11
105 1048 24
114 636 19
211 665 35
643 543 44
233 329 32
1078 129 100
607 1078 34
1041 450 57
265 167 8
346 963 77
536 499 18
1035 1111 66
147 397 9
789 64 85
953 605 94
6 446 34
293 420 34
531 714 68
431 114 78
90 678 55
270 980 99
805 456 9
1003 394 3
531 626 60
945 976 83
743 320 37
280 625 37
31 218 12
737 615 56
1081 866 80
817 413 50
83 480 63
799 146 99
969 342 13
635 476 61
1062 175 23
1128 64 44
209 743 6
437 1043 65
898 805 13
1150 1066 83
743 242 76
992 65 43
1097 440 49
711 398 25
292 815 90
690 787 38
883 6 83
552 25 8
1087 226 20
886 414 24
283 141 36
170 471 69
1133 45 81
209 610 10
306 272 49
717 754 78
741 864 55
826 47 37
447 117 74
450 315 9
518 874 35
668 172 25
980 1202 52
752 824 24
1108 715 32
464 763 29
872 201 77
1088 29 84
1017 58 14
76 939 59
505 851 13
1074 176 100
495 1138 29
1126 707 20
537 648 14
296 40 21
580 255 72
408 799 9
102 457 99
747 846 13
6 1005 32
1001 687 89
186 491 99
946 18 20
1025 82 62
963 131 98
101 66 29
763 22 36
1078 287 50
210 127 71
781 381 40
556 773 61
1173 996 61
124 923 71
1073 729 36
272 941 95
937 363 3
1018 944 80
1107 611 100
565 1166 44
56 134 11
88 327 94
1173 303 27
1172 264 34
476 189 13
917 107 36
846 585 21
699 994 38
246 592 2
543 1069 42
440 689 55
55 376 3
1137 795 55
111 628 58
646 1080 35
511 47 77
477 1182 16
7 910 50
1048 597 80
248 1017 72
766 337 7
510 461 61
423 1044 41
1057 699 10
223 744 6
1084 748 15
270 363 31
1093 179 12
590 999 69
56 642 57
811 257 100
1174 173 74
870 331 57
212 164 9
162 222 3
206 304 93
243 188 99
549 896 96
679 378 48
1009 122 97
898 444 40
20 176 94
698 159 8
741 364 79
952 748 65
500 901 56
434 799 5
517 731 34
497 557 5
902 431 91
699 1192 55
553 890 35
995 888 98
1066 349 33
509 915 14
879 683 21
457 981 13
190 649 11
260 942 36
141 428 93
960 356 23
185 727 82
895 26 96
337 550 4
114 639 57
715 539 93
1131 390 97
684 777 82
18 429 40
503 392 35
1009 606 55
1001 934 74
1166 435 54
234 515 17
83 876 52
639 660 37
1001 156 2
871 108 50
458 444 37
677 101 20
1188 180 99
1039 197 78
1208 1179 51
63 107 95
1038 957 70
316 617 23
702 1061 67
130 721 96
1117 1185 15
933 437 41
802 625 17
265 398 91
899 231 99
1058 1201 67
621 864 14
757 648 52
112 623 12
910 528 60
404 1032 40
120 100 46
922 604 32
1200 1024 14
628 54 23
96 428 76
1061 482 70
124 999 29
705 52 71
491 505 59
1044 216 14
928 749 29
1016 324 11
552 836 16
401 20 54
937 575 39
263 810 73
543 994 68
1208 824 75
576 1006 57
719 22 37
1179 388 66
280 258 32
127 483 6
1177 848 13
160 909 59
898 468 57
927 929 88
400 132 53
767 721 42
59 1067 76
883 976 97
969 829 99
1128 1179 55
999 460 23
1184 980 29
904 807 25
970 980 50
117 783 15
742 813 46
477 704 88
399 778 71
103 1147 60
147 870 91
1127 179 76
159 433 47
41 886 63
118 777 69
713 1057 16
470 870 26
785 211 79
779 209 63
410 916 9
1027 994 11
792 257 40
132 442 18
671 222 39
12 748 56
901 1120 87
577 1168 68
180 187 43
1207 152 57
586 1182 86
951 757 48
256 580 88
145 466 93
542 29 20
553 1057 78
951 689 94
817 50 65
674 868 67
729 66 61
826 762 29
530 905 66
292 132 85
1112 1068 9
952 870 16
360 58 64
1103 1162 23
41 1047 65
495 1178 46
1022 867 75
779 710 95
353 103 54
1139 108 57
865 58 95
999 652 29
989 1190 74
404 366 93
209 300 1
1028 401 91
891 1202 30
452 766 15
733 36 34
1098 713 75
985 403 49
1203 1166 87
851 123 95
266 646 58
949 375 34
1068 564 68
569 561 64
478 353 8
583 568 34
629 968 26
1197 597 67
463 845 35
969 1026 65
189 560 11
816 422 8
96 739 85
248 211 50
841 1066 80
723 142 1
140 373 2
253 43 97
62 124 16
645 1070 88
679 402 80
737 1101 33
716 764 31
139 444 14
915 360 24
819 289 70
486 48 34
34 567 80
1111 254 100
971 358 22
435 849 94
241 62 43
663 85 19
1131 1070 12
1140 843 26
1144 990 28
48 572 19
14 301 3
1059 571 53
974 26 10
504 1117 65
959 571 91
669 23 12
1034 26 39
936 1044 49
563 1157 21
378 999 18
395 892 78
417 636 6
951 891 95
204 106 84
208 820 99
749 241 3
728 927 62
797 23 64
433 135 25
1127 1023 5
624 867 62
44 422 75
154 1020 2
1138 634 74
252 280 5
935 1024 31
391 680 26
1082 28 72
92 655 92
862 546 4
333 648 72
661 15 21
386 1107 6
347 592 61
449 792 3
259 1042 2
634 119 61
74 858 49
106 1169 95
578 512 15
978 632 77
230 366 31
1015 992 83
585 359 49
407 924 2
72 233 4
300 826 84
151 43 49
262 454 90
897 1095 62
336 874 61
1036 980 40
1168 264 62
118 985 96
463 1145 9
799 511 34
363 719 83
1109 564 61
1150 80 79
168 40 67
86 307 76
580 207 55
290 603 42
432 624 23
564 300 62
377 324 50
499 910 39
170 167 35
728 183 86
878 80 3
430 840 10
315 186 71
172 758 100
737 965 21
22 1190 74
837 1153 99
1111 623 55
690 906 30
633 802 3
158 422 26
1084 77 85
13 423 66
108 209 86
659 532 55
729 453 88
925 883 13
488 946 26
855 764 43
1131 781 53
1068 3 59
405 981 94
106 1018 64
1074 736 42
84 746 30
396 996 66
948 734 87
815 849 52
690 1200 1
645 1171 39
1015 217 76
280 1165 69
79 881 76
49 351 95
283 1115 79
619 568 30
200 996 99
307 906 75
902 192 36
658 1143 1
154 1126 9
453 593 52
498 27 34
122 1182 79
1126 1079 9
908 1085 78
165 656 70
558 1152 37
837 556 52
1034 936 14
146 95 52
810 258 11
1061 72 69
610 1192 3
322 834 53
205 909 71
1118 194 83
1105 1119 51
63 766 77
382 36 43
1094 491 20
970 659 75
712 965 8
634 802 58
301 583 15
464 587 37
825 245 69
910 831 25
1150 531 44
259 84 42
12 181 83
928 838 70
279 956 60
266 1205 67
698 344 23
1144 759 98
1088 485 45
389 104 23
312 684 8
837 347 96
358 936 51
1155 389 96
98 679 94
990 1188 76
1058 485 4
882 614 72
588 783 18
870 995 42
888 374 34
732 817 80
632 688 39
24 881 7
400 375 94
837 1118 70
456 132 6
931 429 17
788 99 17
878 222 35
414 229 10
736 760 65
1048 843 56
469 201 45
526 520 74
124 1176 67
1157 857 47
759 713 82
141 542 29
994 599 19
189 53 69
307 335 48
132 1101 14
826 380 21
688 205 36
1005 45 16
1054 467 42
60 1057 74
1193 1008 74
560 1083 75
573 417 54
221 714 52
642 1170 44
419 871 94
925 913 87
962 736 26
1097 844 58
19 818 67
107 755 18
1048 395 38
530 848 1
379 65 57
793 1100 86
396 171 99
63 83 57
242 499 14
792 671 67
1132 626 25
606 744 50
45 293 51
259 761 70
762 886 63
352 343 15
1077 715 10
858 476 71
637 553 66
172 1106 62
1178 786 72
1103 371 28
763 462 51
125 988 25
840 148 3
1 389 61
943 381 81
622 6 16
1137 151 100
507 976 35
785 790 4
297 1188 22
653 568 58
643 438 38
370 595 65
765 543 90
451 686 83
599 255 9
947 1141 45
882 1040 13
952 1049 55
474 667 46
738 847 88
82 561 18
691 1089 70
1118 1143 35
609 979 24
389 78 69
753 508 61
163 88 22
200 892 67
111 265 47
271 737 8
117 130 62
28 708 37
1062 676 32
733 585 17
1030 43 40
517 523 11
623 526 81
1197 187 46
1029 37 48
956 4 90
468 205 23
299 594 74
610 591 87
309 1089 23
543 577 70
1133 140 62
435 1005 77
1046 255 90
582 444 72
775 811 59
780 1167 24
1085 583 8
107 92 8
984 893 54
572 267 10
374 296 89
252 462 61
1137 464 47
430 474 51
1071 658 84
441 945 58
124 1166 51
856 327 24
612 1152 9
932 77 97
1202 341 21
247 234 91
593 79 96
381 868 54
696 340 95
354 757 91
620 760 98
473 236 90
718 517 59
627 594 31
1107 1141 78
946 1055 71
244 1139 74
439 162 34
298 1088 11
372 965 20
1152 1159 30
712 469 23
874 7 1
1033 557 96
1133 164 39
698 1088 10
762 117 50
696 647 64
808 664 7
286 765 17
658 1063 48
1077 804 82
1154 36 85
536 598 8
920 422 37
211 403 97
984 870 71
110 1031 58
1154 184 22
990 386 51
492 60 74
1021 396 3
323 97 16
1110 1054 30
1013 1008 31
934 140 74
54 1076 92
577 502 21
175 1061 7
44 1148 67
1076 318 27
206 1039 100
683 648 92
190 343 87
1061 769 52
500 307 50
204 919 54
422 892 26
1198 678 100
68 26 43
443 385 55
67 1122 18
578 92 35
1012 777 60
1173 736 1
726 446 51
541 1150 1
331 274 4
827 1076 49
215 511 34
1040 84 56
831 1007 56
781 37 49
474 324 46
365 789 30
622 394 28
391 852 70
204 311 98
605 913 52
1041 1075 32
813 76 14
1036 289 60
393 42 46
909 334 1
825 1111 48
1026 608 87
1097 284 10
748 881 63
983 160 88
269 1020 43
1019 648 96
1151 400 75
44 473 63
144 1121 5
784 478 67
1146 941 13
1045 1083 25
343 835 89
594 1139 4
255 382 97
167 208 35
187 326 99
763 197 36
853 229 86
936 153 12
774 820 55
673 223 71
206 475 15
1169 705 92
451 1098 43
300 856 64
415 1076 2
23 560 2
1146 407 97
554 1180 6
526 865 85
975 922 18
1091 1161 53
494 839 11
963 776 85
771 630 85
119 596 36
824 278 56
174 306 2
75 510 60
399 334 91
1107 1152 38
73 1091 69
1092 554 58
67 425 91
414 238 35
57 76 19
129 98 43
602 247 49
695 523 56
1019 417 36
354 968 2
1009 1032 85
474 1111 82
21 168 56
561 161 85
1124 169 37
419 152 56
1082 213 6
338 583 69
226 1029 33
751 365 81
999 106 55
999 1079 31
638 665 6
534 708 34
142 854 51
884 741 59
941 1060 81
1056 954 7
116 548 30
50 599 83
39 688 55
560 1089 66
367 820 82
555 1002 25
682 624 27
406 636 18
356 617 72
16 1200 14
437 465 14
703 852 70
389 1043 68
64 618 44
793 183 64
2 143 70
724 659 36
403 1209 5
1118 369 72
1014 195 12
670 32 68
12 268 21
863 133 7
962 950 41
358 498 24
981 982 51
29 916 23
963 838 100
1199 427 50
1145 615 90
657 94 92
1004 156 6
722 963 84
251 27 92
426 333 52
1194 249 27
780 1128 41
876 125 15
681 425 8
468 1092 29
678 194 78
393 133 96
69 523 21
454 401 36
305 518 40
1123 832 62
559 880 72
848 1193 57
178 97 15
437 524 64
587 987 72
702 1050 33
792 552 65
968 387 8
489 842 67
1115 850 53
345 1182 33
202 203 26
195 341 83
1099 593 82
701 476 53
1177 1166 32
198 945 26
67 124 7
548 629 2
361 985 61
437 574 87
419 1164 75
220 521 43
411 968 23
294 300 43
740 176 96
1072 261 36
237 1155 2
900 1068 33
725 570 92
784 190 54
492 30 86
404 28 18
666 693 43
914 45 16
847 1064 29
1125 599 66
906 188 12
509 738 23
986 758 82
474 756 88
35 1096 26
1091 917 75
597 494 35
1076 1010 36
239 635 6
458 109 94
616 664 97
526 735 42
833 734 2
1130 753 38
203 523 70
505 581 18
1070 570 79
533 496 53
150 590 72
103 694 48
350 758 57
973 84 1
861 333 79
461 168 54
940 134 90
833 196 77
1151 384 44
1004 136 51
590 1199 97
1051 386 68
1021 322 68
660 513 52
959 864 50
332 761 73
291 523 88
895 355 10
161 538 6
317 350 51
307 579 28
359 1187 63
725 654 6
1136 340 4
1028 535 98
650 936 41
250 877 45
711 926 78
75 663 15
1183 69 5
383 23 30
912 341 8
967 1197 15
435 142 71
409 153 45
1141 169 95
935 697 48
709 111 89
859 247 22
1158 1037 26
296 282 97
1171 232 39
17 1084 94
801 397 78
955 137 34
961 625 67
615 348 27
1205 166 1
700 773 55
657 678 76
915 11 24
368 915 90
93 461 20
276 1121 97
426 903 22
152 506 63
476 501 52
750 529 51
727 1174 31
644 357 72
603 211 90
997 1164 37
448 830 99
95 782 44
641 476 11
1014 768 99
328 460 34
1119 673 57
96 549 38
914 1196 51
685 153 49
325 839 37
860 571 1
800 725 31
144 275 40
281 849 62
968 631 13
417 1162 71
275 358 75
872 869 53
815 219 14
955 603 37
309 589 90
1204 1108 55
70 792 22
167 576 94
144 584 68
2 177 100
881 1000 32
522 439 59
760 436 81
9 610 92
1138 897 54
911 224 76
121 1145 49
908 706 21
46 804 74
993 392 31
60 31 6
281 362 87
1090 535 92
98 692 55
942 905 74
333 113 64
832 173 18
514 598 2
214 231 99
535 911 40
295 246 81
1028 157 95
332 1158 24
709 225 59
1134 73 27
503 1102 56
1104 567 84
803 1090 99
13 424 95
297 672 83
493 570 45
618 33 95
138 903 14
231 15 67
516 86 63
1135 605 49
1174 418 60
480 235 79
998 261 53
176 544 88
847 339 4
507 1065 55
1086 137 41
82 193 97
445 621 95
675 1053 14
1114 1043 79
284 479 54
237 8 4
115 705 61
1100 455 30
142 806 9
913 885 91
976 321 71
487 425 96
229 930 31
496 17 8
163 330 5
180 566 76
514 319 44
541 562 36
674 794 96
957 615 72
1181 510 41
842 769 92
627 126 76
966 20 18
391 310 90
1186 213 26
249 420 44
91 167 49
473 880 85
199 940 37
459 861 54
666 715 26
600 211 62
772 1195 43
220 308 5
19 335 86
257 1191 92
957 1163 57
1032 921 47
540 101 33
894 865 11
822 1129 21
789 977 90
128 943 85
314 330 46
545 93 33
565 656 36
233 601 6
1096 1120 45
1128 828 89
1199 277 67
1156 500 96
1149 222 85
84 61 1
802 1052 32
87 459 34
33 421 53
770 1187 14
472 14 22
754 53 22
996 964 37
74 918 3
684 81 1
887 1169 41
633
210 583 39
346 163 31
329 241 95
490 161 64
499 288 48
269 531 81
457 214 60
513 406 44
274 196 34
278 86 60
110 18 54
474 503 46
197 423 46
460 385 74
540 546 84
464 296 4
514 555 33
92 42 50
545 566 67
581 224 16
589 550 42
572 208 75
582 212 5
587 536 69
413 89 78
66 93 86
390 606 72
384 572 72
432 55 20
162 464 38
461 31 49
447 391 22
352 435 89
78 49 89
527 195 72
294 55 68
578 32 65
25 54 86
571 216 81
123 607 59
2 191 46
167 575 52
306 107 62
628 619 60
603 581 10
53 499 80
103 74 9
363 32 98
12 511 63
31 600 66
430 10 24
239 375 82
170 434 13
305 492 88
59 41 20
107 526 51
239 594 19
136 492 57
582 312 65
242 322 56
383 29 58
62 550 19
145 614 30
251 612 8
541 34 69
505 60 2
457 181 59
157 303 91
523 473 25
229 282 41
571 331 85
1 112 20
422 510 80
262 258 37
396 488 94
37 310 74
606 228 66
404 427 4
243 133 41
113 75 66
39 258 20
389 179 76
506 74 66
314 517 6
379 349 15
346 496 67
573 363 16
583 62 85
305 28 93
297 462 49
295 113 61
46 398 77
366 261 77
392 275 80
504 420 93
622 360 85
146 412 43
352 160 27
522 542 90
175 468 32
385 183 100
417 332 96
530 138 12
494 187 74
229 41 76
599 185 84
331 543 30
344 240 92
338 294 89
183 504 51
325 422 16
534 97 83
8 394 63
112 555 26
525 77 32
352 283 13
494 259 37
298 131 49
56 424 55
238 528 63
316 372 90
434 109 47
545 539 93
385 226 73
45 157 48
277 564 88
375 225 87
196 26 68
331 325 89
283 280 24
301 539 98
250 107 85
581 318 82
127 236 19
143 86 51
319 299 21
20 71 19
553 633 45
217 528 81
55 461 46
592 124 50
495 14 10
159 603 58
557 5 49
14 497 83
443 279 46
405 289 76
250 511 8
140 562 36
561 459 21
121 307 34
479 61 15
384 181 94
322 186 44
194 495 73
406 207 47
519 535 50
463 497 55
35 358 26
558 249 9
145 130 90
191 130 71
304 424 14
308 27 85
301 628 4
214 421 41
319 617 81
296 132 60
262 123 37
627 43 16
59 273 74
507 134 87
539 569 65
264 127 71
81 342 41
188 125 10
317 611 98
565 147 15
145 622 33
512 26 41
570 528 74
77 32 62
171 246 51
53 173 79
225 341 100
586 66 5
188 409 14
429 493 4
209 175 30
532 196 29
515 317 12
513 121 11
32 527 71
386 130 18
558 110 23
519 554 52
133 344 58
523 465 18
395 34 30
422 410 63
393 530 92
58 501 96
438 492 34
362 312 8
158 557 65
431 300 23
456 49 48
305 12 89
73 46 26
97 536 75
578 325 97
546 127 93
594 358 16
538 100 44
486 235 82
195 427 26
88 117 32
121 61 48
178 489 82
30 353 54
355 28 36
80 449 61
73 207 11
453 408 41
348 479 4
616 506 94
168 289 57
626 309 1
134 321 76
278 306 99
592 434 23
606 404 94
579 37 89
312 228 14
412 477 29
201 40 6
632 350 94
490 152 3
575 159 64
617 375 2
57 429 1
128 12 22
452 146 73
309 286 58
138 166 96
459 362 84
67 424 14
260 154 51
403 151 44
526 259 56
196 141 60
323 248 53
111 506 48
249 54 94
429 599 86
606 365 77
511 213 72
398 570 41
321 189 34
361 144 14
38 550 48
99 489 36
381 486 82
439 206 63
600 8 70
358 124 58
459 253 38
420 412 45
600 430 78
382 10 72
435 540 43
495 527 64
232 202 6
257 29 20
191 307 33
376 17 61
223 370 68
65 384 25
470 458 31
494 295 34
492 586 20
239 221 98
201 172 12
312 254 71
389 172 96
187 607 21
162 195 38
94 605 22
618 314 54
84 350 63
219 537 74
68 245 46
122 142 23
621 113 76
281 348 2
200 160 78
15 400 92
413 536 36
269 591 21
219 440 2
403 116 92
23 447 37
530 142 43
53 167 9
87 431 73
609 440 85
127 243 83
76 391 15
309 332 77
445 372 6
539 538 64
361 217 10
249 544 79
398 265 53
587 604 1
631 33 81
215 246 10
208 40 100
566 72 23
569 269 23
237 592 70
229 404 36
401 610 47
353 594 2
204 552 54
189 342 77
395 494 70
40 140 39
12 617 8
405 478 31
194 297 28
95 381 67
205 96 75
76 369 3
397 70 78
395 282 52
393 329 14
565 310 32
405 477 87
95 135 14
475 106 5
585 136 48
360 25 78
464 70 57
166 438 91
621 286 3
94 10 58
597 291 32
373 551 7
506 240 36
530 92 50
314 534 65
374 438 89
501 262 7
497 326 25
223 186 52
39 518 98
385 467 42
191 137 18
360 49 23
271 281 60
284 436 58
19 389 7
429 604 72
198 91 8
298 456 58
468 597 41
582 200 23
507 258 66
443 416 48
50 287 92
575 571 48
476 175 57
394 232 22
17 632 62
37 146 41
400 99 73
12 179 88
35 10 22
240 559 61
17 469 74
395 372 16
460 450 4
330 509 71
439 583 75
468 472 100
591 42 16
522 166 37
300 410 53
588 27 3
358 528 55
38 176 18
312 118 83
418 107 75
586 84 83
99 92 47
268 519 12
607 151 55
493 338 100
22 370 73
27 344 72
39 529 94
231 449 35
388 308 47
335 294 48
392 399 65
560 615 47
436 629 82
285 573 60
64 551 20
571 577 32
148 210 21
498 234 19
583 157 18
569 311 11
467 98 21
491 255 94
312 449 91
573 532 1
518 554 26
586 516 61
24 468 73
626 383 100
366 138 47
574 629 82
582 423 86
206 229 38
547 26 75
122 579 50
608 58 67
613 352 15
412 564 55
390 396 46
124 328 79
260 426 83
334 437 40
576 361 47
118 485 11
626 125 23
1 160 44
351 438 80
158 302 49
59 105 52
442 38 39
415 446 46
94 630 62
224 71 83
128 60 85
321 260 10
624 537 81
290 80 11
12 164 75
230 285 5
482 124 34
574 90 88
244 218 18
523 109 88
266 218 54
424 260 45
535 165 73
533 408 63
43 137 7
475 474 9
121 323 53
330 120 98
591 610 16
223 200 87
336 261 85
465 443 59
2 284 84
562 502 89
569 175 94
86 433 82
44 417 50
84 595 22
547 533 17
131 108 38
502 85 3
428 101 89
56 480 79
580 172 11
270 414 79
80 590 24
560 438 89
219 369 89
171 135 32
235 127 3
211 225 56
524 508 39
58 117 22
171 158 67
345 418 9
217 553 37
528 428 67
270 232 55
98 51 30
320 86 83
304 584 84
419 149 69
3 54 68
404 276 59
36 566 41
40 256 20
360 4 34
506 601 91
114 269 32
275 349 61
594 13 90
549 526 31
352 9 38
50 411 81
620 51 12
91 272 97
365 192 70
447 205 33
296 245 70
187 102 65
369 189 92
595 220 98
458 41 9
600 292 54
402 291 12
327 509 68
141 33 83
377 14 92
153 627 71
486 437 53
199 148 84
609 184 37
618 177 88
38 129 14
363 152 64
96 474 21
309 150 87
333 268 49
125 612 96
498 263 14
482 367 77
407 389 13
443 500 78
6 334 88
91 298 94
387 539 20
475 255 14
346 51 53
62 21 78
479 521 12
509 211 1
373 161 39
246 419 55
594 415 63
380 521 4
182 291 30
156 94 71
520 452 15
484 239 57
322 252 72
524 450 27
623 214 12
576 275 66
535 455 7
291 50 72
417 444 6
343 602 50
60 483 21
487 171 14
244 127 45
481 581 29
468 16 55
485 293 73
560 354 39
368 530 19
154 313 83
448 468 15
58 568 73
614 139 53
63 143 17
339 138 32
625 28 28
109 593 82
507 222 99
193 125 39
356 82 95
552 630 60
337 152 78
174 536 57
345 598 94
242 343 38
133 227 35
393 563 18
28 451 11
34 83 93
266 359 15
233 108 72
182 7 89
347 53 65
9 471 47
454 192 84
194 356 53
104 157 20
512 556 21
608 548 36
263 215 5
631 47 72
423 155 13
26 315 58
606 115 71
496 515 52
119 37 25
364 577 22
551 52 49
626 69 82
357 321 78
346 169 34
190 348 15
45 126 11
381 596 64
378 594 44
197 340 42
425 560 64
615 567 29
298 180 51
598 324 30
441 373 28
353 203 79
294 48 23
247 617 46
11 489 100
62 466 73
267 528 87
523 79 70
371 20 29
418
110 15 86
341 286 41
340 99 53
162 276 88
387 333 56
302 336 69
347 362 87
11 390 39
403 233 11
327 281 30
280 315 11
412 239 91
196 216 21
324 210 82
392 206 30
418 112 45
378 392 95
192 175 60
219 311 8
146 342 88
310 161 62
60 292 79
1 120 17
417 171 88
83 19 54
375 268 87
188 275 47
39 352 26
207 14 79
9 74 31
55 125 18
97 321 30
275 212 3
79 99 85
340 165 38
330 400 89
64 396 3
371 171 63
47 383 19
43 208 27
138 136 49
336 120 47
418 105 80
103 382 4
351 296 64
238 197 26
66 410 19
402 240 67
247 103 49
29 86 25
216 290 30
385 175 53
221 142 49
396 183 49
385 122 97
409 252 22
379 187 46
318 332 18
4 54 45
6 288 58
58 250 2
412 154 71
75 160 59
30 290 42
95 92 91
113 388 91
30 71 1
90 288 95
189 328 29
130 20 85
349 202 6
286 392 29
86 300 92
177 42 79
304 236 74
316 333 20
10 208 13
287 90 30
96 130 21
264 329 62
154 367 30
55 65 44
125 351 31
104 164 54
79 93 82
221 138 87
242 66 94
272 393 33
37 390 96
223 135 4
312 353 22
285 341 69
392 112 13
413 40 40
366 29 50
330 57 19
320 393 15
211 381 37
47 134 9
247 179 60
6 86 33
55 185 91
272 339 34
8 107 47
68 224 43
53 178 16
85 296 27
26 164 27
252 246 4
334 300 53
128 225 68
391 396 49
12 233 15
68 23 5
161 97 45
205 259 58
188 325 76
118 166 49
382 385 16
398 273 92
107 103 96
325 177 75
26 101 2
280 225 50
215 125 64
256 20 43
415 405 4
160 363 28
121 46 89
382 281 27
163 408 64
219 213 69
209 189 67
356 324 30
134 65 45
84 221 20
370 162 65
228 332 84
217 213 99
209 152 76
405 244 64
395 359 37
98 402 19
215 251 49
128 171 34
294 357 14
247 384 76
417 83 29
326 312 95
72 278 72
22 89 95
396 17 83
194 322 59
366 239 51
292 365 27
356 306 47
281 130 42
160 274 51
351 343 63
357 246 93
402 259 10
84 244 12
300 249 47
171 157 77
130 410 62
226 129 38
368 378 30
37 306 75
40 159 2
219 360 100
174 116 30
355 157 69
298 327 26
197 225 66
355 350 50
272 282 38
216 294 54
315 226 72
97 225 90
169 112 47
396 267 15
205 141 55
254 140 47
202 52 31
290 108 4
342 373 11
236 201 18
317 304 73
92 281 82
70 50 23
30 213 19
44 75 44
339 142 33
277 63 76
106 310 20
106 292 19
283 97 94
418 352 51
398 143 27
168 27 42
249 179 78
69 294 39
151 291 88
305 182 58
388 282 17
388 259 39
377 354 18
99 261 53
317 270 7
403 72 26
84 308 98
353 379 92
137 418 44
354 144 46
152 387 4
272 246 75
100 4 85
185 344 43
205 204 4
285 340 12
326 389 78
266 197 87
201 39 36
223 229 27
156 287 40
48 158 35
155 131 10
196 277 15
64 94 58
249 333 51
211 249 20
214 381 37
327 352 80
251 316 48
269 34 17
32 385 76
177 62 93
118 235 83
60 179 21
7 252 95
306 123 60
347 111 91
375 197 27
56 59 88
200 52 34
258 239 50
39 342 92
364 146 98
392 260 1
180 92 56
347 250 42
384 354 5
411 106 25
261 388 44
193 301 51
223 37 85
52 403 15
343 273 95
104 172 40
278 209 18
185 56 66
346 158 54
118 275 11
168 387 79
277 176 75
55 172 33
220 103 75
332 51 16
342 131 99
399 312 60
92 94 81
77 34 76
64 332 38
336 148 4
148 16 98
161 118 36
1 90 19
379 146 42
77 102 45
137 135 11
361 146 3
87 170 74
352 314 24
305 398 90
265 188 40
187 73 79
144 139 38
237 347 92
223 163 37
99 158 11
203 58 86
248 378 11
124 17 21
245 177 66
49 225 7
230 296 93
46 331 34
352 279 10
283 400 78
250 224 96
372 352 76
330 13 57
271 9 25
404 228 14
289 105 47
287 395 81
412 23 41
119 68 61
284 236 66
59 9 7
35 134 90
343 153 97
394 301 20
171 416 30
91 79 38
36 62 88
207 132 95
68 243 40
302 18 58
407 211 7
225 358 1
262 295 50
335 72 37
186 103 64
390 386 59
129 160 56
24 268 27
215 295 1
18 257 88
13 218 54
174 119 41
198 136 69
149 205 87
81 124 95
79 181 73
165 82 55
371 100 73
50 307 35
24 263 96
41 61 52
254 168 43
345 52 45
182 293 99
376 359 37
379 10 35
318 22 16
151 104 32
227 255 97
199 143 11
401 410 94
313 145 62
80 355 96
263 88 48
305 159 46
377 309 77
253 337 10
413 374 76
253 121 61
195 291 66
87 235 23
231 158 90
278 150 26
88 307 41
110 372 35
44 184 54
352 193 8
222 331 67
234 243 13
416 67 81
102 114 40
287 117 83
232 11 77
102 15 70
115 319 53
3 315 61
225 303 55
303 194 8
63 329 82
53 223 86
126 46 89
243 207 55
45 145 84
229 28 30
331 383 73
25 94 26
16 147 51
121 115 2
190 250 10
161 162 89
31 413 2
158 78 10
380 295 87
191 62 89
241 107 83
201 33 42
81 127 74
133 364 20
348 238 19
53 76 77
109 242 3
38 360 64
169 299 19
173 318 75
397 84 13
358 323 69
2 158 79
41 178 98
167 281 36
128 414 100
255 35 6
337 297 84
313 280 51
21 223 74
5 203 75
55 406 88
284 338 12
369 171 82
949
408 356 33
185 533 96
350 675 19
28 658 43
777 939 96
495 11 1
711 503 75
261 7 33
34 57 97
205 828 62
358 790 80
945 141 1
914 369 20
802 653 39
132 620 60
853 227 49
524 137 66
350 420 33
255 359 43
745 832 67
88 729 13
268 1 27
399 439 100
500 654 36
583 473 77
409 139 68
86 546 63
50 648 60
838 743 83
131 542 15
395 877 87
856 608 99
438 34 55
38 58 66
339 374 81
95 283 13
583 859 94
542 444 2
781 299 37
119 157 81
933 553 60
690 220 38
110 537 50
597 243 60
458 160 6
366 868 2
394 351 44
538 437 97
546 554 29
81 432 98
61 345 82
410 335 18
893 91 50
460 736 22
824 18 16
508 235 1
363 471 57
724 183 34
121 113 26
713 488 35
231 523 38
930 80 35
35 548 91
145 249 51
899 864 60
600 265 75
783 594 3
68 653 29
729 849 44
493 805 27
664 5 29
3 783 56
789 71 65
93 29 95
531 50 36
803 762 49
894 910 77
639 216 89
261 342 50
56 105 13
179 769 60
491 821 67
166 213 58
244 32 76
538 770 52
256 699 89
371 330 7
828 309 48
169 141 19
729 637 40
917 298 25
482 266 8
560 383 55
158 629 37
883 752 96
835 171 39
426 159 66
733 356 53
739 386 59
749 402 80
583 276 72
162 919 46
619 693 60
786 603 24
420 294 2
495 132 83
74 456 93
887 47 47
799 153 49
102 947 63
139 523 31
645 310 82
87 62 41
378 763 23
369 260 38
650 463 17
11 598 96
91 473 44
938 121 17
852 175 10
55 852 53
216 594 94
728 612 29
839 880 23
377 507 76
759 728 36
845 476 71
5 562 67
505 685 8
906 164 30
254 683 20
616 907 93
632 825 33
769 800 13
466 519 2
58 917 17
13 472 4
666 31 94
764 30 77
6 183 15
802 90 56
398 197 94
75 341 28
93 78 91
287 710 24
871 555 26
89 500 6
447 850 34
148 857 72
815 895 92
556 260 25
469 156 62
72 860 76
731 573 1
920 608 41
907 694 9
803 753 15
253 238 80
851 833 90
612 309 44
689 695 2
690 908 56
765 388 93
918 373 77
342 887 54
168 854 29
306 257 30
419 281 38
255 905 41
135 407 14
337 487 50
621 609 24
390 189 33
393 568 76
679 258 71
554 84 94
115 3 80
579 574 84
841 320 76
69 274 44
271 685 88
405 891 94
659 18 41
241 609 6
726 906 17
146 940 53
700 945 14
253 572 97
812 872 77
439 61 99
557 332 9
39 99 70
473 43 92
5 532 16
856 591 18
706 101 79
664 703 22
944 496 23
769 399 92
683 830 74
7 855 4
45 14 100
35 92 77
618 862 43
477 866 94
901 48 73
481 362 18
870 641 65
167 580 87
569 108 41
713 676 4
45 288 32
905 806 32
483 490 98
80 566 33
380 820 36
49 719 52
635 890 26
782 469 58
490 571 19
345 593 94
241 750 66
63 503 81
909 857 10
742 533 74
401 405 25
484 721 23
160 461 69
443 326 71
57 674 71
196 102 69
448 281 47
731 452 63
310 259 27
352 601 15
721 606 71
342 48 42
881 167 99
477 609 74
169 385 47
262 664 83
770 832 36
906 490 60
2 274 5
909 219 59
197 496 61
788 464 45
719 325 18
884 214 78
13 930 40
656 319 51
758 39 12
916 753 13
851 806 54
650 11 28
11 72 32
516 34 11
296 142 12
864 601 2
49 209 22
183 478 66
917 105 15
560 716 51
337 8 75
820 367 91
523 786 26
285 140 23
219 535 9
208 571 38
577 486 49
551 276 21
389 921 100
327 463 5
682 114 52
52 359 86
357 428 56
854 99 27
669 584 6
218 88 75
878 903 17
788 214 91
356 143 69
817 535 43
179 193 32
283 448 61
192 706 58
179 16 93
820 859 39
450 232 48
508 585 44
892 874 65
794 1 12
24 789 26
210 261 66
447 121 37
18 500 16
24 10 91
713 378 20
865 554 5
391 519 24
47 296 68
858 135 82
701 173 38
389 352 93
237 125 36
26 246 32
846 722 34
390 322 41
381 38 63
439 571 31
581 482 90
744 1 5
846 607 17
767 391 93
332 723 33
46 162 21
867 690 85
387 894 87
104 885 25
383 836 19
585 820 78
127 17 7
56 45 50
225 414 24
159 604 58
384 383 11
523 926 2
686 581 5
749 558 84
57 896 76
173 51 50
397 108 25
795 582 6
702 252 7
100 742 11
569 138 52
410 550 100
634 573 83
144 562 23
447 937 91
145 404 89
440 379 63
157 852 71
273 21 6
862 773 88
412 8 48
56 496 62
610 722 25
366 734 51
567 805 19
583 19 10
737 504 80
838 701 9
807 423 14
552 537 97
32 559 60
796 908 9
829 552 37
615 487 53
930 765 37
695 466 46
722 757 98
58 861 25
569 682 60
318 438 49
192 460 50
736 15 46
81 816 85
881 596 22
149 693 84
700 575 49
325 708 18
345 900 41
799 586 92
703 662 10
243 730 31
88 120 92
579 340 64
800 876 71
474 488 17
528 660 56
606 726 8
715 75 61
160 827 76
821 163 56
761 113 86
486 358 22
755 886 85
47 759 86
835 916 5
572 711 91
179 210 76
147 643 89
406 269 20
684 511 45
507 258 94
875 31 73
422 76 76
916 109 34
712 16 66
720 918 95
235 912 75
909 630 45
843 757 93
541 569 42
304 567 19
169 250 12
239 585 68
855 209 77
331 456 39
291 785 49
215 406 71
259 424 72
586 537 36
949 182 76
572 816 94
157 237 75
195 235 82
595 351 79
757 445 3
620 628 34
385 663 3
37 274 87
618 133 88
316 557 70
527 422 81
523 96 36
353 104 46
398 11 99
436 498 27
925 310 84
110 384 22
442 934 84
572 189 99
872 835 5
830 481 76
1 267 65
211 78 96
222 290 67
29 748 79
355 88 11
457 345 91
629 837 64
687 204 17
262 376 18
78 657 52
150 391 91
894 941 33
647 380 50
648 173 58
334 554 31
637 894 22
134 89 100
743 627 30
427 165 45
339 870 23
849 106 43
332 235 39
558 725 31
736 339 44
61 762 96
51 865 19
803 748 42
693 435 77
697 483 55
467 440 3
700 392 73
824 289 81
437 836 79
117 192 89
732 906 74
525 323 73
831 657 11
928 469 95
230 149 50
742 150 42
916 196 35
435 517 35
371 361 7
783 630 61
410 722 16
359 423 71
362 402 96
109 359 42
427 872 89
585 593 94
160 665 15
542 725 34
913 917 63
788 359 98
555 644 20
681 797 99
562 29 70
114 347 1
481 635 99
180 265 52
437 291 51
408 245 99
589 661 63
544 415 66
84 317 83
620 607 21
471 942 45
822 9 68
598 513 90
354 794 13
313 127 80
481 300 10
901 267 67
642 765 40
522 87 37
729 808 86
49 298 20
346 480 61
8 24 99
124 664 28
846 644 35
411 675 31
115 154 39
767 427 5
889 274 66
577 90 97
442 208 99
629 255 30
678 519 81
96 424 78
621 233 80
531 750 33
798 731 55
198 490 34
676 293 92
12 886 60
139 919 71
294 740 86
369 302 83
933 200 86
810 404 26
326 718 84
351 211 16
84 623 44
274 180 27
478 151 36
592 742 69
715 447 97
346 859 42
108 830 24
376 684 76
297 949 25
879 907 51
718 316 3
417 922 94
5 131 75
426 598 22
511 579 42
322 885 15
885 171 7
17 247 55
751 391 83
430 486 85
517 741 66
102 522 77
671 870 24
795 169 25
276 118 65
698 388 93
264 113 25
348 36 5
319 62 54
26 673 64
129 795 47
915 202 12
641 303 54
527 632 48
875 868 23
349 932 70
200 48 53
589 605 79
702 409 16
800 279 64
529 18 77
620 441 92
679 456 78
294 360 81
717 260 42
155 923 4
683 408 23
831 713 91
329 465 6
121 58 61
879 503 91
918 237 14
145 119 39
931 814 26
44 569 86
625 637 53
253 379 48
686 344 5
513 472 65
946 397 91
11 465 24
123 315 47
721 881 17
152 103 41
547 868 96
869 377 53
907 568 25
912 599 31
695 578 96
482 723 69
315 180 70
624 847 8
637 197 68
866 144 9
508 931 79
36 347 85
476 377 13
717 775 15
70 843 85
752 211 92
6 798 32
186 258 38
340 602 46
465 373 78
398 204 63
895 901 75
948 271 59
370 423 56
520 7 61
215 413 22
215 210 77
67 56 72
619 173 26
366 513 55
907 530 56
798 128 57
221 311 52
387 324 14
181 712 5
99 915 35
673 553 37
364 92 90
423 46 10
225 733 82
362 35 90
411 227 46
696 849 1
304 666 99
652 490 51
193 361 93
425 57 48
313 503 59
378 605 22
299 567 88
249 470 55
573 9 100
522 818 52
589 333 91
922 841 27
874 113 23
161 111 37
774 637 98
848 72 6
315 920 17
155 926 84
793 640 18
845 832 30
6 596 65
716 315 78
760 562 72
289 797 38
176 526 56
772 629 91
248 240 75
244 380 83
3 158 98
10 62 79
396 109 27
559 528 40
927 466 76
191 631 67
862 122 14
68 221 61
784 451 60
584 106 91
889 222 22
497 559 29
450 600 28
867 650 19
548 350 15
27 230 44
724 430 25
152 106 31
394 622 71
312 245 3
935 365 8
527 862 95
320 877 40
809 129 98
73 69 9
730 120 69
302 660 18
489 16 16
210 471 20
580 705 93
226 244 70
389 196 88
672 579 19
667 42 96
679 624 60
636 60 39
130 539 7
21 515 4
301 654 32
388 146 51
4 234 42
135 138 41
392 604 79
620 507 68
501 291 11
264 707 14
468 397 35
308 826 100
695 929 52
792 843 75
51 819 7
21 768 57
365 310 24
468 82 61
936 46 67
500 744 45
4 870 2
322 485 36
172 840 50
735 731 59
842 317 9
833 40 30
854 237 26
174 3 72
339 562 26
780 736 66
384 888 47
25 662 29
228 811 25
354 248 53
83 73 26
757 841 57
453 576 14
265 505 76
299 821 84
422 126 56
834 481 48
96 737 92
520 633 45
260 166 13
494 165 39
826 759 52
860 626 15
434 115 90
80 375 61
475 645 10
796 804 27
451 143 33
8 518 100
12 691 83
105 431 6
403 213 72
223 755 18
686 236 98
702 614 28
897 856 47
755 457 29
525 902 50
138 668 16
632 851 13
888 415 67
551 42 91
621 228 67
677 641 25
28 777 91
256 476 82
697 777 83
840 476 36
646 346 79
321 582 26
780 305 74
358 343 64
861 272 99
387 771 52
712 229 5
368 879 96
545 579 12
801 275 38
239 147 5
928 583 61
269 97 22
827 356 98
565 130 25
441 386 48
651 313 94
255 459 19
203 423 29
922 297 21
243 539 91
418 352 75
140 634 50
707 136 91
420 79 51
543 642 52
64 592 72
59 76 28
365 400 44
2 184 62
718 839 42
190 62 69
261 275 81
659 277 73
600 349 88
314 843 20
512 833 58
338 767 22
137 77 66
738 658 43
391 904 42
73 638 96
568 515 18
565 85 26
95 510 19
140 95 4
224 36 28
1 499 44
294 704 94
755 336 36
447 882 12
323 673 86
873 588 20
199 157 14
810 688 99
39 714 35
416 415 77
492 822 40
824 22 56
390 756 3
66 182 57
727 442 61
91 57 95
625 766 25
306 566 61
13 791 32
156 65 89
60 431 92
351 454 45
152 295 47
8 187 96
77 727 62
844 283 57
853 911 70
307 97 6
362 372 40
282 758 36
479 732 70
81 692 74
613 327 35
433 721 20
328 791 43
208 53 80
418 778 97
753 754 14
214 502 6
534 244 94
778 278 79
436 295 12
23 464 99
272 284 20
921 446 34
531 191 67
651 217 36
472 112 100
455 145 73
514 162 73
549 151 37
738 924 45
207 923 9
135 813 68
787 34 57
665 428 70
863 364 36
382 515 29
870 212 70
564 521 73
105 710 83
178 399 63
292 61 41
536 688 30
43 943 59
449 847 86
648 270 71
617 701 65
521 243 21
747 165 49
542 576 89
201 542 46
526 868 77
73 587 52
107 707 20
183 611 86
17 280 19
71 649 8
126 680 18
764 390 40
793 187 95
709 82 70
286 128 64
813 903 84
625 563 26
194 382 83
785 746 81
873 186 90
251 296 96
401 514 45
101 540 33
228 776 7
116 345 73
421 520 53
942 509 4
898 800 67
704 94 59
777 823 65
301 462 50
672 779 28
549 429 76
177 909 89
453 590 2
242 61 57
41 273 100
303 670 75
415 20 87
402 170 78
561 187 64
570 942 29
206 11 62
33 282 20
194 98 85
221 111 27
188 360 25
666 54 76
655 298 93
506 439 85
263 197 90
168
112 44 23
103 54 41
54 135 55
85 14 83
45 129 21
92 65 35
11 29 44
70 59 15
85 37 19
104 9 72
107 70 51
95 27 94
35 10 88
156 3 29
138 28 53
3 101 30
7 135 38
86 1 37
30 121 55
78 58 4
93 97 6
6 164 19
55 94 36
100 126 33
15 9 52
120 147 96
160 12 25
57 133 78
93 45 65
33 76 96
134 50 66
79 43 6
132 64 2
72 60 21
143 40 84
124 6 86
44 87 56
48 88 52
3 90 64
76 10 33
102 108 59
82 148 3
19 58 92
33 101 86
158 123 11
49 90 65
131 81 68
164 68 91
52 79 53
33 83 26
37 72 97
120 78 69
94 7 24
94 154 1
22 105 53
58 26 32
20 15 95
154 43 85
105 98 82
87 45 70
142 168 74
118 138 67
73 91 70
152 4 48
147 162 62
53 72 44
165 80 26
51 7 6
83 84 43
60 98 86
88 101 32
129 35 92
52 165 35
7 107 4
147 100 29
157 27 100
92 154 87
54 128 90
147 141 7
131 151 53
69 30 95
157 49 3
2 10 95
77 7 47
153 138 97
164 160 97
36 146 63
110 89 98
39 24 67
154 12 70
134 107 77
6 131 56
116 47 74
19 77 9
38 52 97
4 113 41
109 2 73
147 42 2
161 22 44
57 141 2
10 52 33
109 24 27
59 117 24
48 25 63
140 124 98
82 3 14
71 74 96
111 14 77
143 70 51
14 151 86
9 168 45
127 21 25
30 124 89
165 61 45
9 6 24
52 116 57
159 45 7
166 94 46
31 49 75
7 16 72
58 152 21
70 32 66
63 9 16
96 122 89
138 77 23
137 99 93
30 119 61
5 131 88
73 57 67
41 18 36
54 136 64
61 56 78
121 86 73
146 23 67
123 98 76
44 144 36
106 146 45
23 150 63
167 27 1
67 37 67
71 162 27
62 79 19
148 46 52
21 166 24
3 99 46
78 75 20
114 151 49
93 36 37
53 149 98
150 18 73
82 102 22
69 13 57
11 44 43
34 151 3
155 146 73
91 163 84
144 110 72
145 33 67
115 43 34
44 17 46
52 8 48
80 122 41
130 141 72
166 64 35
115 125 85
66 77 49
45 139 1
