1000
26 1046074330861839 1508006413091548
22 3970527503229 13606329912391
30 253145744705693570 666330435064605107
28 11076072617374190 52630506643619660
27 4761674314853782 16329051334841174
27 15228218431003409 12595658786195548
29 89735190067543688 1832773833201749
26 4057661872700134 1865808963437737
27 8012406860271708 11574944605208499
23 2529848909269 66589944290009
28 8320564980181484 59262343214880448
26 978696503797479 353819390776569
29 179837932812848123 127575990483468304
24 184689824653110 257338030448443
25 174856995586039 1025519570315067
31 4172018875975569 2402522466715834767
23 25819328540239 30534627063900
31 786496675921685668 41333119388406115
28 28419208974018693 41647292922693475
27 657768161463079 11759283460793859
24 93266596101730 34343559225780
26 3204955617479136 2875177830050672
30 1116226901598006786 94610334876958383
29 82553887479743871 247645267838023854
31 4605398077433553544 1893349287799801100
22 1489655732117 3763871649491
26 3114400419026357 3392617206789431
27 12759050102976316 17986075398240860
23 1642689470150 38106355642383
28 40306465501853994 7918105710649757
30 1139034626161651004 461069004406032053
28 44125365372120639 62428999503007293
26 2504511015961720 633210747282505
26 2391345298700502 1372001912618267
29 277992758200232024 25080031014770892
26 4238577597519451 1036656621406236
27 609934159423283 16788560274361731
25 512554132858101 977108925303461
26 3389848853080298 4084178971913096
29 59848787625144137 199422840284609748
26 3139349591823080 636649217931119
31 1129613239623777947 1720032548877706420
28 68451468323150654 30867257819820071
30 503227612997007836 34727536214620928
26 1244584028453195 1100128818396549
31 3760593823410328934 423302235644052018
31 3836821862166874504 1532388718247501334
22 10876692606069 10378370980593
28 1178182583889523 11459798843327276
23 54572369112729 45284462254102
23 13807730699692 12628534689855
30 667415568000402617 112575575490999781
25 783239195170754 864577412179485
28 44349169306117990 11625658715044912
27 9794634981720642 15922073068393090
23 30899938507649 64991723795062
26 1513113067101447 3904744048161540
23 66070527696267 23054932100674
25 919922776023258 1078115841478273
22 5550775064083 16463437039697
22 6071124535522 13798119101801
23 9396863798304 15182187019088
27 1668989528377468 12651475337216672
27 11477847252067472 9209147887091753
23 2180918594152 48300802020302
26 2854248987965360 896816527567929
24 51230152424307 102520433190220
25 691021958972589 303095379820011
26 2477023654902024 603289728842010
24 5671683705479 209194586888838
23 48106068677195 53502291077500
30 982259259411474597 311830177175435570
29 186899361489224109 241269892723168566
23 13407115164746 54220901260674
26 2499234784512536 2887585114837878
23 67475812276078 21154567803134
25 117672858401061 504722480539381
26 1589421265483981 1359538651317643
24 54833470480121 205725250636244
29 85353756108142124 155363417048596897
28 68936876979418561 23657121817333817
31 2947867900267855393 3920710917971247271
22 13118726347229 6511240129478
31 2265912317387819747 2039800656496472826
30 536231390996184125 1091233648874459731
29 115646267812234732 264890134071803483
23 51661250538629 5729189930393
30 110630983838037873 114671551936213989
29 46148554998561507 78581997011467436
25 941344954082558 1046999258763705
27 11220377028918730 7012516895114104
30 148597402893897148 88892408675059442
25 556872983050476 1022199798700962
31 3004515987716075809 2458855970762234296
25 92102703415328 286780373878386
31 1633024275891389223 4531719612836437590
26 3154084114516774 3948779578275765
28 1805711552817713 28590041842458568
27 4127235770518363 10617199531308988
24 159525387486282 56686711776543
27 3019610261883868 11092108643319778
25 557586052141676 520734333714597
29 206488632038630578 101739753061399097
29 76032480539880163 165284064284476076
26 2646851122661106 2314585195070287
26 1859028654972428 2112929321962603
28 42023246125276673 14072347898094903
29 143836543507957767 271592444863404636
27 12331205190529872 8951569166803497
30 518740083921375506 1061740403408220396
30 678064096196683091 968434781107736699
28 16433864566467998 42917413773022853
23 51429978745730 8520038155723
25 265003071563109 108606094381374
27 12856891678234015 330223011344256
22 128770630926 4295157082024
27 5943826498934173 16982174337993760
25 719129668414236 515896308808088
28 53039821749932498 21711668714249980
24 244416733774390 235997440755171
25 785061316157540 520750274365514
23 12283591455767 41666412722015
30 638245815097086734 770105101254884517
23 1863384963998 53594315505320
26 1803896059099051 539146876217731
27 10043115586990293 6639562149479036
23 3284976549937 46698360798002
30 722815482738889709 1048739678546161068
24 40168741155068 205688021235780
27 5378431028598658 14866499089588208
28 70012819245383321 28943905598060451
23 52441436183964 23554648328226
22 11488540181880 10951503857573
30 1130117859252291407 1044573276936029098
25 61880606443559 1042783997068741
26 696209325359081 1438920070930217
29 245667141517805313 28951304848729860
25 111774109150726 561076109474712
27 13816374367174785 11968274071359217
29 206296290204013838 117752592258523778
25 142559624171670 516697930193897
27 411972913817822 4179927888415485
23 28794708182685 18175638248469
25 619557943695283 432886395118215
23 40122584840446 16035140357161
28 62700354003856012 45135773870313986
22 11676007451003 8535324701942
27 17417838459166369 15440277663701593
24 226977722911400 127030024895818
23 52362188152987 24985142032272
29 90696562902850609 183399499617854900
26 3201248871801528 1714063098835033
26 648035181131730 1491224548425511
31 3834709333795427582 4359665412261937245
31 4508907662009944877 2971144924105957518
28 50661524409862179 9351997047732185
24 25594770131945 191118427006932
27 2689481689698787 17946744252137540
28 1727473856474550 56096993940851176
22 15641516301259 9542571472659
31 2237298903237648176 4575146778744127172
22 15051203594186 5327989273818
23 14728631336116 27917779324042
26 3120629149292297 1902347114377050
26 1150649313398693 3905691367045417
25 370064894193878 753371462544702
31 3961746191525847986 3258173027027415850
30 677303761896550048 727638560867539344
28 35053256182590752 21242924630682523
30 418821014682727011 669331836761763889
25 818109828569121 138919077099309
29 276614799447868907 110328913728007897
28 34735528354264765 66654501629966589
22 1874236868056 11773062601831
29 78043186376633055 173281197789107626
24 60589923532371 191601116736654
29 203354293199700860 230397502494952604
26 2859561264502719 1083431323012124
27 8578389098355959 1863924145349551
22 16605561715715 16081555953267
30 161301183219925799 347370373708336026
29 208088695004851731 172932170000629482
24 53161288725419 274248923161800
22 6997931434719 15891214154541
24 251546659776372 260150610971018
28 29091708557053658 24345378072048858
23 18953959443631 19841513658558
31 349704666980474034 2128076856643320302
30 2233869029317996 518146372913577309
31 3426140074837695731 4016482008769665466
27 244880795644600 6984870314858396
29 233588437543265191 141665344592167795
29 214377608612790795 170797273166836092
28 46964589006815793 5915015100507566
26 1482199157386805 2795521820139512
22 13756921920507 773297086769
27 12196644388852009 3909027190816311
24 68574563210409 271287695229961
26 830701274325084 1002090806488175
26 290812498821105 4132597021194187
25 299553542021528 130513894536797
28 65880472536937033 51266656812463197
27 11940032442322280 13952307407800434
29 41798392304820230 223714772547602631
29 266112385989119630 118110230464078124
30 865072193177481129 361759866419982033
26 27764611938593 602780353929792
31 730981479593896293 3742897242220690561
22 7738500249158 774677851245
22 13215630062118 10248017250228
24 38964944893854 30524622660660
27 9517413434689438 9034845114212448
29 95074289182566626 63108026316677080
29 224298189276306220 148261293692098383
28 46303594060463686 42365103211479105
25 152003143518099 605392223219272
25 1118173067548820 319352627842749
31 1767528307334293716 627962693966469887
30 553181942203072285 150432957156051898
30 727830579199926451 320429295170211152
28 34577614235703037 65096929271845861
30 708351406716246191 340817500375340419
24 99273713694013 35562971876695
31 4063813587101823851 4397993944339913141
26 3090413276020693 1397742776253110
26 2947115965255905 2116720293657747
25 292783665953955 629715909138293
31 227673167268122841 2594805580987065870
25 983575308399820 82832987749526
31 1570084752621108337 2472534101566837170
25 384674182276140 132833707906973
22 14887809661890 8326725878209
26 1347810056243633 3446917673234578
27 11675338915150048 9669022531997509
22 8729342281951 8487504046152
29 53829291840515783 145483842111191222
30 262743728798466513 638150336805142080
30 541354947785486585 394452764615837924
22 6472889244268 10720312929505
27 10690467636355540 380410706352970
26 1834456850921890 4359073223153377
22 6697301017832 259525839857
27 6526677732311541 7499109190557196
23 15545404540889 2532506370695
25 804496398311841 464576783229387
24 277222961541262 51452868102759
30 581615432988485389 140269792302998309
31 3100239673171696572 3282284972886675858
28 23907491584701048 41473099896764166
25 1098520272579347 243544523701492
31 4152515758470991102 4392391063778075148
27 7078480571554702 1713992901065317
22 12045016259684 10877719908662
30 633112030404169660 657323714418605642
29 106609059228491343 15591497999144224
27 3034730866644221 9074286780596927
29 101034704521117910 24237204292534200
24 176315602941952 5408566345650
27 2822592604507526 3353562317397641
24 12307269967371 235023003698777
29 168738863923650136 229967014496443408
31 4059727778952081622 3702995880022777058
28 22338463551134250 62558777169681595
25 1016745213766141 789242037862234
30 416611194481119154 204977416175468930
28 32655821761858385 14739982075545873
24 40381266685964 185705091284791
27 17731507625146518 12720926965957644
25 960666903409998 949276760619007
29 118660935964151407 200469472229699912
25 543496506570439 833911134821268
28 33999017698208901 30662046842884304
27 11843512625689305 16822123460604227
23 51267048756525 27243709227259
26 2892419075531654 1656056145541823
28 45090222061962523 21623008927663184
31 3702866239402039083 3020887447573953085
30 806399514463598047 967432613384921049
25 1064022457422597 1015237052085630
25 1067316094362946 512844145569268
25 338497260936553 547260894407343
23 11898702176192 57098487537888
25 966880729307866 172990906615099
22 11883641755307 977715693719
30 49960009314130280 245632447456288534
28 23776900970842053 59409295315327925
23 61026850903798 4786070754559
23 16808557792327 31631148795258
27 15183728884427605 17626379476396747
23 28169896248502 7308293682994
23 38068089506406 36862783134141
29 175396704512749304 189707620018768505
25 900178757941395 260422415714155
26 699232115374207 4133391629610304
24 23776310945887 13334376129745
31 3130420058630132105 4289790460457286270
22 10742335904485 14552812917109
25 969240269697732 273164446837224
24 186680598113913 276087663720392
25 784067161720283 232880897226291
24 57358824166604 39523603035186
27 4926750742893235 7321100761265060
31 4537162252095108155 2357233982044214882
26 1384509840758113 3018796389147643
31 2564478226463312435 3265424989235946970
24 65183137967391 219465569783291
26 1988422909560280 3795636849729493
25 422735221360846 1002953912642595
31 4499313144823165001 1151291478105936116
29 133678637823079114 68819703084260941
25 577360590597176 415089116241492
29 194962243763105037 147237708654561620
24 46317956907695 99765267812862
31 2708761742919486466 3540397399077343212
28 16369483917496634 34120943394282448
27 16886134520207474 4182233138069581
29 37166423829312723 19258099180152142
28 25742639529871728 53326182318420844
23 43106356446520 43735886279933
25 261660476040752 270306486168271
25 948302241032859 260026835706167
31 3171569690211777068 1641585133835562044
26 1764475710184140 3105223600501400
23 47264629655306 20684602014424
25 155749854980934 831051068416880
27 10594952287820821 12239007412947829
23 56205470316242 7799856338920
28 43758523793407053 55091732144273685
22 3190682718864 5306514409650
25 716852416214624 1108416787528178
23 69433543059886 10301752882562
31 4421029085263404798 601733303961425554
22 13903831762197 15820842917537
31 1760446414573716590 3501562560091133089
23 29240636374479 7061295318354
23 44159436087632 1347184762035
29 45394947038800375 263730641980152557
26 360324768355555 1871776325803033
24 57691981205107 29958189266647
31 2177846131542464857 1115279409977885800
22 9549638948547 3204192406969
31 274805431151030005 738851912818937453
30 624957837870209709 991946044187133358
31 191789126619954182 600769483744619932
22 15734319712145 9183135715899
30 1046856730554562818 556993248089722943
25 146083784759973 390199272082513
30 1093678587771480395 383648484289014254
31 374159565027284075 4340090549573815205
26 2394378085981285 2173638804950808
23 63793045525023 59584270720289
25 821945940109215 930906745797284
26 3836382046184688 4337110985838148
26 4260213934105482 3155149536241399
26 515287623018047 3597658914607522
30 81393482546737576 1103986494284422365
26 2378487869103417 1688861303790311
26 2200535313212223 384090088063017
30 590917929061952907 1023537916704300038
22 1316550602803 46058063111
24 188937535774460 110414652378754
29 12693115086069581 8741734032260952
27 5996576600476209 2667124994614510
29 128245823487740263 228869800123034256
22 10384726192367 10959428459284
23 49643191593800 33380324367846
24 119335027079563 275740609237356
25 360867514751546 578682266944736
25 206374148454511 194715409725637
28 38729831575064996 18784859464405884
25 944152919434976 957246706165580
28 5772828331114276 26729693739881351
26 3389978379235169 3388323079690068
25 96155339649800 725933615086046
30 42126094344996204 280528662808990356
31 2130621898233551123 3665691588380680882
25 797368270558553 903110840047536
22 74112790759 3041086041346
23 50707572022691 3912322548040
27 17784390477910431 9008773005560804
28 54076263391339513 24658049957313253
26 536297435925069 2296540867065697
26 2698716071913138 1715382973642611
27 10573364296079742 12861655049977059
25 600760532861340 982006974224186
23 1893271734263 56204590083212
30 862785951941236039 1093399626436435300
30 416067443689452602 321225778068159216
22 13949767219252 11716724429464
31 3886685723480643238 4384425218521321987
22 9871974200722 4732071664694
23 23101603248162 56417152509244
25 399532785264753 624308744653613
26 2779808923366837 2562397188752450
23 66986330356108 57424384977555
25 482807711944831 230417736268951
28 47186460574448675 39928725256066130
30 908595070023274984 1131529346409174556
31 1258365082558910327 694422329890366136
28 5230093924124424 57605870808982122
27 15378694008675809 16528870182594474
30 533948717484813704 305914197250046797
27 11589052247111590 16332399195412924
30 589205072342008471 768901118988067560
29 219150469530461675 261437503722641548
23 16786010376109 65200950338891
27 4871367791383678 11327213599059470
27 5781150291545373 3944559684317056
26 1505862348461389 976990608934820
26 2096067502307290 2778929843006556
24 225141623423421 3160197653053
25 840617292421588 541101308784278
27 16456111809890373 8961484424222932
28 31787115315927503 60529635510481902
23 38574692346106 59504595462652
29 60346675874415540 19040362437507187
29 257630868606527975 167919540910401120
29 155042915312102811 278541734444058403
30 1137195869489860717 798248254011359077
27 17227686331128104 6008333465705338
29 69665429113627391 54544634463204682
31 1817294039668899313 1767519924572392107
29 197156084014134768 184532805628362365
31 861677361584216322 1805777269656609180
29 242293087997794102 35541447220881403
23 49838303690685 30273098469591
22 3728900693318 3163951017977
26 2247488617839532 2801813540655886
22 2313745634169 11712667546148
30 971454364273310967 135801249831585771
22 1818245506972 979289710399
26 1498835382366368 2700849346330425
26 4331729597694358 1535893516652772
27 5678125188968631 9765714115304371
22 17530607085133 2353859687856
29 84607460836862490 218554930230376435
26 2793900624682537 2076185726334507
22 15050043126665 13488466910041
31 3938225745390874602 3718024211375882532
31 4601282875622006285 3047377305950706925
24 54105801665974 45875396544862
26 2123366897145603 4405770598258294
27 7607321075527546 3035600859027127
30 911408252155643987 954138879569730412
30 190899889697434391 728656057899322939
27 16851322401215125 13133807983790952
24 11433583002110 201974117080003
29 285117265747488297 221155286257284923
31 2556776320827311128 161582869134156543
27 172920787247008 16996882174804195
22 15156234927672 12365576740653
29 211473361832011739 43217394464917473
22 8191922701665 4938504121031
27 15542930191376585 11345837144453322
26 3145206736950956 518697938889701
28 39962360840740283 63605736386625807
28 69582969466180501 8430024613071412
28 68475706129794960 30074868197952
28 56043533119741672 5817201877294248
26 2940872701153623 435180612122717
24 103939066830008 20154752588626
28 30869767363720477 25698037517187066
31 3263408673304881665 1550894910207209736
31 4240435830618136300 3832956071754834486
27 11089675890970070 13875592633539003
27 15760749979083354 6227578501348823
23 50599581294174 38896817119919
29 124546838662283286 8536165918071824
25 279260589786338 178905891806199
28 50713744986308167 19330829055238835
30 315552026499137464 990591489133376223
25 712649286751945 852509891113697
24 217583877457884 193097726756647
27 2345484636313737 9095410244825976
25 146591408394082 488793687983678
29 92652571689903749 277989220756003534
22 9266954695734 16312828757474
24 280200146517316 81464965367414
22 4343756511686 4814411036368
26 2458303311290821 4047712997736485
22 10984830351993 11441240109919
22 9965677011755 4197433204213
26 1697401911494960 2918411524547397
25 983268153812921 797557482915726
27 11147192363206691 1553870301059285
31 3609143579455621078 2891964713966963464
25 444123715354575 296064020089717
29 262450247135710005 143532872532954750
26 2549045678376148 1315569677557024
26 970616572089172 3554287934577572
27 4885853612205817 9346697700694313
29 151191541367610089 18188287045530348
24 53221620678570 61863353383332
31 2834839430157714433 146306768944279793
31 3090433213380886702 135639495183450140
24 82875404179666 167272390726471
22 3933505349865 8101974076278
24 60991369808793 252072963287009
29 127277751586587744 90760247645440321
23 65711497415665 17091836549543
28 69712693312405215 48269220897287865
30 556651934284870284 864980870542787839
24 136717205957873 10703520197191
28 59827282970459451 38914450870827075
30 920561058019526919 936876315742611527
28 63215395525345685 27764534795275145
30 1144742573857753341 186204477911865690
31 1580372693843950800 856934556847878436
27 14798329460050796 5343363827164305
29 111067531593114246 252541797418642881
22 5787901925210 6276798259756
22 15280180995184 12041168968472
24 195833548895056 245898863575240
26 3378519919067751 3975400978196096
23 27084872373982 53521004623412
24 229272248688427 74331184554729
27 14020086594736910 16962809568667965
23 55761985239487 21963923252492
29 150252746383513952 137748673508132149
26 881859079793752 3040361895497679
26 2180397792268860 3052078181205510
31 233899583396310065 3881878526563036204
26 3620162491570689 4337663227268355
31 4439729625397501640 629437644603214115
27 5681172829774869 1485153971647202
24 193958858109003 59032836438138
25 1022991345635500 331506047349377
23 23025148110396 62121718487637
27 15430754239625495 4203920053514078
27 17624444988224155 4445811377316600
29 190622595636593627 66696300116234734
25 597215084680212 968986885682465
24 247752347825384 237742786516793
31 3781090936394093827 1726005778909284325
29 116195646291991964 219122702852362338
30 708926760634980681 837573113038812925
30 490542193096809854 1135434616169288710
25 307242644724814 958857013323474
22 1972838957780 200509634708
22 3943246680478 15730194737878
23 68647237261439 57021066678800
27 8428649268496387 3856312003217648
26 3141163855029187 2077216447776478
30 499951567811165970 1105567412341494012
27 10838613972342758 17456125081629570
29 192855397114365050 185105641610782125
23 9216059412425 13718457761410
30 879409788798769561 815955921183580507
26 2532604467105511 693580218500295
26 4460303550250797 591878247744639
23 4978007346279 64372099645742
30 572711175093110284 337806136922442987
23 53079983547925 31773649383215
31 2503621969331493456 2220164702618510335
22 7583887484296 1836541567422
30 584715472798754398 81164697305548138
28 67344644275926210 33532947710210260
28 51481262543176612 43585472190781498
27 10060238471119618 8134792553034305
25 686132446433553 85474846589001
25 295355603397287 716649191803836
25 1118831341281416 1011729318377028
23 62060015894871 19039994716991
26 3643553231380968 775968759085284
29 245312352053939909 88274140849339967
28 62202217216749650 1096461149025294
24 55389290412993 217518312721722
23 3487136003293 9059542725878
22 9932236794506 9433440220075
26 2710251278331869 3772457079704442
22 16299451836014 192347016051
26 2349565933301078 1472501950598220
31 1760189488684974904 700784101962250534
30 138860001858845027 617288746479984556
24 77303297877512 211587177024494
22 9273016449940 6633137858745
24 280837184736899 53896114861012
24 187330059858316 261090447433891
26 4501460071062649 2490070766691512
24 268563976543596 181674258549322
24 21077767446905 7904305074491
24 273606183608775 120670813565192
27 3200472894734316 10134600835328103
28 33937220419740729 42907232255643323
23 10742925846183 38939283095267
23 69150704395481 39056620194118
26 71289310129431 690027689540835
22 4350066407442 2230022156073
27 9379353956767097 763547182832193
29 287182754156807092 22510943212361692
26 2504858588938680 2592721591428708
25 394788319961144 1089903329741833
24 43601106838242 248676399802837
24 21808739409290 24265434229742
22 95559116381 4563914532540
28 46292246557244627 56937995691108954
31 1517575050805572669 4031762696175618963
24 129077468826401 273801045283618
30 198946767720000873 975050164804815062
23 7818438448606 43621325749014
22 15076359608180 9079251430783
26 3087756805260137 1803433132180394
25 651379997318228 703685901695359
22 4927711435103 133310308334
31 940365029138871647 2716609273914196124
24 9194354883404 149797479578269
25 4501682243634 1069708165486692
27 13230095273320412 4233501451168311
29 41819017702457710 262279397499152392
31 3718933866308882630 3617742714235609227
29 263640542903444598 101045558187282268
24 237001283170570 187406156228384
22 2009229210763 13210992474208
22 12671508473654 4882556531792
24 4906806008568 173371628004072
30 1017345422923582408 534310552415640613
30 771226408013560633 785618861188586858
24 150641888630003 16563550119209
27 2941590500792885 6360484929734648
31 2428510549910544203 3331370280716783305
24 79077706936322 255342930073586
26 2848096366721314 2500657700536069
25 639027824734678 359095001774064
29 34905552357088155 257258747673511551
22 13274101188880 15817699995636
22 4150956913095 12999115426078
27 1595614107278196 5001085516186603
26 1047131894738239 859147016344809
25 1052407168372250 1467586815740
30 156452531987279385 1088331409326288072
26 782639678413979 4091119413111359
24 123549655221556 84692177523269
30 116782807966944897 1046547692124482250
29 239791507758456859 180199274103822217
26 4502100156893964 620872635345728
27 10535728789576739 4616721054215205
28 58011030339736763 5082029757206075
26 937607329896297 3500441208922218
22 15140937871431 11126739342921
31 2100647204820350163 338569374661091166
22 4063271294705 2354931678052
29 75396180102556240 55179404770028941
27 13332996030124105 10521869655632121
26 2245581391224797 1391020903792707
24 143631739564004 244708223312383
31 4609233918959343905 4572377978550736383
29 152028378871449234 18848962138166970
28 3243377240933791 21705953193639443
30 425048910456131093 65890442372444683
31 2847771316256862407 1046428660417774031
23 7154858595691 9290555173256
30 1087928384591241331 90741081789164208
30 929440501127474468 396777120613847471
31 4051747085587131799 584580817898395232
26 1408901634718565 3446592068242671
25 783421990816289 876060324018066
23 40296769930873 42011780925280
26 1865933240869991 70455478081531
28 71619787492296741 61546567902159446
24 209038765832850 26827630460411
22 17202522326050 792170313539
29 65130449185415650 284242739904006057
24 80540456972127 88003166509947
24 6975066196935 215172594664043
22 10679411603196 9163647816404
26 3158946958331163 1564480838405184
23 35707821923360 9080736663615
23 17539780361737 57639107312215
28 52381195023288598 62138599162351048
31 800376020882756960 3113122233077586620
28 65029371438303057 39271973191232932
23 50854096519266 59982800571926
26 4111928157353810 4212295263687217
25 30095848556369 960705543819216
22 9805390760057 16817795569172
28 41488470125522763 42928446346337053
22 17445630818893 5615493051616
30 456845895095451441 940552170648689596
26 793822174768067 3157725731040740
25 182323789535655 719973772819820
26 4244948977288577 1289340110595855
29 280450557962469756 125601554249605985
30 1127344994258421311 692264050617223960
29 80168394310419953 202668227280473159
29 255440338308003241 73688275038318400
24 83426641209274 43117232661907
26 3733142105393261 639680498962025
22 3044609193650 7225517385001
24 234386854953829 108213817907296
28 14535907350822547 64595752231558830
30 734590277938337015 509128458561120900
29 23804132743163190 73591129668922870
26 2691831849664030 256461135128112
23 44761116109603 48414749567852
28 63466984060129214 13951752345256597
25 372123465953151 579544365338993
27 5210140445030188 8419282669178597
30 372868320712725648 381755603335097847
30 1050640509744887576 991815300734777603
31 690491843949463417 3500761074955260397
27 7249507997990198 7699838274987022
23 26965675785690 31928525221946
26 4110983545877592 2677322373727358
25 796433781804399 965658483343176
27 5031575477455578 14447870315632310
26 4455376207474674 2170022948310652
25 1048483329946511 437121550942775
30 34094814355679166 117487811177857556
29 192352764596993422 283175859949705675
24 252827329863694 239272043482928
30 849009791919485073 865963188778061678
24 68871009406921 27596527132695
28 15303213423086278 17720696277197759
24 127299480178491 149091506820102
31 565182810734679099 120584491492463922
26 1118496159044909 3483209782737911
31 821227943533358679 1117257449933052268
22 656679235380 4024440206406
28 69016748135350516 16751625071551588
23 61103169660470 50888853445422
28 41246441986156315 1050914477443645
25 709465022170738 714380846769759
25 664851494217842 509700677846269
27 15542818485948049 17770665177672772
27 1117236082779350 935914377567115
29 4552675311425157 269885132572893626
31 1211894078265713854 2242076185100781714
23 29769038166596 66655538268477
22 7445636856152 1377408844869
24 28503555521443 31178411704789
23 38678523986811 47514471474453
25 320240440885467 256693262793296
22 13088798889700 13268040514516
25 173972925781630 690890277137037
22 16979199303778 14009095603165
26 4426874185065444 2330493717936858
26 1931536691657169 3873053465751357
27 6139002072787546 3013356824342970
23 44363191204113 40035010663401
23 59122557489565 39673776798866
28 59525104393101423 41099021274102152
28 10735691955766623 15943898098776322
30 514726835016990214 163825640447435617
23 28246053941483 9590342316030
26 659498894082860 4395299681652321
26 102286635754027 2915830244744423
29 36191480461699303 245347115827768925
27 6646132541217167 8853573695864870
27 17504208562094839 17463412609775613
24 188915193515180 254707125406498
30 754061798536514052 292208821241903082
30 543932073899860885 8210392475786888
27 3702251315010532 1080970625287231
29 33509253480269101 127840684126336821
31 2694509356634582046 1846019659854845770
31 2166437199350833933 4366855623480017740
25 351482905435665 447360438550299
30 166060042691963055 541580539916874043
30 949007020022240618 182150231772451964
23 45792837710590 17256502309560
27 3393126434759881 306739410918715
29 127852508535294843 90316665939054338
24 91375537219793 222814710363644
29 209037617603670167 280877694973557990
31 778189521138335464 2024317815314856673
29 256175227134732788 119581026187923548
24 192400928125817 151029804569547
22 7960719575207 11987374344373
29 47276961870375550 150210471850722828
26 3611643739898034 2866906287801010
22 15625503048842 13068955955890
29 132479732545500240 162206246608327422
23 43968314297527 11639884397278
23 14756189533900 48607784083931
24 40426238623018 254347042820548
31 4444204422162760695 2713878468220695304
24 114784810097402 274089991901245
22 5174063087989 14956874056491
22 10869670128073 16869647400738
30 1035760511364487295 590059022280417598
31 999014594039535440 253029313283830201
27 9854599998867403 7574919499035343
31 412283142100307876 4067955410070334978
30 465896578282108087 883502722419570719
23 24433469474056 34313051566254
24 1852310406124 55248989985112
23 19697782556292 43175669435634
29 236477210863646225 287848660069382774
28 8811635139089817 43235568220158122
29 109511522221140298 125878437698429846
29 160366250041887687 195271440186249050
27 1623493448753557 3750114836698059
22 3456246292679 2484869628432
30 90028214813871169 490137945727656103
31 1237531997321383842 323318109560148032
23 53474671239189 35716978810649
24 215184825244426 142956044159486
29 191859325905796838 39417530838886992
25 138620039320741 530419684645968
28 49578996070336162 66074776258015426
28 48296324032481067 59228885497332076
24 189054782306337 263549247604620
28 34148876540000639 50132239693301531
25 147868951697726 931688230865856
28 7196052540598064 23720818900403607
27 4759993514572798 11743571793383266
23 26122949153795 14059423924895
26 2025428602589396 3571879430697757
24 275682317268346 120955103973789
28 57647901064967489 4138855902073083
27 7326698044293227 16760204916174600
23 55418439965285 59027130476709
26 3256999322949420 2504499299430249
30 243333370481289273 728847458198663412
25 1021736612886236 314029564064437
25 221416114758020 340753988808923
26 2181801328529103 4498977730835921
27 5677332086737110 11363299970274289
31 4169775261097287979 3187363373831670398
28 19833947149405701 23230002416801577
22 12975218257716 8180113223678
29 45528635807409150 96686309077827444
31 955110538424135135 860318335943434292
22 5742673858545 13278552274012
26 3320413280687770 804705146984716
30 747808208735094300 836611822355283180
24 99260170707063 261254804807529
31 3664320680231917501 1044746614989253712
24 35799505311505 200576282218995
22 9310287306234 11765195079440
22 9050294824172 15856650749299
22 7043555337404 12352790772455
22 4199708423966 10437877205669
27 30305568463824 8648839920470382
28 70752913731584890 43008284744137131
26 3610018347943889 788259044421440
29 20086310718544544 36695921264755577
27 5630068957092765 1850012388051776
24 262607132781467 106058785742586
30 232498667634516073 275275569391269669
25 409678972485362 675609704446407
29 65553927713327030 253830599407799423
29 79416735681893461 244464158538835863
22 5108157622185 634197253317
24 47833864481105 230015594748629
23 42979754686365 29096078708538
29 189106693094189237 79316612802423562
25 1050546505577189 230137522720676
29 177764973721984641 21344462712683506
23 22642719922964 64773097090856
27 11841507433767835 1111199609256564
28 50593319883224145 17697918226146511
31 215152375999207083 3655100906086829536
29 254260518980885874 230873836464753788
27 3434368969073849 122129577472019
23 3349666382842 6818820939093
29 232181745236700298 84472851497077879
24 201305098567733 120575226244088
27 8795624582382294 17803505751968256
26 1537496534851063 3544543077870322
25 192513505417670 937687248042120
31 3728912810038595288 1901377162155071558
27 11668016571474520 10984029492475707
30 416839544497105884 782246504232185614
29 256150616693498272 201597452679645183
27 13209851909091815 9667140466298755
28 869480129758978 69054083550949866
28 44922669690275440 30052169411119078
30 806482027914333904 932240963521419853
25 1013268279844944 282512234060828
23 17068848589817 9762557152478
23 53174682663328 6276596762376
22 15151201311915 8160235483141
30 633019448000511485 782082850720104670
30 753153861263248909 762898337400671831
27 1285691948566708 12603848867907077
31 1148956231586247817 3212082704313358532
24 5392736811936 238816682480968
24 143684633562422 130548952383497
28 50825079100584128 27923908553350242
24 249475967786341 18288482871895
28 38635315633882829 20914973920965412
31 3882279662909633885 1091919374638400350
29 231374776564297565 246493498499655887
22 4236181631174 14522748450840
30 513699459784695374 305873643615474518
25 784485906356061 230009761261566
31 3023524404901447065 694194796820092828
29 40243714975321054 13924478563107225
22 5813288436915 7077978567924
22 2996772773450 10867137460364
26 74587028126251 1372304579158377
29 247793169931209201 207243097432188804
23 58414911166505 45583327640983
25 537554937257712 599713126030003
24 73782457213676 89620392613405
31 107146812344496121 3970217854131839682
25 539613480944269 725433215296497
28 25093502478184607 41199339960161889
25 524820566843267 630437288433946
24 278480076466568 7329446933723
29 126662072483139776 96066498584693663
30 968526103742495782 692480758484563282
31 1533064101065762400 3791850686238157998
28 46371956481947629 66001117418757789
27 6109732560133949 15109263614128705
23 57902742476317 70097559211473
24 16891393066220 2492603117005
28 52271657384272538 38613885648687616
23 32992100040425 43166536141511
24 223455718001768 81597811448250
28 33444728269136638 37967594034962429
25 610126140880069 871311079123785
22 15639616802602 2149713602574
26 2070967580491512 4345163798990532
23 12222316742545 23718327299218
28 61482274575673165 63426011190499950
26 1453802781257531 3978716891192492
22 9177906114516 7540914777341
31 2878601461175803316 732493936194594843
29 132431563765308639 56678228577100473
27 1395130535598271 10891758793777416
22 10733774216024 2991552205462
28 5830307861821378 57861236932516380
31 3661425728212274778 1670399762158978993
27 2614284443354517 6115341653718701
27 10853807402977981 17020994536347104
24 83609498997203 169341026023422
29 8568599105996913 143097195724849717
30 1083072471996749547 447599555663629280
28 55226594316477658 15640127212507543
31 382149962823702642 4539418527843594308
26 2711507077109135 1238453621373162
30 448800228093572245 492787718509240433
22 7556264477993 12194428190815
30 774429652089678993 299638115847024127
25 951291948972031 960957647825880
28 33212297232218015 53773815214025423
31 2597439846575461132 2700002719546395532
28 69024753043497914 65912291558758789
31 1076488255671097932 121439125856055631
25 702087434520097 153720963479647
22 10685606071633 15403674705958
23 6452748750984 44809847677021
23 13319274121703 24086402393104
22 89643302739 13482841265421
27 11513061718943732 9874394530825004
26 457612592956501 1971644653205118
24 271661369778439 200582486170281
26 3666453515753697 3061247270678308
29 130170792303268645 215173984082667289
29 122422385807348788 270073248277519289
29 115078109721920982 251408081557181985
24 223728802366849 93468620060763
28 384511506555530 31279712429014948
22 8393005669154 1992700386419
27 9166119164793545 13444615721533141
27 10702923039742915 8238461268380208
29 68555930012699846 238746480146878668
25 437147504738681 138504412748696
30 70587890992092239 503171390013558433
23 713133028392 66856499990650
29 3915885002853178 120350840961517844
24 10964600994726 236789391577548
24 11972396186031 3955825577283
25 641637152707702 167830111249209
22 12748117831434 5437351892492
28 4740799194617115 23377410540458724
25 152826263372843 977636866064381
30 869638279157156682 368847100731650736
24 253796422954339 219109667303696
27 303565221490311 16684961287787412
31 2277996333393036393 2021633373714045818
30 4761644781853935 1104102074813736631
31 2366313582003649275 3289045716259846996
29 103219660605932356 26258913117972586
23 53100972328468 51437264043763
26 2674935312883311 537261621396554
26 3359460016494554 3059214019479840
22 10221851963153 4741740777724
28 70572102536874174 23443686913744786
26 247695433310695 3147140386428006
30 69203172264717400 409550425167610457
28 26600504783040770 38638388760704349
29 97508651512508424 275940400141223191
26 1919506285581088 4041944084251157
29 239646927526681191 264374209112778816
29 150219405508931253 259320885210722262
28 66414439556201478 66742555561555385
31 2434322042887316315 766828574803739591
30 816858815183752211 579970864020534399
30 403790289653643462 564781503723964882
23 21882437598173 50132310634574
23 45463802029421 64411237726948
31 4466706609115663943 3366456249396127585
24 42227241093 8860193441306
24 32902275005614 217316433567151
22 13240613632011 11644353960864
27 17076575250080209 5457607907467105
22 13508031523046 7225034466371
