1000
27 7558320133958437 116072058025333
22 14343345956908 11714104938006
30 716173053692359643 251374678601506574
30 121356227018366968 264699621666563630
22 325233799029 17307493415476
24 136893567282463 130631059245204
30 301621642659028510 305835163457030865
23 53996054598029 57715775529445
24 97496029626461 223295634628783
29 240999674376062672 245528972730434789
24 92746771763726 56159355139580
24 99900837692170 160917487464423
23 29223280470228 66255544070492
24 208207528851905 221456568903856
23 56182462573098 62125054804161
31 1962323772153768224 1820295208703121516
28 7689631319079027 37224969237391195
23 21122615983200 7915519807086
25 263154363547070 385672775331685
27 14606423512715888 10922238339106759
31 3785720259335929881 2131630477382657176
27 7633948374751771 17196106303320323
28 14853257243570853 15284549911460997
26 1181883920101178 1271077053877648
24 270671086929357 170459069948465
22 729298540724 7584630066318
24 278879301178699 40457848516762
31 2455515358191784535 1984053804165736224
25 492727053774563 167342428269338
30 793706102308444118 807239285007040381
28 30690535162079735 508578046505915
28 51847406944728425 41911733947122499
28 31627911345209187 57729062287100926
24 213394862389992 250091507856613
23 15704290049863 29023564898978
22 10748189015377 2814260526889
26 727888014101158 4268736330417257
23 17560209377569 2665286582544
31 1787931305852126972 4008351162032873970
26 1458881649737442 896726790058653
31 460775058228732482 4161561125627871780
23 56920143812573 14226430086999
25 626450299462648 804574633587128
28 42388917620638165 13643107775852666
29 74224551811355176 135187394708296160
22 4918858375727 14837778594354
22 13590707372932 17433327076143
31 1286468419743826941 4406108098040006747
24 66795829890571 90786733296663
22 3354359970488 6540462668174
26 1999453262278615 4088549277208008
24 93277468524731 234862336397201
24 234051302320132 23923755980592
30 727091940404405175 952916885720072287
24 142859197800404 151995866307945
25 428819307573428 905257302860634
22 2731342349941 7596207165410
26 3331260771876450 427787598570614
24 228027351175700 68462162603253
27 11216003534885058 7099965365659984
28 69066297722753579 40489160593162714
29 102425433495905651 60883864646303892
29 160551292718292260 255787147181749517
27 15087620745520168 11565365323421728
29 6871095911805383 102891141406513312
24 36023874049286 25770744665792
23 64085620506895 44047311521302
25 252815226928138 1011869457676925
27 12062126453307486 5205860412447670
27 15617605975495074 11921344762050773
22 7946918887967 835743405435
28 13541333809526044 25084042306547540
23 11393227070558 66143263004163
27 1881723999093910 13750695972513631
25 1058265383400928 969659712935732
24 193334149005721 239824284595265
24 126311480584629 24362119976815
24 24815099635847 15917358873512
22 6252429695590 22423342471
24 41929135253879 103470406181953
30 192990255106913837 92497325141859792
24 247517142803783 213258515055630
26 2201480217521105 2187182083121165
23 33684056183514 29997854195369
22 6953118471963 4882934598661
26 2650950516046824 1399276212875416
25 943200515159053 999685451657208
22 16205314506439 1904804145239
27 9154007334769464 15238767385748320
23 45913029977104 22457975041737
22 9061596636126 10412731491988
24 157222958879769 118029863432999
23 29031344330447 15965913821769
22 8353059828879 10975941022643
25 602848576446748 558431386292748
29 84118157731652537 189677020491357865
30 25586691690572056 66049712800663073
31 2166881510893912623 4114582263168007247
29 50744825697329724 31211250676904559
29 194165756702663433 24153530189799186
24 199404466184676 213799044212580
23 12808187415756 5928695329548
24 101007766305040 127914838986995
23 1960934685857 4509761707888
24 106236607567483 114857294480403
24 119888078230948 208011351348646
22 6687485898959 13239735488632
28 9050398788176703 2320093809722658
22 2730526922434 16330969394513
27 14967988941738736 4545402477605434
30 1048395440274478935 1133398611106301775
22 4122053976824 6773930637191
22 17087827695777 8766699209292
28 19971049298593460 66082175294256791
26 70480444316338 2890019941044285
30 835290484955926708 135078458252451061
27 16857330394346916 16666890648873310
27 16245242440133331 11110299247921623
23 56853821036759 65042265758651
29 257500140848964057 158128637903693293
22 8324163851488 10262450013813
28 24879519074718311 55622218761597486
25 777042218316211 315487599626112
26 3213761415243590 1377380725443981
29 255185465195029528 252098788513638064
28 41309508367174736 20950969777668353
25 546596281982824 896196175573569
28 18285503183272323 9648456007032391
24 207694882607136 97097553394762
28 12269118322215178 52265942078025019
23 34530867595732 52935652511671
28 51830493736041015 47234595736843984
26 3533339490741890 4325932751802556
22 4588050203076 13265515445213
25 446392772727894 484788718122978
22 8572412354011 16907718052443
31 1345706063275472991 144328476156310557
26 60228791243438 3303044402159828
24 103442378914764 6280969880461
26 3810090998966445 2866125436283399
25 12565125316505 167220627487182
24 69645608315283 259233655843087
27 13679713337598432 16698200122136850
24 39541831071719 55018758784661
28 52224397283007791 39819128461926996
31 3872324421883585960 3289131199409461712
28 34493463243940996 31573268941620319
23 40842330423857 67726505340767
27 2957302036048615 2856053530794117
26 4449438916868259 3299506048455235
25 554801905038267 139760326904121
22 14005357552212 8250913841542
29 198176977328582963 53919453079690983
30 111337675154968335 392770064217569358
24 55368260494234 58488111364032
22 4430459260976 15305980378987
30 205763144540676942 788408585801516372
24 32527383295198 199725180015271
23 56190870994831 2942035836723
31 945468587332792048 637075153698316128
31 4525787030534753445 3069910751563965155
24 68450772005440 180403473576492
23 44610786664418 64456044741877
22 6417688496765 1116828125343
27 1914026540696958 16530468810128899
29 36361251516725684 105191441858058351
23 16083921419129 40140862420432
25 375710082228272 390914496985467
23 13602478254803 52795656294121
30 596535412300612445 110937512921354896
27 8939031817551839 4032395582052730
24 101314773180364 54275071552726
24 197358951435648 32590730978605
24 23455465862551 42214062892624
24 163065167372424 127233039067733
26 1544457758502828 381143928921044
29 54280380208098206 95937940215424944
24 23334899337930 211261213766498
25 241150313541710 459099388257659
22 2940936450361 12152528486862
23 63874337332782 9420007473344
29 104564668066966910 6615402302755845
30 420822126655450944 347267670615154938
29 40869742277363870 9698449922401417
31 1136236225779028730 4304208931065173119
25 472372843652527 764285313402832
24 232760557265564 76724193811804
26 3855748177795007 1914629978149543
30 136379208346975160 269236385433302912
27 16361479124792930 10087141590322893
27 370802991147290 593388598271594
24 259737666653031 28495632558429
31 2886828827104314993 1863384030504771764
29 10290430617535865 211409001073497033
26 3600013966117739 1871849357720114
31 161600686941100737 1684992914672671847
31 2881134847964008481 2711798226739222916
25 935552271006916 85817335009770
24 121841119220993 37561458061382
31 2992171831880633098 2719446813638538042
30 1060371689031013535 232810406491913023
25 572028892671833 899717016170883
25 115866970448657 896946329778503
25 44382883903621 1073591207891577
23 39000084883904 3625358334135
28 13924146881674789 69981211823862308
31 322358303873351127 2833238550147244706
22 9683700486831 8676952014250
28 35540090779134903 41392809573267495
23 60199427275971 8544959008245
28 58646572493465113 50893615406422682
29 178237716362061236 85838774787267113
26 2239442514164159 3597872591734872
31 4030028347158630540 1122127233121326916
30 718290572803371758 451876378610895238
26 1086486661438241 3103494602700637
22 8349749321725 988663484420
26 858421750291184 4181155223578717
30 501811887368820416 241355138931909212
25 895626389472475 928433234267434
31 4553279557905339551 462642809465513339
26 725357670651908 3264567628758170
31 1594330984432534671 1989222310754810479
25 514735476381264 162114413184423
29 147603683351029578 151692598228295300
24 230183210420572 76551280056507
31 230509093834831481 1992454828197239156
29 3894857369219821 224010477403093777
22 12728467535283 2663111412358
31 490672865878905371 2595789366575411320
31 1422676328935426679 3598824595121688779
22 13041085884624 12203327193343
26 779538413461387 541737909887463
23 36615327784777 62534527190612
24 137161970274409 212436834733308
28 58395411535887550 57018833509229783
26 215649484143264 3012480077118132
24 50369053789285 33939525113268
22 3563976663125 14461558844032
30 832619750916319576 837194190137734273
31 1655834305965704770 3914195470696709507
22 12406854042938 7087095328560
27 3428735801635052 10093552906063042
29 279862326329025674 155345147611627610
30 766906534326903780 697859341275732629
22 12824283572982 8623672156969
30 1035851593093145677 320903845253983078
24 249216006317124 132135835181420
24 94009131991043 275750507067968
30 889446087913912185 183264757509940124
22 2820289111566 2254978198985
25 545126452322412 336996109252828
28 19244404387255884 37929396245427596
24 68537934193643 217730414552375
29 25828794614741112 126594580729919944
24 204886851820051 226465093122724
27 3007544522741497 8435430288917532
31 2752346101271086994 4116714475401497001
26 1966929707550739 1278935470999749
27 7342983595252711 7685668338461571
31 106111307845181051 480581219816421200
28 44376841128215266 53443525640469310
26 2113217651737442 2655055157706472
29 135357490240913130 7615578619210034
24 45427506147679 10925474359721
25 392635147672533 980763763775916
27 3697259574914543 3712287590857378
29 25276027038298721 275563418096823256
22 13482091964266 6633628119916
29 183521252370163326 19538362276894503
23 8309672161419 24035428690552
26 1785516566018575 3991141095868863
22 2199468745479 2020981612170
31 1063550978512153560 1584936469308022972
24 140583837807567 265808534725374
22 12329000319139 2730798415176
31 612789600284476643 293994826874854847
28 28106105414484964 7554238141726940
27 7692989826215654 11392750558408481
25 646787223743086 1072348059200029
24 30594482364118 23282749176825
26 1871489760593139 3854921021800502
24 106832866409358 246068145022890
27 16465026561208922 12956689013955750
25 714781737576709 72604080181500
26 819370086031168 2573525070877387
23 42854819671645 33608708342783
23 43664397442072 16928034295998
25 803231314737733 34387626129988
31 874904255575607234 1602457568183053884
26 3970415750441025 2975476486467629
23 41257820953753 59077519734439
25 1093955430707907 1068554771401259
23 47193786570305 45613917125479
25 709161791318090 647356022219299
22 2755053016767 13261009614139
30 373315754793497570 957679896669387852
27 8053705140726695 918989554692658
29 192111706341139372 77869163735476800
29 104626282242302549 230984593581600356
26 3718156567960164 2553810198555431
28 50301538914948760 4026078882398118
24 268444557940224 160088146430225
24 187699879465020 95124617823182
25 356494975756749 788576533054469
22 5490557204293 8313685191232
28 22366944157604554 18072855158981971
28 22875777460185319 58921729924208859
27 14848825733170181 14000206698838302
29 85762088365368189 285290861009024388
29 13586756105074496 83382696120384575
28 35786698105009417 65889190316907224
30 871463955218734908 505345794692594169
29 6880410875398405 183793266217486291
31 1763247851030379593 350549592617498375
29 39232962142634893 147305348755325038
26 2649427692434962 3821154726141715
27 2914808417113130 4359030872606846
31 686103048258014916 204459225932890524
24 178300735792839 178818988511324
28 48922352292855288 4303256297859268
28 41390304191795605 40317733975887388
30 397571103498550795 62732239581395122
31 2201498391056727530 2923422980709999715
28 18638023265753297 38561545204640095
28 40609681296151647 4361743624075288
28 59406250750337208 70611685330117382
22 1676275693497 13417853103233
24 12563924094685 223811814326425
30 402947442000926308 321962824669698191
23 10010066606759 8344326243551
24 200819879269761 276098906994019
26 3611950179105496 722983016942124
30 987719438385799900 994325208956982873
27 11806606614067772 15136318293291219
22 17092819611719 4803362236949
31 879385542813942366 3811013326202246588
24 238025686118440 64110019842917
31 749350393817762790 1441101080772632011
31 4586434920550923326 3734580909536713467
25 21231952153489 137754065082105
23 4126535061994 57663814585418
30 875828765721979107 593070837495429961
22 15679251729788 1987921984005
25 310995172896254 1036313159228934
28 33386037718125912 18064319639387930
28 8504002578469446 47479311534769897
23 38642659760878 37480297622814
28 38673235447571389 47878473406892057
26 665593367644626 4388587887383162
31 1730240451716185911 1537614431232973606
25 197472438271880 85310164435429
22 5361861789400 17360857380452
25 248268267859378 363338533303024
22 16107503547514 4495200225630
23 19358705141697 59848362736545
26 2359726276475630 3206054237109812
28 37158282170713444 34595851111676284
26 1906629364651059 778847588477465
29 173277407593965887 153675076209874542
27 3476408571996184 12174352868220760
24 144636473976503 142011822445930
31 3965448879420013032 2809190454326080134
24 98516142117583 169787945633981
22 6895118675468 11459654957252
26 3635097384260466 2519123314877799
30 706194636493489095 239358510216431174
24 157580675933336 191746908325627
23 9965431969152 56940457146998
29 160071963692589098 24370370743313618
25 551057830522410 259694731661677
23 55208609693072 64362325281424
22 906631807697 43467496601
25 736420603664210 303424274991957
27 2498515302000984 11951336689898438
31 4462281634562784047 1676054858690613516
25 885228261830372 559709510619369
26 1809182719203732 734900532441524
29 202447566929962126 256669855898975319
23 10095875702627 59821211462044
22 5801623116109 15963094988118
29 122362368153815136 45663726659712997
29 251600493930670653 253112398595422245
30 163224631256018884 535603074109402051
25 477840518380718 642742979087852
31 2632652548472185794 2412384469393498720
25 406961276170134 245252088334905
27 6472140275630344 2499510427354439
31 3069708547338239842 3781722658931634162
30 192083022411788665 860590424558717113
24 93681503022147 189118336802530
29 86450742031824313 174676493048790121
29 179328169687329627 270958076775415633
28 14288039610999110 68829421323939692
25 737804958132600 480333488462141
27 13270354082488614 1132050457800794
27 5046855371743305 5686775490321719
23 65043611201921 7931348890360
25 985032907544874 284022469276915
24 54907702784920 260029218267370
27 10391746486094588 12873701672442877
22 7163550977778 15359698609456
26 1631736799571102 1601846584592962
24 7317134209734 102661802619010
29 264656023270117131 158205592968049734
26 2609006952283102 2659424570620878
31 3610437079523844390 701785099699744318
23 1592649287306 13636375898197
24 25198350912694 48593266637161
29 50153031459321184 114994749690127944
27 5217235309763367 7920456422277209
23 32641363573461 28363551784658
28 3748153904759049 66826110524263697
25 617242425743355 616522663886567
22 3835179316831 4651318214945
28 1470120587411425 24572172848486237
24 125393583130946 259937698583331
24 244810758552173 49734348383766
30 680158749915781733 114248139604321353
23 30614713807782 32651722050111
22 11500058742645 14076455741152
29 30192190889664454 62161655074450423
31 2890574395604127601 3367071754944194795
28 5545108886053263 32713943707788763
28 34399817308175982 10934769481435723
23 23947776430265 55141060964157
30 9710328135799134 1073773372240520204
23 37612432132974 3352936444962
23 60777614145494 45438975599053
30 1078348686934115122 1142313872187114806
28 70754548132980205 38939749964522081
31 1091838483016672685 3162538017912455241
27 17594704609298586 6249663473901847
23 35587502145833 66188078439974
27 8700836901891403 7954270203752272
26 507972684063686 4316079690405050
27 3914676155325320 1604628966999112
29 238059361101809334 60121747268707292
27 10737489842354645 16890997898522938
24 98955755862006 30637689538120
29 211906176254061883 283766612577206096
28 27342652772772197 3170705349043071
27 13869293866180379 6086813479992056
31 3265925639664653357 786673805225702311
28 581473431142714 50386693719832468
23 20189008232395 529457148073
29 37724329616673828 74188174781291939
27 16252883893237320 7512735747132443
23 29155131806812 56727474696914
24 164141638974298 162326955427255
25 342090516290545 227242674208664
27 15039572905993603 17155741811478640
23 60856297919086 2101185104455
30 1021849115398216050 1054946443223984992
23 25061329020228 34242270506940
24 92430740141866 267189812156970
25 164213296793624 506138522986256
26 2887696725474233 1347758227053956
23 39210598587042 61977107151356
26 2068924768507535 1790200357494269
26 3527916158655485 1056535189023950
22 589439718316 9227681376326
30 132062685532491670 987704341821208344
29 203219820495373120 266757504216280192
27 4070944156858657 15978641587942029
28 70165681484907126 451421886322269
26 2380047242876984 1913381856405922
23 17200905083258 46388594065182
23 21963211231120 56698007565799
28 6997274053607425 31893152645385640
26 1525351395350766 4058338797782593
30 1012400683429385433 826834191915397965
22 16796784196413 15886316211300
29 286710676050558282 64191044642829056
29 212402031930218354 127084132471051323
23 50273083085905 49922656211203
31 2627723731257754408 3575138595554270501
22 4986322995450 2029905040723
25 1034764398596884 755335034467634
30 523957273017703522 873993733892199013
27 8185079394502083 2256630441496769
28 57560087295127090 8720507139639790
25 571429651585601 1059264108544557
24 72007546052743 187770240950721
22 11108990447767 6420211925871
24 116886868960678 129296551612441
28 12272004876982084 59102824215272667
24 16323017523184 218578649506495
24 36267520275234 111999852756326
22 1930662570478 6642847482090
27 15747280410848076 6076906597761044
29 114790260058934641 115220453428408788
28 37517426353746948 23188295663298433
28 63724590029072152 10596877515071827
28 65468452922637999 21034159261490081
22 5446004839610 2527089241847
28 26370857069249627 7408733125883943
28 21325600057448834 6437891628308093
24 164278910572141 130767228739389
22 5498836392904 5488207116439
30 420638876390347371 637178470529642346
30 829045281252978919 578250886026346329
28 57513531887314936 7916653587109339
30 1150896795097557148 799112592969299916
23 41112707833218 17718791948142
30 245399568737925560 651103627762703732
27 8918135523109682 13201180528325418
30 764336587388977707 323043598723833805
31 3960401963624508698 86445047557072397
29 199052892273342893 126044127946437900
30 494623687759819960 261949779826978902
26 406095693298325 396694493065635
30 274376134102008897 1066589054542714808
22 17308262898588 16763374418016
27 4504761322897502 9266415718765841
26 3056067646827418 4092669519250460
22 12649201406262 2593713060000
30 601592440015981705 388781309835780685
29 122462184379780602 92733509501179858
31 2860040299990417482 1047012620492424450
30 184011687581935188 683012211821606422
31 1683585574714811647 3213845098082640406
30 924316821036100965 403514576288359005
26 4103352750831100 4011134104844941
24 249473845275188 127828293187632
30 834632667210090654 1094515773921556867
29 142778842347887551 220701994866964611
24 192441247146113 125075962727702
24 24772460450062 220410976328109
26 4181599939169781 1428643353536045
22 2429081145075 7766706289195
25 605253671612826 998647765583630
29 21690860825480032 64993011060529946
30 860198864071188625 70520980728087064
29 285564699828260219 220617727793300881
30 487650276176165031 341902836518640430
25 566446222015443 796614067247158
24 35677675938902 265585252214915
22 11009282638949 17184608879309
24 159996430378914 33177236022767
28 1785612750367066 70773712833919635
23 59454526741519 27495349164284
27 16441706215987094 12686893110327192
23 53596422526795 14364299932221
26 2703540891646364 4480484767182207
27 12668435061000513 16032826963467192
29 157429938824623438 278219652011942475
25 498946840350628 593649612866152
23 55347922361748 51948050649890
22 10461827208772 4061553682721
27 13698803390017261 11320536750933800
25 538680222319264 524273204824924
23 23783184959862 42874170948072
22 11795190444692 14380995316145
24 197618620909556 232280036181981
24 41361632024600 171202078261265
25 1050469697185493 388772098066721
25 327253671181925 54470746438142
29 132242125368823119 131105124878840646
25 410648501924095 595738092032581
29 42100193673726211 17746716947840998
28 34578904383662198 33915603862359574
27 16667026625227217 10916107993784947
29 273323719696770263 55777573793363305
29 25668582732620985 283280835383795519
29 129670577728738855 195518818383666701
28 16516112515461888 39707292977594346
30 798778019167178339 871032758232573657
29 21973646153121272 36592782283843460
30 1106410538068723661 494443037698121172
26 2169441298418195 3081445741438765
25 633826722482845 639925552704592
24 132815417728558 230249553314049
31 3075052279097374533 1930390701832144205
22 15621332263737 11205542736255
27 3446395615067115 5139552577363099
24 131079176719517 225756689464541
30 1037283838185423560 550308842492148380
26 3116188905889820 2101767563464419
26 1555620426093198 4193706067092109
28 30707576861474040 23507881106357052
27 12529030772165375 15929399591021760
30 1129286616032912293 141559626552562790
31 251387991229287771 3575910741807119667
27 17962935062856784 3411959424904867
25 319519272213591 853409302019682
27 7235940609122818 10276154454546078
24 19206573718957 265667717024073
31 4048802226098163247 2466442503354679453
22 9633754714261 16698135537389
30 90059877095865829 95545198243952499
23 13435866598299 33424987096044
28 21966670300385794 41104948296094108
28 11262566476279981 42053625792829151
27 15770318827769359 7812796374335005
25 292912578689894 496796358625681
22 5225412510908 11093820466465
22 129406884816 5931367029599
22 15935568494862 14222819175278
23 37983974928694 23254697549879
28 35594356270009272 55308369572043807
26 4379465247429 2385687975330832
27 14910236572525890 12639674031262289
29 102187850586092294 243947930182335192
30 863552864913503199 884580601625125789
23 43154968925050 44478796825892
23 25665601454374 19289815533715
23 37880180633564 18354870630437
26 3736137514345996 2211577525463963
28 748483282095322 48794158444141748
30 395043510104926669 349356662831613154
25 1026947909090878 407227490315379
30 1008405447262476204 166643388947159351
22 17057257894625 260984878160
27 12900954507334571 17232593956775955
31 906497583454546657 638309917770015473
27 12973827678125993 13049845505981713
29 35833016572013293 43198187590502866
29 95141543896376981 160940413887641768
24 246208708406436 223467964522267
22 14307336244105 10387827591147
26 2423363171944536 902571478944632
31 1801807129178755851 3125144797097027985
28 28145464796871101 50729699728534132
30 875501300605769171 776206064898373525
31 1184061912624803395 3712681275811956273
24 15499716404918 133318359152178
23 50215511375409 39524927589231
24 142329780212658 14935760048904
23 61814860527541 37720105681207
27 13072245391531565 3400541447860389
23 48114148075914 37536956781230
22 8084431736285 6567109861329
26 2580541929035237 790611422209502
29 115856190496275452 43353347691353154
24 136859464411844 241460660476271
23 57911714255541 34058413394096
30 1141275709467130068 900292958628077740
24 260669284030695 262517830918493
29 173780637295344264 98655727165443140
31 1029051063603719600 85001638163440001
26 3585270618468383 3950634975316906
30 916950571585780331 66060077553396302
22 16176626801565 8782644553730
24 154171055756534 112124565836636
26 2327057625338898 3172026181798393
31 2791308719067506565 1838811884752660663
27 5965896859181212 12255797332148988
27 9589074387313227 6691723245768440
30 1042869079979303937 58693338642428328
24 214742620240567 220820666471425
26 1712369903939299 476074357066353
28 52871883893589549 18107357708108885
28 35091034869673171 33238562342416070
29 208162524194813513 269184405330670632
23 21088504759244 65653687045955
29 226467365183257149 279439274206075034
25 843179505429216 799819653359027
30 577993827698514381 886672944730534841
29 258530013365286431 190576326563235050
29 99784320592853219 229681040255882043
29 74078117964395261 192282282197702588
30 896039614015353829 1089062009793066520
25 627737238683589 973677982827432
25 1092496209996589 14450120792160
25 422985347207382 533628799633383
27 6408022891345736 12794860555676935
22 12486442170559 10099883545086
31 2059447203368887032 3728515410082764930
28 46786754265509243 70403317240126987
26 1962019247755523 257138417641060
28 4517604255884374 34714666956989022
25 937848902584915 27451561723991
23 54358350378558 46489756028195
25 1068522659723773 338488218642482
23 41086963773588 51009457315618
28 29674254322392352 16327946557395696
28 61304975698344380 19963256187696100
24 99669227816638 64768555761626
23 41289377560562 39640257537726
28 63795017666041340 4016978855807265
27 436119004090681 4915484210561166
24 35521043875696 193260870390707
25 911810473806420 607209078837298
28 30609311580726625 64098739142271265
27 1124401617388849 6735692318513663
22 14335162076710 16884005682881
30 296130601892949810 1124184957742643394
23 53954781538825 23892315201139
31 1542306832301272108 1765952174580939790
25 100310005534300 219358205009338
24 277995733543448 231849608182761
24 169453072555414 247589673323524
30 120604428220797905 42964831768815127
28 66111394309875647 43744090805659214
26 4104413199120977 2629270079454091
29 13997843534646641 268506738065272725
23 15686679175743 4129727476946
30 931011172167679791 697036385004371112
27 3217567212840159 14547074633967979
30 320777552202140656 396037767774960731
24 272876894452888 32332357519209
31 3908807249686352642 2197946720687882032
30 551730382791915182 140555451515568861
22 6283024803515 9880503748581
28 56242079837398495 6411032868072393
31 993615344733671051 1700066249979488147
29 256585745942447369 286521743203850428
28 23530948829780080 15561018651016766
23 14814880573700 69812417542713
29 82017913146300891 85639535204258565
31 3564432492890290253 299507852816766365
24 208871980400773 213342679127636
29 54376704221051709 36756304200105001
25 633612868220103 181201532853445
22 15403562879197 12586516200262
25 828721258746478 283648568165784
22 14598481058712 5370678645325
23 2242156413994 4796655742946
29 111396096122734678 179804181227712346
26 825382226103040 67229997838567
26 2265286559562701 3273523126539242
27 15185750926225003 12576508808747838
27 1892856612151812 5825741477689430
26 2593353721260309 3134536791664297
27 2148633446622297 6184392760964719
31 1974435036780733250 1264551048052959440
22 4100967686804 16818044339137
28 41247802607557489 15128394569944120
27 6433074747413705 8571218199261768
22 15525900942264 9126365129005
27 10132991449593612 7145643590347167
24 173655502583268 213843160226435
28 56480258856938323 18644667552883439
31 2673813506314372973 771766869915226953
30 205389705176512248 1039937513889739303
31 1027672846864689073 3569915102227564274
30 1083219315629934507 480872266948390212
31 2823339648023601694 3802387191402876795
22 156499632870 16740265598134
28 54180720769527599 43519996242624397
28 29854904285424661 25552276447601951
31 435857563194886246 3289456312859905215
22 5048011336212 7428178188035
29 46794879156439981 92081033092521561
30 855743411046623414 850380538754428451
23 13986033806020 16990296201280
27 987326931087720 3644857050157716
31 1463338506617467803 436447707106334722
25 1003509444703536 1020757168906966
31 799124787070288093 2922954722203545622
30 857916950031602592 736453636971396209
30 816259824821651432 1005820125702223552
31 334197824171893102 3362005180495065838
29 197701244820594691 182664236838065739
26 2314710265898699 1186827850433560
29 133908070715114918 167519900977006707
30 198283238731361212 1029606360811655149
28 48755695250951927 51879955902358309
24 226695843332088 41153014604465
27 5693259516558836 5465269319817232
27 16726429175492123 3514768666086128
25 561592013051115 630661006909087
25 375345931302958 280265810172290
25 278699192354845 1125345970035521
24 17497293816787 77569882487237
27 5598354881598923 15803116309433144
22 13861159088028 9212505898150
22 3451759392765 1002423659848
29 33397306175513162 11979597221829436
27 13065526567066813 9060700471805937
26 3787895955132433 1154996611068409
31 4123467442743822500 1506852747966840356
30 331398760212875540 581398243805445567
28 9648804537957094 17062322285138833
28 9853651289560495 7035555085087831
24 23859795779390 90423684155383
23 43013446721868 62197777899044
31 1553015306637938799 3177385479129837355
25 1035262530555099 656680414191110
26 4446959328899634 1925183942853287
29 45985439596485922 260655946824470722
29 236540376198113736 73673668345555426
27 6644789740477048 14296248698332529
25 948066193441929 759535762708676
29 252041811310617781 238698751417229763
26 2474328189144363 1902933749905132
30 764491813865439061 94831841709925655
31 2084483838298511250 4543383052875750570
22 16397544747299 1662643911097
22 17049831592292 16758739304661
22 14513455749860 2872041906371
28 53674020033469636 43863993296075239
23 16135655799006 41192387150963
29 43864130127966928 182821615952314373
23 62888480436013 9700439163645
28 51557061366263267 15238197809817822
22 7781545282625 2242394673682
30 49347067262887076 941580898323566468
26 929132740371970 3341957999372480
27 5523267202546790 10828414420772013
26 3077926669664099 1843623899577432
30 510282401681286512 446754377275308285
28 11814882093405812 57797063687479662
22 6793274952985 8358211346764
22 14017009453612 1144908433984
23 56159211608291 7415980199937
24 111182854259077 160362786092289
25 323545563603710 340184910920440
28 43500573554699942 57927480531277011
30 583152616774651856 913216699004733582
28 61619061811863840 29672155373282947
22 5611063096953 4344308624335
23 19160960260502 9923356206650
31 324772045862135922 339073239325999568
26 1358459650597958 836616437036224
29 175678635627981997 152858049984757692
31 2045955906479492426 3835739172398917392
29 133799959033470188 125889079550698022
29 191863755260834954 45125969248806459
28 60276766144415777 29336672962965
22 970616192693 5804371262458
27 15685224063292435 10426237648365416
23 28262686047168 14019215689055
25 234950325919399 540705666635907
30 1107821995573869241 463720166272247673
30 1111262047392906352 544059184970611303
29 215736021276173553 260095079796075510
28 57292145781099134 51110750884390818
31 4490975746477412036 1227573238874420991
30 933997637770927233 344409783550592694
24 119912654185874 272596557069535
29 257659568230670518 256164842294023402
30 610941913936930463 466865927464180288
25 585305795634496 269135901100456
22 5550270741750 12761397163259
26 3795541846336980 294694570627661
26 3716926719554947 1588320650466507
27 15945987487484390 11011690799966873
27 7382481965594368 16491362049991017
26 662636516507063 201170080030754
24 117127194744429 121224609519577
31 450505453810225136 3562382987866721138
26 1337344142752030 1613693656396531
31 4348690809025832634 397745781109390273
22 16570245477043 7144032807525
23 28036466107747 421112717671
31 1663408436954561138 1369370474846892488
30 935662239247476250 456099122721165680
28 16152256838853847 22879381296418174
24 61198839625293 163739743764995
29 241115275870178899 188014438982749292
27 8683553987690651 14878418439665534
23 18835824269723 10431118811096
23 51058950012556 29319423311463
25 116109094480116 683626353842924
22 1771463994726 2218383990445
25 313837661076309 275462843432361
26 4113868220570578 988554296128206
27 5427734003605602 11694543552060503
27 148831627626550 15407424419185365
23 40998217748613 50742395268275
26 641825732028137 1145676398368853
31 842213335075484596 257381997053133417
24 100414585653939 30514823046086
26 4400318798815142 3692708160519069
28 48739300278141748 44372233692390393
30 977509718967372414 292103219005108362
25 79292610901790 477873066407791
25 931729705358145 435259818697607
30 380703376147281526 1048441647250033377
25 430325721464455 305205990621687
30 298531905636096303 55657518365531966
23 12344413430600 39882056856030
28 22463073471166423 49172252490031837
29 22439122097511356 75663541201013310
28 68214479260576827 61885929055722183
31 4041770787407868065 3180642251147027820
26 3052655549548323 4434386271990063
24 2478056628837 239867150344944
24 81062403889561 166600945055655
26 2472651230703617 2901686278020020
29 16760774804685398 36848638942117770
28 58682742120043414 29942315802173842
29 165814625652664391 122159130659983275
24 219140302474492 40453846313853
27 2435385852262229 9805944461242457
30 328823007389740008 490836864799057621
26 4166376975085513 476199864693037
24 170895167014234 59500720016556
29 224296543146113023 133012579302314049
29 260087038065519209 104450658800770566
27 8875281871081298 846497784143807
26 3796221461666988 3710938846281303
25 319321847868004 636851195686889
27 14487674252482769 13853108320961224
30 1092521583335367206 233189055498320395
27 5239624651026719 2044165438580759
30 788487353446590548 595715243467304440
26 3713667946613238 1410334431731457
28 13178996435381567 4062907675343610
22 3350020713615 16041298624413
30 352899094159525403 824442307423901535
26 2908397261348738 3964930222267411
25 786272952785966 51064705016083
30 901837910364806112 572440890486155401
30 256086058095259531 697002015074759642
25 98390129348580 895985192302412
30 124062583108104005 396589942346985511
31 435810352603028362 4226164278476889975
23 61707540297275 14673066825649
31 2055340931895305861 1182650865829761440
25 981533906972658 159677419936043
28 25098130960186227 44935705218521435
29 223063872654977295 129308232077492676
30 448886851789917500 447009710855072917
27 12463864441759342 262985065838437
23 12176600571137 928139323406
28 15912410660104440 32131029307155398
22 6785257130756 4373914710655
31 3213721885541502616 3243208876615613386
29 165375755653766767 49103023301680425
29 39936912129488637 121925870006877640
31 955093019557202668 2495606723212441837
25 1113435550615579 1070348441872551
24 56495347415136 143817191453202
31 3973426101519142779 3201729018598437114
23 56807348362575 51811848503907
28 4638942003187671 4795217409376895
24 204092375557810 100300902000981
24 162373922749352 113202463936686
28 31036357153570885 66519468876171594
27 6898492901617279 15953378229977653
26 3598816426592149 1676085169794869
30 115394049451008606 1107423135944522397
30 1036861039886262617 693451218611960357
25 519756930035838 834445669813611
22 8144532015068 16995214198146
25 1026346174963990 830325523015278
28 63662141861076349 68787614478811141
27 14721020500350751 17396526398907689
29 41906781945346963 276971794214822061
31 3986355017739885363 3625691595816320628
27 15123102660480571 14722147208938816
26 1869228383997933 2034231549878466
27 14304444045544402 10856563443961626
23 54896328512385 53853685395383
25 563154805736494 743599405905501
22 1433727525720 5404210747636
25 1025939286185425 1023981756767670
27 9356088386451965 12935028427030583
31 3155584800068374960 1358441131913594195
31 253715698214334618 2744656869961802574
25 893274011684669 834703311567049
30 223166489203131350 484278466893848940
25 363584578030036 946497163637491
22 5571413481945 8272429712598
26 2342119374204361 2936764319093261
24 242408139718324 116679950419217
26 3409663245617559 27320673668258
25 409146930985870 775245727113708
22 15229630366728 16327150159104
26 4287527879173433 4161812293825570
27 4094421426075731 7667956876653644
22 710188130853 2602301650537
28 67475085288304250 35191987578223734
25 796041011098310 711215781075491
31 2514576092591852661 2491829659624743829
25 1029458991512805 558484297517580
28 17118511864639461 50829251525120114
27 15623186507248255 3084198315173027
26 3298924484447855 2233357239447122
25 385677588024339 781198863196439
23 68342769129447 40701305827383
24 133420035497617 181345250905089
28 29305537320870128 66693217656276792
30 732865252244250962 125392162472112693
22 6173136103881 14102409151642
26 1642571171604403 2098587025797742
27 1046690404662866 7756824939939282
31 1916314370662910029 2355898360021047967
31 3241145872508353685 1097918257679602843
27 3496658074423786 8416209756270131
27 11773749207057236 9343137054926777
23 11810914418585 58429864579199
26 1916169392742507 3112644788577588
22 5544883422354 7782253126452
28 71183583990787594 23129281592579328
23 54997445291220 26189695245204
31 2563006253336642321 3293183823719867504
29 181847020272738202 67747357121779381
30 113008460485092626 315034728150722541
23 70303823645970 4459293917464
29 182522510501778633 215755177683748543
27 16436621595463182 9771296572047452
26 724916452505608 2614297549925102
26 1676219719332218 3738918440059102
23 46279966058343 14140407410313
24 279318603242971 45139468623991
22 16612364347452 10971099341003
