1000
31 1828918398930524801 4160307166163022690
25 961128937562990 867945265802896
31 2419229870265642063 2495191585355098486
26 981933469431680 2871159379666026
23 66984405351587 32248379322591
27 1232291167798451 6505208637190262
29 132307833202141392 117333132358835211
26 1614803325452775 4174229949318557
25 1015299214938031 844367051943856
31 2615107801638520102 611994004177476679
26 3618365254479007 3319193510539076
26 1241041594462194 194881063113532
28 16686970642586083 53525677873731445
26 2647535727753369 709854155656137
27 17064416165183223 10611738109705255
30 741113923897368094 721283894194999944
24 281421262107526 130256475989444
22 1763368832840 1058178849396
23 61394860630307 3289954164716
29 248553939341166537 258905373482077488
31 3552016897228220927 3897540690605414072
23 66581206658208 3202182414261
23 61541627630893 44860319595831
29 261173822153603103 87234348139072180
25 264219545740077 562669668714187
26 68204064748609 3186627983334519
28 1045588950884825 26699873459651468
23 9846020965428 28222498700297
27 15417045694022642 8931873687214310
27 8497822920877121 5040576580408292
25 224654507724754 598742428283136
30 1024105502753913202 943526894887975550
26 3346452581781520 742329493182390
22 3359521613490 10304921000808
23 27212687570723 10861818239021
29 284615494860214582 256060928279457502
25 567101631337017 1116034585713729
29 166025905638565223 106767756807443190
25 711985372610281 910099523363176
31 4476492032666512053 4121618516698894550
27 5950986570972770 12880843051823545
30 220298407540302067 456482774080492688
22 1482130137158 4918307098678
23 26064772495909 61334712882585
31 2521291247120733528 1671756365562017425
31 506807117771717875 721024347254131201
26 2891774698794137 2335221658143228
28 9309506620308762 17391194425828035
29 75245499062651286 19581616223470286
30 540086783683763597 180115189273822957
23 9939499126765 62507754804214
26 1306271173947694 3605849193137531
30 208567525552529493 869602839465938079
28 32480683683591737 43168296738230028
27 16779229645657263 11634375408786027
28 15215926397748708 46966256264242653
29 178422912638475236 105998447699003951
26 3726799740198591 1666262032447666
26 2777079016286628 815643462547743
27 12598412589993166 659081412295063
26 3863920323533115 1936498084518330
26 80721841677953 3526215106360979
29 278888846796973594 35911308007814920
31 1948962949313525998 2959355335658403793
30 349759591736063947 623231153688223711
31 4101159082623035643 1002694919549481413
26 2775725799606877 212031764336965
27 15633536746210650 1770074856443474
25 646633409887128 287932538285622
25 946326503645832 1052840981862919
22 8846187529837 8573009557836
30 37738439315403812 996401111743370977
25 300683220267657 840074266929442
26 2395037626238054 1540036537302336
25 81417138765807 353486718361187
31 4040564363756435833 2105299462865896937
28 64007097200629503 64993757648497896
23 6118385174268 48935849417290
31 3973133569570164321 639967962513124434
28 15958746010220296 33581311437710945
28 64241510326531236 31687738460497664
28 67203556821024091 415376536924145
31 1612675918917798290 675771965751907414
27 7925395621292709 11982357557331691
27 7688753049275782 1307550610164651
25 1108373432577795 217001096419383
29 47954027755784017 97498262377664345
24 29721557230894 179937922363195
24 239966316936037 215245449963718
25 628082496136681 366771594549978
29 9510180651704420 136471153407516512
29 156466550167027374 227452631392245947
28 26010937851860809 63034439007344350
22 921369166261 14020794333976
23 17926784119996 11240326551365
30 947255931664910016 328508166116498540
27 10702083666335831 624899025720196
27 4842098394108240 12522287548045233
23 42257595363047 37182468201894
23 11929448611126 22575710759440
28 5523484068413157 21267320135101667
27 6640814303552158 5077562490040110
30 746062247106267334 1065970978442915102
25 218052814931451 1049715527810437
28 60139759907582413 72042279171956624
25 403883533342855 721052300214881
31 2783941876727763072 4169340683603992499
22 15417813767734 8569316887924
30 960949662123041791 90027722016522402
24 535480302909 49140488495149
26 575632859769527 2453029753629583
24 209805345698480 275584837289516
22 1007934520665 4380498189058
29 224821285976414393 6075263838272647
27 564858367465722 16356239933025523
25 278671893437047 702608975214792
27 7058494351358395 6535908273068548
27 8170180904648839 952198730662845
29 249952893101504634 149697358597448553
23 51873517928899 51383817801368
31 1115241381598333782 253839976337172535
31 2383074631856583108 538638782680804342
28 6196315315719425 70712567467392568
31 1368192319243681818 2342351246448345790
26 3261322176235077 759670928954745
29 279411212702572133 14830707641994746
29 1504519823458592 286057424492550430
24 261836319639984 16831434936600
22 5199964289887 12127022496334
26 3582004650526905 1489421671691572
30 375488633555561128 323822911581061945
24 17329628651537 71267860638558
28 52570771227157835 5730225256521587
29 137696278499413553 60482081426635253
24 41016519625307 173861220353094
22 5803421926913 12109940240012
26 2307350013903829 823852434185134
25 449633140245855 891285797538298
22 17346545425379 4587933637902
28 24178165955016867 57178812826948738
28 52903238499534464 46967824306420968
31 159213886741219901 1241584372979025457
27 8226283922278915 6363333572055069
28 18331601708275929 3858555090086634
26 539125554687069 117643308623998
23 25365522699696 35461217949368
24 129787036730125 28505143534261
31 2054641847331580652 4215935123815695194
25 12166094384155 547906859090899
28 60041108512887116 19662947993958182
22 4619769015956 6283132903170
27 8571268893049453 11647216186158010
27 7881843512546143 9862887092326954
23 25934176889178 17165530108430
29 157082092438583651 36188195751288208
29 227126638388951898 204249095729537256
31 1459742316420820310 866922209866293172
29 139122294424757527 104017313488949954
27 8425545749010094 6919783997391866
29 161798001477282693 159747920216964762
22 12496036800648 10616642543077
29 276401654134060351 170253049567065428
24 266515301648007 68665403657188
22 3440584529202 3854313077381
30 307232735533397744 187520411679870732
25 512879043055050 535380365418979
25 335218153707156 449923330344492
31 2356444822606749951 2143250224186364604
22 7486686327370 5343613183266
30 121637469348918261 286669799011973908
30 584284453795096831 247851516130500444
31 783491463762200073 481886901593670234
23 25889353483691 70245766145761
27 1154141962310788 13805131152078046
30 314400430634710701 212606608785679203
23 70045651619916 43298929932899
25 353735872907607 228720863499289
23 4076996664647 4185053209995
30 854072625699787699 928115874821275524
31 3756352992008405068 3696470782022029288
28 1410389581295055 17060796449672256
27 13354765216532955 7837726007139835
30 292482141906186758 71789678743833230
24 155414138244850 41758054985578
25 208353271650857 760085037903177
23 4697970882226 68812532398123
28 40952741108460402 43461487853388878
24 181095043749816 80274551150721
29 43224793599891109 172943156221262774
22 16252148612437 4423387607798
25 591661559397070 909866782662467
25 1097730769752840 683314550148029
24 127052852160381 133445470733808
24 29111525933801 99351233658139
22 3567933934190 13101507149457
23 15113116600034 24610810019532
23 38871879105276 37160965489622
30 580720352302631152 87192844379606912
23 56405552575449 15498207247160
30 998642427776383421 300050268015792094
24 69069844759763 19726595196052
23 67004044446033 20285143089078
23 27834693894332 58352365235845
22 5570512628400 9727507726149
26 896396890483112 4019923134941110
26 2821373644915867 556979505255100
26 2343863341806878 1945497048885960
24 144842306290130 272748096642657
25 646779168693232 911732319971454
28 884248978528390 41560018435805192
25 555912380976853 656359523289672
23 64920169137630 38046500275387
31 2379517270350071550 171133697282014834
23 26200638099642 3426572541379
22 14308505307960 1895198878836
25 43908569812763 390004616904816
24 177344424175964 23570009113145
29 235683983173238740 52590271986386260
25 228513817062167 640114325421148
26 1797848322555259 13683264804049
29 173649453480314713 276955698230358952
31 2372700378530402214 3234450903262287648
29 261179786130159336 47359980986201184
29 198461072613517569 167096439118930248
27 16488767108595684 6337950149867544
24 76145090581695 258931067385233
25 65847864868676 105577957040934
23 23509388958313 20041364790909
31 2998533056376519065 1547594722053948922
27 14576167233250859 9048629467163221
24 201720992344722 7378988739794
24 267536705960707 17047522512826
25 934252647760665 222844440183213
31 3083004648612458364 540906414291304168
29 149621849577990913 48039722702835825
24 31766150237152 248930499196044
24 3339768232606 69568071575439
29 193958504777040393 37000845155026516
27 11347277795954620 15872359220998070
31 3200182308264957233 1493031969296826282
27 13604321178266831 17443466354912339
28 1868221916835189 54729519145779255
29 277279970352660057 6370333794765801
22 10290319074027 1619327945243
27 11831345807293905 808607293415826
22 8048952037235 1785869360646
23 38771585532306 67944802651421
25 324976431950767 607331584148
26 831281493526943 3510534838606245
28 44091858030554569 16467500365504657
28 61799516942516536 13709749529873569
28 3534436764931050 1784020342471455
24 257477470374299 81795367112113
24 145085125886611 19831023478472
26 2628325985702245 2446202983435193
31 1341582799530464312 3304543430676506114
30 828897856164199013 1084666798610415108
28 61540426058028745 57341935547795132
24 178918623784433 220092335964813
25 707889855068431 226303278220510
24 46082866363116 236044115631008
27 12503731447713796 5257539452492777
24 73972299448871 150585915924578
26 244449993756057 2942442718132503
23 60043132974531 44241880327189
22 17068488248957 1533356466098
24 134048277671864 198400948866824
23 40234870149601 59397123295092
24 100616772878262 117717604224659
31 3251575116785694038 4102534325286845229
22 7800789535984 9580839762324
22 11388859659058 9304431788808
22 2540982633117 12913108691008
22 8782370587677 10032145341473
24 46319334746920 215900387379791
30 975084149134327227 973890212378593616
27 8630052131412847 3668040576138695
26 2122713156759182 1545830354880589
24 200797878885500 43368444671727
23 61044190350456 44847443766941
26 280269455261851 3979778589358642
30 508319321458305176 209105901176074731
22 2429748426431 11741160274948
25 1000259857121870 1000698155234740
22 15528118379667 13732530312186
31 4106048545395097507 1165612383929076341
26 973589948388267 1001546081348533
31 4029694855241318005 584534458280395700
26 705880759099050 3302530459967836
26 1785979493002768 4197890013796262
23 1282154273373 9653340923053
29 219902156720818971 145577478811653945
22 17559996040991 16382685679343
22 8253378227714 7182017071812
29 266099027189400320 241959338935935056
22 14617987323462 8023531730111
26 271252135666298 4489048474465651
23 28432856338012 677134076701
22 11693307221704 9009960022834
29 128973757490685178 98424428283421000
26 4220307461177879 1290969974523115
30 899929795834430731 539772337327364047
30 533484211325400355 907233423330300362
31 2326599061335770012 3727281463038153793
25 980944045860353 981193751684078
30 202408331709761157 25363405894684109
27 17371617940757291 7111745625821283
31 933225176621858966 3864777787989584290
25 956939650246657 72318637726010
30 542868125633008785 602106909694739487
22 16483237455199 9432445251155
31 368729002069203260 3505490131030497620
24 6624104371959 105460047277451
24 74896643741513 47196748243305
26 690343153881490 3200453728884079
26 3315533164131311 3409526753995224
23 39322044735592 19448397335211
22 12960251620702 11813559281839
28 1771984251257892 63304201395903678
29 123359255547416192 78618784768794918
27 3057693235917912 11390149384021962
23 17272447206555 41057809142103
27 10308593828040816 13205403565658222
27 3361465093486806 2502905773424340
31 2047333268047914586 3779780692707272207
26 89351199582125 4458742279757423
29 217320115576010117 183323726135144964
30 177582681726206163 280594569490311800
29 276154594400703718 117360144916216687
27 8779531822667553 709962118228528
25 279092892739353 105038854898648
27 8854083543968884 15247588594559567
23 58494615734762 6742786592958
30 257426876067650734 645617452287214531
25 674109687648699 133652747157184
29 248583767997033785 150330490422908958
25 48125255032996 1078432976037381
31 514923967390948277 2616955349999155780
28 34420069907322952 23831248630785035
28 28973883756040644 12091387556385624
30 652750618870115247 683511626004627219
23 43560714398214 9915725756932
23 36589674406817 6725422399153
26 2150113889876420 3433300598207362
31 1262228977443706204 448799705759414614
23 34103780926181 62976963319827
26 2439498672806555 2720967347281609
25 464558962953492 115215126528467
22 17315339355459 17209839648235
24 217878152869197 232469697473534
29 93132779840630070 137568160278455867
30 1081396228273400864 637509092775683872
22 278953509913 15178253032180
23 53162329571699 22949771730133
31 2712368164454536722 1626562496841830072
30 95984918177900681 844795367630808056
22 9825749409989 2391511149354
24 247810705745038 221814092562289
24 115127186432287 172107453587943
26 1075598699459080 4420424471101963
22 6682406851246 15811929161907
24 98172161314773 44196295910387
22 12012026309523 3143919929312
31 1675353078305968536 1080755186707925968
31 961317013430738263 2026906495493946165
24 193922743525322 252854237800080
25 64994949310498 233451493951710
26 910326985464271 3545777674303846
29 221510136861521965 123175233551104556
22 6004489579190 4486119591052
26 2362818132732521 3234389342768688
29 101600784724957837 262584458336628155
23 28957555961504 3306183472505
30 851446879722281076 612888533025853829
30 788421736453332907 59263620709395569
26 2902850997589720 3769861055439852
23 57929407791985 47120334743611
29 203755940249940851 200684285348019954
29 205316369724938944 161468565885378554
26 160169328195335 240169170429165
22 12901868902987 16526080996323
24 41266434916342 242322161908203
29 267464842324841803 180739752641385109
31 1357596753917296670 4495809152618527850
27 2749925768648085 8891034457964674
31 965217036808277407 3341493990275030826
23 62845511906347 54291781690994
27 14030038695150457 8686489196391916
28 62534882855026054 68977351781754213
25 17468616674348 144229099804242
27 14185015560965684 13958687162823263
23 63554376209581 69056384099392
24 113980094129018 52531087624933
25 562334795637119 440491897675375
23 43226774890527 62220317411124
27 15591909894077611 17849284081379860
23 69917417621125 26991872855416
29 73528071647148516 54584234105940414
26 2493691728790462 628039321614220
24 252630292377383 119042858622691
28 71538497830303046 15508300139685131
22 16893688470671 12727629966255
24 161723062261621 76197306243003
24 269902140310072 182580345446675
31 655592953411287037 912572492809913492
27 15321850639746404 678008188989993
27 7350495505424358 9288664163861244
25 541165174708032 141061619536221
24 256775809362399 80027844280547
23 57671005794299 21454823176461
31 3291365617579088107 3589044006399975658
23 53578297203470 29310471649902
23 16907715963049 45606582465466
24 72514539107043 153542232111869
26 953029469603017 1985426591131442
28 18000781408596802 55595733658684107
28 31493832681533812 7188702734737693
30 694908431347322663 769462972946219869
22 4474231452579 8639372009862
24 242359490294513 264294330090746
29 79050554441090504 214876749015751659
23 6401692403471 51171300690842
30 855142824178730029 213433168958386133
22 4881095102090 6510693415134
25 881877352812788 560495968674477
22 9811016856360 7170990621867
26 420457574885539 3897903682194618
28 3347515427869688 36019469117108579
25 37856378391452 785359008943790
24 231410335862918 120934757102550
28 16974998271748601 46362098155115570
30 14931780333393929 1152770078636371547
31 4402836756087480468 730873393137315660
25 923431674812744 610278704922293
26 2637331819522387 3248752310519442
30 953171774741114894 1120452362591065512
31 1362944525349998573 1303339506342458510
28 35754795643656541 60563702966879608
22 7383783402936 8951833987256
24 104423833838788 119540115039644
24 207010520469326 168098690861814
22 15446372434310 17005522744428
24 209388222176259 222347554679425
26 3143998745026674 510448947850141
23 55347646822276 22713954109337
29 199778445950220188 232086271239657404
27 11366122288267802 4105680421531259
23 52881691568980 37046969219084
24 231677084507740 36466467194733
26 2143113248042771 607647799881591
30 209189351966104162 899416811054188251
23 59473602796344 57031626854504
26 3420937601990577 1917559172552418
27 4195966909120447 11243463757383122
31 3984410932577422451 3236025878405439410
27 5938954774792294 1287501303768751
22 478601683394 573004239028
24 101453568192214 89517840596399
23 61139810890504 69126075473244
28 37705442693873606 37912217615156741
24 273691009693382 177645551748863
22 5087698537527 1928396025183
22 12137043223098 15264334685753
30 695974423668554301 337383135300719511
23 25173914682049 27116692890261
27 5758665897593066 17286541206793636
26 3461292599568365 1360464389841823
30 1088328232026787415 939642905512473538
25 617391229255321 462068292390028
25 387496936619495 97921484255738
23 48088004678027 17940338803727
25 1003602921645355 301514198353776
22 7763691453797 353760759323
25 817244488716059 339400916030743
26 99061529652976 2819536718546087
31 1214471756332494459 4178818180774453187
25 261979926892293 926031425222055
22 15430313686440 14489751926960
30 251707602012854437 1103591719658843864
28 65238186996142364 10082395166158325
26 1365486456530424 1024459200428313
26 2449877713065836 1677941636222078
29 121107015292973649 255895586545213018
24 16528150849429 87502216345983
27 5312406225204330 7907058525281906
30 504652836063845061 104133856501181825
22 15823179394412 7054598883932
28 37262565680556555 2440092096730745
26 2579371248721292 1513128571788449
30 594866593069775252 324253495359516804
22 9155715485750 15643597292032
24 277729905485916 275919517291329
27 16268054220999976 9893485648886932
29 152232782039373439 24348011892997857
25 504673423423465 291935937361159
29 270622879572852362 55399153023153247
28 37970127961104501 62674822033114254
30 611786681696522619 514272407258948230
28 22770507101575722 70278081608710089
22 3856730751835 7813184217512
24 11041602784296 180459042264761
22 5555484350858 14033915141688
30 886281368351396293 918662217203597415
30 357871094765650494 947824202122796962
22 53719350220 10170427675643
30 339767421743874498 226036163059942423
31 1878181337533306778 2099816849216878404
28 66100481899769201 13298227204390440
25 855229562746964 934394227426573
25 440642132645263 17057354843234
24 1735191449298 158136578142130
22 15352123149921 14170255758158
26 635756336140014 659675905736393
29 269438701364456505 135177598577803901
24 75003424457046 53698155950313
23 14325161082705 47605143644295
22 11592399285274 2395608529860
28 2283102827217064 671294515096112
27 4095744233697154 14577675248056637
31 2792167666982493247 331675410917388293
28 27309336182083323 5775635938266397
22 9549747223655 10246233687601
29 175196142964754198 124818334371366032
22 4855250335491 15669305933665
30 342380721681193453 838551826792167829
31 497807559435196135 3004290105978130405
29 86664020742286957 116797681300589061
24 142639398800825 265803787467131
25 696053471135063 233000978292448
22 1320981503238 8363249205859
28 22150688134203890 31976814920403447
30 896457883760686946 1135499594199337380
24 132013615595715 49106109569082
31 1671957749440730319 494442141492278713
27 8946772194359248 8790983528694826
25 1075905141957573 890169229284858
22 431904149548 13000496816957
23 62399900074115 29716888005491
23 37904155434728 48898788280896
28 50689092273063324 52784310401577236
22 13927490845080 2344559526386
29 129529780142194393 125794327643366489
25 1042216349870601 863131055470959
29 87712340793395436 158483584402739679
24 92137616842983 148450614173479
31 252026146158172546 3024497959266252921
27 14844611977728347 2000772585423985
30 935581986720598452 779878965800747976
25 192201718116330 380333556921600
26 4005970002139889 1090647324910950
22 12671178054428 1109784769212
23 48939613226699 6152537922587
29 211805414197852854 14732214305025232
27 10115301128053081 15381496466089918
24 273705349750926 228075289799411
24 163983583318531 251406001467819
24 144922874700347 99330512963113
31 3883788370170065910 679300734946904306
31 1358381019289129520 511456380778523804
22 14615422127506 9883322583731
23 27855106652176 30008801294386
31 2473548624489911440 209474874248116289
29 130104400044899373 105031242761855251
22 6724941812403 10217109508860
28 49051673026257810 55172959725624122
22 15872037476157 363442855430
22 3442270063378 15420695254719
29 6950067657732488 88218262217609792
30 1070976274462098733 547290930797593738
31 1164796295886074727 2035007149037088564
27 9110565960600772 2440125809001860
30 414279136776199747 804849022344617678
27 14636090077306106 3859051082756223
28 66377228516382991 6386504530476830
22 12717229274802 12419580024184
31 2014145766329460869 3184507220220170096
25 657298902885770 696013583819992
27 6268091117913168 16295091062789756
31 307148828784437830 3116606020142506714
23 31127244992262 5324863370121
22 4454547735809 4716595450701
27 16301275014516774 7904862812407467
29 233029080573786273 184421512450785344
25 701282069893239 304812290556547
28 44426540333492838 30993261200507489
22 2130105585009 7239979907636
22 6194650965128 1191578745872
23 58882066850724 24122060624744
27 12096198204288826 3827861690558585
24 211953269397044 29549148934288
25 271071138588825 958125510533938
31 1459690792277567453 2579047726723403726
29 18101941504753736 54546459499846190
22 4164605713699 1755509729578
31 2807717352167816387 2102571656570898436
30 1135815898367736983 1152741370324329721
24 59606526525116 267548030674911
29 17031714283555165 144239704018927781
23 63101442249717 69646266548366
29 150289721555849807 86136490392042556
23 6349361111671 28079726247818
23 44117776172149 9675653806944
29 41341618133477398 14445526037491958
24 123672200290479 71538218364576
23 47082566215585 36782231886300
31 2514732682812886712 1079754715664285240
25 565704981625141 357964985911862
29 176124427693234164 14761557482632648
29 79815093924275071 34469859657307527
28 56596988522665386 65460655550645901
28 4561911114256897 36201578835350285
30 574065086773761935 890112100245512468
30 71640802686465672 472714100902813396
23 15451351124434 47319199003783
31 2021651713855082107 2826209280845178931
26 2993846406112010 1956254513924868
22 10166419515059 16581182641273
27 9333283993529271 4827332540163994
23 31312183335658 69245531407057
29 138747847067881774 48967729356672223
26 3811973402479123 2153215528970925
24 147158071322154 74027140173639
25 1125852074899984 4834095446065
27 1402166429123682 5343393248211093
22 1170957280934 8075542727801
28 3787799770784198 60752486097879077
23 30472998260636 55443678397874
25 125071556959574 927198120110051
29 118525879041841001 57353586252055377
30 33637575554929590 609278208649511969
27 4262499339573728 15154799642757630
25 691350061133793 527559519190197
30 378577388785889200 740760761399598308
30 524747941753723062 669828310684562433
30 756373620508555972 640611123016635519
28 52173624005079848 59536646646811344
29 104660814229955510 278027775666144560
29 37652367473181788 160067352093952303
26 3288225537621242 8518289399824
26 2994163216727041 941845579148208
23 12906740704112 6117480577498
30 784454898625672600 382340729100299700
25 639816717882226 75370685587184
23 39778476141462 66810512323503
25 851132049820070 480052661558972
23 19593946738298 11867984729987
24 204347700504081 39415818302716
23 2226931443021 6385402289511
31 3023692928097367620 2795792702421478847
28 53560798472298804 60616586675116024
31 655771679302470302 4236444165397873949
24 253501967565800 57485757842522
29 163255595321211374 148417303809627116
22 2392427318367 16289855500192
23 20344919920637 51390358745855
30 870582577684253673 174206517857326544
26 4390164662629074 698552241214909
30 5114367097243522 915316188511167291
27 10841902878736288 6691289419309061
30 672411321712565816 937117506667545345
26 470827546982083 2033563197635001
24 56403745971664 28061559853823
30 165711831023789115 47530275350428281
27 4267808115306760 12353796900535156
28 5213300779725955 69448136617189952
30 210531891876354609 937306447775663391
29 4734349937068727 108637872462034952
31 2213796216777424886 4331781474914982055
31 1836068960004708192 1725398108563831972
24 110492871713668 51867721336715
27 12501253480924521 16213103153799277
26 1222663833681523 1763465063750384
30 71441837627354371 317979213768071545
26 1981380841442339 671884989560570
30 144936806724744579 862690328972135276
30 594819478373175909 916605881552049059
26 458734525695876 152664530295598
22 12385943053992 10706516432934
31 1995668167622821579 975174173443009283
25 568997450579721 903051058602613
30 968557827263013570 919291853463016668
30 34145927788828654 1013236484871172694
31 2354122798071217291 2841203047354600668
29 183600543307277083 9696487938171680
31 2019619752842135026 904458612889430622
29 240011102509789019 274847523620263202
29 233966265210138569 69853453085104390
28 52809821227475769 43429478178711111
30 118495544622984309 745080567949131426
24 194435927947357 61146462517875
26 3458258760062136 2556358576644581
27 11247636181919109 9234064737656988
26 1336513826743791 879814115938111
28 18928742732680755 1865804072210633
31 2195721682784648558 1275600857124575846
23 57504694107786 62298684825409
22 17528136366486 948304321352
29 239142851146412014 255301298557080768
28 30771580401295831 14638867391030391
23 59537567624289 30732980683373
30 726143967403920840 374276041762506335
23 45825521734839 1669420785877
27 1753735629840106 10419450095407287
31 1353820992108906260 262925797464762448
27 4896409099422176 7456721039932941
24 145849892077906 239990147384934
27 15957747659669019 17740347723686762
30 240700568925910082 948734835528476471
28 10448593372084298 39323330884345169
26 373184189913827 4013092880719864
25 89867021334801 1088460876699312
25 865976949594628 959903190794483
25 1045569476260308 673440994168952
24 106572809762544 127773177946045
26 3633794116762009 3195376513147126
30 670886472196364303 397191466652389752
25 763848002532935 403170497804332
31 3168395373546748071 3832224649834294358
28 41788703584855002 50883329601435309
27 267820061980187 12117704236813506
30 955489830918642743 346540773264969935
23 46789517974625 20616736927701
22 3264114218442 11802306335034
30 604066116728167300 650824940190492413
28 32677840456952344 60586883155643914
23 14404355444328 21529364637958
25 929340584078305 1076615421948205
22 15735315628080 7635840389860
22 787535201682 17152959565217
31 3225247544096097013 663143635602409966
31 1062068167545882124 442924005641167286
24 270554650567600 212202522095209
28 46129368079649557 868994651630218
27 2598383209447293 17885177562365332
26 47384076849125 3185021838670677
24 207237546671786 212371236961943
27 14446211630595760 5476707384388926
25 150503422524717 1096201902934016
30 345402793361520674 318965421627649489
24 83715177543798 90036644207029
31 3534277784691368991 3153357340983880526
23 37704016933299 46487464416130
30 99530086541558859 183022928267164779
28 23807284817665030 56729524189569452
22 6640117935139 11077657864762
31 3129338695981540927 410015565316343604
29 42068839084558512 205340507456669779
25 528045059525132 165966255978155
26 430480489010199 3521202126947710
25 1052408755998666 334014163917506
30 549114768904204953 869129819725877340
27 12619645685410647 10156753252560136
29 81532741315398079 199021492255822061
23 2400725949078 23283193112425
31 1741913567608490687 3873109221516277740
28 39583641263057279 18825500537290090
30 142566177457393252 1115588655910501955
31 1420331376944498678 1875849830822462270
28 16986270942213884 50898932574570294
27 405569874795969 11810769593448997
24 141770574471454 157314819670518
24 121338499217743 272801172671921
30 587734732559483199 107022256048862892
25 319380008585772 187168796231397
26 1157361543633520 4447420750082637
22 1258348121183 1178729432657
25 916972876931011 144709345666735
23 65620888161278 41495744759183
23 36956363691291 35330371416499
22 14598746220477 11831872119505
27 10337857005808256 12364578908811656
22 12858544965704 16186312691811
27 3622687667737387 12705753725259597
30 727455522498090145 1109640272384843083
30 504661097786733025 743834950129444252
27 5190552264716249 13090928780897127
24 79903953771350 164905401150154
26 1482334500703973 2961061175611844
25 477217558033079 284008569244892
31 3127724863471559002 3908082065504369409
25 100641884170119 84078081563003
24 102159655426892 76653996427248
28 1235960195261807 49592151777865595
27 1737564910971573 3745748648981219
23 3514842348726 18658627258788
30 1018551553682086403 815407085968526392
22 13472619412352 4559225363683
29 156793638370588092 24000903933201707
29 166559278908807675 236231611449042705
30 937332460168437349 704777803820222458
22 241637205543 3880092968425
27 11524248978112263 6947401160344011
29 241566845519074786 104998353550786540
28 64434797761018883 70145736398161935
25 95394349095766 127311517231936
28 59006549711276829 50387776266973479
26 3446254488207873 4111527069410510
28 41063987916644835 54992450790597266
22 6126485526250 8679279827756
28 6233024241194711 26789238601835518
26 3758122480326600 2821659284574485
27 8106013814204424 6846782399773920
27 11837939400056093 9502669695989881
28 53471811414625026 68172560791778187
24 194929132604568 272755341004661
30 886193604223052596 262860160284927451
26 2898490494814011 3969835531622827
22 16959381502532 6701285509355
22 6589962257942 14691650705617
27 17002951423301609 14968744003561076
22 10167798300312 12294284080247
29 129471110440158528 262230519731308225
28 57698417314559682 18739187476134732
30 162670652560737462 1067834516301749352
25 883882791043778 15957862964337
28 24453431754038269 67446178062959641
25 680486172556740 965466937852571
26 3635273473787568 2869744661825097
23 17209412039155 28185113183751
23 58637638609284 5076215234442
22 8557363057414 10325266796701
29 148646566054772286 268536135063329984
26 2565198576714954 1979927812936367
31 1091886215942753736 1540538478007897760
25 119149607004552 440766150479662
22 362389025817 3673782657298
31 2374131665451572027 3673191588795631708
31 650732606243097803 458578091277834104
23 16792242867183 13767918127416
30 968075197750667668 173735280220388065
22 17351188200643 3865725755702
25 384201518270463 209148738896557
29 69244003049605471 195958978547684363
26 2917783203522585 3950083931684661
25 740379014027489 625728255117707
27 13594178441456106 2857916608162931
24 148416074504331 71701720265967
30 911458489488088564 1152208179331240635
31 2312252826766429889 4519272160356180225
25 802440368186382 720590102093569
22 5666471490827 10306454650103
24 60756082894932 223522789240396
28 53024442948334650 49284672684968205
25 134489443032583 565958492897333
22 869607951086 387234772248
27 5652303431758990 10457647012823472
31 325979071949591547 3776102283671444904
28 46401225006589686 41073805174753651
26 1309360224261264 4349116684255866
24 222960551445413 172064699022756
25 163556800410370 374036863352641
25 293500934384414 1064585098017230
28 800271790130349 69673421236175631
29 47501064808664071 191541590643256091
29 236128108161423181 240182632375031790
22 17148481646285 10998594193514
27 9403988635690166 14481126947354722
29 41329059626863002 113429081780748737
22 9088283265492 14371507132135
29 19770760671311742 266451024839122976
28 51043773171449187 9474376405608881
22 15976750746359 15425667052998
23 62126836275895 35613159768372
29 105219445592278588 46658511882815588
30 1016444564832908937 440686895732310846
24 26170228657909 265745660302297
29 63045018778969012 23601380761463974
27 13086373107993417 4596535805338212
28 52394554054213423 15699825657628386
30 211211570635903593 735409360986590322
31 278483313476292572 1920050179887809540
28 28207128678749952 36439190208075889
28 51580631220170716 28010249996361187
22 11199432436269 8234097758292
26 1092966361209990 1336574126363270
31 66378692270757112 3904573730113245859
29 245376201878121267 248185725527313672
28 64877653925744735 48489300831395154
28 68212671073362051 57501413396790664
25 562722287874921 881166538386360
25 139884311955906 958073569776363
22 9162014555370 14707655153746
30 936931220311624083 286325150030188407
27 12509781660591572 15401241455404094
25 359116323238679 973834923214478
27 5265614719087435 7573777964161936
31 2508877521825441561 1133982123730582031
31 3913167523325365470 1486923623187880434
22 3817326563348 6058072261424
22 16850736652941 5637630955301
23 1607356083723 68781901340105
30 1015044450438115965 88860938102273127
27 15165907967729540 10542316013964130
30 524255167464647830 353568313327500487
23 62290563905325 5950226514575
23 40124662102871 38814372880362
26 1695262301808110 468030034863701
31 834047951941845670 2373456358342123474
28 62669057414596222 44802609339017650
24 268907874621287 35366226771365
29 50477141293844906 198807981544950903
29 210745406667830044 149522580992752776
27 6510514220962290 13304762878937629
28 46038701372521186 13458028243802883
29 32630892014124594 103391381222884414
26 2947153355785596 2682947067376789
24 58758587694946 240755773626315
23 48725454819160 2410487767636
27 4069014818742714 2863782421826627
24 228191934792622 198611997891030
28 25574933344710593 6672985064718711
24 65881124465183 42053852008882
29 217364829080658691 248139800903760531
24 258874495063688 121170789138266
31 747679708677995408 1102423243343477906
29 142798023882309100 125814604510144803
23 47012356614765 12448351642178
27 6081984900110735 7018158536660393
31 4027181899035147668 2941781116134327675
29 163583815597461187 192118035599829247
31 528000096903099211 2109197590503045442
29 219368135701063930 89659462013187141
22 16661048578503 6751192540138
27 17742920546477842 17683875890019220
25 689112223054459 135286432921970
26 4410815056247288 132797045405550
25 287125095996300 64313000914093
27 17171734855912984 8099448688733449
29 202362768205913398 251228099315942905
27 8629411884838195 12381581497961515
26 3137961995831847 1045328795568535
26 3687061644392076 833387196327296
31 2255984570038484516 2434656924317536469
28 29226981456521365 27770921938242181
31 2245909886693776748 4341002100017151157
30 600890000153408891 419829734975852671
27 1852951694518452 3426907539159472
26 3442001396342857 2242706437292822
29 200657612945859767 180972606977188290
23 50407102232434 54698649967248
23 22683606693035 65955374316274
28 48327671302877957 30997234695216322
25 1043173147396636 480896486552542
23 56438857036765 36482370953767
22 8606465666299 12168474329629
29 125111936098860167 130083778942229445
22 10342319117024 3603854545019
28 65326506512194991 2246451935653573
30 234693972696149974 59901542877060948
23 30190996104797 62771139477741
31 1234893970117156904 4054116590297448600
27 15284674188958788 12605689800285531
31 2047403355628197378 1550079655429611581
31 407397192487617258 832951214687704873
22 12926535105263 13451672154674
26 2891497516596611 1524033269554673
26 2203410887661167 3522981250480394
23 58816464000677 33957029416259
26 2438564007366206 149026895906807
23 16646817130311 22258839723143
27 12150919748118280 1844349717424338
28 26968794305705892 30804158762877417
31 1760070594105194135 1542204356995355453
30 197407572422905856 522200619052991035
27 14507164385535430 15071941839984677
29 83425103387236698 209898394751983090
29 216523085136001459 16224149385027890
26 1637671760851093 1553912228224940
25 422582378804747 665044837188831
23 9802608501661 65781855544799
22 15659357983853 10999083136853
27 13227605590898061 5922580732911775
26 2647243317308205 1600268900572733
30 805243356689598699 881064344665952160
26 253372264790526 653240742320677
22 1437952046958 13748602669280
31 3997092408617806417 720764203047498030
28 41169527956968685 49432741048767641
23 48844272653931 21045474136857
25 320569546746981 597451926117739
22 4147793873787 15169504265452
27 3059778329592892 6598918920979941
27 16540487170840891 14683210137874896
31 2100560403158146600 4085115453163118796
25 772146745098722 20087291134155
30 1049267411244177764 161314176754672089
27 17289453118714477 6187216264171913
25 640427897101337 245691003224772
29 200352684761070473 279036379116688465
29 1490916648398118 97456149093328844
28 46913662128560554 39394911738911957
29 67543415148408492 217710025638761261
22 17580333239052 13440876304007
23 69748267222786 59625199265558
27 3884950504215223 14239833778409612
31 2015658467172961802 129011362292710431
23 36146645813432 16831122369935
25 850559943617781 847666975432278
27 749372194402093 2588929274544638
30 808830211008435190 440983716007751764
