1000
28 15906446781831280 33947958069050166
30 842250081699492035 753947018480598298
28 60631464204743136 20210289836707628
25 185360933027733 525200888792155
26 1314546101558245 546789139495094
31 4109791173651399543 1670877207155928776
27 10794764009747238 14597139168033663
25 33351737471259 244133752027894
28 42775633534462176 44373498417765446
29 1742674691447535 73225043366010725
31 4519926203732989404 466542335652453347
22 16755035047884 3280604510451
25 35391695173831 133350565622357
28 37183568709565609 69536501282635637
27 9633858660757444 2864295375876007
30 270988821840030969 116407269868098842
26 2024100627816238 4305358775527591
24 267905003056294 85559545160840
25 862784486830816 1020117378815683
23 10107752144064 19056844661453
30 452628496616558985 565516496937670282
28 33426649271362387 53834575390866848
26 4057852249753031 1941557528636840
27 6861032238052881 16900935155874184
30 1022111606894273574 1092504723716373323
29 176204701184081320 169834278583830486
31 1948057388751368248 3372866032451959386
29 21751156570051319 145731241354401957
24 277730296469082 98170898467048
25 725650649215375 743775511757369
26 2802825273702380 2146293105953472
22 7716181660437 9845634559845
27 7115020762862074 2846460706152710
25 549128233960839 93481516459510
25 944833925188016 508132455241531
26 417448462335599 3588939645548076
23 38077336955918 28953927262502
26 1313145300779145 4483751282724798
25 1044042132019891 83959342263925
24 275253769210731 71500001657356
31 4076807481335903425 3410847007716515347
27 11544886087770666 10222025975988324
27 10252585439399197 6995654264901756
31 3058525276891839255 4399248624308001157
27 5752135570172827 14498993292471711
26 2254949998645506 2042720430737350
23 27192180070113 50600897812240
24 250260060826540 269719184753803
23 25699963604979 69354587793295
31 3242472312271328845 2919760999636188655
22 905594445524 4716776070201
23 55399793125459 69308645057993
26 1413874825420447 254853501758676
27 14635625546368976 9187044880347770
29 14181678116399614 75113398954186524
29 229879114164798248 138036538947734053
28 56939878646733038 19543642589013756
28 43808944361588478 32236183780615737
30 701317359232546096 838564712916387344
30 423006485377050492 768673170879168644
26 3865060273751768 2484957518451177
31 157878290041399900 1422433126516341783
27 17357239628997847 10062478431392236
29 246544586690963807 93552815861754830
28 60573312657341044 37196302093187776
29 37541601766849570 191179995775707707
26 2385290453556240 4340390010858915
31 236902954709049438 174271851720676661
31 4380060079459817387 4186454395542324772
24 104126062650914 38376025273198
25 1085436062641405 450106418052882
25 714130782745993 1022873856148914
27 6515328073093675 8494248634103203
25 438891649411054 226783684761790
26 2977984122155351 3840810706043929
30 363703814618397881 284645161342980817
22 256807762334 17374454212209
25 1116625516595509 912070533876836
27 1536903467907652 8019079384002537
29 4685825011762192 248124152403605679
25 398929899090715 874064288853
24 41263925548654 182911997519843
22 15979496352107 11591375147933
30 732054103613795264 151225177050884672
23 885697775837 61566877827552
25 180023949150393 113237768412786
27 4725346793364549 5578795279893004
22 10463354205456 5757119605206
26 208805037122356 1707525625588453
31 2933448364078268418 3034358066301677980
29 22207230326066102 68497733101991133
31 4013785490884976541 1532459403854042335
24 35412724258233 201053837450277
29 144457353554016871 197198383870207269
24 141117982454493 230793891212508
25 710985870847966 261885182525678
24 226866795256773 72433518022219
29 88085349261262811 133863468702364464
28 71083324245422376 71330880409016204
23 14914323156715 52010411592445
28 36901692454740772 62131727400087064
30 1094636153579379468 659966581786575007
30 471213161593008811 234199484084107006
27 12935023161530750 16932896472738545
26 3028258440792838 679976944904415
22 12310313275778 7376738586555
30 928938835485821875 364974645200666593
28 58261747696988986 14483736710908766
25 839127680133686 362106467525683
22 2907420740362 9232837456917
24 94915300713622 250775364468698
22 16254479900459 1342707226765
28 32563885936169871 48650379365388511
30 596746596587558226 653140910106610604
26 55515480186061 2259713156858646
26 3638350147096207 4153677147249083
28 1134481169717163 58570744330771991
29 94179507484610005 128759193654421583
23 43210611468101 19709695506206
25 230498822403284 841176564432548
26 2856174520634334 1629600868077549
30 1101294214045947130 856195188215598917
26 2707347499547378 1163217298722282
24 265024862478561 258841963428672
23 56489513929571 10544914100230
28 19267227653130359 31754134684608044
22 16926864730789 16050357985849
23 534452308889 38106940020428
26 3554902145531349 3928969184584590
28 10996225745401340 12908890785524254
26 373269571080735 2136672543137311
24 172013211774877 13291477662732
31 3997131485960640737 3279680897155228266
22 17403341703437 4237371023387
25 468097089008742 258372380138464
31 367997056937679953 3462700547348781775
30 384239506894415162 866382809876004781
29 270620466022877232 36414736622177699
29 147272762860675416 16505963559078141
31 1981662720147703843 4581708038060731316
27 8805208043374541 4529162174640205
28 25800463412232008 2299904364030370
23 4890276600958 45618125704844
30 144576219653023239 662230011567820077
24 124617507846197 13071987050774
28 65230924693191745 64122918849957777
24 215888416144419 163737764705229
24 157889385429062 111953144715713
22 3096489497714 9965786057439
25 213739213274606 472012078921691
29 287952407715566245 55698532368612858
22 805383776121 7105394553749
31 3377710958744443606 1916882661307374588
24 198248381917230 213998430005373
28 51095376360983051 44835511122024798
31 3983947762789323472 1547306786140905006
29 72336495146414144 224005885875590643
30 360710725012814934 495419785270814962
29 16236072927794391 189411782510656938
22 13261256680856 3016929350768
30 149519291971298956 391474224957047667
29 61123200964232907 226151217075893838
24 174586617726238 202224065792644
24 205229195505148 248169410041067
29 238640629372698186 267795692161329282
24 66105457514479 104904354921128
30 945439190252911062 22939017643734625
26 278346206554379 2326673502584151
22 16367473372079 14626810446838
30 903696304760190014 130116145703697341
28 42014175618399343 63446880963094932
23 48045312140026 13419317205596
30 1058997338376361929 275248942203932967
23 58340682272185 49335024636371
25 570998771231397 446063584405159
31 4245258178926870188 2322920104839003799
27 3155828777298423 15240414585393634
22 7972133892739 7606742277340
31 4290025831985501333 4093483293273910505
23 20874757067375 23912702759898
29 170110659901851288 9742483231919777
27 2827855096349386 7885406181455324
29 170686527646950414 53632881752956489
22 16860243834633 9916500045236
23 59330381010946 38395084871929
29 214615530719307496 62613112175731852
26 2365021542842921 3829745732345955
27 7356502428786419 10609699205063729
30 308642758606867894 191157226214904916
31 1171293929648701130 654233081189765439
28 32253279283935261 69955654611026904
25 881702142699235 447476388684515
23 13476913996242 11384127649249
22 12751496616849 3506795216645
23 57701718676300 21544297931746
26 508221398969745 1643988366096929
22 12357327232711 12617261173704
22 14230902123896 8865970091535
25 564748735826850 859967853776424
28 23902510294034099 18906972575038094
30 113170384937230925 636524899861822370
29 44771391582125557 111210418662391635
31 2804381605101167647 2481407204662405327
27 5576334162979402 8661932460294621
24 29265582809748 194466077724457
27 8003302508584227 14096870028318320
29 250062049417975475 190401164332715474
22 9753591829024 8010158986452
28 8310877300305595 41003244704608300
22 2047710453343 9199797771219
22 1527625067082 15598730033043
22 1373107995537 11608010419855
30 307289854820775558 1136127247428350149
22 13861371347762 11454913513755
28 70185543560144423 30211269290664114
24 25253483318154 244356240758534
31 3390767732902415180 2045991487412948430
31 2245403056625022319 371064029652593594
24 7670169824374 245218631215646
29 238274102822808784 136864873933108946
22 3496285546799 4903707325329
25 1033669682951836 387090388945885
24 210264496659740 58948882152810
26 2560254905595523 2434195145730603
31 1387589534605439887 2336799370852713152
27 11212699819367062 9345759390100878
25 803972653532370 831202985554018
31 4253228943213156835 2664888079625016630
23 13599618973633 29070433685669
23 27012025496433 6703170386968
31 3948908095923990643 533364068690144478
29 13040272473897809 285933963413961086
25 1056792361260284 631277533769882
22 12841014905757 10807956784043
23 58368766615953 37441994591957
30 289457008926689176 312524674408089791
23 52383732003220 12510728843963
29 94079018348730191 242222975175286336
24 48343630374735 1228087528630
23 42853741479789 21426623854571
31 1146422516273270891 3904384225520741850
25 393396124740127 474524572283583
28 25610800843376746 55568265044220659
23 37845715317813 66281181188967
25 913672662215333 770639813098164
28 29164263688186093 42671632294861663
23 37377041686937 6796166499551
30 712250629603544071 549435482437818261
31 4154564741143625114 232278989970211682
26 714198487088138 2723292766807374
28 38050397272296984 62731530807656121
22 5941578195954 647028604056
29 142407911471205393 80599687076592659
30 173278912498568596 930334790028082578
30 1138128604585364863 918238572306920201
30 476265004694764671 75073566665675091
24 198602194986668 109971167752696
26 913584269831202 2298314902169647
31 4453035983997214680 4596097928730819371
25 134769104853370 497972596821426
24 50231168838046 66589429907839
24 77279561453729 19556758025354
28 41699152084529648 24564246887700522
25 951350109688301 124819259106094
24 83704032807076 161702131394756
31 59303038190290558 897126003416968462
27 8351835360426989 7925611400864719
23 62277054587502 24084863489675
29 253351071469046579 138902297420333893
31 4185683049779716869 1882007229263680269
28 56466568178968353 25493983936539642
27 3626927554496667 14029394124246756
30 690994841748969198 52109243274285270
25 612228376493321 442370220903400
26 235194473477151 1134241394826544
30 15759880068140514 631773833483971050
24 274988040907867 239902923502804
29 73943923415767493 47756870999200626
28 36039243852700428 37553322068109941
28 10829610730168709 69695643254150504
24 41072186979798 104031754568093
23 44654306403586 6864656398994
27 10034814984548663 4886981488846172
24 47107512265694 266768409287947
22 2239274860230 5481089136448
28 26737171937782138 43548696145792808
29 269077368761700076 287079143441116253
30 1090744465931821536 320871433988293216
24 163342900461839 17456904718961
25 910831499344253 19933135788082
23 69726472515205 33512586021478
23 37835175580894 13396328811550
23 7792258541000 26120629839296
31 4449274265413594834 3029411182644250159
25 483005510178498 136414132492981
28 56077620779110544 70404607207792806
31 695023530692642349 4444749591575932170
22 3826351069151 9475482445763
24 235796631304538 232114395377637
27 8530845755548499 5203017904133320
31 2078506845692901592 205061500890089775
23 62465494051341 10528989322397
28 9291431801806035 17567547686891847
23 22531257449392 28955346174408
23 12012657641516 35822965743878
28 5274065152933734 58293267910954134
25 196938956535695 170950867470963
27 17412535030756640 2732950444612000
23 56916536001553 59928222917775
26 1840017665228416 3506022258465050
31 2611058698021067815 4594311811392373278
23 43328919483150 39841815837320
30 838362118910590183 183746134786772839
31 1472407823992854431 3278830331043877580
31 1726907869163888124 4293943395078563631
23 65299404844574 46206304764595
24 197338164857013 265370768206721
29 213559886382691094 85793327283497061
30 988698339356895499 288087772215325197
26 2381012300598445 2964281648866140
23 29175355280545 5084911408403
25 625806732897006 653301235787229
28 3952975217702657 14067055955076667
30 411763521704375192 584364549303056129
24 177560207555237 201123145811150
22 13315540940234 15694953044685
25 655912052402064 792747373705767
24 7416057847617 14563982350575
30 866395186156246912 712924390674237267
31 2421405531508646922 4141066927679198996
29 170851194207839489 270547064212404542
26 1975811651563983 1811131614472958
30 766027628753617386 298001314846412002
30 975652095427138094 1138247109500133817
28 35084876274781962 26123424307095364
29 227330584640129206 32162968525486750
26 1644807487172365 4411984489654356
30 997124343488108414 149371531235729168
28 44578771672930530 28129210951051235
30 951707237622093176 14069639210519314
24 53738981013552 97577264305227
24 7314686148584 244263344067872
29 131543156788014738 167868427476802434
28 24307453848463785 37998517064986364
29 168166645212830133 241514844371482025
25 875049854269993 347793461990725
27 12002412211051151 6475999181655129
22 73800225081 896365023769
23 47798551982662 60469471551550
26 3010834124378927 663727438967314
26 2969207095174789 921718926822338
24 73275060528878 164851777903694
23 18638083182667 10633068026822
28 57592408645084606 17260366756231033
23 11726639596405 62319508297681
26 736209341111855 427449680853476
27 13796440765886623 15655908266747667
27 4491268672310098 2165633007392813
29 180500320410970883 44342197632204583
23 49608154752776 36206303473936
22 4789630534275 8501501295750
23 30399288759877 51198065108807
25 534378707977481 558562611644931
22 3708674503787 4627404095414
22 8438457756883 2876377437636
26 1522429342647346 1866209336838696
25 1068947657869169 576552180815514
26 4214013280786612 2038856094342766
23 25961183809912 15143817653927
22 12452528517016 4063082769312
23 38145963106625 13105049009833
25 984942618825840 282535094494919
27 1330788897952287 10917951098555506
23 20230166365379 20061284052812
28 12747641686333431 9861833949839177
26 704001527163999 3681153092622540
30 580019940602827816 321615986194545737
24 68838301152999 255665054460741
22 13178709225239 7373537188866
28 1586498286976951 57665017515161285
24 19702907880160 48191857204960
30 950214286917644942 11344570083038454
24 54234731564034 150745637994531
25 1030481320924843 640129377048127
22 14537644397811 9254060385138
28 51171988032017461 43199854651176525
27 15906025540344329 12070908452889681
26 3449133621410860 1694479324739662
30 944127440818917404 1054785468977665526
31 419959197614086450 3144639290595797015
30 50892055658441922 63874167476679517
27 9034634583363566 15833188237121041
26 3823241440612128 1506262285194893
23 53549006706393 62447632318117
29 175741963053408923 170865672739252827
22 4330164934318 3458706619255
30 1094805381403706618 681067467411270463
31 195828280408369631 1096974643675774900
23 1919509237421 44551330317553
29 154664996125545395 242896097167775809
30 953517742055831895 1023315775750241254
27 2879146495291134 12550321786247052
31 424537252680259795 1825074718946792940
26 3261130000997266 3775428871672648
28 11989157468248645 36890407049073259
29 276573349590611418 96043724712464230
23 66559477703163 70287656481818
24 277406373897271 80689474461696
25 727314582975784 861178890922800
25 243162893857571 328999321271315
31 2274954192348784060 3361107955629268563
29 34139785846611489 286025522343712061
27 12575917976404717 239418321366733
22 12574455412475 12494721922779
23 8360489297193 18560019913177
28 68347592203486701 70582408430287157
26 680321037279363 256488873686528
29 117431061548440987 277590862496844707
25 277301633484004 494583503427554
31 1039051619775886613 3946067582026210503
27 10768317901382022 7861852980287198
24 268333937903410 198992266605139
23 66657233301623 8597417942130
28 30311089862246650 20782529708699130
24 95448782899005 17572304346191
30 165283467019029006 541150939551433846
25 604754827953119 874134660866415
23 65655052287008 23147833788361
24 142965797637831 123620016641977
30 209150324248438782 228723661002876963
31 4008989043050441321 3831202868869298672
26 1498210380816570 424108591517214
26 2412897796762770 4205178106189307
25 3105114422774 208533022592285
29 207456819726583489 83943998224282837
27 6771063790506342 5029832677587227
27 1920820248499724 339844303024285
22 8502512139252 6022574775862
28 57199707824607817 6772473920996253
24 271649250834489 221185689710753
31 82413181411984797 3041876406841018950
23 36590521538851 47493824688633
23 1296342828199 15461187132532
24 171771964184318 14128662288395
30 385136727448467924 774697933775705967
24 63048646003006 276587511332999
23 23597185136547 36036339162763
27 16293490377792187 17225883294100538
26 736606702910945 1357506094979670
24 61132171635256 249750801226945
23 660650182703 30255306733228
25 522840390972277 238728158006999
29 71261742739516228 110449719923012149
24 208032606928153 200700024381352
31 1539902248224440519 4584346617135923982
25 801668600521012 924304501661396
27 14110633434395076 3783712594941876
28 66164920433400875 61242456958755074
22 13834144822012 13691667969894
29 277186586500878666 183313834190768948
28 32508803302446242 8304676416495516
23 16396004124758 25926315633983
26 52782735598923 1859388363669311
30 578333237288036561 753819558796847117
31 353072498652640271 2091360311818553037
26 3551269163156169 3536140228375706
24 207626467078963 102349559670156
26 2129363840917363 2541644305711563
26 124186400542939 2040799740570994
30 675717933086850267 781924497410982531
27 8654201348600711 4221298781533307
24 169454611075181 204363674709686
29 276351320145611631 156135223244694132
29 59163360022925360 97128911567630397
31 3484308171523314688 3439554844059065484
30 701229761456509142 54656196479805110
25 536643034034430 982395326898476
22 10840553853471 8445602880195
27 10666434205649687 15205098166818530
29 64745794210103069 15408890427905878
30 547716446061048567 1051641026298321245
29 262689223325819219 12934650329551857
24 94870230560786 62856455146201
25 38201264544721 418730296866311
30 1136596124049160126 671818158280700514
30 569213233097925809 58526695146804704
26 1934208162030684 1683123041480665
25 773517457726373 494654609969830
29 221096205926651292 212519325824618148
25 260698154251130 58178319383953
25 234990908028186 407236400903017
23 57207264459443 2094385327681
26 3242757148286451 2495942751522126
25 674513285796785 43732187903694
26 2316709106156795 1131236087340424
29 261387697303655168 28959774073769750
23 64751450462391 9105657517380
28 37280561551828671 71627199413187661
31 4004587274223904592 2783832417061318456
30 365009496215923777 318785572056257245
28 18713581811011354 53544632047948369
31 2317939540168483413 874292797349618966
29 23747308182588253 279672037039738716
23 15380186617564 4420990501447
27 11861552560574598 3647840372882080
30 686152859070120338 637125304452244264
28 19780623177031151 15107379491219396
31 4042517850098676786 1869051835259562182
26 729434672672209 145258961900910
27 7917883596126309 12126536733945175
24 278794488064302 3922030644101
25 952883788880155 999688561861775
30 260570999620405164 190138070498851838
26 3301029489028149 4446153671890552
22 6506791518900 3770437032847
28 17434559962519731 2761672397978590
29 263957079833316188 207195368685313485
29 165340133685076672 257902339073769153
31 3154109002949108702 4034912426485918329
31 1641150286857623124 2225173860558745977
30 533380853360753836 205570400568281351
26 898950320158529 1924537439862890
31 4432749411747632482 2000521228122595232
22 7285115495139 13092484733303
26 2145138658423331 440123455842361
26 3721908606865365 2584761304886169
24 56668372488739 188145211447920
22 12397231884112 3131812506434
28 34185905319190642 64822231136668488
24 256663795093792 241681836864892
29 151167195274062401 149291161815619842
28 43724216256635224 41684855928739291
27 14067971178994737 3705782522570402
29 192362373312860971 154904908598914488
29 150409117603652724 34096573033421799
26 2382869043146637 2128825726719325
27 2913299362601931 903235911326644
30 763733901803115152 384830795647692802
25 664645077526427 380683903124547
26 3432355854576025 1348592948512452
29 13612773537102518 202771332429609628
30 1046430348523922906 62927086583504651
23 41902338185615 40428616237853
26 3694840464020158 4159575604050415
28 24687953265509863 67087722779985439
23 10800663196198 22204443201441
30 170317820193244989 674662483484078582
30 757990385548808098 217716308707968740
31 94435201208971910 2872005122296184030
27 12412551898423567 6923731214811156
27 9972485811455732 4750071921818265
25 384367706159433 390365913162324
24 10613005233630 255790273450181
22 7579173261257 4192381670103
23 56486856465148 1473551286578
26 4416257294905187 2910415819436895
27 231619927742872 9744646186662340
24 196772623845004 162744565560423
24 106295076607592 237553590484898
28 40014742434951112 33674405502575512
28 8111086722389288 54207136373977025
26 2930774467275827 3697255831609200
29 116595559128105773 61597727623326737
29 256962363465459265 42590408893100620
27 16032396276956808 8189698431414733
28 66946680753436965 66577686751298606
25 564967028573300 1096931171574213
25 282911636293257 1063009120292607
23 57513378133028 68106271820694
23 60675827051636 64261438538002
28 15422664249473324 4382667118902578
22 7917391075475 8736480831287
29 121105675914632981 183278049951209502
28 22744386339373124 51470852477852070
25 748625767113443 264681111209810
28 6870710542078478 53082810309312126
24 95085915337618 59845413160106
22 7586229214062 4513010508979
26 2272307828131798 2106007886189367
29 42994838506171174 270541626963574434
26 66306024010148 3019275791668989
28 58896687628158822 28112149279442336
23 1968820622919 63788947745247
25 675451694541965 805954968374847
29 277052756490416153 202177049612119238
28 40694886469723482 49752964826061598
26 1785820171078671 2578019118719560
30 726781438005971386 598202750863238527
25 607115663137979 17808171960151
28 6113793489346460 39198269022222850
29 15210202583390069 171653347180434628
29 176489236600615280 83292207280381729
29 13819295741345474 150214813981493655
30 241044321522195777 818448770972408433
27 2382005047900989 9649689142964366
27 15241563507827331 17692908455088312
28 53328197943508359 60250778364574522
24 48691898661387 170996180062275
27 7483080783311876 7081290236553629
25 513266099012054 859261671364149
31 1265085379691193210 3446050278896653360
26 1838290029328516 783406033386914
22 7746255559883 13292535912632
29 39495640078657705 215120548618777768
24 82458959127382 223099913287515
25 687945010442604 1095261454271474
27 14016570114608850 12226106577756107
27 11367273366831121 9323863787740226
28 38885422491539860 64077860994039174
22 10201529503573 5786018365429
27 3517404639037863 1962012200913786
30 883287913562280648 722121632199330975
26 846023807799838 1711628289405842
24 209442495299212 274172761289519
28 16931586447038847 17514327044374003
22 11252145461287 12426210958402
31 4270885293859720773 3470859742137574642
23 58793091131 29545384739719
23 1340351886020 6771043830281
29 114189312088496496 174189707961653089
23 44457334801396 52409932864089
26 901427172131533 2285797240234800
23 60985022324719 44591077892222
28 42098503038545 23362172882946532
31 783576917489935142 2525982059200045490
23 45333876854162 67236263497671
22 7187517807257 4160210070944
30 132492929287814822 454973241186326440
28 11401555858514326 8743446405909841
23 19507512459428 61449035086782
22 16951426448589 5536648084248
31 2753690880281561214 1625956430732055816
25 415036497015222 637139426671977
23 47183489850377 6065342630904
22 15169553307808 16613000667134
26 2945996201230945 409811625170077
23 3000447799010 38300825460925
31 1129978525633716250 212669894299813557
24 237106883633923 186370316997169
26 1185025899251153 1562470574897733
24 192190866210773 52200118597530
24 11811795088931 32387132360624
26 886261415008215 318538400964582
26 3247497047010319 2572552381421411
31 1684863763512515676 2586898471774722821
27 2393866296044875 12052738992682119
27 2155339699017795 12145024516832895
29 133334321776026911 258649588255192422
26 2646149851860298 2398929125654833
26 691015348414646 2134192938840668
25 410234484414018 247832833638557
29 109285640483129102 155880167837790349
26 2069676881188012 2605866508811060
28 47018836788664297 35485863299242426
27 9273753760724097 9389210226519417
23 57739133953394 14368693487337
28 22388087907011902 59497519893872891
24 63125392319854 107093572232378
30 950317852303517800 23166480077236848
25 70842373742899 1002996017328547
30 874297674270405405 946084084290924155
26 1457183029113529 3383665435470950
28 12008617191859318 48786133777440733
31 39946571312710793 4382970149949190783
23 56928062531006 17992793558824
24 12044732858955 26691024295261
25 1111318443800018 639630438209580
25 249709392170310 233258603655328
29 215311944524998687 218972250163649195
26 241431061656853 2468148967901368
26 1429333643700766 253586814233131
30 1077777923568224597 778848114264277647
27 15046827902823997 15299520141409488
29 233836525374535711 280901534525957165
25 226785449457551 209860737767587
26 2761212856869507 1339196025571447
27 9505098268301254 9861667581073342
25 686839343905641 931017640669042
31 3797181216976722491 1761264916149532200
29 106755675353054077 4163773903913394
25 90988467910672 974358943664492
26 4461632853435665 2914070106182116
31 2514413235078545074 851535556062940718
22 15736182635034 3274457831561
22 8636836190537 2389652402255
25 608425606760119 5220990976616
22 2918052667089 5076288012637
25 238855224288987 628090854998328
25 495157761950704 861046739184984
23 55905061784605 10285656113809
26 3459751029042642 2936820875407397
25 120494287369393 292513094632241
31 1248445949095443076 2486938848803284766
24 183892737128211 47745747831300
24 203473303188392 220591130451093
22 3440173309437 13349914613410
28 23348967666075516 41384012828774743
30 1102061205303365778 839052228683039257
28 60957499102870153 53327003674413929
23 64126511837917 12437540859705
30 760438667237653111 540012615296396941
30 141144596122392614 946157572466766787
22 8939313949645 14452401958242
22 8366356001702 2253954062630
23 3456755871156 51631570211599
31 3832659007334808978 2746920954614644145
31 353040388920210166 2196797380692049371
22 14181014199468 686619920226
29 282831642642123973 222281296248892966
24 124434794861231 96990463904950
23 28723713091856 38672546081688
26 3285728128991306 1911323769202479
26 2119017085981823 2340885186299529
30 471214297763463061 1007558966253176422
27 16855613936350012 17929560587188962
25 522708190960415 109974635002335
25 693591979563573 392548618585106
24 126513861588990 245008330606594
23 51998238926727 65141198202321
25 206696824120213 475904487497946
22 8752215248166 11025725911218
30 921194281265687015 999549295173046934
26 4377061331890176 756605512272104
25 813769060081576 976636570073306
31 4351109647446081332 2300987283890323107
31 3068264009011100024 2901957705297985376
31 1119100980426912522 2447108147084934376
22 3954320227044 10252724512889
28 36170469562245334 23760904038812637
30 418586608974196773 675927125853141620
28 17008131742331375 64481328042050269
25 887361539987888 775421475470062
28 55891728185264976 1437364226614219
22 10782251757846 1108881944221
30 328268298776260021 95005702293677182
24 95879096036298 204554455460116
29 240346195227477282 263377296362407231
28 33269535741062596 39889211961670791
30 307165070173950005 570677870342445236
27 10810815635308819 712109473037228
23 8467838501567 8732230101155
30 676786762569587173 616104244867576347
22 13415274056554 5697950066551
24 15711526559629 16682837020643
30 572676805278559103 827431726834417777
29 219149694363950986 172722773847178027
26 2227063853284615 3648564668468705
23 53896600637858 25675083823127
27 8708313042329047 7957692815637734
28 39075293439054471 9436820817187151
25 422756621358668 205038493671805
30 607003318997025447 1111427438653017046
22 108834976967 14090970780402
30 633603038383449619 25689522944719375
25 216131737139738 1084963060889825
23 15457612155296 3151764550951
31 2736161728144378003 795250917212831091
27 29054484160432 532061745148482
26 1774615674923589 244840032339325
24 160672319112262 264106915533069
29 257165251355555766 18725111493101218
22 2390089697614 6382684825013
22 1376706306090 885482734514
23 17939779053894 32954322270537
30 743326880346530580 380489293691765198
27 10672403332327595 485089163485200
24 208439298570625 137339533137702
27 6228308222728908 2329583500941920
23 25039233842288 56220995574088
25 1050131858321661 404786267916533
29 234930272956881268 204381921264349014
28 50958829304150592 46723883658677469
29 234871308528042525 195500736229166751
27 3180188508174547 10611426207796075
28 52873961697855984 66063374950740077
23 22058112548431 3277731619800
24 261691855947000 259289775422733
23 61950392609592 59182108579451
29 247659933669450556 229359505284517716
27 17476946299340077 6270500783653047
30 211594188858895510 322775321447703089
28 69575732290010906 47541515344135960
22 15859971191496 8227354754315
30 683799151387159321 951687093408066356
24 232178890981306 223071561243390
29 138531320469482218 240986816847930437
22 11275794420807 3955767101495
27 14446966790953506 6705846881625503
29 52932858990337802 251373487570644212
23 37623909568901 6556390722417
24 109926729933057 16654875574524
27 8542396368118313 3352762139736421
31 2499184349988705283 326196373779548302
24 2431459770963 246668731165477
24 7162415321186 224750416467981
24 102419678972712 78647003583442
29 131285779235375914 210409894765416700
28 18186590645249453 15528519006106594
25 718175026501847 1007674999721218
27 12256683977271473 8300968506118931
22 11086675025284 4392924763922
24 99723159449476 168456502708549
24 37963303392474 97381440556266
23 29846903729849 16547544032382
27 7894827585491528 15145106628208512
29 13220123102091072 269043865730727533
26 518357150116683 1258558758391329
26 1800113735222934 1137207690987542
30 465611400253597651 471955018756818755
22 14579571002598 2708768031134
31 2385365667199627010 4034981418964600675
26 1186313015926599 1926313181329225
23 36962147749852 11909727305052
23 53124029884030 39751058051366
31 2849073476203300002 3970763538247500065
23 38186639575028 15811248220413
28 22353701127206633 4326179573600448
31 4158401109413534900 4494364618586289791
23 60055733519280 5794421916179
25 732592514071477 296289519972043
23 12928169561090 17302638121360
25 538232121685949 246944666071734
25 385380249444581 1047224758711567
23 69852111076759 12306426693514
22 8495215067045 3590929915017
30 365889106384192893 944271062665606157
31 3277022107490716096 1660547224046520089
28 60507870309885660 115391862894607
31 645529572158474746 1844901616859388350
24 43348291260646 193577195163356
22 5755826131039 7737974280379
31 4304526509390937219 2810959085637614899
22 6525638536519 13463514351493
25 976457678409891 451886935435453
24 154735221901968 265026207217047
25 637157638702600 669015930808342
27 9829515401313446 2623844608081072
24 92410504453877 39173290702056
29 40358590926944546 234143672571890491
26 750107600789101 4240393741117859
28 40490852895677942 8041247696905981
24 170449707133918 2349776610011
31 4013455233856087938 4527974591895912245
30 723167849122825848 119541467678573909
27 8842863526218768 703182051497423
24 139328652767357 116789433964351
29 87152875143058563 228152400463230055
25 786053236194623 125266212268344
28 40863044302070331 63331304612986143
30 985934507586430649 646483135991339527
25 843679806100093 165424773196956
27 12327321255679202 17696122708834354
25 508321926878690 939031197087405
31 519628773284608290 3185059887589543898
22 10696580247193 3013120174939
29 281524953150356631 230949514992542595
28 48371086365688196 49105274974291835
22 8719727081747 8948698409139
31 3526317521891808107 4300000786508487164
22 7325863486444 9078098066058
29 243403047334373611 215172864581346173
29 172952329925841436 132909311980526022
29 179088357322877378 29357791301265145
28 5319587540238153 71369750248865995
30 1150688103718549154 928963404875362953
23 64894910905504 29983879990182
28 7784653686097085 41003360491090566
28 28756466336737972 71382947949445934
25 303340872501409 316367490159509
30 2900392179873211 649510416372552613
26 3305337631537694 1159733444636260
24 153576886644441 276535686720393
31 2312728974197665098 3811450321621606434
30 792115014330953318 383522443193148284
31 620950914028016867 2385224392608742899
23 67460352385609 107426124641
28 39789631585775002 35149717143647219
24 72842300163037 104713278882091
29 92699955986524690 62339700753276806
24 203167982155522 180914045900781
31 552994996599212696 2492238638788913154
25 559207087370049 365653973169955
22 15416685775061 16258869727483
29 52513246366698544 130580335778000220
25 383426528379921 541711940084661
25 937645385858938 106360317397923
27 13557868856137158 726974251003019
24 152364180178994 119142025147992
31 3952931104038560136 3306694833926673229
25 1015042495759967 465052087988319
22 4114774308237 14466871055838
31 1496164185133378016 2704884903264999114
23 9680651988327 49041573279391
31 414727325901951257 708072466344852584
22 1493872733608 15159387281507
24 40864767039755 202590755193824
30 418679603161284475 160664538431397639
24 225717806619844 216417442618183
23 67390340040585 22128531869151
23 58563660955974 40585758055245
23 11205676514464 69686079239833
26 784447722046551 1380137318089836
28 44813209959233767 52232124018294340
25 614726431580388 551389334567376
24 152955530698680 146466386673561
24 278392864718791 271282820393927
28 19847252260830798 14968775692241604
30 248952587156233537 1126436803939207671
29 198370915652532706 46432990421687854
26 3557130069133671 1877395995686836
25 940640873663992 845795600894501
28 2906953224739397 60534438621124901
30 56387211144820456 312869434997021011
29 237771262785740691 287157587699021084
29 144005643817069792 240265216381482071
27 2971938347060263 5871706263778001
25 1055419233673465 1082540387180046
22 9133705736845 7473898654937
27 10848779794864916 2068089285918277
30 927107565156878703 1013586674333427729
29 51411046407907481 75828928247597029
30 113500064788649127 486821720367493723
29 97275802314242123 88929864188118504
24 176845049372990 39229377949528
27 13732549709652693 15233968454310797
28 24469557258598307 21043412012031881
22 5203767534520 311562792610
24 183266069869010 51092653813372
23 22854043848892 35634177087461
25 796795534612311 208302141063402
24 23046638673438 193575915605193
27 16555072886600516 16157327625230587
31 594574886852747786 1698060712848026659
29 231564854056465556 118268679488417540
26 581272798443812 2102039561667714
25 774050486851989 883006916065662
23 37062832290854 53744320301644
26 2396032689898569 1596717280387589
22 10054491008490 16247732334289
30 1115210985180339432 448271968766299806
30 639689208795609423 910792199065067242
28 36179228360288483 4281764116128160
23 51025739073245 54328019287534
30 1128086491260473361 884633074524723430
25 782503138520595 988090578721273
22 5851902009080 9895145044794
28 8161697729316807 67157685886148825
27 10537724374891343 6009991179825690
23 68984380944897 38031188996386
23 30202103511077 41311110626118
24 265172015515947 199136630925873
31 2725789950761461334 4437826786999656631
25 123352391490975 550994581891884
25 352197187177268 539162509252589
29 8464045897213135 286698573567405890
27 278179549213584 12015299275991995
27 10565571266875037 8956977109899696
27 12928478867171970 1869981663963890
23 51884814553755 51023748264029
26 722600543121317 2277720369621926
31 3703434281590174283 463271840280600588
28 7875769015391392 2303383906755541
29 19973467241435298 20415493379111277
26 1374776325925176 645090189976512
23 12477193191753 23258859978394
28 54018834426522425 47920118276439095
27 12267471250916989 6504468285573319
22 3209996649716 17427242423197
29 135180497802791806 11265921758284322
25 316795162093363 303294391021694
30 30025177685616864 904620848836555073
25 871525694065351 326734024231647
27 5913523768570956 9111374727429261
28 8122554109790745 22773949607978937
31 148163555335511656 3447522310088408966
27 1463223780442477 2299187227687739
25 711233260698369 1030189543583708
26 2358698228438456 1596962725114821
22 17193989546418 9136917257897
25 524103515750961 576644152791742
24 36455434027408 232723570369368
24 130342975715849 269741670531248
23 42624230139825 55998070175992
27 17258373280008431 9180491239884625
31 580832026670729346 3954991910178981899
28 8744188912440142 16944029085730910
28 9868047422046529 41621562022255635
22 15309300303454 8839578677883
29 145186831199418919 43854935458969711
23 16442242716800 35230982505836
28 16550826878419960 67763233015309629
25 859018218601612 1014970496835430
31 1978687170274487314 1556713395159401573
31 1160704876717374953 2180163341041101394
27 5532035462521917 15660307212344050
22 2300647099306 6665117590565
22 3318749143748 13298315342696
31 69064979094852109 278667455669048523
29 118233935802181276 49756158974988986
22 1536282642185 1418686197812
