8
30
4 2 2 1 1 2 3 3 1 1 2 2 4 2 1 4 3 1 3 4 2 1 1 4 2 1 3 2 2 3
30
4 4 2 1 5 1 3 1 1 1 4 2 4 5 5 3 2 2 1 2 3 3 2 5 1 4 1 2 5 3
30
4 2 4 1 4 2 3 3 2 2 1 3 3 4 1 4 4 2 4 4 4 4 3 3 1 3 2 4 1 1
30
9 4 8 1 6 10 5 5 2 10 10 6 1 4 8 8 5 7 10 9 7 9 7 2 1 9 3 6 1 3
30
3 3 3 2 2 3 1 2 1 3 2 3 3 2 3 4 3 3 4 2 4 1 1 4 2 2 4 1 4 1
30
4 4 3 6 6 8 5 7 5 8 3 5 6 7 3 1 5 5 1 3 4 2 8 4 7 5 3 3 2 3
30
4 10 3 8 9 6 9 1 6 4 8 8 10 2 6 6 7 8 1 10 2 2 3 1 4 8 6 1 4 8
30
4 3 1 2 5 1 1 5 2 2 1 2 4 5 5 5 1 1 4 5 4 4 1 3 5 5 5 3 3 3
