6
50
3 1 6 8 4 2 5 3 2 6 7 4 7 1 6 10 6 7 8 3 8 3 8 9 9 10 1 2 9 8 2 6 8 3 8 2 6 3 8 3 3 7 7 1 7 5 1 4 1 6
50
4 1 2 6 7 5 7 1 3 3 1 3 2 4 3 4 5 5 1 6 1 4 4 6 2 1 4 6 1 6 6 5 3 2 7 7 7 3 7 1 1 5 2 6 7 7 3 2 4 5
50
4 3 1 4 3 3 4 3 2 4 3 2 3 2 3 2 2 1 2 1 1 2 5 2 5 3 5 2 4 3 4 2 2 3 3 2 4 2 3 1 5 4 1 4 2 4 3 1 5 4
50
7 1 5 6 7 7 3 3 5 7 6 6 6 2 6 3 6 3 5 4 4 7 7 2 4 4 5 7 4 6 5 5 7 1 5 6 3 1 5 3 2 1 3 5 2 4 6 7 2 6
50
6 5 2 8 4 8 7 8 1 3 5 4 3 1 8 4 5 1 5 6 8 2 7 7 7 5 2 3 3 8 2 5 8 7 1 7 2 7 6 3 3 2 2 8 8 3 8 1 2 7
50
4 6 2 3 1 6 6 6 3 6 7 3 6 3 1 2 1 7 6 2 7 2 3 5 4 2 1 2 1 6 4 5 1 7 1 6 6 6 4 3 2 5 7 4 2 4 5 3 7 6
