10 100
0 588 35 844 843 186 519 668 128 875 
201 0 195 180 417 672 222 12 193 184 
847 981 0 358 404 629 957 405 773 136 
587 2 340 0 579 251 692 732 86 16 
196 559 507 955 0 290 427 152 471 251 
327 576 488 545 273 0 885 550 40 846 
140 392 730 840 394 59 0 228 612 47 
44 652 83 555 336 934 723 0 978 248 
934 784 314 880 651 940 788 537 0 879 
800 422 992 583 925 216 569 35 245 0 
1 10 5 9 9 2 1 2 9 3 2 5 7 2 3 5 9 1 2 7 6 7 4 3 1 6 10 10 10 8 1 6 9 8 1 7 2 2 1 7 2 1 7 8 3 5 2 5 1 5 9 5 8 8 7 2 2 1 8 3 4 10 7 4 8 7 10 9 5 6 8 3 7 8 4 8 5 7 2 3 9 9 1 7 3 5 9 10 7 5 10 1 4 8 3 8 7 3 7 7 
