500
0
2
3
6
8
9
15
21
21
21
25
29
31
36
38
40
43
49
50
52
54
58
60
65
66
70
73
78
80
81
85
88
91
93
94
95
96
99
100
104
107
109
114
116
119
123
128
132
134
138
142
142
145
148
149
152
156
158
162
164
164
166
171
172
178
181
185
187
191
195
198
201
203
204
206
209
212
216
219
222
225
230
232
235
238
240
242
243
244
246
249
252
256
256
259
264
264
268
271
275
277
279
280
281
284
287
292
296
296
297
299
301
301
307
310
314
318
320
320
321
324
326
327
330
333
334
340
344
344
346
352
353
355
359
362
365
366
370
372
374
375
380
383
386
387
391
394
397
398
401
403
405
407
409
410
411
411
417
419
423
428
428
432
434
438
441
443
444
444
451
451
452
453
457
459
459
460
461
464
465
471
475
475
478
479
483
485
488
489
493
495
497
503
506
512
516
522
526
528
532
536
540
546
549
552
555
557
563
567
568
571
572
575
575
579
582
584
589
591
592
594
596
600
605
608
610
611
613
618
621
623
625
626
630
632
633
638
645
646
651
651
654
655
655
657
662
665
669
669
671
674
676
682
687
690
694
697
700
701
703
706
710
712
713
716
719
724
728
731
734
734
735
737
739
743
747
752
752
757
761
763
768
773
775
782
786
786
789
794
796
798
800
801
804
806
809
813
815
818
820
821
823
825
829
830
834
835
836
837
841
850
851
854
857
860
861
866
868
870
875
876
879
880
883
884
887
893
897
900
905
907
910
917
924
927
927
928
931
935
937
943
946
950
956
958
959
960
962
963
965
968
972
973
977
981
985
989
993
995
999
1002
1005
1009
1013
1015
1016
1017
1019
1021
1024
1029
1033
1038
1040
1042
1044
1047
1054
1060
1063
1065
1069
1071
1072
1076
1080
1082
1082
1085
1089
1091
1094
1097
1099
1103
1106
1108
1110
1112
1115
1116
1117
1118
1119
1125
1126
1130
1132
1133
1137
1142
1144
1148
1152
1153
1155
1159
1162
1164
1171
1172
1172
1174
1177
1180
1182
1185
1187
1190
1193
1195
1197
1198
1202
1204
1209
1212
1213
1217
1222
1222
1223
1224
1225
1228
1230
1234
1236
1238
1238
1242
1247
1251
1255
1259
1260
1264
1269
1272
1274
1280
1282
1283
1285
1288
1293
1296
1298
1302
1306
1311
1311
1315
1318
1319
1323
1329
1333
1334
1339
1340
1341
1342
1344
1345
1346
1349
1353
1356
1358
1359
1361
1363
1367
1369
1369
1371
1375
1379
1381
500
2
6
9
11
14
19
23
26
33
34
34
38
41
44
45
47
50
52
56
59
65
68
72
75
79
83
88
89
95
99
102
104
108
114
116
119
123
127
131
133
135
137
140
142
146
149
152
152
155
158
160
162
163
166
170
170
174
175
178
180
181
185
190
190
192
192
196
200
202
206
211
217
222
229
231
232
236
240
244
248
253
258
262
266
270
272
274
279
285
290
293
296
299
301
304
306
310
312
313
316
317
321
324
327
329
330
332
339
342
343
345
351
355
358
365
373
382
385
386
386
392
396
399
402
405
406
409
412
416
418
426
430
433
435
435
437
440
444
444
447
448
452
458
463
467
468
470
474
475
478
480
484
488
491
492
497
498
498
501
503
506
507
509
512
517
518
518
523
524
527
529
533
541
542
545
549
551
555
556
561
563
567
569
570
578
581
584
588
591
596
596
599
600
602
605
606
609
612
617
618
622
628
630
634
637
640
642
645
648
649
651
652
655
659
663
665
666
669
670
673
675
679
683
685
691
691
696
699
702
704
707
710
714
719
722
724
724
727
730
733
735
738
739
741
743
744
746
746
750
752
754
757
760
761
763
767
772
775
779
786
789
792
794
796
798
801
803
807
811
813
814
814
816
819
824
825
829
831
834
836
840
842
846
848
852
856
858
858
862
867
869
877
879
881
887
888
890
895
899
901
904
908
911
916
919
923
925
927
932
935
940
942
945
948
951
955
959
962
965
970
974
975
979
981
988
988
991
995
998
998
1003
1007
1010
1013
1018
1019
1021
1025
1027
1029
1031
1038
1043
1045
1047
1048
1052
1055
1061
1066
1069
1072
1073
1074
1077
1078
1082
1083
1085
1086
1087
1091
1093
1097
1099
1102
1105
1108
1110
1111
1115
1117
1121
1125
1129
1129
1135
1140
1143
1146
1150
1151
1155
1158
1163
1164
1165
1170
1174
1178
1183
1184
1186
1187
1190
1193
1196
1198
1198
1204
1206
1208
1211
1213
1217
1219
1222
1226
1228
1232
1233
1236
1238
1241
1243
1247
1252
1257
1259
1261
1263
1264
1265
1265
1267
1272
1273
1279
1281
1285
1287
1290
1293
1296
1300
1301
1302
1305
1311
1315
1317
1325
1328
1332
1334
1337
1339
1343
1344
1347
1348
1349
1351
1356
1360
1361
1366
1371
1378
1381
1382
1386
1390
1395
1399
1400
1402
1406
1410
1410
1411
1416
1419
1420
1422
1430
1431
1437
1443
1444
1445
1448
1454
1456
1463
1467
1470
1472
1475
1477
1480
1486
1489
1492
1497
1501
1502
1505
1510
1514
