496
-40
-34
-2
-165
-176
-94
-430
-287
-38
-196
-57
-153
-25
-3
-12
-31
-3
-579
-41
-70
-289
-37
-38
-26
-500
-100
-336
-61
-51
0
-317
-611
-356
-13
-255
-100
-30
-78
-57
-54
-1
-69
-153
-24
-125
-45
-9
-204
-93
-102
-469
-528
-1
-30
-313
-23
-12
-10
-1
-113
-309
-8
-11
-165
-3
-43
-275
-6
-266
-105
-85
-31
-430
-5
-26
-12
-1
-107
-288
-289
-11
-771
-49
-1
-106
-68
-161
-50
-256
-38
-10
-771
-333
-288
-159
-2
-26
-163
-59
-18
-29
-48
-255
-534
-299
-79
-163
-54
-584
-9
-110
-57
-11
-771
-113
-5
-10
-250
-4
-18
-12
-24
-584
-78
-12
-33
-942
-97
-12
-110
-25
-45
-4
-2
-255
-57
-10
-3
-43
-1
-771
-62
-72
-24
-250
-12
-351
-579
-23
-336
-8
-48
-11
-100
-30
-29
-36
-72
-113
-7
-4
-10
-10
-13
-94
-61
-36
-57
-105
0
-94
-128
-204
-430
-214
-72
-33
-3
-584
-30
-10
-163
-149
-125
-18
-170
-214
-198
-37
-85
-597
-30
-17
-841
-35
-165
-12
-41
-48
-288
-275
-17
-317
-328
-20
-57
-170
-69
-942
0
-4
-138
-109
-43
-106
-176
-4
-77
-12
-92
-196
0
-10
-110
-149
-4
-313
-6
-17
-93
-8
-333
-313
-69
-250
-62
-139
-266
-79
-317
-77
-68
-309
-109
-26
-288
-263
-12
-36
-23
-309
-579
-44
-317
-163
-214
-313
-54
-277
-59
-2
-159
-9
-154
-12
-26
-10
-11
-11
-93
-168
-1
-153
-7
0
-356
-54
-100
-102
-1
-94
-14
-92
-49
-161
-128
-62
-336
-6
-10
-279
-1
-54
-57
-61
-15
-225
-100
-10
-93
-20
-77
-80
-12
-528
-192
-10
-59
-13
-314
-51
-364
-41
-92
-48
-105
-2
-771
-69
-192
-54
-57
-9
-277
-133
-33
-61
-12
-771
-176
-24
-1
-9
-105
-45
-90
-3
-336
-8
-6
-154
-100
-211
-163
-113
-584
-149
-125
-12
-78
-6
-210
-14
-11
-161
-49
-125
-24
-7
-18
-100
-51
-500
-23
-68
-20
0
-171
-110
-841
-771
-8
-149
-68
-94
-18
-500
-48
-185
-105
-57
-43
-263
-279
-40
-18
-125
-12
-1
-25
-356
-1
-4
-80
-313
-2
-138
-8
-8
-130
-10
-62
-110
-289
-328
-176
-93
-92
-11
-204
-26
-6
-2
-34
-193
-584
-20
-37
-102
-10
-163
-57
-173
-45
-24
-336
-323
-8
-275
-92
-18
-386
-125
0
-4
-1
-165
-59
-403
-107
-1
-4
-176
-333
-8
-469
-170
-17
-133
-33
-20
-204
-18
-211
-29
-80
-51
-328
-49
-597
-107
-59
-128
-48
-4
-156
-288
-113
-40
0
-101
-2
-68
-171
-3
-68
-133
0
-11
-6
-48
-2
-91
-24
-11
-49
-153
-51
-4
-11
-29
-6
-214
-277
-275
0
487
-2
-153
-70
-26
-160
-44
-584
-48
-430
-77
-196
-198
-841
-1
-317
-314
-3
-527
-403
-54
-41
0
-94
0
-173
-198
0
-527
-386
-33
-168
-256
-4
-59
-156
-160
-1
-2
-351
-9
-403
-65
-12
-54
-2
-30
-94
-105
-313
-2
-527
-469
-279
-45
-251
-49
-12
-20
-942
-214
-309
-3
-1
-101
-105
-12
-15
-8
-171
-159
-85
-128
-2
-30
-33
-18
-93
-255
-469
-48
-6
-149
-100
-48
-106
-8
-185
-110
-39
-44
-24
-263
-602
-65
-2
-105
-39
-163
-3
-78
-79
-10
-54
-4
-78
-48
-165
-107
-154
-65
-41
-942
-279
-1
-59
-18
-20
-17
-44
-771
-12
-29
-39
-165
-10
-323
-59
-289
-250
-6
-12
-7
-4
-54
0
-579
-617
-255
-37
-125
-10
-225
-313
-80
-101
-70
-18
-469
-10
-185
-10
-72
-4
-35
-314
-125
-323
-4
-15
-403
-15
-30
-6
-289
-93
-12
-105
-24
-10
-17
-185
-1
-59
-165
-15
-185
-18
-44
-14
-37
-266
-51
-20
-534
-100
-24
-102
-61
-309
-48
-12
-59
-161
-11
-48
-430
-49
-160
-2
-23
-44
-396
-69
-68
-133
-130
-8
-33
-105
-210
-176
-7
-113
-251
-323
-40
-617
-33
-528
-9
-841
-396
-333
-15
-13
-64
-136
-364
-9
0
-30
-256
-336
-33
-20
-266
-159
-255
-125
-57
-165
-44
-4
-62
-10
-3
-314
-45
-72
-125
-13
-3
-12
-10
-527
-3
-4
-18
-3
-2
-2
-20
-20
-251
-51
-85
-17
-255
-68
-139
-65
-59
-287
-204
-255
-49
-430
-597
-351
-70
-109
-15
-110
-10
-1
-50
-68
-328
-12
-100
-328
-611
-78
-263
-153
-102
-942
-336
-154
-4
-130
-12
-59
-15
-313
-33
-11
-288
-4
-185
-54
-288
-57
-113
-771
-68
-9
-128
-7
-20
-45
-396
-23
-5
-198
-17
-6
-1
-43
-80
-70
-20
-49
-15
0
-29
-109
-20
-15
-2
-10
-44
-69
-8
-130
-59
-92
-30
-130
-328
-185
-251
-23
-176
-275
-156
-584
-10
-92
0
-125
-314
-403
-26
-500
-68
-94
-5
-250
-3
-77
-12
-168
-44
-6
-266
-386
-528
-26
-173
-176
-105
-69
-8
-15
-10
-93
-54
-1
-12
-17
-12
-204
-128
-57
-6
-69
-597
-101
-18
-584
-6
-15
-61
-153
-24
-333
-44
-159
-1
-1
-12
-100
-288
-10
-10
-72
-50
-20
-2
-2
-351
-15
-164
-33
-225
-15
-49
-45
-333
-94
-92
-109
-3
-8
-109
-23
-102
-149
-3
-43
-288
-61
-33
-263
-48
-17
-139
-314
-4
-69
-1
-356
-170
-225
-356
-159
-40
-101
-10
-10
-40
-309
-160
-12
-204
-69
-107
-26
-78
-138
-6
-110
-20
0
-49
-40
-611
-4
-153
-24
-64
-65
-149
-57
-68
-9
