1000 7000
91 82 80 92 65 25 33 76 30 52 27 80 63 95 52 4 38 49 9 15 98 74 10 47 94 65 26 27 44 70 12 86 51 44 78 68 20 10 95 1 13 22 81 75 16 32 30 5 33 39 19 82 64 29 28 58 93 5 36 37 74 99 74 77 42 51 96 62 60 90 62 73 11 94 99 27 26 29 31 10 67 2 91 82 30 71 91 22 27 26 10 1 25 84 29 18 86 24 31 98 13 45 22 76 38 20 54 63 48 36 24 66 37 67 48 66 89 38 40 15 64 1 67 40 84 95 57 70 70 88 19 35 32 40 10 69 59 63 84 7 98 59 24 87 25 71 52 13 61 43 80 76 44 46 15 79 93 23 100 62 10 18 96 93 57 57 62 16 71 97 74 21 55 49 7 32 72 10 96 32 53 75 59 48 21 25 26 13 47 26 26 9 43 74 1 52 30 14 19 1 10 92 73 17 92 79 100 63 40 95 94 92 70 52 39 42 76 17 54 75 42 31 83 36 4 83 87 34 49 5 86 10 48 58 78 40 88 77 2 27 72 48 71 93 51 61 34 79 77 39 53 70 69 87 58 73 21 44 58 69 1 95 79 100 4 56 91 91 85 45 69 56 44 91 100 94 52 33 72 80 23 76 50 91 62 7 15 83 2 72 3 54 18 33 6 21 41 96 63 25 92 32 80 35 22 79 29 25 63 52 5 85 80 6 27 93 64 42 27 17 65 30 23 83 62 28 55 2 75 18 78 67 49 9 1 22 39 81 99 1 85 3 37 64 60 64 8 23 57 35 91 73 64 13 7 77 92 62 31 67 79 8 85 79 17 37 52 55 18 50 8 54 52 96 17 63 59 24 37 67 10 28 40 73 92 46 2 84 59 32 50 37 91 34 67 59 70 19 66 39 68 73 92 72 68 60 86 79 36 23 97 45 50 36 70 41 34 71 76 92 54 77 81 96 10 47 55 32 17 20 22 37 44 66 8 63 25 93 93 12 67 90 57 16 77 78 9 62 100 36 54 53 13 86 48 74 84 2 5 1 73 79 89 68 44 96 31 20 40 23 84 59 64 92 74 41 69 34 2 68 70 7 20 34 44 19 7 28 73 64 80 45 42 68 13 37 15 95 8 6 69 91 64 33 82 90 25 50 75 26 17 96 85 88 29 28 59 36 7 31 99 86 27 92 5 91 28 71 85 35 77 54 26 92 38 7 81 62 9 56 39 77 51 23 65 32 3 75 67 9 5 17 47 31 8 3 74 35 74 58 21 2 63 46 93 100 5 26 13 13 81 52 89 83 26 5 14 80 79 32 41 35 48 39 18 55 41 91 41 66 48 62 67 63 59 12 14 63 37 27 27 69 30 68 51 7 72 17 87 3 100 27 37 48 65 54 54 57 44 95 23 44 8 41 58 66 52 71 81 88 49 7 56 30 74 59 37 98 27 75 100 26 1 88 25 17 42 79 73 37 25 95 32 84 88 89 1 39 12 81 27 12 40 34 42 13 92 30 62 18 4 13 44 56 1 20 72 94 50 96 30 26 43 14 9 30 54 10 68 65 42 94 29 81 28 22 46 71 51 7 89 6 20 84 61 20 3 84 65 5 79 94 30 21 59 91 50 13 52 18 77 93 63 5 74 42 78 19 65 28 77 53 85 96 88 45 67 42 80 31 46 59 77 28 31 87 18 81 99 69 50 28 13 64 84 86 58 62 56 22 89 85 26 74 32 13 70 99 6 50 81 4 60 9 31 90 96 100 22 94 68 71 73 80 87 57 18 44 18 25 65 6 9 90 31 41 54 53 91 59 54 23 14 13 32 44 54 79 95 76 24 62 98 97 94 36 53 63 79 70 87 95 27 48 84 10 88 89 62 30 100 15 52 13 79 35 9 84 65 3 11 41 17 9 37 10 96 41 24 75 62 62 69 40 9 5 49 48 93 10 29 92 76 81 57 6 67 65 90 84 67 52 24 83 12 12 44 8 52 19 82 65 81 2 4 89 6 53 89 51 14 17 42 42 49 50 99 68 14 88 51 33 92 74 15 3 37 11 10 88 29 43 52 9 45 7 50 2 59 90 52 73 6 46 66 7 95 64 74 9 4 76 41 95 49 7 97 85 69 59 24 98 1 27 58 97 33 59 99 44 48 50 68 6 95 33 64 42 96 37 50 51 12 42 45 12 100 94 48 69 52 23 66 4 1 75 1 33 34 99 28 33 48 95 90 95 27 53 36 75 41 37 25 52 30 22 15 29 15 14
0 59 27
0 87 38
0 112 12
0 117 27
0 190 18
0 194 55
0 203 11
0 231 25
0 273 39
0 441 55
0 527 55
0 593 15
0 617 6
0 677 49
0 691 21
0 742 6
0 772 5
0 879 54
0 914 48
0 935 35
0 957 19
1 145 50
1 301 31
1 331 20
1 437 25
1 513 53
1 528 9
1 539 30
1 544 14
1 564 29
1 566 60
1 592 52
1 607 36
1 622 7
1 700 2
1 759 42
1 777 34
1 802 35
1 869 9
2 181 47
2 437 47
2 444 5
2 493 36
2 512 21
2 592 11
2 630 56
2 782 4
2 876 5
2 977 2
3 43 10
3 47 47
3 162 33
3 176 35
3 198 26
3 250 56
3 297 45
3 330 6
3 340 53
3 357 42
3 487 56
3 564 35
3 640 47
3 691 32
3 794 29
4 36 52
4 347 34
4 360 10
4 423 24
4 426 10
4 457 49
4 471 55
4 687 27
4 694 25
4 848 57
4 980 35
5 68 60
5 110 50
5 115 24
5 159 5
5 188 35
5 192 51
5 256 10
5 515 60
5 619 5
5 701 34
5 721 50
5 795 8
5 902 47
5 908 2
5 930 34
6 81 60
6 120 36
6 175 39
6 242 34
6 300 32
6 414 28
6 496 49
6 652 1
6 676 28
6 680 9
6 686 20
6 781 47
6 936 60
7 315 53
7 341 45
7 357 9
7 478 11
7 567 53
7 667 11
7 971 44
7 980 51
8 55 56
8 66 12
8 119 55
8 129 18
8 195 3
8 203 32
8 258 13
8 326 31
8 350 58
8 391 5
8 515 4
8 612 34
8 655 15
8 750 5
8 896 11
8 898 50
8 903 44
8 929 51
8 979 29
9 47 9
9 254 56
9 257 57
9 296 44
9 353 33
9 398 24
9 474 22
9 610 1
9 683 14
9 738 41
9 769 14
9 932 17
10 150 8
10 264 3
10 305 57
10 308 16
10 322 43
10 325 50
10 412 19
10 445 49
10 447 36
10 563 57
10 574 40
10 588 37
10 680 17
10 755 4
10 775 48
10 804 40
10 873 39
10 913 26
10 998 27
11 19 25
11 208 15
11 237 6
11 325 33
11 336 23
11 404 46
11 439 38
11 446 15
11 512 30
11 599 35
11 678 51
11 706 16
11 723 25
11 727 54
11 786 54
11 800 16
11 858 44
11 903 40
12 45 35
12 365 55
12 386 2
12 473 31
12 540 28
12 542 19
12 589 4
12 688 55
12 780 18
12 815 11
12 822 54
12 825 38
13 237 55
13 278 52
13 320 1
13 804 46
13 919 34
13 957 15
14 82 5
14 106 43
14 152 44
14 305 55
14 387 34
14 624 51
14 817 51
14 823 25
14 975 34
14 998 47
15 46 16
15 158 37
15 300 9
15 320 13
15 338 54
15 742 8
15 764 47
15 778 27
15 857 40
15 946 44
16 32 5
16 86 9
16 130 9
16 132 47
16 263 52
16 267 3
16 269 60
16 532 1
16 836 2
16 918 3
16 947 53
17 140 52
17 141 32
17 208 20
17 323 49
17 443 36
17 499 42
17 533 30
17 618 57
17 680 10
17 736 28
17 756 34
17 845 51
17 939 51
17 998 12
18 99 45
18 158 32
18 175 7
18 216 33
18 335 24
18 389 43
18 504 21
18 538 44
18 714 23
18 835 34
18 881 14
19 90 44
19 138 35
19 156 14
19 200 53
19 249 24
19 314 29
19 364 9
19 378 21
19 385 37
19 440 15
20 22 28
20 119 20
20 233 20
20 315 39
20 369 58
20 371 45
20 695 52
20 760 38
20 801 26
20 813 55
20 872 25
20 899 55
20 910 50
20 929 21
20 967 34
21 40 25
21 73 12
21 252 45
21 308 54
21 364 40
21 382 9
21 419 27
21 425 26
21 508 33
21 566 20
21 876 53
21 957 38
22 64 56
22 116 4
22 255 52
22 441 15
22 473 51
22 516 1
22 550 2
22 557 47
22 658 32
22 667 28
22 754 2
22 944 9
23 218 26
23 227 26
23 297 53
23 306 18
23 345 50
23 347 49
23 405 40
23 494 29
23 538 20
23 838 28
23 960 36
23 962 57
23 978 52
24 29 3
24 107 22
24 211 1
24 221 2
24 399 29
24 419 52
24 526 48
24 604 35
24 690 5
24 792 22
25 68 41
25 89 18
25 105 36
25 183 15
25 349 2
25 509 16
25 520 34
25 631 52
25 709 40
25 725 48
25 749 27
25 756 41
25 862 34
25 944 7
25 950 42
25 993 44
25 998 44
26 31 3
26 133 59
26 159 42
26 181 32
26 354 41
26 432 52
26 475 60
26 487 54
26 625 29
26 660 4
26 718 38
26 754 3
26 854 8
26 887 2
26 888 11
26 900 33
26 927 53
26 946 24
26 995 28
27 132 25
27 205 2
27 325 16
27 474 11
27 550 51
27 586 28
27 681 22
27 730 49
27 790 36
27 877 52
27 941 11
27 981 43
28 100 4
28 198 28
28 258 22
28 504 6
28 581 47
28 638 33
28 664 1
28 800 33
28 939 40
29 31 22
29 58 49
29 67 43
29 149 28
29 198 3
29 238 34
29 279 33
29 323 47
29 453 58
29 462 3
29 486 33
29 575 3
29 603 59
29 628 60
29 698 30
29 711 2
29 836 2
29 868 32
29 985 33
30 171 56
30 280 19
30 475 26
30 496 8
30 518 16
30 553 22
30 558 37
30 580 40
30 664 60
30 674 45
30 769 10
30 793 13
30 844 7
30 880 27
30 983 30
31 76 58
31 139 46
31 183 29
31 244 53
31 247 50
31 269 7
31 293 30
31 347 28
31 403 32
31 694 18
31 769 45
31 864 51
32 90 44
32 113 16
32 125 49
32 152 43
32 172 43
32 310 31
32 414 45
32 439 59
32 737 26
32 747 53
32 900 55
32 990 28
33 59 30
33 144 29
33 152 29
33 210 37
33 305 51
33 320 16
33 455 32
33 506 34
33 562 23
33 638 24
33 703 38
33 749 33
33 755 44
33 863 7
33 930 28
34 168 55
34 202 58
34 258 18
34 340 41
34 388 47
34 407 44
34 417 36
34 476 57
34 524 38
34 537 24
34 567 55
34 633 57
34 684 27
34 901 4
34 911 54
34 979 48
35 109 30
35 116 32
35 234 55
35 239 4
35 333 36
35 410 45
35 466 49
35 617 58
35 712 57
35 729 25
35 788 9
35 828 24
35 840 56
35 865 38
35 885 35
35 957 11
35 964 45
35 996 46
36 144 15
36 213 55
36 862 47
36 986 16
37 138 1
37 189 54
37 272 15
37 276 37
37 284 36
37 405 45
37 415 43
37 506 60
37 569 47
37 642 35
37 711 19
37 845 19
37 874 30
37 895 32
37 973 23
37 990 24
38 49 41
38 252 45
38 254 31
38 281 43
38 409 9
38 452 45
38 469 34
38 576 36
38 605 50
38 647 33
38 881 47
38 931 16
38 988 39
39 73 53
39 230 43
39 294 25
39 319 20
39 433 35
39 470 41
39 504 28
39 549 35
39 599 17
39 680 1
39 738 43
39 766 16
39 862 25
39 893 6
39 954 36
40 60 28
40 98 38
40 349 26
40 606 17
40 619 44
40 622 16
40 652 53
40 696 29
40 699 43
40 700 48
40 826 34
41 79 58
41 132 17
41 153 11
41 283 39
41 295 28
41 412 33
41 486 22
41 529 1
41 576 57
41 654 49
41 707 54
41 765 3
41 853 42
41 929 28
42 113 33
42 117 33
42 267 19
42 289 16
42 292 33
42 319 37
42 335 15
42 401 45
42 409 12
42 533 2
42 636 7
42 663 32
42 845 47
43 293 47
43 396 8
43 434 58
43 439 50
43 513 24
43 528 2
43 631 47
43 684 39
43 699 46
43 805 1
43 925 15
43 959 38
44 344 24
44 402 52
44 449 3
44 451 3
44 526 2
44 549 23
44 607 43
44 613 51
44 804 30
44 992 43
45 94 12
45 113 32
45 207 11
45 225 1
45 229 3
45 289 26
45 291 19
45 335 2
45 602 27
45 614 4
45 801 50
45 864 13
45 890 27
45 997 8
46 91 18
46 116 60
46 233 22
46 256 55
46 287 35
46 405 8
46 575 21
46 609 41
46 676 1
46 816 27
46 820 32
46 845 52
46 868 46
46 886 13
46 981 32
47 319 37
47 367 18
47 498 36
47 505 5
47 531 37
47 596 1
47 647 16
47 658 46
47 741 22
47 779 8
48 99 31
48 136 6
48 337 51
48 351 52
48 367 58
48 407 49
48 429 48
48 489 18
48 539 38
48 563 17
48 677 21
48 743 7
48 747 14
48 751 23
48 775 36
48 861 22
49 165 58
49 358 35
49 361 45
49 407 21
49 430 16
49 502 52
49 518 41
49 526 10
49 546 7
49 629 36
49 703 14
49 890 21
49 958 26
50 129 14
50 194 27
50 255 60
50 307 44
50 313 57
50 368 17
50 447 47
50 465 53
50 547 11
50 642 40
50 673 6
50 751 12
50 875 60
50 908 40
51 61 17
51 105 52
51 174 37
51 265 44
51 275 45
51 359 39
51 377 1
51 399 7
51 507 19
51 572 58
51 670 14
51 890 43
52 76 21
52 114 18
52 116 52
52 124 3
52 300 29
52 368 15
52 569 44
52 572 45
52 632 58
52 695 27
52 740 5
52 781 27
52 816 56
52 829 59
52 939 11
52 946 31
53 100 34
53 160 50
53 274 33
53 398 2
53 464 24
53 493 44
53 527 6
53 537 1
53 648 29
53 702 36
53 724 47
53 733 50
53 739 23
53 761 11
53 779 47
53 926 56
53 929 42
54 177 40
54 179 54
54 224 15
54 309 30
54 419 19
54 525 19
54 563 13
54 636 25
54 685 29
54 710 35
54 716 35
54 729 57
54 805 10
54 846 6
54 947 16
54 975 11
55 232 26
55 314 8
55 318 31
55 353 42
55 390 56
55 418 45
55 427 17
55 505 45
55 531 22
55 587 15
55 590 30
55 646 13
55 675 12
55 833 26
56 63 40
56 98 51
56 212 52
56 268 36
56 270 10
56 314 31
56 338 23
56 364 27
56 421 48
56 443 48
56 581 3
56 591 18
56 714 5
56 837 20
56 843 47
56 974 58
57 125 10
57 246 53
57 254 13
57 286 34
57 305 49
57 392 43
57 403 13
57 412 45
57 482 45
57 555 54
57 897 26
57 941 45
58 118 4
58 295 20
58 397 11
58 440 19
58 446 47
58 528 4
58 703 30
58 716 12
58 904 31
58 975 19
59 119 22
59 251 23
59 373 55
59 641 19
59 650 30
59 780 41
59 942 41
59 991 51
60 209 42
60 539 27
60 583 15
60 619 54
60 632 39
60 650 37
60 731 47
60 767 45
61 86 42
61 348 55
61 481 20
61 642 9
61 669 23
61 702 59
61 715 47
61 757 35
61 968 29
62 103 27
62 115 13
62 138 3
62 211 23
62 223 17
62 384 13
62 390 37
62 469 17
62 738 30
62 747 46
62 870 16
62 920 38
62 930 54
62 938 28
62 975 12
63 65 44
63 109 41
63 211 29
63 440 50
63 474 16
63 507 33
63 554 31
63 575 7
63 591 38
63 668 54
63 681 5
63 718 19
63 887 47
63 900 46
64 89 53
64 93 15
64 213 10
64 308 53
64 329 43
64 394 44
64 482 23
64 541 47
64 595 43
64 603 48
64 752 37
64 787 18
64 930 55
64 975 24
64 977 25
65 67 28
65 127 35
65 210 37
65 230 8
65 272 34
65 386 5
65 486 58
65 491 9
65 690 57
65 693 47
65 796 35
65 814 11
65 818 2
65 837 30
65 857 49
65 884 39
65 905 7
66 98 35
66 100 30
66 109 35
66 135 2
66 185 42
66 254 49
66 301 22
66 367 16
66 387 18
66 428 14
66 436 53
66 456 44
66 488 19
66 557 7
66 558 31
66 605 59
66 672 54
66 735 45
66 746 30
66 799 10
66 834 54
66 839 28
67 99 29
67 158 23
67 213 30
67 221 2
67 251 13
67 323 25
67 375 8
67 388 33
67 392 17
67 405 26
67 539 52
67 568 26
67 600 12
67 701 13
67 831 52
67 887 6
67 897 56
67 912 46
67 929 51
68 179 55
68 280 28
68 314 39
68 351 59
68 455 3
68 490 13
68 683 8
68 873 24
68 965 25
69 396 44
69 413 56
69 620 41
69 624 47
69 709 27
69 787 60
69 805 38
69 954 48
70 82 28
70 132 56
70 162 31
70 184 11
70 298 49
70 495 38
70 708 45
70 749 28
70 767 29
70 892 47
71 144 55
71 296 18
71 338 55
71 361 43
71 369 8
71 372 12
71 661 6
71 841 44
71 972 46
71 983 24
71 994 26
72 269 33
72 291 36
72 732 18
72 736 5
72 924 4
73 130 60
73 159 41
73 195 14
73 295 36
73 624 26
73 804 10
73 808 21
73 854 42
73 922 56
73 991 53
74 137 21
74 252 36
74 349 31
74 383 4
74 439 52
74 517 26
74 566 45
74 622 21
74 661 57
74 928 59
74 950 24
74 980 11
75 81 42
75 309 37
75 321 51
75 330 7
75 413 25
75 470 39
75 485 58
75 612 36
75 653 31
75 706 26
75 836 22
75 915 8
75 995 49
76 84 29
76 165 48
76 184 7
76 299 17
76 390 39
76 478 2
76 744 15
76 757 7
76 933 19
77 206 30
77 217 38
77 279 46
77 294 24
77 380 51
77 412 8
77 442 5
77 468 23
77 539 60
77 639 54
77 652 56
77 682 22
77 723 21
77 774 54
77 800 9
77 866 57
77 881 37
77 966 1
78 202 17
78 211 41
78 325 3
78 406 18
78 420 30
78 432 55
78 436 21
78 461 20
78 488 47
78 654 36
78 723 19
78 843 44
78 887 24
78 934 25
79 115 47
79 170 23
79 286 59
79 325 55
79 350 29
79 356 4
79 446 50
79 491 14
79 503 54
79 681 43
79 719 32
79 779 27
79 895 40
80 108 31
80 125 21
80 320 55
80 414 31
80 559 58
80 562 51
80 618 42
80 671 44
80 732 53
80 782 42
80 873 25
80 977 25
81 89 51
81 155 56
81 219 14
81 230 4
81 268 38
81 294 29
81 320 44
81 362 29
81 483 46
81 662 8
81 763 2
81 775 2
81 954 6
82 87 39
82 111 8
82 292 42
82 314 44
82 346 49
82 368 5
82 432 26
82 442 55
82 533 37
82 570 51
82 601 53
82 654 18
82 661 1
82 740 12
82 780 6
82 793 60
82 825 53
82 831 26
82 907 30
82 980 14
83 158 40
83 174 33
83 203 27
83 253 6
83 298 1
83 695 13
83 729 56
83 811 35
83 989 10
84 98 39
84 320 13
84 345 42
84 414 38
84 421 13
84 425 59
84 429 47
84 430 46
84 467 55
84 502 47
84 551 20
84 640 39
84 683 2
84 844 52
84 852 30
84 894 14
84 963 36
85 256 30
85 285 24
85 303 30
85 510 44
85 855 26
85 888 8
85 994 59
86 204 36
86 212 35
86 297 33
86 309 54
86 367 41
86 387 42
86 466 46
86 520 10
86 522 37
86 560 52
86 721 4
86 794 36
86 921 12
86 983 43
87 221 24
87 292 24
87 465 50
87 482 30
87 523 35
87 582 40
87 682 41
87 694 34
88 131 34
88 140 43
88 303 52
88 310 20
88 329 16
88 335 25
88 446 43
88 471 8
88 506 12
88 610 39
88 737 29
88 759 7
88 779 58
88 851 27
88 868 16
89 166 30
89 296 57
89 338 56
89 522 10
89 543 21
89 569 10
89 679 46
89 922 58
89 958 50
90 95 28
90 152 8
90 279 24
90 287 8
90 310 28
90 398 44
90 616 43
90 681 13
90 861 36
90 890 22
90 970 50
91 120 59
91 164 44
91 221 24
91 251 20
91 338 5
91 356 47
91 376 48
91 587 58
91 597 11
91 619 11
91 634 3
91 961 26
92 131 1
92 216 48
92 228 21
92 421 15
92 453 51
92 509 22
92 523 24
92 695 15
92 791 22
92 811 7
92 877 24
92 947 6
93 149 52
93 204 50
93 214 47
93 353 14
93 373 41
93 505 35
93 540 1
93 557 50
93 690 44
93 731 54
93 760 6
93 856 17
93 901 13
93 945 23
94 246 39
94 406 26
94 629 21
94 667 52
94 714 27
94 752 22
94 834 21
95 130 8
95 281 4
95 347 17
95 355 5
95 390 15
95 529 42
95 530 30
95 547 7
95 558 21
95 624 26
95 790 11
96 108 59
96 350 3
96 366 57
96 402 14
96 421 16
96 495 56
96 573 13
96 599 25
96 675 4
96 702 51
96 721 54
96 830 38
97 147 10
97 186 26
97 193 40
97 617 4
97 706 30
97 861 36
97 887 30
97 913 14
97 953 59
98 109 19
98 139 55
98 207 37
98 255 32
98 365 6
98 474 49
98 574 52
98 641 5
98 677 39
98 686 45
98 740 21
98 799 35
98 944 8
98 965 24
99 139 30
99 249 60
99 265 56
99 332 55
99 367 49
99 501 42
99 658 27
99 716 4
99 796 33
99 889 1
99 896 47
100 290 3
100 393 52
100 690 40
100 729 25
100 795 47
100 853 17
100 981 24
101 164 27
101 262 11
101 339 58
101 352 38
101 364 60
101 416 30
101 443 47
101 591 57
101 626 36
101 636 7
101 639 60
101 789 16
101 797 45
102 253 16
102 267 24
102 410 42
102 553 17
102 609 26
102 674 51
102 682 25
102 761 13
102 835 2
102 887 23
102 934 27
102 960 21
103 196 42
103 221 8
103 325 44
103 326 44
103 349 25
103 378 39
103 430 23
103 545 26
103 585 40
103 748 56
103 774 50
103 811 34
103 828 33
103 834 28
103 853 42
103 873 43
103 903 18
104 134 51
104 184 3
104 489 47
104 500 22
104 562 15
104 617 38
104 655 27
104 949 12
105 231 3
105 297 24
105 308 16
105 389 55
105 390 14
105 495 29
105 514 50
105 564 10
105 602 30
105 621 49
105 654 48
105 756 53
105 879 57
105 898 42
105 931 54
106 134 15
106 142 30
106 146 55
106 186 6
106 188 13
106 601 25
106 878 59
106 891 30
106 949 13
106 988 37
107 167 13
107 248 46
107 290 40
107 334 10
107 338 38
107 341 16
107 353 17
107 397 8
107 467 1
107 621 16
107 680 52
107 691 5
107 698 24
107 812 46
107 885 23
107 903 15
107 932 9
107 971 59
108 235 50
108 242 2
108 248 29
108 258 50
108 392 3
108 580 6
108 604 8
108 808 55
108 856 32
108 939 20
108 958 41
109 119 43
109 255 32
109 392 49
109 476 26
109 557 37
109 594 43
109 754 8
109 798 15
109 841 54
109 948 14
110 145 60
110 159 27
110 387 14
110 457 19
110 636 9
110 700 1
110 782 29
111 142 24
111 187 1
111 257 31
111 510 30
111 521 3
111 618 17
111 620 55
111 623 13
111 689 16
111 709 14
111 732 12
111 782 24
112 144 12
112 212 29
112 236 23
112 392 8
112 549 6
112 561 19
112 677 23
112 710 9
112 777 37
112 874 53
112 891 45
112 895 43
112 901 18
112 909 14
112 959 55
113 353 45
113 457 47
113 528 56
113 542 14
113 741 32
113 763 32
113 862 56
113 987 34
114 160 56
114 266 34
114 289 44
114 294 49
114 299 11
114 429 17
114 489 37
114 542 43
114 545 40
114 602 17
114 960 14
115 223 30
115 261 31
115 280 48
115 281 27
115 429 38
115 449 46
115 545 32
115 550 17
115 576 60
115 581 25
115 639 30
115 708 43
115 766 44
115 939 30
116 212 31
116 229 29
116 264 18
116 378 37
116 427 3
116 524 2
116 545 37
116 638 27
116 717 8
116 783 21
116 821 58
116 861 18
116 865 21
116 871 20
116 940 40
116 945 33
117 186 12
117 205 38
117 261 37
117 390 1
117 440 44
117 485 24
117 492 35
117 564 23
117 603 36
117 729 46
117 805 48
117 891 24
117 943 35
118 182 14
118 314 2
118 316 6
118 400 49
118 435 51
118 448 15
118 497 13
118 641 53
118 736 45
118 745 17
118 760 15
118 852 11
118 854 48
118 895 17
118 981 21
119 137 19
119 159 2
119 271 46
119 285 39
119 288 59
119 342 30
119 400 1
119 470 26
119 568 26
119 721 4
119 769 31
119 823 55
119 939 47
120 121 15
120 182 11
120 327 30
120 334 33
120 480 53
120 509 49
120 553 29
120 636 52
120 660 4
120 727 28
120 836 53
120 975 40
121 176 59
121 197 12
121 239 40
121 352 22
121 419 14
121 471 58
121 750 37
121 765 51
121 912 33
122 163 1
122 180 43
122 205 26
122 234 5
122 320 20
122 344 60
122 381 52
122 426 55
122 480 54
122 618 60
122 686 50
122 826 18
123 216 60
123 345 32
123 346 16
123 356 21
123 392 37
123 543 35
123 800 39
123 863 50
124 218 44
124 383 49
124 396 28
124 681 35
124 720 15
124 784 27
124 879 15
124 889 12
125 169 40
125 178 17
125 186 55
125 277 57
125 310 54
125 347 31
125 404 6
125 444 5
125 473 23
125 495 30
125 638 36
125 674 30
125 683 14
125 720 50
125 774 49
125 779 34
125 792 21
125 807 56
125 823 12
125 880 31
125 934 44
125 959 13
126 155 18
126 314 11
126 457 37
126 755 13
126 994 58
127 211 39
127 432 24
127 441 21
127 451 13
127 621 5
127 689 60
127 721 45
127 802 3
127 868 49
128 162 23
128 271 59
128 297 6
128 335 41
128 339 60
128 410 26
128 418 9
128 422 4
128 437 28
128 457 48
128 541 13
128 585 34
128 587 11
128 626 24
128 783 9
128 882 55
128 967 23
128 977 6
129 266 6
129 292 25
129 391 28
129 431 60
129 602 6
129 605 26
129 676 45
129 689 45
129 775 13
129 855 17
129 872 42
129 876 30
129 926 23
129 977 16
129 992 55
130 338 53
130 400 26
130 548 7
130 633 37
130 665 52
130 724 59
130 758 6
130 931 32
130 979 40
131 434 23
131 476 34
131 513 22
131 529 29
131 553 34
131 662 34
131 753 1
131 957 32
132 137 56
132 139 12
132 274 31
132 429 57
132 479 21
132 582 59
132 663 24
132 816 48
132 836 12
132 865 30
132 885 34
132 979 18
133 207 54
133 216 43
133 341 17
133 443 47
133 523 28
133 541 56
133 557 53
133 601 28
133 606 28
133 617 32
133 627 27
133 661 16
133 686 40
133 712 14
133 854 37
134 137 45
134 198 47
134 207 43
134 244 25
134 330 27
134 453 8
134 504 38
134 573 36
134 592 55
134 811 19
134 881 42
134 941 2
134 990 39
135 260 25
135 287 6
135 365 23
135 400 34
135 513 29
135 530 57
135 532 52
135 539 58
135 551 34
135 677 3
135 729 47
135 733 57
135 800 56
135 891 10
135 892 16
135 970 19
136 234 20
136 240 13
136 257 44
136 288 23
136 322 25
136 377 2
136 430 23
136 528 34
136 599 3
136 671 36
136 740 1
136 887 47
136 957 8
136 997 33
137 196 44
137 265 38
137 268 37
137 286 54
137 324 60
137 350 13
137 410 46
137 417 11
137 468 57
137 524 55
137 573 56
137 599 39
137 621 37
137 954 26
137 983 36
138 173 26
138 183 60
138 223 56
138 249 10
138 251 57
138 276 29
138 330 26
138 331 16
138 339 15
138 516 46
138 690 27
138 747 60
138 924 52
138 980 6
139 227 36
139 234 35
139 348 38
139 489 28
139 508 51
139 531 20
139 542 54
139 562 2
139 602 46
139 766 32
139 813 18
139 920 29
139 980 57
140 141 5
140 157 52
140 376 27
140 418 43
140 441 27
140 647 35
140 694 21
140 710 25
140 766 52
140 847 24
140 927 58
140 981 48
141 385 10
141 389 54
141 474 35
141 582 54
141 601 44
141 608 52
141 657 50
141 718 29
141 733 14
141 900 17
141 913 18
141 982 27
141 992 37
142 160 42
142 207 53
142 270 18
142 316 1
142 359 5
142 373 55
142 420 51
142 431 2
142 459 32
142 561 24
142 646 40
142 691 24
142 879 46
142 936 51
142 954 45
143 182 32
143 301 24
143 414 15
143 486 32
143 540 35
143 567 55
143 576 1
143 583 33
143 602 41
143 661 4
143 672 34
143 714 33
143 760 40
143 794 57
143 934 47
143 994 25
144 172 50
144 497 31
144 500 2
144 541 47
144 621 9
144 624 6
144 632 14
144 676 57
144 691 52
144 695 43
144 698 16
144 750 5
144 789 35
144 915 30
144 991 49
145 150 37
145 160 36
145 184 32
145 221 56
145 241 26
145 373 45
145 474 47
145 481 27
145 482 60
145 522 58
145 532 35
145 671 43
145 794 41
145 839 40
145 956 29
146 174 56
146 186 30
146 200 37
146 231 56
146 364 22
146 432 16
146 442 47
146 461 51
146 486 31
146 543 28
146 553 60
146 618 12
146 757 14
146 812 10
146 840 28
146 927 15
147 211 57
147 365 13
147 414 40
147 423 1
147 481 31
147 487 53
147 518 18
147 576 27
147 580 53
147 618 24
147 626 4
147 710 53
147 767 36
147 814 20
147 820 57
147 898 48
148 159 53
148 195 56
148 255 8
148 297 39
148 380 9
148 513 53
148 520 48
148 589 23
148 612 42
148 684 1
148 768 28
148 829 2
148 850 53
148 855 38
148 890 13
148 999 25
149 232 40
149 283 9
149 340 16
149 399 47
149 414 3
149 427 3
149 454 5
149 455 42
149 498 11
149 511 43
149 544 55
149 545 54
149 598 41
149 651 42
149 741 53
149 837 47
149 964 48
150 186 16
150 324 6
150 465 5
150 775 26
150 957 53
150 966 4
151 182 10
151 301 15
151 310 26
151 357 2
151 420 8
151 496 7
151 520 10
151 553 35
151 590 48
151 708 45
151 737 15
151 913 16
152 242 17
152 474 51
152 667 38
152 796 18
152 798 46
152 801 26
152 849 31
152 923 29
153 155 42
153 216 44
153 222 57
153 305 8
153 334 22
153 356 57
153 428 10
153 446 47
153 468 22
153 492 18
153 500 49
153 544 40
153 562 31
153 584 28
153 833 54
153 843 8
153 959 51
154 183 54
154 236 26
154 347 39
154 352 26
154 555 34
154 618 33
154 621 59
154 649 39
154 933 14
154 962 46
155 197 21
155 497 23
155 534 41
155 553 57
155 610 42
155 660 9
155 758 5
155 923 2
155 966 31
155 979 11
156 236 58
156 289 48
156 384 18
156 482 4
156 574 14
156 707 41
156 751 41
156 817 58
156 842 9
156 847 7
156 898 11
156 929 32
157 178 27
157 210 35
157 235 60
157 284 42
157 323 28
157 377 9
157 379 49
157 443 54
157 452 11
157 500 10
157 524 56
157 599 3
157 854 45
158 303 1
158 356 14
158 404 51
158 438 26
158 724 45
158 800 11
158 835 9
158 912 39
158 980 55
159 243 41
159 438 8
159 553 48
159 558 57
159 565 29
159 712 47
159 875 31
159 950 17
160 184 27
160 224 20
160 286 10
160 314 38
160 449 12
160 536 8
160 571 31
160 621 59
160 644 12
160 771 42
160 806 7
160 895 32
160 904 48
160 983 42
161 192 30
161 258 29
161 265 55
161 307 49
161 396 55
161 534 31
161 701 35
161 766 54
161 832 11
161 880 26
161 993 53
162 229 50
162 335 43
162 411 32
162 505 21
162 560 59
162 596 5
162 636 60
162 789 18
162 888 27
162 976 5
163 270 4
163 373 14
163 444 52
163 448 42
163 506 51
163 588 16
163 731 49
163 750 8
163 823 40
163 836 59
163 905 29
163 911 54
163 918 29
163 993 31
164 178 13
164 224 2
164 258 15
164 577 43
164 695 12
164 743 35
164 770 2
164 861 9
164 890 4
164 985 31
165 273 56
165 287 54
165 385 8
165 514 29
165 518 27
165 532 37
165 539 35
165 574 31
165 632 6
166 236 40
166 271 45
166 275 23
166 345 1
166 352 28
166 384 11
166 393 12
166 404 43
166 435 43
166 827 9
166 855 20
166 874 46
166 991 4
167 230 31
167 256 40
167 270 35
167 288 38
167 379 10
167 523 48
167 563 60
167 582 22
167 593 60
167 600 12
167 624 16
167 658 59
167 667 51
167 697 32
167 709 13
167 717 36
167 745 41
168 289 13
168 448 3
168 473 25
168 501 40
168 511 56
168 664 59
168 691 30
168 704 39
168 798 54
168 982 35
169 271 49
169 358 5
169 414 59
169 506 12
169 539 37
169 581 50
169 688 30
169 719 20
170 234 52
170 384 57
170 469 29
170 495 16
170 769 51
170 813 1
170 857 16
170 954 21
171 177 56
171 188 36
171 189 23
171 227 48
171 246 56
171 410 34
171 500 41
171 531 26
171 588 53
171 691 50
171 727 16
171 803 54
171 996 48
172 176 45
172 210 57
172 278 47
172 366 53
172 499 29
172 674 21
172 713 30
172 724 27
172 738 37
172 747 59
172 770 33
172 800 21
172 908 36
172 930 24
172 936 4
172 937 34
172 986 58
173 222 2
173 298 21
173 389 23
173 430 13
173 478 21
173 595 52
173 675 8
173 692 16
173 870 45
173 909 17
173 919 33
173 934 13
173 977 1
174 322 17
174 337 59
174 372 30
174 489 60
174 549 7
174 598 6
174 610 50
174 639 37
174 656 39
174 673 34
174 681 54
174 844 41
174 897 20
174 952 49
174 972 32
175 284 26
175 312 51
175 384 26
175 397 47
175 402 34
175 432 3
175 499 6
175 527 53
175 625 18
175 652 28
175 676 42
175 698 27
175 728 57
175 767 15
175 876 9
175 989 29
176 425 3
176 428 49
176 508 59
176 591 41
176 594 22
176 862 24
176 875 36
177 227 41
177 228 46
177 231 2
177 292 36
177 380 15
177 450 27
177 537 3
177 587 1
177 683 4
177 914 43
177 966 27
177 986 6
178 474 12
178 509 13
178 526 38
178 541 39
178 573 41
178 643 19
178 747 35
178 782 54
178 805 40
178 812 22
179 262 30
179 294 57
179 379 38
179 483 55
179 544 45
179 554 49
179 613 19
179 633 16
179 642 18
179 707 42
179 759 31
179 772 45
179 813 48
179 906 47
180 200 23
180 276 10
180 284 11
180 295 36
180 298 25
180 307 27
180 313 50
180 441 53
180 671 1
180 689 35
180 718 56
180 724 34
180 823 53
180 918 4
180 934 54
180 958 55
180 969 58
181 185 48
181 209 43
181 286 24
181 336 26
181 347 9
181 504 36
181 518 37
181 750 37
182 273 14
182 280 57
182 304 5
182 348 40
182 390 27
182 492 40
182 512 23
182 636 23
182 646 34
182 789 35
182 840 53
182 859 25
182 964 34
183 205 27
183 254 35
183 433 28
183 561 39
183 571 21
183 604 16
183 622 48
183 709 33
183 730 18
183 737 26
183 759 57
183 986 2
184 238 43
184 282 16
184 398 49
184 571 43
184 703 56
184 736 47
184 919 47
184 986 57
184 997 2
185 191 17
185 328 29
185 357 39
185 401 3
185 481 14
185 893 42
185 924 47
185 964 32
185 968 19
186 604 57
186 682 40
187 196 11
187 301 19
187 435 11
187 437 41
187 645 37
187 697 42
187 763 30
187 837 53
187 896 26
187 923 35
187 937 19
188 227 31
188 343 50
188 456 18
188 457 56
188 479 39
188 489 54
188 526 4
188 560 42
188 586 9
188 595 28
188 725 51
189 244 42
189 360 26
189 381 13
189 432 13
189 867 20
189 875 38
189 922 10
189 939 17
190 227 23
190 241 33
190 320 40
190 403 29
190 508 34
190 516 31
190 540 11
190 675 32
190 747 11
190 779 32
190 808 10
190 871 2
190 950 27
190 966 32
190 998 31
191 211 27
191 239 39
191 381 54
191 475 23
191 510 32
191 519 49
191 553 23
191 621 37
191 774 10
191 820 32
191 836 13
191 846 31
191 868 5
191 873 20
191 906 27
192 277 43
192 367 6
192 437 7
192 451 9
192 471 20
192 517 52
192 536 32
192 638 31
192 821 41
192 917 48
192 982 10
193 237 8
193 253 13
193 288 8
193 311 34
193 402 43
193 461 28
193 463 11
193 496 25
193 535 42
193 676 33
193 740 38
193 795 24
193 850 26
193 924 57
193 957 35
194 220 17
194 318 14
194 393 25
194 457 8
194 479 44
194 486 4
194 591 52
194 601 8
194 666 17
194 766 25
194 775 16
194 842 24
194 878 24
194 889 10
194 890 9
194 897 26
195 200 27
195 323 58
195 399 14
195 419 13
195 483 38
195 558 51
195 561 57
195 574 37
195 893 1
196 252 53
196 423 27
196 442 30
196 512 35
196 548 6
196 557 43
196 571 45
196 637 19
196 657 9
196 845 32
196 880 57
196 888 19
197 236 58
197 252 5
197 286 32
197 363 18
197 408 43
197 568 8
197 753 47
197 764 22
197 772 53
197 792 3
197 805 11
197 824 6
197 837 2
197 846 36
197 862 42
197 945 17
197 999 52
198 200 4
198 251 38
198 299 29
198 310 47
198 422 54
198 425 54
198 480 17
198 646 56
198 794 2
198 844 48
198 919 18
198 973 1
198 975 32
199 224 52
199 233 19
199 356 33
199 405 56
199 431 32
199 468 19
199 637 21
199 652 14
199 686 23
199 746 47
199 802 48
199 825 60
199 929 18
200 219 20
200 266 45
200 322 40
200 372 4
200 589 7
200 629 41
200 649 52
200 674 25
200 684 43
200 705 53
200 745 30
200 800 59
201 230 10
201 281 15
201 284 60
201 312 38
201 343 50
201 347 22
201 518 50
201 559 50
201 579 51
201 669 23
201 710 60
201 758 54
201 782 19
201 810 55
201 982 42
202 362 18
202 443 32
202 597 31
202 680 8
202 749 60
202 751 4
202 763 54
202 839 59
202 853 20
202 867 12
203 214 49
203 468 11
203 494 33
203 598 34
203 613 8
203 893 15
203 895 7
204 235 49
204 269 33
204 350 18
204 385 35
204 402 13
204 453 21
204 475 1
204 486 4
204 532 45
204 585 59
204 588 26
204 746 24
204 766 52
204 833 34
204 868 3
204 904 9
204 979 54
205 236 6
205 240 34
205 255 56
205 420 6
205 516 25
205 750 1
205 766 8
205 785 22
205 816 35
206 308 14
206 388 8
206 426 5
206 460 60
206 520 5
206 683 42
206 872 58
206 873 41
206 893 5
206 966 50
207 335 34
207 448 24
207 562 25
207 588 16
207 640 37
207 664 59
207 692 18
207 785 37
207 792 4
207 843 37
207 918 41
207 929 21
208 229 44
208 370 29
208 487 37
208 570 50
208 685 6
208 718 6
208 825 54
208 853 52
208 879 17
208 911 9
208 940 53
208 954 54
209 401 47
209 413 20
209 501 54
209 578 49
209 594 41
209 692 31
209 751 29
209 760 28
209 783 50
209 845 40
210 252 30
210 313 22
210 386 10
210 391 21
210 520 4
210 678 4
210 713 39
210 769 16
210 891 37
210 940 4
211 234 43
211 388 2
211 436 32
211 517 11
211 558 19
211 614 24
211 856 1
211 879 14
211 929 45
212 422 57
212 484 14
212 515 30
212 604 51
212 715 35
212 844 13
212 872 34
212 936 4
212 973 14
213 272 44
213 274 7
213 303 32
213 362 55
213 452 51
213 459 4
213 506 47
213 519 42
213 571 11
213 606 58
213 632 20
213 724 2
213 797 5
213 822 7
213 882 45
213 887 53
213 895 8
213 971 11
213 983 21
214 236 7
214 266 12
214 298 60
214 346 33
214 356 59
214 391 49
214 794 22
214 828 3
214 871 33
214 902 59
214 994 23
215 403 59
215 523 37
215 625 18
215 760 27
215 791 16
215 846 8
216 229 1
216 281 34
216 393 39
216 504 50
216 620 36
216 643 14
216 692 31
216 700 33
216 785 30
216 829 23
216 898 17
216 910 7
216 979 28
217 245 9
217 296 36
217 771 8
217 817 50
217 941 36
217 982 37
217 991 7
218 241 7
218 280 37
218 391 38
218 486 28
218 513 25
218 589 48
218 677 29
218 804 13
219 236 57
219 301 60
219 394 22
219 471 13
219 580 8
219 605 21
219 667 25
219 669 53
219 717 3
219 783 19
219 826 18
219 836 10
219 862 17
219 902 14
219 985 20
220 367 16
220 409 35
220 487 55
220 562 31
220 698 28
220 724 9
220 879 16
220 907 10
220 964 32
221 318 3
221 335 38
221 435 53
221 459 49
221 637 7
221 738 50
221 747 33
221 804 22
221 808 56
221 890 53
221 892 9
222 241 47
222 306 38
222 327 40
222 347 31
222 411 41
222 413 14
222 497 8
222 587 54
222 639 56
222 666 3
222 708 43
222 908 15
222 961 33
222 979 10
223 236 24
223 246 35
223 303 29
223 326 53
223 331 18
223 393 13
223 416 22
223 506 50
223 544 40
223 581 40
223 605 3
223 616 2
223 620 53
223 713 23
223 793 31
223 895 25
223 899 10
223 903 23
223 904 15
223 928 48
224 292 32
224 362 35
224 375 27
224 519 13
224 536 21
224 565 2
224 607 58
224 620 31
224 669 30
224 671 41
224 683 22
224 704 33
224 770 45
224 882 39
224 995 57
225 274 29
225 406 57
225 902 21
225 907 5
226 256 25
226 258 15
226 399 8
226 551 51
226 613 3
226 659 9
226 750 28
226 832 56
226 879 37
227 238 19
227 245 57
227 298 26
227 394 39
227 427 57
227 433 29
227 557 4
227 627 34
227 767 58
227 868 37
227 976 27
228 288 16
228 402 14
228 411 44
228 486 23
228 612 50
228 631 19
228 712 23
228 777 9
228 811 19
228 838 58
228 850 28
228 913 55
228 982 25
229 249 36
229 259 21
229 323 36
229 426 60
229 428 18
229 531 47
229 567 42
229 668 51
229 702 28
229 837 42
229 864 28
229 883 6
229 957 16
230 232 52
230 326 58
230 428 18
230 452 36
230 508 9
230 623 8
230 678 17
230 734 59
230 826 24
230 904 10
230 915 22
230 956 27
231 234 38
231 345 40
231 472 12
231 491 45
231 564 27
231 588 37
231 614 27
231 678 28
231 859 45
231 861 3
231 971 33
231 981 34
232 255 18
232 278 17
232 521 58
232 578 5
232 596 48
232 685 60
232 792 43
232 933 25
232 973 47
233 396 15
233 414 54
233 533 28
233 579 45
233 716 59
233 751 37
233 763 58
233 777 46
233 835 59
233 838 15
233 846 6
234 284 2
234 444 26
234 476 19
234 536 16
234 716 8
234 950 57
235 297 38
235 318 44
235 407 43
235 430 49
235 499 24
235 769 19
235 784 34
236 530 23
236 592 40
236 675 21
236 684 21
236 783 10
236 826 49
236 845 51
236 916 49
237 253 27
237 322 10
237 578 51
237 629 58
237 774 55
237 826 22
237 934 54
237 955 45
238 419 60
238 587 50
238 718 58
238 746 31
238 966 18
239 285 8
239 294 60
239 332 27
239 373 55
239 426 59
239 514 18
239 595 7
239 600 21
239 649 50
239 675 45
239 689 31
239 768 7
239 891 60
239 974 56
240 319 15
240 326 42
240 609 28
240 711 49
240 807 36
240 822 30
240 896 5
240 906 28
240 941 48
240 959 26
240 974 1
241 341 30
241 617 5
241 728 45
241 833 13
241 889 47
242 244 4
242 316 35
242 529 5
242 642 32
242 786 45
242 857 25
242 875 24
242 921 3
242 929 9
242 967 47
242 981 52
243 245 46
243 367 43
243 427 26
243 469 50
243 483 41
243 546 58
243 582 7
243 584 32
243 692 11
243 833 20
243 854 54
243 895 9
243 904 33
244 468 16
244 521 40
244 686 20
244 693 31
244 747 16
244 784 40
244 851 49
244 855 5
244 906 28
245 249 47
245 274 21
245 280 33
245 302 3
245 348 14
245 462 53
245 673 6
245 720 37
245 750 35
245 880 11
245 943 47
245 949 29
246 282 11
246 314 24
246 562 50
246 611 50
246 651 18
246 689 2
246 783 40
246 812 1
246 828 60
246 948 42
247 495 44
247 525 30
247 528 25
247 582 23
247 590 20
247 611 60
247 639 33
247 644 51
247 671 16
247 696 44
247 724 54
247 837 32
248 273 34
248 329 33
248 418 59
248 457 19
248 499 11
248 518 1
248 573 26
248 613 17
248 637 29
248 660 34
248 687 40
248 726 47
248 909 22
248 950 7
248 971 3
249 385 5
249 461 29
249 557 38
249 589 46
249 591 49
249 652 30
249 769 46
249 826 18
249 844 42
249 930 43
249 932 41
249 940 55
249 953 56
249 969 10
249 992 41
250 307 10
250 439 54
250 511 54
250 513 50
250 523 33
250 589 7
250 602 46
250 614 17
250 701 56
250 728 59
250 745 30
250 777 26
250 793 5
250 935 40
250 939 44
250 990 2
251 318 41
251 382 16
251 389 17
251 433 50
251 473 47
251 475 27
251 486 57
251 595 38
251 721 29
251 774 48
251 875 35
251 906 19
251 918 20
251 965 22
252 353 32
252 406 37
252 466 58
252 699 35
252 711 4
252 836 32
252 945 56
253 331 22
253 412 14
253 498 42
253 651 2
253 733 57
253 770 60
253 811 22
253 843 3
253 870 46
253 876 36
253 881 59
253 919 16
253 932 7
253 961 33
254 287 18
254 339 38
254 394 24
254 408 24
254 432 19
254 436 55
254 469 42
254 626 60
254 688 6
254 739 50
254 813 6
254 829 6
254 874 29
255 311 54
255 386 47
255 390 46
255 435 4
255 532 6
255 594 44
255 619 13
255 638 3
255 675 39
255 691 44
255 760 54
255 786 35
256 372 14
256 400 1
256 472 25
256 528 59
256 617 14
256 761 60
256 929 18
256 995 9
257 279 19
257 315 22
257 435 21
257 537 8
257 593 28
257 707 36
257 713 32
257 805 15
258 288 37
258 310 57
258 380 48
258 459 57
258 658 41
258 692 35
258 871 53
258 895 21
259 273 19
259 477 18
259 491 43
259 602 7
259 845 24
259 960 21
260 298 30
260 338 7
260 495 48
260 507 47
260 608 14
260 820 32
260 992 20
261 400 37
261 413 25
261 544 7
261 585 51
261 594 4
261 645 53
261 680 41
261 697 60
261 735 26
261 934 15
261 969 46
261 997 56
262 419 57
262 438 1
262 494 19
262 617 16
262 896 46
262 906 29
263 356 17
263 364 54
263 482 18
263 881 1
264 275 11
264 342 50
264 345 25
264 371 27
264 475 1
264 480 56
264 494 58
264 637 39
264 639 56
264 706 17
264 772 30
264 784 30
264 844 49
264 868 31
264 871 15
265 461 14
265 528 22
265 703 53
265 748 25
265 837 51
265 838 6
265 869 47
265 981 21
266 410 36
266 469 22
266 474 16
266 569 1
266 781 56
266 837 28
266 908 60
267 383 2
267 434 49
267 439 41
267 453 26
267 529 8
267 758 3
267 886 12
268 351 20
268 357 20
268 422 44
268 423 41
268 543 37
268 551 40
268 584 37
268 604 42
268 731 21
268 739 36
268 828 7
268 841 51
268 851 20
268 873 20
269 394 34
269 475 59
269 570 13
269 634 28
269 644 29
269 650 49
269 669 10
269 787 7
269 808 22
269 853 30
269 908 18
270 272 19
270 338 32
270 371 33
270 414 17
270 420 57
270 440 5
270 500 14
270 546 59
270 741 14
270 760 35
270 788 22
270 993 29
271 283 30
271 480 10
271 539 49
271 643 16
271 645 7
271 682 47
271 710 49
271 730 8
271 827 30
271 829 49
271 905 19
272 331 1
272 549 29
272 553 29
272 603 59
272 730 12
272 907 39
272 915 34
273 279 51
273 283 10
273 304 27
273 355 28
273 367 28
273 470 46
273 524 34
273 652 59
273 672 35
273 761 30
273 781 32
273 827 45
273 971 27
274 291 53
274 403 34
274 415 53
274 508 33
274 586 43
274 652 41
274 654 45
274 712 17
274 716 27
274 717 31
274 913 34
274 923 57
274 949 12
275 393 11
275 407 39
275 507 59
275 573 52
275 600 7
275 603 19
275 605 35
275 667 7
275 828 42
275 833 7
275 897 46
275 909 16
275 934 52
275 990 15
276 344 5
276 347 22
276 374 36
276 399 4
276 625 1
276 640 9
276 756 30
276 781 36
277 287 51
277 575 55
277 581 23
277 626 8
277 661 33
277 709 11
277 735 10
277 920 51
277 942 38
277 996 23
278 320 4
278 380 60
278 382 55
278 521 38
278 737 10
278 831 60
278 916 51
278 949 39
278 987 48
279 314 49
279 324 47
279 401 35
279 433 24
279 818 17
279 828 9
279 856 47
279 879 56
279 885 30
279 906 52
280 316 9
280 449 47
280 514 1
280 523 10
280 584 26
281 307 16
281 436 13
281 668 35
281 717 56
281 755 52
282 452 45
282 515 20
282 640 23
282 803 17
282 928 3
283 434 2
283 452 11
283 522 5
283 581 43
283 658 45
283 717 33
283 747 51
283 842 54
283 896 24
283 998 13
284 426 26
284 512 1
284 659 50
284 767 45
284 915 8
284 932 4
285 317 2
285 350 16
285 419 5
285 443 18
285 460 40
285 490 12
285 679 31
285 816 2
285 818 8
285 826 26
285 978 3
285 999 14
286 296 34
286 353 19
286 372 10
286 610 58
286 621 32
286 647 10
286 668 6
286 764 34
286 768 52
286 797 14
286 834 18
286 895 2
287 294 24
287 362 1
287 418 11
287 495 6
287 543 52
287 570 35
287 593 10
287 656 43
287 695 10
287 746 38
287 755 57
287 769 30
287 790 14
287 935 6
287 956 45
288 456 6
288 469 28
288 482 44
288 485 6
288 508 25
288 887 16
288 985 22
288 993 14
289 458 44
289 476 17
289 499 52
289 500 39
289 559 1
289 562 13
289 655 20
289 672 43
289 699 18
289 777 55
289 861 55
289 885 45
289 967 12
290 326 32
290 354 30
290 481 59
290 510 6
290 567 44
290 606 43
290 618 4
290 669 50
290 717 41
290 735 28
291 316 31
291 421 45
291 458 2
291 550 31
291 561 21
291 623 50
291 695 42
291 698 4
291 756 56
291 761 5
291 835 4
291 971 54
292 321 59
292 484 35
292 532 9
292 701 39
292 736 21
292 758 20
292 760 55
292 799 29
292 818 52
292 861 8
292 917 34
293 346 26
293 515 15
293 607 33
293 617 20
293 684 47
293 839 32
293 905 2
294 313 12
294 382 2
294 413 6
294 535 35
294 586 55
294 594 60
294 686 58
294 734 44
294 747 37
294 759 26
294 792 50
294 853 22
294 899 47
295 396 55
295 506 44
295 517 49
295 532 51
295 589 14
295 596 29
295 918 53
295 966 44
296 423 51
296 430 58
296 615 13
296 695 2
296 716 2
296 871 26
296 973 50
296 983 43
297 299 41
297 658 21
297 671 53
297 757 18
297 801 55
297 836 36
297 949 9
297 955 41
298 344 59
298 366 7
298 380 28
298 419 41
298 425 21
298 494 32
298 540 48
298 579 13
298 636 48
298 662 33
298 708 53
298 715 43
298 733 35
298 817 22
298 875 28
298 894 57
298 925 7
298 997 32
299 350 36
299 535 33
299 575 22
299 584 59
299 734 49
299 820 16
299 850 8
299 863 44
299 961 53
299 962 1
300 342 4
300 410 16
300 436 44
300 459 23
300 494 39
300 579 58
300 844 38
301 723 39
301 829 30
301 895 21
302 349 35
302 418 16
302 426 44
302 478 43
302 515 38
302 536 50
302 566 14
302 755 25
302 822 16
302 829 47
302 848 36
302 910 37
302 948 14
302 969 16
303 329 21
303 365 19
303 400 35
303 403 39
303 420 31
303 440 1
303 441 31
303 508 57
303 644 35
303 659 3
303 796 16
303 882 15
303 915 36
303 988 17
304 389 33
304 439 3
304 634 54
304 672 15
304 807 45
304 838 40
305 306 57
305 446 32
305 717 48
305 812 2
305 815 31
305 856 31
305 882 54
305 984 2
306 364 13
306 458 42
306 578 9
306 692 41
306 857 12
306 858 16
307 734 6
307 790 58
307 890 9
307 913 53
307 930 36
307 949 20
307 960 31
308 410 27
308 530 10
308 576 57
308 645 22
308 677 57
308 753 7
308 771 60
308 859 36
309 316 4
309 358 15
309 404 58
309 502 36
309 679 29
309 754 31
309 915 11
309 957 47
309 984 37
310 375 18
310 547 47
310 589 50
310 652 43
310 699 24
310 760 27
310 788 39
310 956 9
311 351 60
311 563 13
311 660 18
311 681 58
311 711 5
311 815 50
311 894 59
312 385 46
312 402 5
312 445 35
312 549 33
312 912 22
313 363 23
313 381 32
313 392 52
313 400 18
313 408 34
313 435 51
313 625 2
313 653 3
313 731 12
313 732 5
313 746 26
313 874 23
313 930 44
313 980 46
313 999 47
314 355 16
314 425 2
314 426 57
314 457 60
314 459 41
314 490 16
314 504 42
314 508 60
314 683 38
314 688 40
314 699 11
314 745 40
314 872 59
314 886 46
314 959 17
314 964 47
314 991 56
315 419 27
315 454 34
315 525 48
315 916 22
315 928 24
315 938 58
315 947 18
315 970 54
315 978 11
316 344 43
316 372 21
316 385 13
316 437 55
316 556 55
316 755 3
316 825 31
316 895 13
316 898 32
317 409 44
317 422 14
317 526 43
317 586 42
317 815 43
317 863 13
317 865 6
317 926 35
317 943 54
317 963 50
318 329 50
318 354 39
318 392 23
318 441 22
318 453 31
318 557 13
318 567 52
318 644 41
318 664 25
318 678 58
318 684 34
318 724 23
319 579 58
319 599 34
319 693 33
319 701 22
319 809 47
319 818 13
320 374 23
320 375 40
320 392 10
320 474 46
320 491 7
320 513 47
320 553 38
320 590 41
320 754 30
320 772 42
320 833 19
320 963 33
320 981 54
321 423 33
321 535 12
321 553 12
321 587 26
321 647 44
321 805 20
321 871 17
321 905 4
321 944 26
321 995 29
322 372 7
322 387 56
322 421 59
322 463 58
322 641 11
322 868 18
322 872 38
322 882 20
323 341 30
323 412 22
323 465 34
323 498 24
323 504 35
323 579 4
323 602 37
323 607 46
323 728 52
323 734 21
323 844 13
323 853 42
323 860 24
323 872 18
324 388 51
324 514 6
324 631 27
324 649 7
324 685 5
324 797 36
324 868 14
324 876 5
324 902 11
324 918 45
325 437 1
325 451 27
325 454 36
325 486 14
325 533 7
325 711 10
325 853 33
325 957 51
326 392 6
326 523 2
326 543 49
326 586 58
326 684 20
326 707 48
326 710 6
326 734 2
326 770 11
326 788 10
326 923 21
326 953 12
327 384 60
327 548 6
327 620 24
327 647 35
327 777 22
328 336 55
328 445 31
328 446 45
328 515 38
328 585 9
328 608 9
328 621 43
328 703 25
328 705 49
328 794 13
328 814 19
328 861 25
328 924 19
328 961 53
328 992 16
329 408 55
329 409 5
329 482 28
329 720 57
329 805 24
329 832 19
329 886 32
329 984 41
330 346 51
330 352 6
330 433 29
330 475 47
330 645 26
330 691 11
330 806 21
330 934 1
331 356 42
331 434 5
331 794 28
332 339 30
332 355 30
332 384 14
332 441 8
332 452 18
332 453 3
332 483 53
332 844 43
333 373 53
333 527 19
333 603 15
333 678 16
333 852 21
333 917 25
334 384 51
334 433 19
334 624 46
334 631 11
334 767 30
334 831 49
334 851 18
335 461 35
335 479 40
335 612 39
335 632 11
335 664 27
335 713 30
335 806 45
335 866 29
336 369 58
336 438 7
336 563 56
336 767 42
336 772 30
336 817 39
337 480 33
337 558 25
337 646 22
337 652 39
337 712 4
337 749 12
337 761 56
337 796 36
337 886 44
337 912 32
337 922 42
338 473 25
338 521 20
338 746 58
338 799 23
339 357 2
339 385 21
339 393 46
339 396 18
339 416 19
339 436 56
339 440 13
339 530 47
339 565 29
339 639 6
339 664 9
339 669 56
339 743 27
339 912 51
340 343 1
340 368 12
340 419 20
340 443 8
340 462 12
340 470 48
340 596 17
340 626 7
340 691 36
340 715 42
340 765 26
340 772 46
340 781 12
340 805 3
340 848 34
340 861 13
340 871 10
341 390 14
341 399 7
341 500 27
341 549 45
341 595 10
341 924 9
341 954 6
342 405 56
342 468 21
342 478 48
342 568 29
342 619 17
342 667 20
342 970 56
343 435 1
343 436 37
343 546 18
343 598 48
343 726 29
343 808 1
343 908 2
343 939 43
343 970 24
344 393 40
344 403 32
344 439 17
344 692 24
344 699 19
344 714 8
344 763 26
344 853 4
345 428 23
345 565 52
345 575 51
345 770 51
345 909 58
345 997 48
346 423 17
346 510 43
346 666 28
346 672 40
346 813 2
346 935 50
346 975 15
347 353 32
347 355 59
347 424 42
347 468 13
347 615 28
347 658 11
347 784 15
348 355 4
348 398 36
348 565 48
348 616 31
348 639 55
348 682 8
348 810 54
348 855 12
348 883 32
348 890 16
349 457 30
349 486 20
349 509 7
349 594 53
349 608 23
349 665 31
349 677 22
349 716 55
349 765 38
349 828 13
349 831 25
349 835 53
349 845 51
350 433 21
350 447 52
350 452 24
350 640 53
350 655 26
350 692 17
350 717 47
350 725 32
350 758 60
350 790 11
350 960 57
350 992 50
351 408 49
351 487 8
351 520 42
351 538 50
351 588 37
351 609 29
351 626 19
351 642 60
351 663 33
351 700 44
351 736 39
351 763 21
352 376 34
352 665 15
352 691 15
352 714 46
352 783 14
352 845 5
352 884 48
352 910 10
352 968 23
353 360 44
353 388 55
353 393 28
353 400 41
353 559 60
353 565 24
353 810 48
353 879 36
354 434 54
354 445 11
354 931 52
355 461 50
355 564 15
355 592 28
355 620 42
355 719 53
355 751 14
355 776 23
356 393 24
356 395 9
356 426 55
356 565 53
356 593 30
356 816 10
356 843 57
356 990 32
357 389 55
357 412 24
357 634 35
357 776 23
357 882 48
357 933 27
358 376 8
358 400 16
358 504 48
358 506 16
358 507 55
358 520 17
358 611 37
358 831 33
358 845 8
358 916 8
358 977 6
359 366 3
359 434 49
359 457 1
359 502 29
359 509 41
359 512 27
359 579 59
359 650 38
359 890 41
359 957 47
359 989 2
360 433 52
360 462 47
360 611 53
360 669 45
360 733 33
360 994 42
360 999 14
361 369 42
361 436 36
361 476 30
361 531 11
361 548 19
361 634 16
361 742 23
361 752 24
361 755 52
361 855 1
361 932 19
361 949 53
361 954 58
361 982 2
361 989 35
362 365 3
362 554 44
362 579 20
362 816 18
362 918 27
362 945 3
362 988 2
363 393 27
363 467 22
363 531 48
363 561 54
363 903 49
363 987 20
364 456 20
364 525 41
364 533 34
364 594 24
364 646 26
364 657 56
364 703 24
364 754 5
364 848 17
364 963 3
364 996 15
365 429 49
365 452 21
365 652 45
365 704 13
365 723 56
365 845 27
365 905 22
365 966 37
366 467 11
366 554 25
366 579 43
366 605 13
366 667 2
366 729 15
366 748 54
366 807 35
366 893 58
366 908 18
366 940 56
366 958 19
366 988 9
367 466 16
367 479 49
367 525 45
367 541 59
367 572 54
367 613 30
367 666 18
367 702 46
368 404 41
368 614 25
368 616 53
368 636 45
368 669 46
368 736 54
368 789 50
368 794 31
368 853 24
368 905 15
368 907 56
368 949 14
368 957 29
369 451 32
369 625 30
369 634 4
369 637 11
369 680 39
369 960 18
370 389 33
370 400 28
370 414 26
370 487 51
370 584 45
370 590 32
370 596 44
370 705 51
370 843 51
371 400 6
371 577 13
371 630 14
371 690 24
371 945 55
372 493 17
372 498 12
372 608 27
372 751 49
372 763 39
372 876 52
372 917 3
372 925 34
373 384 59
373 477 4
373 512 27
373 542 5
373 674 59
373 689 42
373 861 30
373 867 22
373 880 16
373 956 41
373 966 39
374 401 16
374 473 1
374 514 60
374 625 49
374 719 26
374 724 26
374 810 33
374 823 54
374 827 60
374 861 54
374 902 17
374 918 46
374 983 13
375 397 2
375 448 52
375 690 35
375 748 50
375 804 45
375 856 12
375 933 14
376 535 33
376 552 28
376 633 1
376 678 57
376 747 23
376 762 27
376 977 1
377 417 8
377 490 40
377 511 35
377 512 53
377 531 54
377 542 35
377 617 43
377 669 13
377 716 50
377 779 15
377 806 52
377 920 2
377 962 6
378 402 1
378 626 48
378 678 32
378 682 40
378 796 11
378 821 50
378 831 4
378 843 1
378 867 34
378 876 4
378 905 30
379 439 26
379 533 20
379 611 49
379 636 49
379 644 5
379 645 48
379 771 45
379 773 14
379 941 4
379 976 10
380 465 51
380 593 32
380 614 21
380 684 27
380 793 44
380 805 45
380 823 60
380 866 53
380 897 52
381 432 32
381 450 39
381 491 58
381 635 17
381 658 36
381 666 15
381 717 50
381 746 31
381 894 36
381 942 19
381 950 15
381 977 13
382 507 52
382 643 41
382 655 11
382 757 36
382 766 17
382 807 24
382 849 1
382 871 5
382 907 30
382 919 5
382 929 40
382 930 57
383 533 45
383 596 31
383 674 46
383 830 57
384 462 42
384 465 43
384 471 30
384 583 58
384 858 27
384 904 39
384 908 4
384 928 2
384 940 13
384 962 31
385 416 24
385 468 34
385 526 4
385 608 56
385 762 27
385 844 14
385 873 10
385 933 23
385 990 40
385 993 28
386 535 6
386 636 33
386 716 6
386 781 43
386 792 49
386 801 37
386 950 25
387 419 13
387 520 12
387 523 59
387 592 45
387 619 24
387 798 7
387 810 40
387 852 45
387 925 45
387 977 20
388 580 32
388 599 6
388 600 13
388 631 25
388 642 59
388 708 52
388 710 13
388 747 40
388 749 34
388 807 25
388 846 25
388 923 21
388 964 10
389 419 29
389 469 30
389 594 18
389 608 33
389 617 34
389 624 10
389 850 23
389 891 19
389 977 5
390 418 53
390 434 7
390 440 47
390 493 43
390 630 27
390 649 36
390 694 31
390 719 19
390 736 15
390 844 18
390 925 34
390 950 55
391 414 58
391 477 3
391 549 45
391 687 35
391 689 49
391 859 33
391 986 13
392 401 37
392 440 7
392 511 12
392 636 60
392 682 13
392 943 37
392 993 32
393 446 42
393 460 35
393 478 33
393 533 3
393 542 58
393 567 8
393 589 1
393 722 18
393 796 60
393 809 18
393 816 56
394 501 32
394 521 25
394 807 47
394 828 47
394 985 32
395 536 42
395 613 31
395 632 15
395 993 47
395 995 53
396 557 60
396 644 57
396 944 2
396 946 60
396 964 40
396 984 51
397 648 23
397 655 46
397 690 59
397 783 32
397 785 8
397 791 5
397 828 39
397 922 11
397 926 12
397 992 52
398 740 33
398 804 53
398 858 19
398 866 25
398 940 11
399 418 60
399 579 42
399 632 6
399 633 26
399 667 7
399 672 14
399 701 47
399 760 42
399 830 48
399 876 1
399 879 58
400 407 50
400 412 40
400 497 14
400 506 34
400 525 18
400 541 33
400 605 45
400 673 1
400 717 54
400 733 60
400 791 24
400 832 31
400 873 28
400 965 36
400 993 25
401 562 30
401 625 43
401 709 20
401 740 32
401 757 54
401 801 15
401 817 20
401 902 34
401 913 57
402 577 47
402 617 40
402 667 12
402 669 56
402 699 31
402 828 39
402 844 24
402 860 47
402 986 13
402 998 35
403 473 55
403 527 58
403 535 59
403 638 48
403 743 60
403 744 27
403 854 41
404 499 13
404 516 8
404 578 9
404 593 55
404 750 12
404 848 23
404 909 17
404 982 33
405 419 52
405 673 17
405 700 54
405 725 20
405 888 56
405 901 60
405 907 55
405 919 32
406 413 59
406 866 14
406 971 42
406 984 12
407 519 54
407 623 3
407 761 32
407 860 59
407 884 53
407 948 12
407 953 29
407 982 14
408 564 42
408 573 23
408 663 15
408 703 15
408 711 45
408 751 19
408 840 5
408 862 23
408 943 11
408 948 20
408 998 39
409 533 20
409 604 8
409 673 39
409 699 60
409 767 49
409 900 3
409 978 10
410 482 32
410 560 46
410 865 31
411 544 29
411 646 17
411 647 51
411 710 52
411 776 24
411 812 39
411 825 55
411 833 45
411 838 14
411 848 42
411 966 47
412 513 8
412 762 20
412 806 16
412 914 40
413 512 35
413 541 27
413 578 30
413 770 8
413 772 16
413 836 9
413 845 2
413 880 56
413 887 12
413 899 15
413 970 41
414 541 27
414 558 46
414 629 1
414 710 9
414 772 5
414 805 6
414 819 2
414 875 17
414 937 14
415 463 40
415 619 18
415 650 39
415 651 6
415 716 55
415 743 4
415 836 13
415 907 34
416 559 55
416 565 41
416 787 32
416 788 26
416 925 29
417 444 59
417 449 8
417 744 50
417 760 24
417 804 28
417 858 17
417 986 30
418 441 53
418 481 17
418 558 16
418 669 44
418 691 17
418 848 5
418 923 19
419 542 39
419 636 3
419 668 51
419 763 57
419 833 37
420 426 20
420 458 37
420 509 15
420 510 33
420 649 33
420 731 43
420 841 38
420 931 26
421 478 38
421 519 48
421 574 15
421 604 5
421 664 30
421 666 32
421 687 42
421 711 53
421 718 12
421 758 35
421 813 52
421 927 49
422 430 21
422 511 58
422 516 16
422 529 31
422 641 30
422 643 1
422 714 29
422 840 55
422 849 54
423 785 53
423 810 24
423 839 38
424 475 44
424 500 29
424 508 1
424 538 34
424 541 26
424 812 19
424 976 31
425 593 45
425 690 57
425 709 44
425 759 20
425 885 45
425 886 44
425 987 27
425 990 8
426 500 23
426 571 7
426 676 4
426 739 33
426 874 48
426 932 57
426 935 44
427 462 16
427 541 17
427 613 3
427 675 5
427 685 24
427 813 45
427 858 47
428 530 7
428 615 9
428 627 44
428 667 27
428 795 20
429 633 60
429 650 24
429 713 46
429 744 52
429 758 45
429 844 15
429 884 28
430 548 45
430 646 30
430 666 35
430 689 60
430 699 44
430 758 17
430 793 7
430 827 29
430 878 58
430 884 11
430 967 52
431 443 5
431 448 45
431 478 52
431 515 49
431 516 58
431 582 26
431 637 37
431 680 49
431 709 24
431 815 39
431 839 5
431 850 60
431 912 27
431 916 43
431 924 36
431 966 30
432 442 29
432 469 30
432 482 45
432 723 42
432 759 19
432 783 49
433 490 15
433 560 23
433 599 20
433 677 9
433 878 17
433 967 38
433 987 14
434 454 32
434 490 31
434 503 11
434 559 23
434 652 20
434 776 4
435 523 40
435 541 44
435 559 7
435 575 7
435 610 17
435 669 9
435 688 52
435 805 60
435 909 46
436 507 7
436 509 51
436 538 32
436 673 40
436 810 53
436 815 37
436 982 38
437 559 18
437 665 60
437 770 9
437 771 8
437 862 33
437 874 18
437 962 47
438 541 10
438 575 27
438 576 39
438 612 24
438 620 20
438 650 38
438 731 49
438 751 46
438 786 27
438 832 39
438 860 60
438 925 37
438 961 47
439 486 46
439 496 21
439 506 5
439 515 38
439 516 53
439 548 17
439 571 16
439 610 43
439 638 29
439 742 44
439 807 40
439 836 41
439 862 31
439 865 7
440 490 11
440 550 14
440 552 8
440 637 53
440 650 51
440 780 16
440 795 8
440 875 2
440 879 40
441 492 59
441 511 60
441 573 5
441 697 34
441 747 17
441 777 38
441 894 5
441 934 37
441 987 36
441 998 5
442 524 16
442 536 56
442 547 52
442 552 23
442 584 34
442 613 17
442 646 46
442 659 14
442 732 17
442 819 46
442 898 45
442 968 15
442 996 44
443 447 24
443 451 11
443 584 38
443 719 20
443 825 2
443 981 17
444 542 53
444 544 1
444 546 38
444 707 60
444 727 9
444 744 58
444 831 8
444 880 33
444 910 55
444 917 47
444 947 56
445 498 51
445 744 14
445 858 38
445 886 33
445 939 2
446 689 7
446 774 36
447 701 27
447 705 25
447 870 54
447 892 40
447 973 28
448 455 55
448 700 8
448 809 58
448 981 2
449 494 60
449 515 32
449 564 4
449 590 19
449 624 45
449 664 44
449 678 34
449 792 52
449 872 59
449 922 58
449 981 33
449 995 41
450 500 47
450 516 53
450 532 27
450 699 31
450 817 11
450 902 18
450 964 59
450 976 34
451 507 36
451 543 4
451 712 59
451 849 54
451 895 12
452 543 35
452 607 43
452 627 23
452 702 53
452 740 7
452 822 44
452 833 18
452 940 19
453 487 38
453 524 9
453 674 26
453 676 49
453 807 48
453 853 33
453 869 25
453 901 50
454 564 23
454 767 54
454 880 58
454 966 2
455 480 31
455 521 4
455 546 17
455 568 39
455 681 37
455 711 25
455 779 32
455 831 43
455 847 37
455 856 32
455 890 55
455 991 57
456 509 2
456 518 31
456 571 52
456 607 1
456 652 54
456 668 41
456 794 47
456 829 26
456 896 56
456 916 52
456 962 36
457 529 12
457 649 60
457 683 4
457 692 43
457 712 28
457 736 56
457 839 37
457 841 17
457 871 40
457 890 32
457 951 57
457 979 14
458 477 8
458 478 35
458 560 20
458 700 6
458 833 24
458 993 56
459 490 17
459 581 17
459 582 30
459 606 27
459 666 52
459 700 54
459 706 36
459 781 10
459 912 57
459 923 43
459 949 4
459 976 19
460 507 22
460 537 55
460 644 41
460 705 12
460 746 14
460 810 23
460 941 59
460 942 21
461 595 56
461 628 60
461 686 44
461 771 32
461 868 10
461 954 32
462 618 41
462 750 27
462 758 32
462 770 60
462 784 44
462 827 38
462 887 57
462 901 32
462 933 6
462 964 55
463 480 29
463 535 39
463 616 34
464 523 12
464 566 27
464 607 17
464 617 14
464 690 37
464 705 20
464 744 43
464 788 6
464 791 47
464 822 26
465 480 28
465 486 41
465 602 12
465 731 40
465 929 54
466 581 24
466 776 36
466 823 15
466 855 24
466 858 56
466 897 2
466 941 6
466 955 27
466 969 9
466 983 10
467 492 60
467 519 25
467 660 37
467 731 12
467 754 23
467 825 57
467 847 60
467 867 1
467 872 5
467 892 58
467 916 24
468 539 45
468 594 49
468 763 3
468 767 28
468 814 52
468 894 36
469 606 18
469 656 16
469 701 13
469 766 57
469 769 52
469 853 40
469 873 32
469 928 51
469 952 35
469 981 39
470 521 15
470 554 33
470 582 39
470 634 10
470 861 40
470 917 9
471 510 2
471 563 44
471 587 20
471 624 53
471 707 1
471 729 47
471 740 32
471 761 44
471 791 36
471 846 50
471 868 11
471 890 26
471 946 21
472 487 5
472 500 15
472 668 2
472 754 27
472 779 6
472 784 9
472 937 5
472 943 9
472 948 59
472 955 57
473 496 52
473 506 40
473 586 34
473 593 4
473 614 43
473 631 60
473 652 44
473 654 16
473 797 37
473 845 50
473 858 24
473 955 47
473 965 18
474 530 35
474 542 21
474 558 16
474 648 7
474 709 16
474 727 60
474 837 34
475 538 54
475 598 1
475 601 39
475 608 42
475 672 28
475 794 32
475 903 26
476 546 41
476 580 24
476 649 28
476 659 17
476 765 35
476 993 32
477 489 1
477 507 19
477 524 46
477 686 36
477 721 33
477 728 39
477 946 21
478 483 27
478 537 15
478 553 24
478 654 2
478 660 30
478 812 20
478 823 17
479 581 52
479 608 47
479 622 49
479 676 30
479 730 50
479 864 27
480 542 32
480 631 27
480 651 44
480 752 48
480 755 38
481 555 8
481 707 3
481 816 24
481 852 18
481 949 31
482 598 49
482 603 23
482 665 41
482 770 8
482 814 7
482 836 46
482 843 25
482 853 9
482 865 5
482 962 49
482 999 53
483 499 44
483 512 50
483 558 54
483 567 17
483 617 33
483 667 28
483 672 42
483 741 53
483 745 51
483 856 4
483 892 10
483 981 13
484 553 25
484 623 29
484 788 38
484 800 3
484 820 19
484 878 7
484 888 53
484 892 19
484 921 28
485 512 25
485 638 16
485 667 4
485 683 21
485 692 55
485 753 43
485 854 38
485 868 44
485 985 42
485 997 50
486 532 56
486 564 30
486 582 57
486 602 56
486 682 16
486 902 3
486 958 45
487 620 51
487 678 60
487 776 56
487 885 38
488 711 14
488 725 58
488 814 54
488 820 34
488 972 21
489 707 2
489 747 8
489 756 44
489 805 59
489 824 51
489 928 6
490 527 5
490 529 59
490 611 25
490 653 29
490 660 9
490 878 31
491 532 30
491 612 59
491 669 43
491 953 9
492 525 10
492 637 3
492 712 38
492 800 38
493 503 32
493 691 50
493 743 13
493 876 18
493 883 14
493 903 29
494 565 60
494 577 18
494 607 43
494 635 60
494 636 36
494 662 19
494 757 59
494 781 57
494 842 17
494 874 46
494 916 29
494 917 15
494 972 11
495 564 17
495 618 27
495 712 15
495 714 22
495 799 44
495 865 3
495 949 6
495 965 34
496 644 14
496 654 29
496 753 23
496 816 15
496 833 41
496 952 14
496 997 26
497 522 57
497 657 28
497 658 18
497 666 31
497 767 53
497 926 19
498 571 31
498 630 50
498 633 28
498 647 3
498 765 29
498 774 53
498 798 8
498 827 29
498 880 41
498 904 30
498 920 57
498 950 36
499 543 3
499 598 54
499 741 24
499 789 49
499 963 60
500 507 33
500 721 59
500 746 3
500 897 36
500 940 6
500 989 7
501 514 51
501 714 15
501 803 37
501 844 37
501 862 16
501 974 50
502 544 52
502 632 8
502 690 37
502 709 43
502 803 46
502 859 54
502 876 39
503 519 50
503 553 11
503 630 45
503 881 6
503 990 27
504 576 26
504 614 6
504 703 38
504 835 5
504 897 25
504 942 47
504 977 60
505 606 26
505 702 49
505 740 46
505 816 38
505 830 11
505 837 15
505 842 18
505 906 35
505 933 8
505 957 37
505 993 47
506 580 12
506 643 28
506 768 52
506 821 1
506 854 29
506 869 43
506 884 58
506 902 58
506 924 10
506 983 1
507 545 6
507 612 55
507 654 40
507 717 24
507 721 51
507 919 48
507 984 18
508 562 10
508 632 2
508 645 33
508 714 1
508 817 24
508 868 41
509 515 18
509 517 38
509 549 47
509 611 7
509 618 32
509 649 8
509 661 10
509 673 5
509 752 59
509 815 16
509 819 55
509 861 15
509 914 35
510 521 16
510 558 11
510 650 56
510 689 52
510 743 36
510 765 20
510 841 9
510 856 46
510 892 57
510 930 33
511 538 60
511 572 26
511 769 60
511 788 19
511 789 56
512 821 28
512 862 56
513 521 2
513 610 22
513 630 40
513 646 11
513 714 2
513 912 15
513 925 32
513 972 16
514 521 11
514 523 14
514 581 39
514 607 35
514 710 53
514 939 13
515 789 35
515 799 56
515 894 25
515 910 13
516 572 59
516 581 17
516 737 35
516 789 31
516 871 54
516 952 30
517 556 12
517 761 5
517 772 51
517 791 56
518 614 2
518 653 47
518 832 12
518 886 2
518 990 49
519 611 9
519 618 53
519 703 22
519 975 4
519 987 3
520 675 51
520 695 9
520 736 49
520 768 55
520 771 12
520 951 12
520 989 38
521 533 52
521 554 55
521 577 51
521 596 11
521 679 59
521 730 45
521 847 57
521 891 22
521 960 59
522 554 35
522 610 60
522 735 12
522 834 31
522 859 55
522 881 49
523 554 22
523 677 12
523 765 11
523 801 19
523 810 1
523 861 28
523 888 59
523 972 9
523 998 14
524 637 44
524 690 7
524 732 43
524 874 58
524 941 37
524 956 52
524 992 26
525 567 43
525 612 3
525 724 48
525 732 4
525 748 30
525 752 46
525 919 30
526 550 17
526 593 26
526 623 24
526 661 23
526 715 9
526 852 34
526 884 44
526 919 51
526 977 11
526 981 21
527 602 35
527 681 7
527 765 60
527 796 53
527 816 8
527 855 13
527 873 44
528 537 20
528 568 54
528 571 22
528 590 52
528 858 41
528 909 60
528 923 2
528 946 53
529 662 27
529 752 44
529 980 13
530 623 22
530 627 53
530 710 59
530 798 59
530 840 12
530 880 53
530 943 13
530 966 20
530 995 25
531 605 3
531 608 25
531 645 7
531 724 20
531 817 48
531 869 39
531 945 32
531 987 29
532 553 53
532 587 25
532 595 29
532 605 16
532 693 37
532 835 45
532 841 45
532 846 39
532 899 58
532 909 22
532 931 4
532 975 18
533 540 4
533 596 58
533 599 21
533 698 20
533 712 12
533 826 2
534 631 52
534 753 14
534 947 22
535 596 32
535 688 23
535 769 6
535 829 26
535 874 52
535 999 9
536 689 51
536 762 37
536 782 20
536 800 16
536 830 9
537 640 32
537 687 27
537 968 34
538 563 41
538 577 52
538 663 45
538 706 13
538 711 52
538 751 6
538 767 60
538 789 52
538 842 56
538 849 1
538 908 2
539 540 4
539 630 58
539 699 25
539 726 41
539 770 43
539 883 44
539 930 16
539 981 19
539 992 54
540 607 5
540 640 60
540 797 31
540 820 58
540 835 60
540 841 33
540 868 12
540 978 4
540 983 15
541 552 57
541 555 29
541 708 23
541 848 9
541 921 29
542 677 55
542 741 4
542 782 8
542 797 4
542 846 26
542 902 15
543 581 18
543 632 49
543 666 48
543 857 10
543 877 28
543 911 38
544 635 24
544 637 17
544 677 19
544 735 48
544 997 26
545 596 31
545 919 50
545 944 40
546 695 15
546 698 58
546 824 16
546 836 26
546 890 58
546 987 26
547 573 8
547 588 12
547 592 34
547 621 6
547 667 26
547 711 10
547 900 49
547 912 32
548 557 8
548 686 49
548 843 60
548 955 19
549 553 57
549 679 6
549 729 60
549 854 30
549 954 38
549 981 4
550 619 4
550 646 41
550 761 9
550 776 19
550 925 18
550 958 34
551 552 47
551 565 24
551 595 19
551 841 49
551 899 60
551 964 6
551 977 57
552 622 40
552 630 37
552 704 59
552 726 23
552 748 25
552 855 39
552 892 7
552 997 52
553 617 43
553 924 8
554 579 25
554 678 4
554 697 48
554 788 42
554 831 41
554 912 46
555 581 14
555 674 14
555 928 21
555 992 20
556 581 34
556 611 30
556 675 36
556 820 28
556 948 20
557 558 35
557 567 47
557 579 15
557 589 6
557 594 38
557 672 40
557 703 9
557 739 45
557 769 51
557 795 23
557 809 28
557 822 2
557 942 31
557 974 58
558 627 45
558 652 17
558 766 13
559 620 30
559 673 17
559 781 54
559 803 56
559 814 48
559 860 27
560 561 19
560 639 54
560 659 24
560 835 17
560 856 52
560 917 5
560 986 57
561 578 34
561 586 8
561 780 51
561 984 16
562 656 45
562 802 55
562 813 5
562 894 21
562 907 56
562 984 4
563 676 20
563 685 11
563 769 40
563 839 10
563 872 9
563 994 54
564 625 54
564 641 8
564 666 29
564 670 51
564 677 41
564 736 3
564 844 28
564 862 25
564 865 10
564 925 14
564 964 47
565 676 33
565 688 29
565 709 21
565 716 12
565 717 21
565 766 35
565 960 27
566 640 44
566 648 6
566 710 17
566 862 6
566 904 55
566 965 19
566 970 58
567 664 43
567 676 55
567 736 36
567 828 52
567 839 21
567 855 3
567 983 15
568 586 54
568 627 8
568 631 10
568 710 52
568 722 51
568 955 59
569 774 52
569 850 26
569 928 23
569 937 30
569 959 45
569 976 30
570 611 11
570 832 45
570 874 12
570 968 60
571 610 25
571 732 24
571 741 22
571 745 52
571 779 28
571 980 50
572 674 45
572 703 22
572 805 46
572 871 30
572 885 45
572 948 17
573 608 21
573 636 44
573 704 11
573 935 35
574 694 43
574 862 5
574 885 55
574 918 29
574 935 26
574 963 37
574 970 50
575 655 36
575 726 39
575 739 28
575 751 27
575 754 3
575 825 35
575 890 49
575 902 36
576 598 25
576 661 24
576 761 49
576 998 6
577 641 25
577 685 49
577 795 44
577 822 58
577 854 20
577 876 11
577 964 4
578 592 44
578 651 52
578 654 8
578 738 55
578 775 59
578 802 1
578 863 12
578 877 4
578 924 15
578 986 31
579 587 50
579 613 39
579 655 17
579 765 60
579 924 40
579 955 34
579 983 52
580 622 35
580 697 38
580 798 28
580 852 49
580 927 54
580 933 2
580 956 28
580 969 1
581 595 57
581 635 25
581 850 11
581 860 10
581 872 4
581 897 37
581 920 37
581 981 13
582 716 25
582 909 35
583 706 47
583 842 9
583 883 40
583 957 21
584 590 8
584 598 2
584 616 36
584 679 4
584 859 51
584 903 9
584 960 54
585 600 14
585 611 21
585 647 22
585 694 34
585 751 7
585 777 17
585 789 1
585 811 50
585 859 17
585 938 29
585 969 15
586 648 45
586 862 49
586 896 11
586 907 31
587 588 36
587 844 10
587 859 20
587 875 29
587 950 57
587 958 25
587 959 1
588 695 16
588 744 5
588 774 41
588 915 40
589 594 20
589 625 15
589 754 28
589 843 31
590 619 33
590 723 50
590 830 41
590 833 19
591 643 17
591 657 53
591 720 27
591 733 11
591 789 33
591 809 16
591 930 1
591 956 30
591 979 35
592 593 4
592 685 42
592 689 34
592 788 31
592 800 31
592 811 16
592 888 47
592 938 57
593 679 42
593 935 6
593 945 24
594 654 48
594 896 58
595 667 14
595 728 26
595 761 49
595 836 36
595 858 59
595 903 39
595 973 42
596 695 5
596 798 42
596 800 56
596 894 46
596 897 23
596 943 40
597 685 44
597 741 39
597 767 44
597 772 24
597 788 20
597 879 10
597 916 46
598 730 37
598 755 6
598 787 44
598 858 43
598 957 56
598 961 8
599 668 27
599 672 4
599 846 11
600 613 25
600 739 12
600 764 49
600 814 5
600 826 52
600 827 7
600 840 12
601 624 30
601 689 9
601 777 30
601 827 44
602 631 14
602 676 2
602 729 35
602 800 48
602 833 19
602 869 47
602 906 32
603 641 11
603 724 46
603 738 35
603 757 17
603 767 4
603 822 34
603 845 15
603 907 27
604 661 18
604 663 40
604 694 41
604 702 7
604 776 49
604 942 26
605 621 17
605 622 54
605 656 2
605 807 14
605 812 2
605 878 7
605 918 37
605 991 43
606 617 60
606 638 15
606 796 58
607 650 20
607 688 40
607 706 26
607 770 29
607 905 46
608 652 5
608 846 30
608 918 8
609 646 38
609 715 22
609 741 1
609 807 8
609 890 58
610 645 48
610 703 59
610 769 5
611 675 4
611 826 51
611 855 33
611 860 46
612 639 39
612 888 11
612 900 43
612 907 8
613 627 51
613 749 12
613 752 20
613 764 7
613 848 18
613 890 41
613 967 34
614 683 47
614 792 28
614 837 31
614 998 36
615 637 23
615 644 48
615 678 35
615 851 47
615 898 55
615 958 53
616 647 12
616 659 37
616 708 44
617 667 17
617 752 46
617 799 14
617 831 1
617 891 34
617 930 32
618 706 14
618 721 23
618 757 55
618 790 33
618 990 35
619 662 19
619 719 56
619 768 57
619 773 53
619 805 27
619 989 43
620 786 33
620 910 32
620 932 47
621 700 15
621 701 32
621 818 13
621 860 4
621 935 51
622 702 31
622 775 29
622 872 47
622 904 11
622 934 30
622 941 13
623 708 24
623 771 23
623 785 4
623 798 35
623 803 57
623 944 43
624 756 3
624 875 51
624 912 50
624 968 10
624 977 16
625 671 4
625 676 51
625 678 59
625 687 59
625 787 8
625 793 30
625 902 48
625 921 19
625 996 26
625 997 52
626 632 59
626 650 10
626 699 49
626 828 3
626 908 43
627 722 50
627 751 17
627 802 38
627 803 44
627 914 14
628 719 21
628 760 36
628 805 4
628 819 50
628 822 25
628 833 17
628 855 39
628 869 27
628 894 8
628 969 34
629 674 32
629 708 36
629 785 14
629 847 54
629 887 9
630 636 12
630 701 52
630 713 9
630 771 50
630 817 39
630 918 2
630 962 49
631 658 19
631 732 16
631 815 36
631 825 55
631 841 50
631 844 45
631 894 30
631 952 49
631 980 21
632 633 2
632 710 7
632 751 27
632 805 52
633 646 53
633 752 5
633 858 37
633 888 11
634 968 29
634 978 55
635 746 50
635 876 6
635 944 22
635 951 52
636 742 6
636 770 31
636 974 33
637 788 60
637 863 59
637 889 25
637 937 38
637 989 10
638 640 26
638 780 1
638 806 56
638 888 16
638 898 38
639 664 27
639 672 27
639 715 26
639 783 6
639 836 7
639 859 49
639 924 46
639 934 11
640 641 47
640 659 39
640 958 1
641 683 20
641 701 1
641 719 2
641 832 31
641 936 46
641 990 14
642 685 26
642 696 44
642 712 5
642 810 15
642 856 6
642 907 49
642 953 13
642 987 54
643 722 27
643 799 17
643 822 22
643 897 26
643 978 48
643 992 31
643 998 57
644 649 24
644 781 43
644 846 21
644 861 49
644 929 11
644 949 40
644 958 36
644 966 27
645 733 1
645 758 26
645 787 26
645 803 5
645 861 8
645 907 10
646 658 23
646 669 35
646 691 33
646 698 57
646 723 2
646 804 7
646 924 11
646 955 14
647 661 59
647 776 4
647 843 33
647 887 36
647 945 46
647 978 55
647 987 54
648 659 4
648 735 25
649 655 5
649 718 36
649 755 20
649 855 48
649 866 56
649 900 1
650 739 15
650 743 43
650 772 23
650 803 56
650 814 44
650 829 28
650 930 20
651 716 41
651 751 59
651 889 25
651 904 19
652 653 16
652 780 9
653 683 43
653 715 49
653 727 1
653 840 31
653 959 51
654 699 54
654 769 42
654 816 38
654 872 3
654 893 15
654 938 54
654 966 19
655 681 3
655 732 38
655 778 16
655 781 22
655 825 7
655 895 44
655 989 12
656 688 43
656 806 21
656 893 56
656 960 34
657 839 40
658 811 42
658 827 4
658 833 59
658 870 42
658 944 4
658 992 49
659 682 3
659 782 57
659 818 37
660 708 3
660 760 21
660 801 24
660 848 49
660 866 8
660 889 56
661 833 51
661 893 29
661 904 10
661 923 52
661 976 30
662 666 55
662 725 42
662 815 4
662 854 13
662 877 43
662 901 40
662 905 58
663 686 20
663 757 4
663 812 22
663 877 5
663 985 10
664 698 30
664 822 45
664 976 56
665 695 54
665 737 32
665 813 21
665 830 18
665 872 3
665 876 49
665 926 60
665 979 10
666 708 32
666 728 53
666 779 58
666 858 33
666 927 50
666 997 47
666 998 34
667 744 8
667 937 1
667 960 30
668 763 45
668 765 50
668 784 34
668 823 19
668 825 57
668 904 15
668 955 22
668 993 32
668 998 29
669 739 26
669 871 51
669 958 30
670 676 6
670 684 2
670 691 11
670 705 55
670 881 3
671 914 16
671 969 9
672 705 47
672 725 39
672 744 43
672 898 45
673 772 37
673 898 12
673 951 17
674 732 8
674 738 50
674 957 41
674 965 33
674 976 31
676 806 34
676 822 25
676 826 11
676 925 58
676 937 9
677 696 21
677 730 1
677 835 10
677 927 53
678 769 46
678 803 40
678 860 7
678 887 30
679 811 27
679 914 55
679 986 18
680 709 48
680 768 13
680 778 20
680 830 26
680 937 5
680 984 56
681 738 5
681 784 20
681 810 3
681 862 43
681 957 1
681 994 9
682 717 46
682 875 54
682 909 50
683 722 39
683 938 13
684 692 41
684 854 47
684 884 54
684 928 49
685 737 54
685 833 42
685 879 1
685 911 2
686 733 49
686 747 47
686 798 2
686 814 39
686 817 20
686 825 7
686 859 18
686 907 55
686 918 50
686 950 1
686 980 52
687 834 31
687 865 49
687 882 17
687 900 1
687 965 15
687 974 58
687 997 20
688 703 53
688 826 45
688 878 8
688 999 16
689 731 36
689 793 45
689 972 2
690 710 57
690 805 9
690 806 50
690 885 5
690 907 9
690 991 17
691 723 29
691 818 36
691 946 60
692 720 29
692 726 41
692 746 42
692 764 3
692 850 36
692 936 38
693 751 58
693 929 44
693 944 33
694 700 2
694 738 8
694 789 9
694 895 41
694 925 40
695 783 33
695 802 38
695 861 21
695 901 60
695 909 27
695 992 8
696 710 43
696 746 27
696 769 44
696 774 28
696 801 53
696 888 19
696 986 13
696 995 18
697 721 17
697 735 48
697 881 43
697 907 6
697 931 33
698 733 32
698 843 5
698 940 16
698 953 54
699 828 12
699 910 33
699 954 59
700 738 52
700 812 31
700 847 48
700 865 26
700 980 5
700 981 43
700 991 9
700 997 3
700 999 29
701 888 27
702 804 54
702 834 26
702 975 7
703 721 56
703 869 7
703 873 29
703 876 55
703 960 19
704 846 51
704 984 9
705 739 33
705 788 52
705 815 51
705 952 45
705 998 41
706 955 4
706 988 31
707 912 60
707 942 8
708 760 50
709 754 12
709 768 9
709 855 35
709 969 6
710 745 12
710 780 27
710 941 11
711 778 8
711 799 7
711 949 6
711 990 48
712 754 42
712 799 34
712 931 26
713 789 44
713 823 30
713 831 13
713 869 58
713 910 9
714 725 16
714 768 2
714 783 36
714 900 22
715 750 21
715 859 50
715 867 25
715 890 19
715 953 25
716 751 11
716 817 26
716 850 23
716 856 12
716 891 50
717 834 27
717 857 13
717 891 49
717 907 2
717 948 43
717 997 26
718 737 38
718 754 58
718 987 23
719 737 16
719 746 20
719 852 32
719 993 45
720 869 39
720 960 38
721 748 25
721 792 33
721 992 51
722 818 28
722 903 10
722 944 10
722 986 14
723 726 28
723 779 27
723 825 4
723 930 52
723 935 9
723 949 17
724 748 2
724 764 54
724 833 49
724 918 2
725 781 52
725 920 3
727 748 37
727 765 5
727 776 35
727 894 48
727 937 31
728 730 4
728 868 40
730 788 8
730 831 23
730 976 1
731 849 15
731 927 27
731 995 53
732 940 36
732 975 4
732 989 45
733 760 32
733 856 40
733 939 24
734 768 5
734 915 59
735 785 27
735 830 46
735 876 48
735 904 55
735 909 33
735 973 19
736 827 60
736 915 53
736 925 47
736 955 15
737 790 42
737 802 21
738 790 19
738 831 11
738 834 34
738 850 12
738 855 33
738 857 50
738 880 21
739 789 13
739 800 10
739 881 16
739 969 59
740 828 5
740 857 20
740 873 43
740 889 36
740 896 6
740 928 29
741 762 45
741 837 51
741 850 5
742 876 45
743 829 22
743 846 8
743 908 43
743 954 24
743 988 8
744 803 15
744 924 55
745 803 50
745 890 27
745 956 30
746 842 31
746 906 31
746 921 59
747 784 16
747 800 34
747 814 57
747 858 10
747 894 42
747 898 48
747 959 43
748 802 37
748 859 28
748 980 49
748 984 23
749 846 5
750 805 43
750 806 25
750 899 28
751 887 12
752 756 44
752 779 38
752 793 42
752 847 24
752 850 5
752 946 34
752 989 24
753 782 58
753 938 22
753 979 33
754 784 54
754 893 50
754 915 2
755 844 59
755 920 49
756 775 28
756 844 49
756 872 52
756 883 27
756 934 19
757 811 55
757 885 24
757 982 37
758 971 18
758 985 33
758 995 25
759 766 52
759 787 9
760 833 56
760 843 8
760 918 27
760 924 35
760 963 45
760 969 20
761 801 8
761 814 35
761 904 37
761 909 13
761 966 59
762 784 32
762 825 16
762 884 42
762 934 42
762 943 52
763 842 10
763 858 47
763 865 11
763 871 51
763 889 21
764 798 11
764 807 24
764 897 43
764 941 59
764 966 17
764 968 1
765 838 56
765 839 22
766 777 32
766 877 11
766 910 14
766 985 21
767 970 33
768 826 5
768 991 52
769 776 25
769 853 54
769 867 44
770 802 37
770 804 59
770 831 8
770 873 8
770 923 57
771 798 47
772 795 27
773 821 2
773 825 1
773 874 14
773 899 32
774 879 47
774 908 31
775 910 22
776 826 36
776 861 60
776 880 14
776 948 48
777 918 6
777 923 55
778 794 48
778 806 25
778 985 35
779 819 56
779 964 47
780 811 56
780 846 1
781 807 50
781 844 31
781 863 24
781 952 13
782 890 7
782 963 17
782 982 4
783 930 25
784 921 59
784 970 39
785 793 23
785 831 5
785 853 45
785 854 56
785 873 25
785 973 42
786 883 57
786 930 53
786 956 53
786 973 44
787 891 57
787 990 32
788 880 44
788 945 42
788 972 46
789 793 38
789 841 25
790 805 8
790 880 15
790 917 45
791 846 37
791 914 29
791 986 25
792 919 8
794 900 18
794 961 12
794 975 11
796 868 58
796 884 13
796 930 44
797 836 24
797 956 5
798 863 44
798 920 15
799 956 7
799 979 6
800 964 9
800 970 12
800 990 43
801 908 16
801 998 30
802 848 54
802 977 50
803 810 54
803 845 48
803 868 54
803 997 40
804 826 24
804 937 3
805 824 41
805 905 19
805 971 2
805 983 14
806 829 1
808 869 42
808 988 1
810 816 21
810 865 17
810 882 44
810 895 4
810 946 17
810 966 2
810 976 2
810 993 39
811 832 24
811 870 58
812 836 5
812 928 57
812 988 8
813 868 17
813 874 23
813 992 34
813 993 11
814 879 4
814 943 48
814 965 7
815 845 23
815 989 36
816 960 54
817 825 56
817 865 24
817 925 31
817 950 45
817 992 40
818 870 17
818 913 50
818 916 40
819 842 34
819 858 47
819 871 51
819 900 49
819 932 11
820 833 29
820 907 29
820 953 18
821 922 25
821 925 30
822 857 22
822 924 16
822 952 47
823 966 34
823 974 40
824 829 1
824 874 40
826 962 13
826 968 57
826 997 40
828 884 6
828 986 40
829 857 47
829 876 37
829 898 29
829 978 51
830 881 21
830 968 44
831 912 60
831 988 48
832 995 26
833 951 28
833 972 7
834 861 3
834 866 23
835 901 36
835 919 38
835 957 45
835 987 45
837 930 17
837 990 8
838 846 5
838 892 49
838 957 26
839 886 3
840 887 42
840 993 11
841 856 40
841 988 25
842 972 28
844 849 41
844 866 31
844 871 58
844 884 39
844 951 19
846 902 18
846 953 36
847 852 20
847 947 25
847 948 45
848 872 32
848 913 35
848 952 22
848 954 59
848 980 45
849 962 28
850 930 21
851 921 58
851 923 52
851 999 20
852 879 23
852 898 57
852 919 38
854 972 35
855 978 52
856 903 55
857 952 32
859 881 27
859 887 44
859 983 12
860 963 17
862 927 9
862 932 41
864 917 56
866 999 38
867 897 52
868 882 15
868 921 48
869 891 35
869 982 44
869 989 40
869 999 25
870 904 16
870 983 32
870 991 21
871 884 6
871 894 5
871 917 25
871 920 31
871 921 35
872 921 22
872 942 35
873 877 7
873 902 9
873 969 52
874 884 32
874 965 44
874 977 15
875 905 59
875 942 53
875 998 30
876 888 11
876 942 1
878 894 55
879 957 10
880 890 60
880 919 41
881 902 23
881 960 10
881 995 19
882 915 4
883 998 32
884 888 43
884 921 11
884 923 49
884 991 49
886 960 15
886 962 15
887 896 7
887 975 15
888 968 1
889 934 20
889 988 25
889 990 7
890 918 22
890 933 55
891 926 14
892 928 43
894 901 35
897 921 19
897 958 30
898 928 32
898 943 20
899 929 34
899 965 48
900 934 20
900 950 6
903 957 34
903 983 58
905 907 20
906 940 47
907 928 30
908 911 57
908 989 2
909 942 21
909 961 34
910 968 45
910 981 58
911 943 59
911 946 13
914 941 56
915 995 37
916 928 9
916 948 33
918 938 40
918 967 11
918 984 35
920 985 11
921 943 57
923 988 28
924 989 36
925 969 16
927 998 2
928 964 11
929 974 13
929 997 18
930 948 31
930 979 15
930 990 6
930 991 35
931 940 28
936 967 20
936 996 33
937 940 16
938 975 15
939 981 13
940 967 26
941 950 20
941 966 29
941 985 46
942 946 32
942 947 10
942 987 2
943 945 2
943 953 54
944 966 43
945 962 9
947 949 17
948 971 24
949 957 5
949 982 51
951 982 33
951 997 5
952 970 10
952 985 9
952 994 55
953 988 47
953 993 49
954 970 58
955 959 36
956 978 54
961 966 38
965 974 7
966 978 25
967 984 46
968 981 28
971 981 16
973 987 22
973 996 10
974 984 28
978 980 38
980 993 2
983 998 41
991 996 25
100
58 356 895
38 154 605
44 709 478
29 585 163
8 926 171
26 930 270
9 695 602
29 811 718
36 861 829
7 985 241
36 880 7
22 837 309
27 315 902
20 479 93
42 2 301
53 625 600
52 227 878
23 945 962
20 775 338
37 368 817
45 727 740
10 388 371
53 290 508
20 735 354
7 36 785
8 637 143
59 867 783
45 181 118
20 871 616
36 688 975
19 780 671
8 503 247
18 11 12
50 365 740
54 151 652
19 646 214
22 781 753
35 251 167
42 867 879
43 194 718
55 865 925
39 464 212
50 476 535
16 568 852
31 220 553
21 434 291
34 539 369
13 707 963
48 938 441
42 9 439
51 286 477
19 498 295
47 385 969
55 238 655
44 791 58
46 434 612
58 804 164
13 119 849
15 560 137
24 351 292
31 828 641
17 476 207
59 797 589
41 452 95
48 510 521
19 474 168
23 638 602
6 839 575
14 976 607
38 268 929
34 261 261
54 820 879
28 409 347
48 856 553
23 378 997
49 898 585
32 500 607
7 75 785
16 682 434
12 964 995
34 225 260
30 456 354
40 803 275
8 709 994
26 706 166
5 291 200
25 250 708
5 387 207
15 173 898
11 169 565
52 429 852
12 135 401
56 411 123
13 405 254
55 923 241
19 123 959
37 184 575
49 743 691
38 641 235
55 558 814
