75 1000
1 2 11
1 3 3145764
2 4 1024
2 5 33554434
3 6 0
3 7 1024
4 8 69484041
4 9 16387
5 10 34217769
5 11 4460545
6 12 257
6 13 261
7 14 4096
7 15 57344
8 16 4226
8 17 71092864
9 18 3
9 19 42177283
10 20 4225
10 21 4194322
11 22 9
11 23 1179648
12 24 33
12 25 1
13 26 68435457
13 27 2097185
14 28 1
14 29 33
15 30 4719617
15 31 50994953
16 32 4131
16 33 131158
17 34 0
17 35 65537
18 36 43
18 37 4194847
19 38 1066129
19 39 2097408
20 40 1154
20 41 1048597
21 42 1
21 43 4227
22 44 1048586
22 45 2083
23 46 73741973
23 47 33554434
24 48 16778241
24 49 73741889
25 50 68435616
25 51 35651605
26 52 545
26 53 8209
27 54 33570823
27 55 2097
28 56 262144
28 57 15
29 58 33587211
29 59 1
30 60 4096
30 61 816
31 62 1048576
31 63 32770
32 64 32768
32 65 67109024
33 66 1
33 67 6553856
34 68 5
34 69 33825
35 70 4909
35 71 1024
36 72 73741953
36 73 0
37 74 4194369
37 75 38968100
71 66 53049960
74 24 62052905
52 64 104207138
50 8 52856728
10 51 103163066
37 64 40263737
2 18 8390638
58 62 110686817
52 7 36082305
27 56 79194553
51 64 59831217
34 38 129437327
62 10 34912969
45 69 130028890
27 4 27281326
16 12 75783072
71 68 104854295
42 43 87297434
61 74 21530555
41 23 46150711
51 41 93649170
32 41 10371220
61 31 64378725
17 38 95282166
41 63 18016478
25 49 131070514
28 16 87305114
61 2 13954101
66 38 8849000
50 68 111819913
1 52 118147773
55 22 81711368
73 38 42978974
69 16 28333636
52 55 84962064
49 34 80077357
15 74 83923827
6 25 42390539
57 35 95519531
10 22 124941181
11 23 119074727
48 24 112129508
17 34 76811560
3 55 95696402
69 74 27277126
66 62 413431
19 24 87104901
50 69 129694347
55 31 120247788
71 56 3250978
69 54 2544120
38 11 74701592
24 37 41062321
71 39 51512597
73 57 9963374
11 40 74488885
18 7 94896791
51 74 103306284
56 15 60713994
42 55 121959722
31 12 101643769
10 28 129812586
21 1 64797784
9 49 133151825
6 4 42110884
57 25 70271486
12 48 1075081
58 56 110404617
4 26 75762330
67 29 4328166
31 53 103993115
63 2 96268226
43 43 545361
67 37 33856641
16 26 37652178
52 72 39555105
21 51 108685375
21 72 28794073
47 51 5541208
37 54 57940348
65 41 26902014
59 68 94946319
59 66 11930624
47 24 104894843
55 62 93586330
5 62 94273803
11 67 126761017
17 22 22953514
13 48 45012480
60 40 21414458
5 53 25361701
12 15 50490739
69 62 67658430
53 58 93993717
44 24 40372679
16 52 17047445
8 37 13925605
46 11 65907208
35 64 129206291
39 55 53449945
17 40 8828004
30 55 131208408
10 55 17978853
31 20 59571798
17 20 78049870
6 54 26401310
66 68 84595150
60 73 13426194
16 2 28585593
68 19 36905912
54 18 34360970
60 60 101894524
31 9 53123367
69 9 44474912
63 12 78698180
51 59 86677554
6 10 104660782
46 9 17931305
58 64 62151622
22 33 72150502
46 73 70637109
8 73 119469785
30 37 34493181
5 65 76713425
63 40 50869579
20 36 85353468
64 1 46026779
10 26 67792233
47 28 66618532
46 29 59979454
16 62 35847566
74 24 77860835
41 6 50629427
72 72 11815282
55 64 129916553
9 54 34352573
29 73 77091516
27 3 128877054
59 1 127308527
40 53 67516018
22 23 126141191
40 24 37014251
20 63 10933197
42 21 128381966
38 12 85543625
62 40 25823477
61 6 130682007
4 42 30039537
67 10 24667632
9 48 68686478
1 62 43417695
20 32 95318113
47 74 65578757
31 16 45791588
50 33 50655898
4 32 79444631
3 19 51627428
47 44 76853396
48 41 935252
69 54 93518269
11 27 115370215
23 55 14212601
6 68 127020007
55 74 45794846
21 45 95469937
44 1 105140238
29 7 129926356
42 29 81416178
6 44 21413375
14 9 94136656
37 1 71832032
40 39 10971680
43 73 22157566
73 55 28838993
50 46 69591652
59 73 77083528
73 10 120380759
11 39 4694709
35 39 44193775
52 34 45763033
7 65 111055897
11 24 64239329
25 62 110016390
12 29 43422336
30 48 121781454
63 12 10804260
12 37 115534792
41 68 86943596
47 33 71587236
23 50 39996747
18 39 85008014
47 52 46176252
8 40 10119185
33 11 90239894
66 40 61246156
2 37 37924583
9 17 26524870
7 43 64261280
21 50 30567286
7 71 95011581
30 37 42077965
17 21 75408705
56 71 44238681
72 15 71424083
22 62 21941239
35 27 111872346
65 38 79525105
62 72 74002105
60 36 13405128
62 40 128241433
49 65 107999047
72 26 24721768
17 52 87866644
72 44 102591769
22 15 130587992
65 56 11037441
64 18 25744743
50 14 76027194
8 52 126012353
32 57 52334619
17 46 90085
48 19 109545687
40 27 19268385
44 12 122190731
56 7 119983936
8 58 50659103
46 2 62599544
30 8 16039222
7 64 109190848
8 7 103991746
75 53 128638255
24 19 59234427
13 72 116650811
35 45 98249917
38 20 50717029
40 72 56460731
36 57 83894451
19 74 2425922
62 49 115048990
50 59 3440446
58 24 110946389
70 26 119744835
38 15 61542685
53 59 102411847
67 27 64792959
41 61 4389885
64 72 97099754
50 44 56894395
73 30 37898319
46 24 79272871
15 58 36453989
21 4 124039054
68 72 49762202
43 8 14566384
10 55 129816370
57 64 28362437
28 48 93323981
39 53 44534560
42 15 100579212
9 33 2257664
56 24 3176502
5 49 38600988
64 34 62837920
57 61 46555585
26 60 8175103
22 39 7833294
65 67 97928298
22 33 81846595
17 28 77913336
28 64 70045522
60 12 74750753
40 23 14847915
39 60 47663732
9 55 11805141
15 73 52840444
36 38 62900371
37 29 22310119
46 61 49517903
46 34 17901861
25 66 85335625
23 10 41440783
46 27 9298929
67 5 65149857
72 69 75314394
9 32 26507348
14 10 3032681
8 20 87698998
41 23 114064453
73 1 28068098
33 30 72260125
70 21 64029744
69 37 73686706
4 10 95582695
10 69 51943356
1 11 131354789
74 5 96395282
43 7 89791290
16 46 59446727
4 33 12214463
11 46 130667363
15 2 68720447
32 72 32590198
61 3 122573433
46 8 35878903
45 21 86017939
69 49 24986610
20 19 70208517
29 57 86516833
44 32 40397015
64 7 76080628
75 64 27832599
18 50 27288381
53 36 12340587
61 55 124413325
4 21 130589220
72 12 16329831
45 48 132415111
64 33 76979922
35 38 103161073
73 16 34525663
62 27 70780749
55 33 62437149
19 4 78463730
7 63 93125226
24 45 12749375
20 14 62169058
75 10 87455610
47 35 115937943
36 6 51822982
73 48 102139579
36 2 33729030
24 66 102036982
33 56 109873681
7 67 97660779
36 44 15129484
15 46 94713340
37 56 64945176
44 14 133969470
21 42 20716598
57 14 70015536
2 38 85280428
46 56 61821893
70 44 114950102
26 51 95599512
57 1 29100614
50 18 27031686
57 68 76591207
25 71 85587584
52 27 62822047
20 3 44602610
53 25 68950412
34 73 11575507
52 10 34124756
39 37 5851545
17 68 109222132
29 11 79869888
7 56 127310719
20 39 27477116
15 44 32646557
31 23 89426061
57 37 57594973
68 27 20248819
44 4 15125387
38 13 76879487
31 45 6222022
51 8 43529038
32 69 19415682
41 28 1996411
60 6 32556788
23 48 97575542
61 4 115745519
61 68 91752420
31 58 42505123
72 58 83852538
4 60 107092311
61 62 88138363
74 28 11035615
5 68 120905683
75 57 78920651
60 52 49970938
71 54 127501717
34 55 112621999
72 23 118951756
20 69 17464692
42 68 64496089
21 34 125317402
35 48 113185785
22 63 56155283
55 44 21138404
48 39 127900201
41 72 81743025
71 61 24187139
46 7 118703650
14 71 85063051
21 67 35302662
21 47 127849770
74 12 110799376
16 31 75778833
30 28 82900314
72 40 48615765
43 52 100017574
57 41 17435830
61 27 16306933
3 32 69752738
36 64 129646372
62 46 67222023
51 8 35422157
72 50 132379348
48 52 3166459
74 64 11060246
10 9 78514172
23 29 24679134
36 59 70002861
39 40 76220231
75 14 54192315
46 23 66294030
4 52 25967998
64 23 39517440
7 60 88642237
30 34 55492718
39 60 63123557
46 42 124349434
53 46 35341370
66 8 120105257
52 9 52094978
57 35 46102465
17 72 38219157
26 71 94231259
20 3 67518577
46 30 24194116
15 4 25996547
63 26 53879883
13 15 104479209
63 26 77656934
20 50 43821790
47 30 51665812
44 25 30049272
67 26 32118882
57 50 19928060
69 58 119856691
21 17 72782804
56 22 133447281
49 72 103467675
36 37 38989616
53 43 31092718
11 41 13676441
35 52 25549384
5 26 37514341
71 58 10998133
4 24 17579772
17 5 12480619
23 11 112757144
44 48 130299817
31 49 22642659
62 66 3282614
4 13 84411749
9 1 76559494
27 29 19412567
45 52 74380034
12 2 36078995
8 25 34244636
49 39 71332468
1 29 29104442
45 7 62936950
53 29 45012854
45 74 73591780
32 46 62345031
19 24 95513854
15 49 80582056
58 69 111210950
69 2 93080038
2 52 10490531
70 47 47252985
73 49 41922219
10 56 11171675
41 36 2776634
43 51 105008156
72 24 108786134
33 58 127315397
59 11 49814812
60 44 118273202
35 53 17169464
74 14 45800373
66 23 124268338
19 44 131147194
59 27 59152123
1 29 119704363
24 69 52599731
2 33 85066889
27 2 68704107
31 43 121932106
51 39 94359045
35 21 80724867
37 39 88178261
3 43 48025567
32 50 3419188
6 41 36489422
48 13 12079125
43 37 3041191
8 52 76315237
34 62 20510589
42 41 33051287
31 41 118527124
29 61 6850061
60 46 57649350
45 36 30315970
14 41 70145551
14 57 20196042
19 35 77906208
19 11 116987279
58 11 88912353
27 42 22170540
73 5 43785376
32 71 33754103
60 68 89397688
45 66 48911656
10 26 25317162
38 1 112175834
58 26 9852182
16 21 23232167
39 39 113169774
22 10 48105696
18 3 109498443
21 14 116957265
70 37 131543181
46 73 127359768
49 8 58446199
74 70 128138288
34 6 59655828
40 15 101201886
16 73 51031674
63 56 93095509
57 49 58171201
29 48 77884370
13 59 75514700
44 26 100328040
72 34 47412409
51 38 87010822
67 60 118498066
55 63 77911615
36 25 102146273
9 64 8430934
65 55 110793547
15 56 85754238
3 27 9442921
71 63 62382305
30 71 131320228
31 15 26256517
44 71 122813262
66 43 91508736
26 29 112364551
63 74 52038762
48 29 104264964
68 44 4866578
21 57 113833277
74 16 54428795
17 57 86557009
69 21 6442633
28 12 96225843
50 69 78656073
30 58 133983904
25 6 75783907
75 34 20752995
54 64 79062332
1 5 101737216
7 54 35148811
58 24 117746032
56 43 91899468
14 36 3691264
59 49 30222220
18 42 56417158
56 39 19741970
28 75 43695521
41 6 35424984
57 32 76300273
58 17 76217988
10 48 1182357
14 6 26763866
25 18 35058843
58 64 25348489
74 67 121688825
19 44 49373712
49 7 96822038
63 49 89239488
20 60 32434030
26 15 43125241
32 11 33207125
32 33 92948314
54 26 78550409
16 11 83542386
73 25 541907
69 26 37659115
63 40 34371850
34 22 80348418
61 52 133839584
50 75 110791998
37 22 69383057
18 27 84436145
32 40 44086297
24 40 79565056
38 46 110771707
46 5 120699560
39 33 76233014
54 34 102269703
23 38 106920199
7 72 100476243
33 9 92952283
45 62 14067688
37 53 107145322
39 44 5743862
46 31 67742319
68 71 93146349
28 35 9013241
37 25 66236144
22 73 38825603
22 66 92068030
8 31 126520229
73 12 77099607
22 71 89069989
41 61 21418827
6 39 128428426
4 21 40419418
14 3 42903455
29 61 71360692
29 58 85333452
26 27 28836264
42 5 98619417
62 31 101626215
62 52 18891219
22 47 60429498
2 8 20456902
60 18 39203141
48 46 10351312
19 52 35894696
72 35 63340198
24 13 3158482
27 21 98729906
20 38 67842653
7 61 55976721
16 9 53132006
22 32 113790041
47 41 73670461
22 50 73306067
20 2 26376511
10 67 122065514
38 55 112174415
33 38 96433479
7 1 3691819
6 38 27872810
37 63 106057458
71 41 37030216
70 68 25524338
32 15 29134449
64 59 50742710
7 53 119189371
39 60 22933751
47 2 5658249
71 73 26313834
25 31 60200447
9 63 110763858
12 25 27808059
25 17 71102276
14 41 61919699
41 47 13631892
14 62 11039115
63 6 76583800
19 26 10567652
1 1 62040832
50 52 62040280
18 6 77071078
1 42 39880347
8 56 121034985
41 5 3442723
44 15 39381051
31 36 104257143
4 2 94657748
74 4 62032745
55 28 19665776
7 41 101221585
10 38 112327664
43 36 91364854
58 41 44495674
40 74 103073835
55 40 20848178
20 2 28718065
45 37 11965615
62 61 41301395
66 72 30632987
70 9 101407379
15 72 7181065
31 20 25853834
66 35 4186012
65 61 65170268
21 47 19684739
1 48 118937447
3 35 28956306
54 64 26353063
75 51 104103419
7 22 99804973
48 34 109722980
74 62 42133666
13 74 94121018
64 11 31337465
7 74 92283392
72 8 89213870
41 69 45655371
39 12 109572001
60 19 58686928
19 43 130402295
48 31 11028474
39 43 55171114
31 51 9887862
10 3 120360130
6 68 77124203
18 47 21134604
52 2 3682867
43 51 81574456
27 75 76820145
66 71 93057060
18 45 8048222
56 20 77213743
55 24 84442001
22 35 123593035
7 51 54014677
66 68 96382704
3 63 102919740
26 74 129925742
58 46 88054300
53 41 93737688
56 17 43936548
16 74 43423591
41 44 124128889
28 50 102151003
64 2 117834861
3 69 67926966
50 18 78411867
47 25 64798352
15 33 1502873
5 35 95632957
58 32 4079999
26 71 101143214
16 63 41571
10 27 111722888
71 49 31518530
24 1 45283559
67 51 75283471
37 29 130742738
63 4 86805384
41 20 8411071
54 27 27177969
29 52 109502571
11 72 69991576
23 60 127832660
15 21 30079888
45 41 32827714
13 32 11010050
46 65 76676360
65 42 15614270
64 19 79285908
32 46 44266126
41 66 45000912
1 29 37151297
46 53 93960314
57 56 27538464
40 62 3539825
59 59 87566309
40 54 1081352
40 53 36737136
8 66 92691968
31 29 10242842
45 36 114040179
45 46 47831681
34 36 94685300
33 7 10092663
59 38 51894456
70 36 67740459
26 64 95218151
75 54 36965087
67 62 23218762
2 60 21809856
69 2 62578580
16 41 85068090
19 46 36058766
28 15 121264333
66 42 72879737
38 4 128704539
68 31 111807632
6 13 93075483
42 74 81688072
22 5 14175232
44 22 36098615
23 74 96511026
42 31 125615956
24 24 44475994
46 4 25292351
61 59 88654299
16 61 29669807
21 19 113895614
12 68 127301185
31 35 35066159
10 71 60127732
9 50 79172330
12 12 119985293
49 34 73261419
59 17 95725778
1 36 814330
62 67 121953701
16 18 102671705
38 74 92355840
33 15 2803668
12 69 36090245
25 52 43183897
75 55 50499955
3 2 20187974
15 27 3711766
42 45 62268085
29 31 27795467
69 21 55625346
19 64 62592748
24 44 114829314
73 3 17851429
21 44 102380701
34 52 20492581
26 24 44226692
64 62 26001333
31 75 43706837
33 35 93829237
46 75 102442743
66 66 20721351
50 27 119732999
22 28 113526495
2 57 70284375
17 24 94942042
62 24 42643056
40 49 124637305
37 66 7228994
23 71 131332359
22 56 72002904
38 23 97110175
8 57 59959864
73 18 1069370
45 18 122449689
18 25 25715180
54 52 95615144
7 7 19924436
19 67 73871136
12 52 24764
34 67 14339002
3 47 106752865
5 27 45117627
47 52 38830346
65 54 27974560
22 52 6992501
55 53 60473851
61 28 81570850
62 60 40524976
42 72 18572447
19 65 103515170
38 60 133895433
58 59 34120067
8 74 9199099
53 43 79855185
64 37 32300209
7 32 84965280
52 54 110113300
15 43 131345777
66 67 5009779
45 15 82463398
8 22 56894954
51 31 19313414
43 31 99765865
56 70 26327529
53 56 18638658
6 13 45015199
10 7 111206972
25 11 74383172
16 32 76559249
53 69 36343067
12 4 111587953
64 16 76857196
39 60 100248238
55 18 17568371
25 45 113247639
33 21 81812311
42 52 48020652
17 56 70034812
71 13 95528071
51 51 17302613
56 14 127330866
8 23 29414283
34 24 45766950
27 36 101378849
17 75 87338988
12 72 55816219
47 24 46963552
36 22 7773534
7 41 62175427
20 56 60604890
48 24 28059871
62 8 44750995
74 44 72017260
11 55 7514715
45 13 73315941
14 29 52336458
48 71 43980106
59 53 119208179
5 59 129000084
9 52 3934272
65 72 133949252
73 38 1401486
47 27 39383341
45 26 100065477
60 56 133054213
68 64 109759544
53 56 110550070
70 6 59715930
66 6 19555582
21 53 41461603
40 63 37494760
36 21 74082450
10 68 18014071
36 74 76023542
14 3 112652526
67 14 72746546
51 38 79154979
38 27 42182390
