30 50
1 2 268697894
1 3 132232
2 4 4194327
2 5 395266
3 6 2
3 7 5
4 8 1
4 9 1
5 10 262273
5 11 6372
6 12 4194304
6 13 76412416
7 14 524417
7 15 9
8 16 1
8 17 8388610
9 18 67371019
9 19 4198416
10 20 194
10 21 100663554
11 22 34310
11 23 18452
12 24 33560834
12 25 69826
13 26 1065
13 27 130
14 28 8388612
14 29 36
15 30 4097
30 6 43193806
8 12 888226026
7 16 416583521
12 9 294988668
25 9 896988984
15 15 142707227
13 13 185936347
21 11 68623524
19 22 686234274
6 24 723558750
13 28 618917652
5 24 966979835
8 7 841259819
13 23 955017235
20 24 808947371
26 8 407544711
8 2 749784972
26 30 9354751
9 23 231897128
10 7 386967526
30 27 712615134
