9
6280.227398 6306.385829 7467.374092 9160.507929 4542.161188 7736.954157 9146.022801 -3318.391148 2626.604841 
6381.915044 7601.790935 2897.056651 9031.841886 3446.654416 10871.251268 9201.436899 192.148251 -1446.071274 
6527.746972 7769.203644 3296.125165 9185.334595 5721.964835 8975.229789 12044.982301 -4725.464879 3000.518851 
6111.883704 5207.618846 873.274296 9083.391777 3726.756174 7987.444586 9038.821989 491.609316 -1170.986817 
3307.158595 7758.756603 3372.796103 9144.593415 5869.043687 8699.112959 4433.208280 191.577226 2917.816994 
8429.526362 7694.679737 -1791.193384 8894.996445 3938.080191 7957.654437 9300.038070 127.766801 3324.078390 
6417.235016 7765.636931 3340.343724 13533.862638 5620.269496 8028.768628 9012.470792 3956.294527 3075.791831 
8300.556143 13189.394167 2812.095152 9236.467510 5721.840274 7787.621414 9255.769333 -129.963507 2938.443025 
3341.875240 7769.491582 3297.645398 9107.127999 8924.425440 7795.682304 12744.571016 213.397526 1727.981592 
5908.344853 9451.540732 5367.858117 9513.982874 10307.535357 8460.884720 7802.892337 646.703715 1541.431296 
