10
3127.040955 9700.901470 6464.982850 1231.058258 3603.439662 5321.479605 1429.194454 9758.116756 -4613.452370 9127.124039 
3649.146988 8548.207397 6226.495684 1216.344181 12364.419445 5222.751586 10878.085356 6047.694658 3060.194222 9494.857915 
3650.253693 7736.051112 6226.454449 10456.965252 8341.774984 5227.866171 2012.381717 3207.002484 2944.731383 9538.168869 
3651.041571 8665.606762 6479.918084 1080.887778 8177.686540 5346.977545 2033.727128 6049.134496 5517.704006 19.715280 
3653.932802 8552.682203 5824.915414 1529.592324 7885.034906 5208.657642 2035.325107 -3431.419944 5401.560992 9481.238457 
509.874270 5533.538716 6245.547343 -3227.768832 8249.442445 4896.279823 1512.452208 12021.445690 3000.785402 14148.530739 
3772.886438 8484.511717 6809.874524 9263.013490 13392.073237 5341.968361 1780.167994 5595.583640 2087.768688 8573.083522 
2640.282580 8464.159107 6315.981785 1093.020768 7956.278409 -2856.122463 7483.588381 5977.790168 3230.757062 9541.876369 
3770.105928 8701.672079 -102.330395 7984.095377 8253.796953 5088.963343 1727.480772 5814.777535 5981.404968 9522.975002 
4073.178443 8434.314832 6217.693218 -740.555859 8030.943953 5236.100680 2060.337068 6329.399990 -5235.715955 14294.519621 
3660.571143 8516.018798 6233.865659 -498.130080 -1365.153765 5065.749664 632.382488 6000.437941 3047.310454 9712.062960 
