12 54
710 430 -196 -463 17 -348 921 -408 -242 -32 572 -961
7 10 828
4 7 503
3 1 970
3 0 153
6 3 713
5 10 800
10 4 577
8 3 512
9 10 10
6 7 602
0 7 900
11 0 408
2 4 208
9 3 123
8 10 494
5 9 7
7 1 297
6 9 129
1 8 745
4 9 108
11 10 16
2 9 445
8 9 495
2 1 474
3 10 614
11 4 676
6 11 27
3 11 701
7 9 390
0 9 444
8 4 955
7 5 170
11 5 967
4 1 399
2 10 600
2 5 87
10 6 209
7 11 137
0 5 711
11 1 128
6 0 930
11 9 212
2 0 850
8 11 315
7 2 326
3 4 305
8 6 505
1 6 665
4 5 208
2 11 6
3 5 393
6 5 555
6 2 684
7 3 301
