14 61
700 -985 -887 343 -955 411 812 -644 -639 900 -853 378 173 1246
5 13 129
10 9 664
3 0 922
9 11 83
1 7 973
4 12 771
5 9 412
0 9 94
9 7 547
13 11 936
2 5 894
11 6 451
12 11 941
9 4 374
7 0 194
13 4 404
6 0 814
7 10 326
2 10 475
7 6 390
4 2 787
7 4 738
3 7 495
4 0 998
6 3 177
7 12 522
1 11 491
8 2 688
12 6 739
4 11 159
2 11 516
4 8 679
4 1 598
4 10 236
0 2 745
13 3 218
12 5 340
3 11 508
5 10 641
1 2 179
0 12 450
12 1 507
12 2 605
8 13 970
7 11 333
12 13 980
6 2 230
10 12 671
5 4 693
9 12 49
5 8 965
1 3 507
0 1 247
3 12 205
3 9 413
13 9 102
5 3 907
13 6 265
10 6 495
13 2 401
10 13 493
