300 2000 1000 208
251 61 2246
22 3 3153
81 124 1726
77 280 4372
14 169 592
186 46 4946
146 128 4639
148 296 2647
283 120 4786
197 139 435
59 89 4916
231 38 506
182 56 623
283 225 3941
298 117 3457
141 24 1734
18 10 1102
86 45 813
261 271 2541
19 263 3219
250 260 3725
131 298 110
285 237 331
292 184 2548
196 254 166
11 224 4807
75 5 2675
36 54 978
54 64 4960
55 89 4447
72 43 2420
69 124 4170
140 51 274
299 130 135
238 222 1973
271 118 2777
250 260 3744
169 14 761
230 205 527
215 214 1283
35 66 452
174 75 1490
224 284 1625
213 277 4362
184 158 2138
24 100 2589
245 223 3351
174 267 3878
188 258 4378
222 238 4830
82 299 2584
202 222 1941
289 73 3080
115 116 1925
139 197 277
135 167 3628
60 189 3268
67 245 71
288 30 4902
186 286 2746
255 275 1453
93 176 737
208 20 3426
98 110 3703
232 290 3093
291 34 2123
29 222 3740
159 197 4125
44 174 1871
50 23 4087
89 59 4372
45 99 1388
159 294 423
134 188 2765
74 239 1336
102 274 1634
75 13 1292
296 148 1701
49 107 1908
251 13 1580
287 69 4797
292 25 1020
64 54 704
46 214 275
262 48 256
163 282 939
158 43 3403
258 27 1074
260 191 2654
95 96 2762
105 225 2756
124 287 2140
87 2 3402
65 259 4925
227 26 863
136 91 4267
93 78 340
104 78 3757
155 180 2029
81 204 3689
39 181 3282
90 131 2950
207 176 3638
87 90 2537
55 228 2253
132 57 4324
167 135 2307
100 103 3042
252 169 1511
290 12 556
132 195 4269
38 100 2906
81 204 3978
187 94 1230
71 247 553
146 128 96
256 68 4899
23 74 4208
232 12 1243
214 215 94
260 250 772
92 34 512
172 267 912
151 36 3702
48 262 4561
292 72 3461
292 158 4636
116 96 2260
82 130 2354
41 69 3890
132 165 164
67 9 4474
290 175 3542
145 130 3927
256 143 736
140 51 990
8 217 4013
89 20 2129
129 141 1781
12 290 1946
224 284 4616
236 218 1869
274 73 735
25 72 2509
66 35 678
34 291 2737
287 69 402
166 136 4187
266 292 2693
189 19 3071
177 247 702
150 222 1437
226 220 4709
291 229 1150
24 231 3887
10 279 51
227 108 4239
48 255 1784
283 226 1975
123 202 3373
38 200 450
296 122 1384
12 232 1196
92 229 1845
91 113 4164
184 72 3399
58 258 1404
158 25 2826
132 165 4291
185 270 4299
149 148 3961
212 185 919
56 156 2764
153 71 3138
15 77 3897
276 197 4151
219 171 4032
108 227 4938
141 103 4904
161 88 1631
91 136 444
189 19 453
42 245 3591
224 253 3627
63 208 3810
280 270 1713
14 119 980
150 238 3587
186 40 916
185 212 4165
188 258 1703
88 161 1168
120 283 3248
291 34 4346
13 61 2287
55 59 3072
67 223 3652
239 50 4169
2 87 351
226 16 3166
291 34 2187
245 42 898
292 43 3964
262 275 655
208 59 1405
202 29 3999
145 130 510
281 81 2315
65 232 1558
148 203 1777
30 116 2047
261 217 4218
212 270 4389
205 78 1796
129 24 1099
48 262 2633
240 50 822
223 42 3935
94 53 558
38 200 2372
43 266 4304
245 9 2292
183 279 4031
27 58 2768
121 234 4375
150 269 3256
249 9 1777
29 269 3376
225 283 2295
20 59 2991
144 145 1497
280 212 4221
222 269 2535
94 182 1909
162 153 3325
110 190 101
281 41 4332
255 262 2711
61 5 124
173 137 2045
116 30 3340
226 225 4351
163 246 4528
218 236 3930
65 259 3781
97 21 3112
51 275 1585
280 270 13
204 281 2058
120 283 3824
45 99 3937
207 176 3465
176 242 3157
292 72 1937
140 275 812
14 33 1319
293 171 1332
196 101 3390
198 91 1000
294 139 700
104 93 1314
127 206 773
69 281 2071
15 185 2182
33 119 2
233 244 4115
167 199 4474
48 275 4457
76 42 792
74 121 4823
113 166 4745
234 239 1815
9 245 3341
246 167 3314
230 242 3191
97 285 2664
126 227 4084
207 205 1823
281 1 2408
145 299 2152
78 207 3967
86 164 3070
284 253 3773
94 187 2004
298 87 1468
193 210 3165
124 1 2794
94 53 1045
101 254 3423
227 26 315
63 55 2095
188 58 1383
12 235 4054
237 285 1238
293 154 4455
255 140 255
250 191 3465
89 59 4588
5 4 4678
59 63 3600
97 237 1294
228 20 1755
56 156 3685
129 24 3780
130 144 2431
206 277 1804
294 147 1392
299 145 1832
109 210 431
205 207 2488
132 165 5
240 17 3691
120 283 2470
249 223 663
120 225 2790
138 86 4749
144 82 3524
47 3 3591
55 63 699
194 94 3981
99 138 3928
89 208 1334
65 290 4893
291 92 1933
181 39 2445
147 139 472
49 295 3684
104 176 146
94 187 1614
23 234 2535
71 247 1688
211 179 422
253 111 2355
133 112 562
208 89 1531
182 94 210
37 218 1119
182 56 3496
204 287 1793
275 48 3481
135 199 118
88 161 3236
220 226 3799
128 146 1092
209 133 2944
55 208 357
134 188 1697
90 117 3490
183 109 967
164 45 2656
230 207 4255
105 220 1616
211 106 2736
211 66 3089
300 253 2341
63 228 74
295 264 3594
40 186 1613
57 195 3431
253 111 2103
109 18 4483
72 184 2218
88 80 1255
146 192 109
17 50 844
13 4 191
192 128 1267
235 290 5000
55 20 1439
299 130 3643
47 3 3481
220 120 2273
66 35 2457
173 101 1492
280 185 3632
200 129 845
143 68 88
295 28 461
48 262 203
284 224 857
199 282 4850
183 10 2746
172 174 3190
251 4 3368
134 58 4744
31 171 4513
250 260 2275
49 264 3242
84 68 4099
34 92 3948
268 276 2456
110 189 3280
23 240 3398
190 85 1280
66 179 2063
172 44 4555
153 177 1122
205 78 2761
137 101 3425
25 184 810
9 223 2738
32 97 1898
24 114 3175
45 86 4162
101 137 3041
117 2 1256
262 275 4072
130 82 211
29 269 4670
37 236 2407
68 256 67
38 231 2088
202 123 1808
209 112 740
211 106 2888
291 92 1586
234 17 2309
8 261 2512
102 73 2076
136 166 1791
151 64 3841
129 38 881
182 56 1858
7 47 2200
297 14 3786
283 220 1858
270 212 1324
294 159 4408
138 86 2558
20 89 3559
256 68 3643
5 251 3192
248 45 1367
146 142 1297
11 111 1162
115 96 3580
18 183 4839
102 274 4967
52 133 1409
7 3 52
11 300 3244
49 264 3293
76 223 4237
298 2 2388
276 159 48
69 281 2640
184 72 2510
54 151 11
220 225 795
62 161 801
123 29 1926
228 20 1865
5 13 1265
75 4 2977
133 52 2170
15 185 4877
144 299 1180
23 239 2451
5 75 130
46 214 2862
97 32 4600
248 45 392
175 235 4659
151 64 2075
102 289 4540
121 17 407
240 121 302
244 32 1195
289 73 4820
175 235 3337
56 187 1017
179 211 4880
186 40 1675
259 232 3346
123 269 1960
114 103 2262
58 134 4220
98 19 4039
287 281 4220
123 125 4793
133 209 786
98 60 3855
88 80 2875
280 185 3971
6 36 1876
220 16 3539
100 231 1700
280 77 4902
30 96 137
86 248 1266
198 91 3413
291 92 1964
189 98 1749
153 247 3003
104 242 4583
218 236 3041
173 137 228
46 273 827
12 290 3174
136 91 1686
31 219 2187
252 297 1631
76 67 1849
292 43 2196
261 271 236
133 112 1227
230 93 2054
294 276 991
74 234 2159
27 258 1057
249 223 2145
25 292 4757
117 87 3662
46 214 4706
145 130 4902
298 117 2591
22 272 1096
207 242 3534
46 286 2062
207 104 844
277 206 4340
294 159 4600
5 174 2078
173 101 1113
222 269 4467
243 85 562
201 80 4859
29 238 4427
285 244 2909
164 99 2406
53 56 2529
192 142 2416
219 154 27
198 166 599
90 117 806
149 122 4604
218 37 3623
194 53 4249
197 294 4215
246 199 4544
109 221 3594
43 184 4388
83 99 2273
259 290 681
160 93 284
77 270 3907
182 53 957
263 98 244
225 105 2398
58 258 663
152 149 813
63 208 2886
292 266 1898
232 259 1942
127 206 4797
8 261 753
22 47 1761
144 130 3222
177 247 3276
192 142 4237
116 288 2238
159 268 4136
91 113 1840
217 118 1637
224 11 3153
245 249 4914
140 275 3135
17 234 2173
260 250 637
97 32 3143
44 172 2824
216 181 1530
69 81 2521
86 99 2837
77 270 1213
207 230 327
90 2 2855
267 174 4309
7 22 2995
100 103 269
257 155 1308
24 38 719
181 155 2733
254 196 1384
250 260 3951
294 276 667
178 224 2045
78 160 596
41 287 546
48 51 3640
151 64 318
169 119 2765
175 259 649
172 75 3023
108 26 1711
288 115 698
177 162 516
69 124 219
179 66 423
190 110 4224
157 85 4332
199 163 1684
121 74 1007
240 17 956
14 297 2069
128 192 4951
147 276 2606
26 227 3793
215 46 3779
124 81 3874
74 241 557
195 57 1564
242 207 566
166 113 4988
207 93 1258
99 138 2949
115 30 656
101 173 4927
99 138 4330
31 171 4736
132 195 1378
74 239 1944
47 272 2664
161 80 4083
13 172 4010
115 288 4934
282 199 2376
51 48 384
180 216 944
201 62 1010
52 112 3829
14 33 4527
292 184 2563
210 109 3668
99 248 1501
132 195 3878
183 221 24
114 141 968
14 169 1979
16 283 1390
68 84 3639
24 114 571
285 244 4239
223 249 2008
125 238 2736
261 271 1443
215 273 2181
171 31 2852
202 222 401
298 87 3286
159 139 4695
79 96 341
270 15 2021
213 277 2627
94 53 1013
221 18 814
91 113 3666
292 266 4831
41 287 3116
251 61 3573
29 170 3914
299 144 1697
144 82 2728
15 185 33
239 240 1727
20 89 3909
31 219 3677
45 83 3001
25 43 3273
141 114 4655
116 115 2719
236 218 2467
121 234 906
249 245 1536
32 97 35
87 117 112
232 12 3855
121 234 3190
51 48 640
283 225 2427
295 70 3128
6 64 525
211 179 1413
183 10 2335
93 207 745
9 223 2753
101 254 3659
104 176 4600
49 107 3695
277 206 611
70 49 229
244 21 4673
170 125 4789
39 155 4402
50 234 2453
151 54 1111
6 36 1474
55 20 931
295 49 4088
271 8 1884
121 239 2433
276 147 4651
265 36 4352
67 9 1804
124 41 207
120 16 1074
79 95 2649
73 102 2499
95 96 4384
216 39 2579
182 53 4220
157 60 1248
223 245 3053
79 96 1657
23 50 2351
283 220 3332
253 224 1231
32 97 1313
22 3 2336
134 58 2083
101 137 2050
2 90 3272
80 201 692
155 216 3043
137 101 1374
89 59 3368
180 216 4624
39 155 3139
246 135 2648
227 126 4144
101 196 527
41 287 3532
116 96 4232
102 73 1038
229 291 2214
239 50 2904
99 164 4162
43 72 3258
60 157 3927
158 184 2442
160 93 3007
111 284 3369
193 210 3661
182 194 2757
6 64 3991
271 118 4354
115 96 4341
93 205 928
300 253 4517
140 48 228
86 164 2000
279 221 3000
80 88 2597
35 179 3233
218 236 2607
39 155 4123
64 151 1284
116 96 1564
25 266 3595
28 70 3323
276 159 1712
104 93 3621
290 175 282
236 218 3533
196 254 664
99 248 1228
59 55 101
170 238 2826
36 54 3162
11 300 4874
229 291 4870
277 206 2477
11 224 2715
163 135 4505
289 73 3880
13 5 3591
172 61 3187
296 152 1028
214 215 1988
178 284 3761
37 236 3444
90 298 631
6 151 4904
19 157 3131
6 36 940
110 85 2523
72 43 3560
82 130 4257
154 219 3989
224 178 1534
13 267 2165
70 49 2069
140 255 962
145 82 2666
212 185 3249
164 45 4869
133 112 3477
280 212 1608
266 158 2462
50 234 464
153 177 2432
265 6 1483
97 233 1207
172 4 1317
201 62 1387
93 230 3479
86 99 3479
77 280 1714
45 138 36
250 260 3231
266 25 4714
114 129 1683
285 233 3000
171 219 840
231 114 1964
238 170 1456
273 214 2810
294 276 3984
193 279 3327
116 115 4437
39 216 85
24 129 3849
194 53 4689
176 93 2416
166 198 3872
190 189 2445
183 210 1428
75 174 517
190 157 4954
28 107 3418
30 115 2535
197 268 4181
284 224 512
158 184 2792
117 2 2285
295 264 1102
233 168 4579
182 53 2750
39 155 3847
291 229 3066
187 53 3010
223 76 3522
80 201 1313
248 86 3598
242 207 462
226 225 40
107 28 2790
146 192 2399
267 61 1508
210 109 965
50 239 1144
279 109 971
225 105 3624
105 283 3737
56 187 3909
215 40 1698
105 283 717
241 23 2676
262 140 3103
60 243 824
245 9 1824
36 6 1144
173 196 4805
203 296 2750
263 60 835
213 277 1310
144 145 4537
262 140 510
108 126 107
126 26 3294
243 157 265
205 242 1100
169 119 3174
281 81 398
76 245 1225
162 153 1860
128 146 1351
163 199 1577
44 5 645
34 92 589
222 269 2706
221 18 4180
23 239 2688
139 268 2096
130 82 2464
149 148 214
63 89 1792
106 179 3200
284 11 2187
165 195 4728
132 165 127
284 300 2998
174 5 93
55 89 3321
48 255 463
8 217 3502
65 259 406
73 102 2571
262 140 1763
243 190 2966
287 41 78
143 256 294
204 81 2743
277 127 4350
173 254 2150
267 61 855
86 248 4520
187 156 255
55 89 2891
160 104 1657
111 300 3017
22 7 3117
6 265 2019
82 130 4352
236 37 4011
67 76 2725
277 213 4859
6 64 591
84 256 2634
271 217 2140
105 226 2255
256 68 2583
35 106 1613
99 45 2979
235 290 4228
212 15 4849
217 271 439
52 209 3074
238 170 1443
7 272 4511
283 120 4752
51 262 2381
163 199 3781
94 56 3669
75 174 2761
221 193 4599
97 21 3898
164 83 964
197 147 3152
231 100 1861
55 228 3400
244 237 3733
117 90 2753
146 192 771
134 58 2322
178 253 1611
137 101 996
107 28 416
281 41 2457
56 182 2564
79 115 4479
195 165 2995
9 67 3690
200 129 2532
295 49 2593
42 249 1659
200 231 2075
181 257 294
236 37 3621
281 81 4560
18 193 98
18 221 1482
269 125 4014
15 212 2370
226 16 2269
272 22 2662
8 271 1456
213 127 1739
245 223 2061
29 123 3716
121 239 4824
127 206 7
148 149 760
77 280 354
2 87 4123
235 232 4968
269 170 4982
244 237 4989
177 71 4648
36 64 3297
222 238 180
95 96 286
246 282 3072
159 294 535
69 287 1740
89 59 1721
78 207 4984
7 22 4631
94 182 2927
15 280 3871
162 177 4157
159 294 2228
162 153 2000
282 163 3740
76 249 1543
205 160 2289
263 190 1919
56 194 609
123 170 4480
36 151 3636
194 56 1627
262 51 153
80 62 1236
110 85 3032
116 288 917
37 236 3531
250 191 810
65 12 2174
59 89 2623
141 114 1404
66 106 4289
19 157 3163
185 212 4037
84 143 4414
105 16 1776
83 99 2835
86 99 4040
296 152 3704
116 115 754
133 112 4961
63 59 1940
149 296 4010
235 12 405
22 47 211
282 163 4661
190 60 1057
53 56 927
31 154 2717
231 24 1270
227 26 1068
297 119 924
30 95 337
248 164 3788
54 6 3176
263 157 4341
255 262 3341
83 45 1379
259 175 3885
3 7 2143
231 114 1125
221 183 1283
59 63 1214
184 292 2314
82 144 3625
261 118 358
134 27 3149
7 3 3392
262 48 1352
148 122 582
13 61 880
127 213 3449
289 102 4471
181 216 1366
107 49 2924
195 132 4200
115 79 2847
127 277 4990
98 157 1778
131 117 1330
79 30 1462
184 158 1187
92 229 55
158 184 480
277 127 3026
182 53 704
15 185 3269
24 231 3723
155 181 53
285 32 1515
168 32 2703
260 250 2758
169 297 4001
175 259 3050
56 156 3755
155 257 3490
19 60 4363
13 61 728
15 185 2561
264 28 3859
83 164 145
201 80 4300
261 118 4087
9 67 420
180 257 4729
265 151 1166
224 11 1258
5 75 4424
150 222 1783
56 156 765
69 204 4265
86 138 3554
128 192 1735
23 234 159
4 172 342
42 76 749
293 171 663
129 141 3324
163 167 1819
174 61 1178
235 12 300
223 9 1867
150 125 365
93 160 29
260 191 1714
20 89 4514
39 155 3957
32 244 3124
146 128 2319
144 299 4293
118 271 1159
20 208 1524
112 133 2316
180 39 2443
199 246 1956
98 157 555
159 268 1736
145 82 4096
118 271 2518
94 156 2309
23 121 3504
257 155 4931
151 54 3277
241 50 2081
147 139 2872
205 78 4219
231 200 3320
251 267 188
273 40 3953
272 3 3191
14 297 3213
293 31 3294
97 168 3262
89 208 4275
21 168 3748
30 115 492
11 284 3801
81 281 593
12 175 1631
215 40 756
213 206 1998
172 267 1199
12 259 1236
84 143 4985
165 195 1239
175 65 802
8 261 1395
19 157 3790
286 186 4546
216 181 3534
180 39 3644
161 88 2482
108 126 3061
272 22 62
147 197 865
206 127 3023
224 300 2575
261 8 2121
210 183 4428
220 283 2757
225 220 367
89 208 2316
180 39 3065
282 246 1220
148 122 447
212 185 260
152 203 4430
39 180 1541
74 234 4797
146 142 2167
230 205 615
38 129 2139
252 33 961
138 83 608
170 222 2646
87 117 3039
221 10 1841
144 130 3132
41 281 298
32 285 2455
180 216 1004
146 128 1032
62 201 2191
254 196 2856
92 291 1658
65 232 3499
67 42 264
108 26 1326
130 145 3002
241 240 1054
251 5 1593
75 4 3308
80 62 1927
224 284 3585
40 286 2846
284 224 534
64 265 481
170 125 3394
51 140 500
62 161 2431
170 202 4765
205 176 4103
75 251 3179
240 50 1593
238 269 942
37 236 1160
206 213 4554
256 68 816
69 41 4010
291 229 4537
195 132 3639
289 73 877
51 140 2623
44 267 664
231 200 4804
141 114 4567
229 291 2736
233 244 211
195 57 2523
141 100 2360
46 40 4071
250 260 500
280 15 108
250 260 2835
168 285 3968
233 285 4976
189 110 1460
113 166 704
126 108 823
130 144 609
200 38 3152
218 37 3054
222 125 4211
279 18 3683
213 206 1654
131 298 4836
243 60 540
97 285 3996
226 283 367
110 60 4911
92 34 3289
101 254 306
29 269 2818
190 85 4542
291 34 2725
242 104 2629
10 183 802
288 115 1169
97 285 1079
240 241 4368
40 273 437
271 8 3228
207 78 2129
201 88 763
115 30 2570
158 43 2209
163 282 4211
241 121 4898
258 134 3085
120 283 1051
120 226 3097
114 200 3534
62 201 2857
285 32 885
142 128 3858
57 195 3068
49 107 2965
6 64 1813
243 60 560
246 199 1892
169 14 3618
296 152 674
57 195 2011
123 269 1392
287 1 1653
138 99 776
195 165 2589
138 86 3149
83 138 40
252 33 4422
299 145 95
248 164 2092
70 28 4248
108 126 900
73 102 722
215 40 989
277 206 175
173 137 1536
21 237 4598
267 4 2224
199 282 2346
20 55 1593
245 249 2082
96 288 3249
89 228 2004
271 8 4672
16 226 3883
141 200 3479
242 205 3566
248 45 1914
231 129 4369
175 290 1450
270 212 4700
110 190 1703
132 165 2137
67 76 4516
21 233 4786
241 240 3043
286 186 630
186 46 4414
245 249 3894
60 243 4525
140 51 448
214 215 3177
289 274 3941
61 13 3726
1 69 1768
286 273 3161
224 11 2575
220 283 2231
31 293 1755
170 269 2967
84 68 1906
80 161 4175
71 153 4940
45 164 3424
174 75 60
149 152 3398
68 143 628
98 85 3147
268 159 1113
103 114 3019
80 201 1093
45 164 3081
81 287 4915
16 283 4120
141 200 3447
64 151 1435
66 106 1759
160 230 3014
223 67 4259
98 110 3544
8 261 3768
292 158 4635
185 212 330
77 185 3777
140 275 974
257 181 2733
117 131 746
91 198 767
189 243 4311
248 164 3842
108 126 4306
183 18 2820
36 151 1525
114 231 4281
189 243 1095
144 82 1217
158 266 2235
213 127 2966
212 77 1807
266 43 4733
56 53 1339
223 76 3247
32 168 366
98 157 1745
32 21 3870
41 124 3303
266 158 43
139 268 783
12 235 2812
4 251 2438
250 191 2502
121 234 1302
202 150 1842
182 156 3366
70 295 4015
46 215 1656
184 25 2439
195 165 1013
251 4 4214
200 38 1716
98 157 3158
171 154 329
232 12 1112
4 61 1052
49 70 3471
284 300 1672
231 141 2686
233 21 1899
184 292 4378
7 22 3159
32 237 306
239 241 820
171 31 3764
43 72 4182
153 247 303
288 95 2854
206 127 3634
45 86 1618
87 298 4681
170 150 4987
160 93 1569
22 272 488
76 249 3769
175 65 3216
98 263 4112
25 43 3483
279 221 1030
138 83 2600
235 232 1273
62 80 41
147 268 855
253 111 3722
289 102 3409
46 215 4807
265 64 541
178 224 4130
282 246 4647
226 120 4510
61 5 2317
123 29 4104
75 61 2826
166 91 2152
227 26 1317
149 122 1525
297 252 3527
97 168 4059
231 38 220
75 172 2555
249 245 1659
23 121 247
240 121 2399
218 236 4479
67 223 1767
63 208 1056
149 296 4948
192 128 3660
236 218 1930
54 36 2783
57 195 4067
259 235 121
259 235 2622
75 5 4440
199 246 3343
100 141 4053
43 184 3476
31 219 405
84 68 3188
223 245 3919
22 3 507
152 122 1459
45 83 795
2 87 920
5 251 4953
150 238 3465
134 258 1426
10 109 1256
296 148 3204
186 286 1192
146 192 4701
190 243 495
54 36 4110
58 188 4062
207 78 2526
93 242 3952
102 73 971
149 148 4175
86 248 1129
231 129 829
172 13 2087
200 231 4594
46 286 3824
279 193 4736
230 176 1457
220 16 2112
184 25 4652
155 181 2209
137 101 3801
9 42 1650
116 288 4132
56 182 199
17 234 2282
21 32 2449
121 17 959
150 222 2753
157 85 565
175 259 1394
225 120 191
121 241 1844
13 267 3880
105 226 4746
275 51 3121
96 95 3720
231 200 252
235 65 2929
59 20 1684
215 273 1676
179 211 1401
72 43 3698
200 114 2440
226 220 561
21 244 43
3 7 295
289 102 3224
189 110 229
236 37 2916
166 198 79
148 149 4989
228 20 1102
244 32 1505
69 287 2157
152 122 1573
57 165 1895
199 167 4217
65 259 2931
119 14 1774
113 166 4426
18 221 145
298 2 4779
178 300 979
48 255 4047
104 176 1704
82 299 3307
46 215 2825
176 207 3185
295 264 2322
54 64 2676
168 244 1986
54 36 1910
144 82 3406
231 24 982
9 76 4868
230 205 1967
184 25 4234
14 297 1778
63 89 4288
40 273 1383
179 35 1246
118 217 2517
85 110 4350
108 126 807
46 40 797
151 54 60
237 233 2292
2 131 4611
294 139 2176
283 220 486
191 250 20
120 105 4143
107 49 4796
1 124 4660
289 102 1277
115 30 2473
255 140 2959
103 141 55
66 35 676
68 256 4206
52 112 3219
153 162 4748
90 2 1389
187 56 4602
29 150 3610
73 102 3442
105 225 4803
239 50 191
154 171 3889
182 156 4321
95 116 4987
179 106 4796
18 221 4400
261 217 4426
192 142 728
237 233 266
288 115 2764
141 231 1078
112 133 832
149 148 4792
238 29 1969
230 104 4657
64 265 4497
136 113 3938
288 96 1989
212 15 3482
270 212 3503
123 269 2316
182 187 4256
69 287 515
155 216 2524
67 76 4329
48 51 1294
221 10 3476
132 57 2720
207 230 2602
30 116 4919
211 179 4174
31 293 451
185 270 2975
3 47 3066
50 240 4361
90 2 2046
262 48 2613
86 164 3935
148 203 1134
292 184 3191
99 83 2569
200 103 1929
35 106 1345
173 196 2365
187 156 2406
144 82 2129
102 289 1571
249 67 3468
240 50 1659
42 245 4620
287 204 4234
153 177 2981
235 175 2795
63 20 1367
122 152 508
266 43 110
277 206 4327
169 119 3095
271 217 2627
57 195 4866
205 104 4305
277 213 3660
96 288 4915
124 69 4241
44 13 2335
192 146 793
110 157 26
2 87 3471
197 294 4210
205 207 2742
87 117 3309
234 74 3223
57 165 3227
101 196 1324
167 163 2049
153 247 4437
160 104 4327
135 246 251
15 185 2007
142 128 3687
215 286 351
151 265 934
35 106 2764
67 249 4679
1 69 4147
73 274 4408
7 272 4696
242 104 4217
18 221 1724
3 22 1860
227 126 3286
105 226 2608
296 203 2700
45 86 370
189 190 256
238 170 2245
176 205 4142
97 32 2855
101 137 1764
193 183 3102
140 262 3309
52 133 610
275 48 1331
233 168 2520
273 286 4377
111 253 1227
77 280 3322
290 65 4195
161 80 3008
249 245 4957
31 154 367
210 109 1911
276 139 4475
32 237 3520
263 110 2469
42 76 36
123 202 2269
135 246 4812
50 17 644
155 180 2341
263 110 58
129 231 1147
266 25 2472
151 36 4541
77 15 3320
225 220 1279
29 269 877
79 115 1521
288 79 1099
176 104 3363
271 261 739
295 107 2296
109 279 3447
194 56 4804
239 121 4035
183 193 2910
226 283 4351
123 222 3132
230 93 2734
269 202 4246
219 293 4656
23 17 1264
146 142 906
164 45 851
263 98 2435
139 276 540
3 47 506
9 76 4919
65 259 736
152 122 4870
209 133 1267
261 271 4198
172 13 1337
81 41 3281
176 160 4260
281 287 4282
25 184 4804
282 246 3399
29 125 4193
221 183 268
101 137 2035
183 279 1638
227 126 721
57 195 961
38 103 242
62 201 808
95 115 4971
123 269 4163
95 116 193
69 124 1536
145 82 1434
248 45 3851
279 18 2051
266 72 3399
216 155 2657
156 94 1195
299 145 403
22 47 157
81 1 4323
158 25 46
150 125 363
25 292 1555
178 224 4995
264 107 2394
98 110 2355
204 281 1469
259 290 674
142 146 2306
295 70 998
197 139 1361
273 286 3679
150 269 3673
288 115 3830
73 274 2865
218 236 3876
268 159 306
99 248 2082
105 120 160
277 127 2249
111 253 3223
62 88 3676
158 292 658
66 211 1808
156 53 1306
179 66 347
239 74 4337
56 53 4192
258 188 5000
259 232 1804
156 53 4971
200 129 2712
136 166 591
238 170 2843
1 41 1821
230 205 521
281 1 3855
49 70 4891
127 213 1303
181 39 728
150 222 3375
127 206 460
262 255 3967
214 186 4281
21 97 900
59 89 3630
277 127 4704
139 276 4201
41 281 1877
227 26 295
226 120 524
123 202 4227
208 89 2758
282 246 4894
229 291 1442
15 212 2901
142 146 3237
234 240 113
213 206 1172
138 83 2459
12 232 1685
272 3 205
206 277 2645
72 266 4282
56 182 2982
251 5 3498
42 223 1556
125 170 1295
79 30 3938
217 261 3450
102 289 4875
105 120 3349
88 201 4028
138 86 2608
265 151 3332
183 210 934
97 244 2790
267 61 2657
194 182 3098
93 160 3745
290 235 1112
130 144 139
267 75 3511
231 38 1842
165 57 3539
261 118 2091
184 266 2157
190 19 2459
171 219 1777
196 137 771
82 130 409
24 103 2605
6 265 209
171 293 4511
183 193 2364
67 76 4521
256 84 1979
179 106 4520
190 110 2359
197 268 2507
142 146 3924
48 262 4997
106 66 4316
55 89 4896
135 246 4448
261 271 500
168 233 2726
68 143 1759
191 260 4109
139 147 4411
270 185 2077
167 199 25
124 41 4954
258 27 163
218 236 1427
137 101 4153
205 104 911
221 18 940
78 93 4893
35 179 3841
125 269 2064
270 15 3631
87 298 2100
54 36 323
29 222 2466
5 44 888
227 108 3569
114 141 2659
1 287 4251
107 264 868
36 6 3202
223 67 698
27 58 385
19 85 3461
216 180 3211
32 244 4665
242 207 2097
45 99 2763
273 215 1256
169 33 4142
204 81 3365
240 74 3674
108 227 2212
281 1 1638
131 87 395
45 164 2956
122 148 885
1 281 1436
171 219 2291
74 241 1419
65 259 92
146 128 1007
300 111 22
186 215 3701
101 137 3390
127 206 834
181 216 3221
201 80 1463
291 34 849
250 260 1815
95 115 2823
95 115 2845
32 97 2308
132 165 1460
105 226 1497
78 160 2970
146 192 4351
22 3 2043
14 119 591
231 103 2970
51 255 52
10 210 3761
48 262 2813
227 126 868
21 32 3763
134 258 4185
147 268 2115
61 174 2271
18 183 2513
171 219 1095
171 31 1738
17 121 987
194 182 3308
202 150 2852
66 179 3130
8 261 2140
239 121 4590
237 285 4405
300 178 524
279 221 4667
177 247 3796
151 265 1253
279 183 4260
96 115 1372
188 27 848
169 33 1018
30 79 720
267 75 3543
53 194 3054
251 13 4083
293 31 1123
231 100 3465
126 108 631
274 73 1961
156 187 2558
93 242 1185
166 136 2790
201 62 1041
175 232 4498
163 167 3530
94 182 1995
271 118 3389
244 168 349
151 265 2907
243 157 4855
160 176 2644
237 233 2130
52 112 3168
240 239 2318
121 23 821
140 275 4680
7 47 477
242 104 1519
27 188 2764
28 295 3536
199 282 254
67 9 1784
233 97 1362
53 156 2946
244 168 2626
45 138 2097
53 194 1665
152 122 4260
190 98 3339
52 112 3789
156 56 1734
175 235 997
219 171 3857
23 234 2175
36 6 1249
191 250 875
244 233 1517
115 95 3944
219 293 3495
126 108 991
277 213 1114
76 67 101
222 202 236
89 63 4283
191 250 463
7 22 724
195 165 3141
211 179 2939
135 199 1513
37 236 1639
127 206 2631
112 52 355
220 285 4866
284 30 -697
219 21 3521
19 282 -155
257 17 -1231
32 79 -1056
221 217 -3432
62 164 -3516
42 259 2527
286 169 -3265
18 225 3247
117 65 -824
78 137 300
296 174 -2562
213 124 -2407
282 100 -4161
78 271 1798
219 287 997
19 297 -4537
148 186 763
58 137 -901
170 100 1261
139 64 -2762
273 45 800
3 175 -3031
201 17 -1608
109 222 1693
220 266 -644
109 224 -663
260 255 -952
279 119 -4375
282 293 -1327
294 53 1083
155 27 -1146
145 232 4162
151 238 -4820
13 131 -1091
59 235 -3930
98 245 4334
183 3 -591
157 33 3476
267 127 1855
137 136 1348
178 62 -746
264 126 -170
110 184 -1662
175 96 1759
272 41 1093
207 95 -4499
115 127 -4945
67 91 -2635
255 227 3713
185 40 -954
148 165 4955
9 49 -1708
183 196 -4949
87 116 3258
295 82 -2216
242 266 2545
296 165 3459
107 71 -4193
279 92 4863
242 204 -4838
300 82 -4895
275 204 3053
178 276 2287
83 128 -945
59 81 3342
211 30 4423
152 233 -4337
188 90 1530
142 29 555
172 48 -1183
147 143 4803
145 170 3418
67 82 -4221
270 29 3749
31 43 2037
49 74 3121
221 173 -3063
183 197 3213
273 187 -4074
144 113 -456
40 143 -2865
214 115 -3694
201 37 -2224
19 271 1545
155 295 -1348
42 137 3109
51 25 2153
107 73 4268
20 6 -4376
163 283 -1910
86 236 2703
74 41 4401
228 173 1305
168 206 -4648
262 269 1234
199 64 1663
149 83 924
271 161 216
67 246 4471
19 71 3103
155 201 -880
224 251 3800
85 69 -3517
257 278 -254
183 82 -2593
194 277 166
21 184 538
133 34 -4256
63 154 1916
144 83 -4340
212 61 -4940
89 91 1863
187 81 3479
107 129 3273
120 47 -494
185 187 2344
279 258 -1560
88 81 -3982
197 80 -90
35 9 -1632
83 259 4370
14 99 -2411
179 269 2959
246 51 316
138 202 -2027
82 72 -4316
90 16 240
188 113 -4229
208 134 -1695
262 41 4141
148 194 -4031
76 24 -2592
93 161 3133
205 115 -4373
91 233 -3343
131 275 3939
18 192 -811
263 249 4152
38 25 -2362
175 241 3012
87 45 2861
212 165 -3668
103 234 -4427
54 237 4
68 238 234
254 127 -1009
36 256 -4509
203 177 1710
188 126 2169
49 167 932
230 177 -1576
17 184 -6
136 103 2952
13 123 2372
46 217 -706
61 182 -880
103 184 -742
209 288 -4703
138 247 -461
208 227 -3111
220 102 -4660
109 290 -4641
286 156 4017
267 141 700
280 159 -2363
161 64 -2866
40 165 -752
120 238 2780
39 123 -2663
194 81 -3721
87 290 -275
227 22 -464
63 262 1253
183 108 -1361
268 259 675
258 145 4053
132 200 4213
40 253 2541
230 81 -1727
293 175 -4060
245 269 -2704
149 110 3262
107 79 -504
252 138 2008
173 287 -2541
203 227 531
187 239 3200
296 95 4325
221 202 -4235
51 153 -3741
117 288 -3909
246 164 2478
171 196 -4233
109 134 3967
228 150 -1557
148 51 -792
251 255 467
14 62 2511
54 103 -1908
221 282 2669
271 25 3102
250 226 -3456
98 29 752
192 113 841
75 166 1855
67 124 -3968
256 114 -4661
10 274 920
138 222 -3165
65 21 2753
155 83 1613
104 38 3143
104 178 -1959
299 138 940
294 84 -1686
174 247 1576
59 101 2219
109 204 -4238
223 200 1081
256 72 286
88 54 -430
142 1 4707
134 51 -3645
199 299 -2416
221 21 4095
78 227 -2328
181 271 2944
176 46 2072
27 30 -255
274 123 -1103
47 43 198
52 250 3765
279 285 -468
294 226 2094
76 1 184
207 239 3975
209 254 -4630
8 48 568
254 262 -4566
219 128 -253
161 23 -3988
221 297 -4077
280 44 1491
90 194 1349
27 100 -2929
133 70 1370
216 287 -26
300 64 -2764
181 264 1340
229 54 -944
242 282 211
269 81 3361
193 69 -320
274 68 -370
104 180 1639
157 259 89
176 70 1788
89 138 -3428
86 150 -3584
274 175 -2679
39 64 664
228 274 519
19 278 4299
252 145 3934
101 255 -4127
300 116 -3668
107 51 1118
47 247 929
133 13 -2458
59 220 -4881
36 266 4883
249 218 -3757
145 269 4767
160 226 -4213
75 128 -3414
264 293 3396
151 247 -750
186 213 211
186 182 2533
135 204 -2849
214 223 -635
139 100 144
135 227 -994
291 293 -2570
156 143 -2895
211 81 -4651
11 2 201
210 188 -2845
208 23 -1259
268 113 2964
80 69 -236
35 169 3583
285 95 -577
98 250 4499
201 235 3304
264 53 -3135
228 184 2763
64 153 -3391
90 64 4532
140 17 2346
289 266 2923
106 102 -729
157 49 -1242
52 200 -353
226 141 751
261 101 1866
250 198 2417
52 273 3596
82 94 -3930
202 41 -233
196 239 944
133 253 -2482
145 105 -4538
191 95 -4371
160 280 -413
105 233 3133
167 144 -356
188 21 2506
293 187 -4434
9 54 3904
235 158 -960
160 148 -334
193 283 3569
166 204 -3995
28 161 -2587
88 22 4248
147 91 1112
10 92 -3891
230 76 -4305
42 68 -390
40 37 1552
144 125 -4849
285 23 -4131
226 32 3143
228 204 4806
157 280 -3421
31 90 -3078
169 54 -4748
263 173 -138
271 31 4908
163 237 -379
90 192 -33
249 117 3721
211 41 -339
26 7 3234
57 116 -929
142 68 783
279 6 2292
176 295 2623
19 241 -602
205 299 -4968
20 183 -455
242 12 4006
149 99 -2912
190 7 3588
216 225 -3222
57 248 -3570
63 280 -3233
31 192 -690
29 141 -4644
195 88 1890
155 297 -451
151 114 -2238
295 140 -2979
58 86 4253
296 258 -1899
219 6 -2326
176 202 1751
40 123 -4057
157 194 -161
227 3 4434
180 158 -225
195 103 -3315
146 237 3052
13 200 1114
258 236 -1973
278 232 -2039
285 25 3205
206 236 3094
172 47 -1853
273 268 4649
169 137 -2186
206 162 -3982
253 164 2169
263 77 -2115
221 57 -310
188 29 -631
155 186 3248
206 162 2706
58 241 987
227 150 -4038
89 6 1313
293 220 -1579
27 17 4235
106 231 4864
63 145 2569
270 40 1224
196 241 3265
246 29 4193
52 284 -3040
205 216 -3713
63 199 -3850
34 49 781
3 141 -1917
131 71 4962
295 233 -143
147 83 4599
52 51 -3036
166 1 -806
42 147 -1008
149 8 -617
273 293 -935
44 28 -3834
112 123 -4790
246 269 4677
235 23 4759
279 133 -3981
176 165 -4145
203 64 -1591
77 294 -4442
42 65 853
54 256 -131
109 162 406
159 182 3950
161 124 -2048
128 22 1914
78 248 -1398
181 53 -3227
26 170 -921
101 192 1409
61 16 184
76 126 1320
245 262 -4254
172 128 4183
289 170 3477
98 25 388
167 238 -4855
75 240 -1573
88 71 -1726
195 137 163
66 16 424
64 266 -2941
117 45 -4872
222 200 -2779
229 182 3482
252 278 -2936
16 244 202
112 298 2722
157 259 2272
19 285 2635
157 46 -977
273 134 -1435
207 290 2453
104 127 3577
276 237 2668
107 125 -1092
42 271 710
199 17 -4189
223 202 -623
191 154 940
55 93 885
82 30 -369
265 277 -4351
229 158 2467
179 226 3279
101 127 -2345
183 46 1231
161 198 2265
253 235 -2970
34 191 2812
10 201 -417
40 125 1523
274 3 -1534
270 103 -3133
217 84 -3044
176 123 4571
36 72 1835
40 6 3866
148 195 4040
155 34 -1436
209 7 2807
64 158 -296
199 26 3243
169 248 2594
97 100 -3004
176 287 933
70 17 4158
243 247 2200
87 146 315
224 43 3349
184 69 2701
207 272 -2462
134 290 -286
132 120 1894
209 253 -1823
112 244 3679
144 164 4454
149 37 223
167 213 146
195 187 -380
195 127 2056
133 2 4596
76 271 4002
126 81 939
190 219 -1718
87 72 -4508
272 125 -3834
280 75 4370
188 281 2683
207 52 4320
178 142 4286
112 113 109
23 25 1102
208 201 -4527
180 291 -821
88 73 62
97 158 -4437
119 182 2744
192 194 -666
92 162 4335
140 108 -4287
221 60 -4553
211 271 -3197
52 58 -3702
142 12 4442
15 56 4949
48 232 387
209 295 -83
173 236 -1764
246 159 -1414
75 269 -3781
110 288 141
159 144 4945
18 52 -4921
8 24 -4003
212 195 -3189
152 251 1063
78 112 3423
248 116 1116
294 126 4429
70 134 3560
120 150 -971
31 96 840
14 22 -1100
245 128 -3227
295 38 -4549
103 116 -3522
174 137 2415
59 162 -4142
261 269 -525
146 129 -1145
78 154 -3631
134 126 -1413
201 281 3984
62 82 4947
181 118 4183
273 267 -2442
261 97 -3530
169 113 974
2 238 -4361
183 2 -3649
290 202 4478
160 266 -2818
221 38 4901
188 8 4064
145 194 -301
232 81 170
85 252 -1717
152 184 1298
249 81 3819
283 3 -3133
61 9 2878
236 153 -4533
88 36 1765
88 168 1662
105 256 -643
259 29 1935
193 115 -1581
76 83 1320
39 286 1989
208 130 1139
163 298 -3802
289 43 -3626
279 287 -3517
33 62 -2160
274 121 3149
132 108 -3452
188 278 -4343
211 165 330
214 204 1817
27 170 -1927
178 69 1319
174 53 1090
5 297 3582
267 159 3194
178 75 -1477
53 269 -1374
8 247 -872
78 246 3995
280 88 4673
263 255 73
245 132 4901
103 184 -2314
77 126 -4318
39 251 3498
174 266 -3677
221 110 931
157 236 840
111 272 -1058
294 82 1647
188 277 836
252 88 -1790
203 178 -147
146 232 -1368
59 94 1858
165 87 -2859
176 15 -4890
99 277 3571
295 194 -252
148 246 -194
166 79 1093
105 81 1329
18 87 2307
161 127 -1445
106 168 317
15 38 -329
131 255 -384
148 48 685
161 121 -2187
48 142 4662
149 247 -1067
155 40 -4525
202 234 -4864
135 96 -4338
155 178 2118
221 298 2571
89 13 2373
3 123 1631
209 214 2106
211 263 3894
39 76 4284
89 130 3167
188 114 118
82 168 -895
118 96 2538
6 285 3555
174 100 1789
93 119 2984
52 260 -1976
210 14 -4674
134 69 626
251 217 -1837
282 234 -3720
83 103 -4231
261 105 -4560
102 192 -2140
186 170 2867
120 121 -4392
192 127 539
178 21 1472
83 182 145
120 108 783
260 161 -143
55 283 4269
182 38 1040
104 232 -693
39 30 854
294 201 -4922
187 241 -673
188 150 -2875
225 54 3409
63 149 1251
117 121 4187
48 127 1578
87 21 2307
176 171 3185
6 200 3906
10 87 3436
14 37 -4225
87 68 -1477
88 81 -2232
134 33 4036
33 91 2036
119 102 1082
102 115 1606
246 275 3233
176 259 3245
35 45 -3584
70 204 -3999
242 66 4559
208 29 3798
40 244 1609
225 43 -2944
291 144 1393
189 200 3403
202 141 -1208
113 277 4687
183 157 1627
223 80 1718
224 192 2835
161 108 -4494
102 7 4988
39 50 3977
294 173 3507
228 81 133
150 213 -2071
48 86 -2218
59 82 987
270 276 2300
280 126 864
63 152 -3881
203 53 978
126 100 -4766
220 91 -3754
39 299 2457
61 274 835
85 251 4072
210 212 647
141 72 1074
51 269 15
254 22 -4007
207 50 3031
77 79 3175
207 175 -206
104 107 549
15 281 685
138 269 -776
273 167 -3112
54 287 -1974
110 250 3693
15 169 -1073
10 185 4227
70 22 799
46 144 1636
154 137 4707
259 123 -2268
2 231 4915
92 101 -4201
101 37 -4975
98 177 576
269 30 -4550
44 289 228
257 120 -1977
10 102 -983
101 202 -184
201 238 921
122 48 -1097
93 171 -4657
208 217 -2628
84 240 348
189 206 -619
39 248 4390
203 260 2161
55 213 -1944
250 43 1541
181 88 3832
138 115 1730
85 8 -1278
130 262 3278
39 16 4785
11 23 3745
250 147 -1426
122 217 4751
209 111 -3342
5 218 3608
92 217 4944
53 103 2648
209 143 3023
222 129 3466
278 37 4608
139 105 -1195
215 299 2315
256 277 1268
225 136 -2544
79 281 -1447
84 241 2145
136 97 2129
57 225 1673
229 238 -4673
67 95 212
212 288 324
185 264 624
261 95 -350
229 195 -1660
182 30 -157
46 138 4334
104 265 -2639
11 151 -1465
160 265 -144
178 267 613
223 156 1026
253 101 1143
15 251 4678
174 129 -2160
111 236 -2532
129 158 -558
284 170 -647
166 285 -4360
208 291 2746
60 23 -1351
10 96 2357
282 94 -3799
104 249 -446
209 272 4253
112 73 3091
133 238 -760
128 198 1602
47 141 947
194 23 1442
35 213 1814
210 169 -4701
27 31 -1012
210 201 -4405
48 287 3185
211 10 -2971
8 266 -2607
76 199 -4556
271 26 1885
18 12 69
6 84 397
269 100 -2389
232 162 719
242 287 -2985
122 213 -671
73 72 2313
246 227 4483
112 286 4365
219 43 2639
278 266 -4313
282 151 -787
62 275 2365
130 38 782
59 84 -3417
273 151 927
299 54 -1165
55 81 -2236
62 99 4619
90 81 4561
62 283 487
190 185 2772
165 175 -3404
286 116 3010
2 121 237
33 170 -1786
122 2 -2225
142 125 -3108
76 246 -2076
191 119 3958
70 285 956
55 188 184
203 285 -3830
166 290 -1137
205 90 -1479
193 223 -311
18 100 4000
243 115 -803
264 84 -893
202 97 2858
263 145 -2481
79 41 -1498
59 34 -1536
185 146 -4372
228 141 1474
60 94 1096
225 240 -4617
191 1 4425
219 218 4311
160 253 -1508
28 23 661
59 75 4231
163 123 2717
164 29 -3853
55 206 1956
216 286 4638
146 281 -1892
77 300 -658
99 41 3173
115 292 -3004
96 124 3723
284 108 4238
155 113 4563
154 88 1802
18 236 4087
163 141 -2227
178 262 417
86 41 -4037
251 254 3402
38 266 44
280 164 1183
282 169 664
19 186 -3214
258 147 -1
19 95 3377
242 184 -472
94 285 2176
135 115 4897
235 162 1259
104 181 -2652
181 188 -2025
217 113 1088
221 172 762
263 241 4120
99 235 -1735
5 236 1551
163 213 -4690
220 140 -4437
279 101 1499
219 90 409
146 241 -2265
176 271 -3669
299 233 -4424
8 289 -453
186 167 52
59 181 1998
278 22 -1515
11 51 -608
212 49 -3217
151 108 -1196
185 76 -1741
215 289 908
208 166 4487
279 153 -2947
27 121 -2661
13 97 2955
88 69 2177
180 133 4836
224 158 1435
152 288 1024
119 277 -2162
197 97 177
106 231 3781
245 299 2037
280 126 850
164 184 -550
73 128 688
46 79 2751
242 175 -2072
77 101 2435
59 287 -2748
110 101 4746
296 273 2316
31 285 -1876
152 70 2115
190 198 893
138 256 -470
278 65 -3717
190 239 2040
31 161 -312
176 155 754
280 38 43
10 22 4246
126 240 2556
59 42 1200
295 114 -3164
286 108 -171
97 162 -4838
252 128 -4285
10 169 2995
185 139 -4336
109 72 -679
122 57 4680
165 184 -2762
270 32 -2037
212 16 967
8 177 1129
210 21 70
166 150 -3708
75 113 -895
286 172 2945
219 166 -4685
300 198 -964
195 175 -357
148 255 -4865
12 153 -3407
46 117 -3204
87 71 3588
10 282 4777
228 199 -633
85 92 2696
49 218 -3033
243 92 2690
4 153 583
217 88 1737
262 204 4612
252 162 -3101
258 271 -740
207 56 -286
98 71 -1690
284 135 2671
135 161 1949
296 220 2082
297 3 -152
52 64 3502
155 291 201
254 244 4728
59 87 4972
104 115 -3731
