50 100 50 24
26 39 94
44 42 47
15 39 28
10 25 37
28 12 3
36 22 34
9 36 74
28 12 35
25 22 63
48 7 86
29 37 69
9 10 4
36 9 31
28 34 54
6 1 89
33 25 17
36 10 47
5 35 9
7 14 65
44 50 96
31 1 35
37 29 4
28 34 27
35 18 74
34 8 37
13 17 2
19 48 47
20 43 98
26 16 91
13 29 63
20 43 48
5 35 54
39 15 69
10 33 26
17 21 97
28 8 43
47 8 30
41 4 84
45 11 3
12 40 89
19 14 20
23 1 88
49 11 73
41 4 9
48 19 72
17 24 49
25 9 5
35 18 77
9 10 65
7 19 3
41 4 100
40 8 57
36 22 85
22 9 61
13 37 77
22 33 2
25 33 24
49 27 0
34 28 68
24 21 67
16 39 90
1 46 40
23 46 67
35 5 43
8 47 45
20 43 91
43 20 81
24 13 73
6 23 10
36 25 98
33 9 15
23 6 70
8 40 13
16 39 24
49 11 60
33 22 62
47 12 92
48 19 10
39 15 18
2 45 36
31 6 83
46 23 85
22 9 91
19 48 60
34 12 37
39 16 66
41 4 43
29 37 27
42 50 42
24 13 92
22 36 76
45 2 32
31 6 42
44 50 96
34 28 75
15 39 38
19 7 19
40 12 95
34 28 93
47 28 50
13 35 91
1 40 89
48 11 15
18 8 -49
7 11 -36
13 40 88
7 34 64
38 12 86
38 3 74
37 27 69
38 14 82
45 28 -22
47 30 18
26 8 -3
43 40 85
10 8 70
32 5 -73
3 12 15
24 48 -13
24 33 -81
35 27 60
21 32 -40
3 45 -57
1 44 85
32 48 -42
22 47 7
15 49 -95
13 40 -22
26 14 18
39 6 31
31 27 -21
50 18 48
50 11 67
39 35 -90
16 34 -48
31 49 60
37 5 -44
9 42 11
22 40 3
26 12 33
9 12 -78
24 42 -94
41 8 -38
15 30 -34
37 44 -33
29 18 -72
44 5 -79
38 15 82
24 10 93
16 19 -45
