100 1000
57 43 5
41 95 8
15 75 3
9 56 3
25 61 4
26 76 3
18 68 2
80 64 5
24 58 4
79 92 5
3 71 6
7 12 6
7 76 1
93 54 1
69 54 5
45 51 5
53 81 8
82 38 2
56 1 4
56 53 2
68 31 8
16 50 2
60 50 10
56 2 7
28 40 5
47 48 10
22 39 7
23 17 4
99 39 10
9 19 4
47 36 4
26 10 7
44 45 7
53 10 1
69 69 10
78 58 3
9 75 6
28 89 10
76 23 8
91 8 6
4 72 4
53 88 2
23 100 2
32 91 6
6 62 3
21 63 1
16 7 1
14 64 7
84 56 5
29 93 2
41 48 7
16 70 9
84 39 4
87 85 4
71 73 7
60 21 1
89 63 9
23 12 1
75 40 4
5 5 9
65 92 6
92 61 9
74 19 7
61 11 10
54 82 2
59 11 6
21 10 5
75 31 9
44 43 10
90 37 2
5 83 4
27 90 5
57 70 9
50 32 10
94 13 4
42 29 4
87 72 4
53 52 9
10 22 5
29 63 3
50 92 2
97 80 9
100 33 8
37 75 3
90 43 6
34 32 8
45 17 1
14 98 1
98 39 10
14 23 3
89 40 5
57 78 7
58 62 3
98 7 4
21 88 1
17 64 1
77 24 4
12 24 10
36 40 5
98 30 1
56 89 10
93 72 2
74 67 8
93 39 3
83 56 2
67 60 9
52 44 8
95 3 8
25 53 8
4 79 6
75 8 1
67 72 4
79 53 2
51 66 2
34 71 6
72 31 2
68 89 6
91 39 1
15 84 6
98 40 3
76 15 3
56 19 8
57 66 4
68 59 10
22 58 7
67 24 4
47 6 7
15 39 6
29 44 9
53 68 1
57 8 6
43 39 6
9 10 3
34 87 2
27 48 9
54 86 10
50 1 4
31 73 6
17 91 2
39 9 4
54 3 9
99 95 3
9 98 10
50 93 10
85 52 3
61 10 4
79 48 8
71 38 1
42 88 5
37 69 9
86 48 7
59 55 2
42 42 1
23 35 3
6 24 7
18 24 7
16 9 2
93 95 4
27 11 1
48 64 7
78 95 5
73 44 6
35 88 10
93 8 6
93 20 7
85 58 5
14 81 5
94 32 4
59 73 1
16 4 4
89 51 9
10 5 10
55 17 6
52 49 6
35 37 8
18 54 10
78 51 6
20 89 1
54 4 9
50 85 5
1 30 9
52 81 6
29 48 3
68 19 3
63 75 1
39 83 2
6 91 3
31 19 6
35 76 8
70 23 1
12 71 1
63 52 3
7 72 4
46 33 1
70 65 6
26 5 3
92 97 4
38 54 2
17 2 7
39 76 9
48 99 9
44 37 2
33 17 8
86 67 8
34 53 1
12 96 7
21 77 10
23 92 10
14 83 2
14 43 7
48 54 10
48 30 8
11 89 10
22 87 9
24 78 9
10 62 8
54 33 5
61 8 6
64 54 9
9 92 4
50 4 3
22 3 5
15 34 9
15 100 10
69 6 7
11 86 3
63 3 8
95 97 3
93 46 3
5 47 4
55 55 3
26 78 6
87 3 5
60 17 3
64 78 1
68 9 8
28 32 9
28 47 6
21 44 8
50 76 1
98 11 3
54 27 9
67 76 2
74 33 5
58 51 1
99 86 8
68 22 5
69 74 6
84 38 6
59 12 8
98 60 6
34 66 4
29 82 6
42 93 8
90 21 4
99 56 7
50 42 2
63 1 7
25 62 1
97 11 2
64 90 5
10 25 9
82 48 4
14 70 3
92 54 6
17 99 2
100 83 7
66 41 4
75 29 1
37 43 2
13 28 7
95 87 3
69 50 2
5 46 3
23 46 2
75 1 3
31 8 2
6 40 3
25 98 3
71 39 8
25 46 4
42 8 2
100 59 4
92 10 10
5 16 9
64 61 3
26 83 9
79 63 9
59 98 3
50 65 2
6 68 8
33 16 1
10 90 2
63 38 1
3 40 3
12 93 7
86 76 5
22 73 7
34 64 3
8 81 5
26 23 9
37 40 8
1 7 6
57 52 5
49 14 6
47 3 5
89 65 2
46 3 2
77 33 3
62 90 4
95 66 8
82 75 1
46 49 4
42 5 1
43 87 3
56 33 4
88 89 8
14 77 7
22 74 3
7 64 5
20 35 2
13 84 8
10 96 5
16 66 10
5 57 4
82 25 10
82 53 6
97 26 9
81 29 1
45 4 1
23 81 9
98 52 2
53 80 7
46 89 9
17 71 2
24 76 1
63 47 9
64 41 5
48 39 3
100 27 9
24 82 3
96 87 2
59 60 3
21 50 4
47 47 3
25 100 4
1 82 10
43 74 7
57 86 4
74 4 4
32 20 4
89 55 1
9 23 2
9 85 8
7 83 9
53 75 2
3 64 9
85 23 3
21 81 5
59 82 5
44 41 2
31 7 4
21 12 4
93 100 6
10 68 9
3 57 6
53 67 10
78 60 7
6 58 9
1 8 8
50 48 3
65 57 6
53 87 7
49 48 8
61 3 1
28 22 1
28 18 3
98 50 2
94 25 1
96 36 9
61 76 2
46 82 4
10 79 4
27 15 6
8 70 8
31 13 4
19 34 5
44 56 9
31 14 3
52 37 3
24 71 6
52 71 2
59 47 9
64 36 10
1 10 4
73 43 3
44 51 2
22 55 10
45 72 3
1 49 5
84 72 8
47 56 1
26 89 6
61 28 9
49 11 8
67 14 7
75 85 5
33 38 5
51 99 10
42 1 4
6 1 7
20 36 3
29 84 5
94 3 5
100 13 10
74 12 9
8 64 10
60 40 4
62 20 5
75 25 2
19 78 8
37 60 6
69 15 4
65 11 4
21 54 9
68 95 7
2 47 8
51 59 9
96 74 2
46 39 8
52 73 6
56 14 10
1 18 6
44 96 8
10 56 10
76 63 8
3 19 4
49 39 2
64 25 5
22 79 3
4 80 3
64 5 10
27 3 4
64 70 3
80 100 2
60 66 7
75 19 2
88 47 3
86 62 1
55 12 6
90 96 2
57 77 1
64 4 1
44 23 7
34 28 7
28 23 4
78 74 10
45 2 9
23 68 4
58 8 8
21 62 6
88 77 4
17 52 2
74 44 1
64 46 9
15 5 9
62 3 6
3 24 9
93 2 6
2 94 8
83 94 8
98 73 5
61 74 4
59 92 1
45 94 1
33 5 5
24 91 6
57 63 9
62 68 10
20 46 7
27 91 5
100 67 2
99 63 10
73 67 1
25 38 6
94 10 4
14 58 2
29 97 5
15 68 3
81 91 6
78 76 9
99 94 6
41 50 10
89 50 2
54 9 1
82 73 6
10 77 8
28 26 4
41 23 7
94 5 1
10 38 10
25 68 1
30 92 8
19 77 7
38 34 1
59 70 9
14 46 1
56 79 5
28 53 6
30 25 10
71 10 8
66 28 5
71 42 6
17 95 6
4 12 2
72 43 4
11 96 7
79 47 5
44 10 5
58 36 3
39 54 6
9 34 5
24 32 5
1 71 3
16 83 2
95 19 7
83 61 2
75 16 7
34 83 6
20 82 2
55 77 5
35 65 1
11 46 7
55 67 9
30 34 8
17 58 7
65 6 7
4 86 2
53 83 1
42 60 4
61 51 9
6 12 9
35 31 3
25 45 3
94 68 6
43 99 9
12 82 2
35 53 3
43 1 5
55 50 5
18 19 4
69 35 6
66 90 9
62 87 9
81 42 5
37 86 3
90 26 3
15 13 7
62 91 8
76 96 7
60 85 10
74 45 5
17 18 3
51 33 1
31 22 4
61 78 4
1 57 10
53 61 1
8 32 9
99 87 5
91 1 7
82 8 1
42 96 10
65 14 8
9 32 9
95 89 3
43 70 8
62 84 3
22 11 5
26 30 10
45 73 9
32 4 9
78 98 8
8 43 8
87 23 1
44 64 3
70 24 8
31 83 8
29 13 4
99 73 5
22 56 9
29 98 6
56 13 2
92 35 10
55 13 6
63 86 2
50 62 8
80 23 2
37 6 8
91 92 3
61 22 1
78 8 3
20 2 8
66 4 9
27 99 1
58 92 2
38 66 6
72 20 10
78 41 10
58 19 8
82 78 10
29 11 1
99 91 6
92 24 7
92 17 10
83 11 5
88 62 4
40 79 9
27 73 10
53 76 5
83 93 3
75 87 5
28 45 6
64 29 4
38 39 6
8 14 2
15 2 8
91 34 5
33 19 6
77 17 5
51 36 7
52 45 7
45 64 3
16 12 6
81 34 8
80 2 8
20 61 9
41 58 2
55 60 10
43 29 9
8 77 5
94 70 2
18 81 6
90 36 6
18 20 8
33 43 9
81 49 9
12 64 1
46 34 7
32 41 5
5 74 6
10 13 2
89 15 5
52 51 2
15 67 10
94 91 8
27 60 6
25 7 10
82 80 7
30 97 8
27 70 4
4 13 1
86 65 3
83 89 9
92 13 5
16 27 7
8 39 4
86 49 6
63 95 1
97 50 6
75 73 1
76 91 3
48 71 1
22 1 3
49 67 5
33 55 9
19 17 9
83 87 5
83 79 9
11 44 7
27 69 9
3 5 7
61 89 6
22 76 1
54 84 6
54 25 2
53 63 6
63 55 5
56 92 2
24 38 4
36 76 4
56 24 4
4 91 8
42 44 10
48 78 9
11 94 10
20 90 5
90 57 10
32 17 7
10 95 8
78 100 8
47 100 9
14 15 6
50 72 5
86 91 5
3 35 8
55 25 9
39 62 9
75 50 3
18 92 8
7 37 4
54 80 3
48 19 10
96 34 4
77 63 10
40 18 1
53 55 6
20 25 3
79 38 5
75 60 9
71 66 3
56 46 7
70 17 2
34 41 4
66 6 3
93 71 10
99 19 10
98 96 5
24 11 9
22 88 7
31 93 2
34 55 4
38 86 5
99 84 9
82 52 4
19 80 2
5 96 9
42 99 8
88 74 7
98 90 7
16 81 7
43 83 4
39 30 4
3 82 9
98 70 10
80 67 9
25 12 5
18 26 1
42 12 4
40 9 1
70 66 7
28 44 10
46 13 1
38 43 3
6 97 10
65 68 4
8 89 1
84 7 2
7 7 10
74 15 7
63 85 8
60 18 8
88 63 6
21 32 9
45 8 1
82 98 8
81 58 3
43 49 1
19 92 5
90 2 3
28 59 6
63 63 4
22 5 4
39 56 9
12 66 9
71 41 7
60 31 3
44 7 4
79 26 8
32 80 2
90 63 6
87 35 10
73 66 7
91 95 3
20 56 4
29 4 3
68 90 1
21 19 9
49 90 8
80 3 1
72 55 3
90 71 5
37 98 10
97 5 3
79 67 1
24 83 1
83 37 2
65 84 8
58 64 6
34 52 10
98 15 7
73 94 2
58 37 5
40 16 2
43 93 5
78 11 3
77 35 1
81 83 6
50 13 10
52 43 3
7 43 5
40 56 4
9 58 3
41 99 8
11 80 2
30 100 8
78 14 7
52 86 8
68 28 3
61 100 4
94 84 5
95 60 5
57 100 10
42 100 5
96 2 3
92 88 6
65 10 6
31 95 4
35 15 8
56 97 8
70 26 7
48 11 6
15 24 6
50 46 2
61 72 8
32 32 6
89 54 6
24 28 5
61 5 10
19 10 9
60 57 4
79 75 5
35 36 7
100 9 2
15 11 9
96 96 5
53 64 3
22 45 6
4 47 8
45 61 4
73 87 9
24 42 6
72 70 5
16 71 2
12 88 1
40 55 1
92 47 2
51 13 9
35 19 10
91 31 10
28 2 7
14 33 1
63 2 3
100 34 1
69 87 9
59 29 7
77 64 1
63 87 2
83 78 5
34 26 5
65 48 9
55 81 3
82 67 5
8 34 9
66 89 1
68 12 1
95 14 7
34 67 8
91 89 1
56 56 9
76 8 10
32 89 4
28 81 10
62 11 4
72 60 6
15 40 7
61 93 3
25 80 6
35 13 7
57 45 2
70 40 4
79 80 5
66 48 7
21 41 10
89 52 9
63 100 3
62 54 1
94 35 6
33 33 8
1 17 1
50 26 7
98 77 10
93 27 4
70 50 10
75 7 2
14 28 7
66 40 6
43 31 4
92 84 4
70 74 1
26 22 9
41 46 8
35 1 10
35 47 10
42 62 1
95 55 2
65 41 10
72 22 3
83 19 2
68 70 4
31 4 3
17 90 8
96 83 2
21 86 7
58 23 3
42 91 2
2 82 2
14 80 1
3 34 10
78 96 1
4 63 5
81 74 6
14 24 4
58 43 7
47 65 1
87 9 9
77 25 7
18 91 4
74 60 2
100 45 5
68 5 7
94 89 4
67 3 6
74 37 4
1 48 10
22 100 5
31 48 5
85 15 4
74 65 4
9 88 4
54 90 2
29 95 5
93 94 7
19 13 6
99 88 3
14 61 9
6 92 9
57 9 7
15 25 2
69 84 2
38 91 7
56 59 5
7 22 9
7 53 1
99 11 4
98 19 2
31 94 1
68 61 6
99 24 2
81 33 1
38 41 9
88 70 3
27 19 10
53 2 6
35 16 2
94 76 8
78 69 4
52 27 10
18 46 7
93 5 3
84 79 6
58 27 8
34 22 3
28 52 8
26 39 3
44 75 9
12 78 3
80 41 4
88 61 4
69 98 10
75 11 7
15 49 9
60 22 6
30 60 3
36 44 4
75 84 3
62 79 4
60 14 9
85 12 4
99 3 2
