5329
1
1
2
1
5
3
1
6
3
4
11
11
2
5
13
10
6
7
7
13
0
6
0
21
0
9
16
28
21
11
27
7
24
21
29
26
37
28
23
3
8
11
32
26
20
33
28
45
3
47
10
15
35
23
10
33
37
48
27
52
34
15
11
10
56
14
53
67
27
58
45
30
5
48
53
74
70
7
77
73
54
59
21
35
71
13
46
42
16
63
86
65
53
65
8
36
50
67
94
28
15
88
79
86
37
97
78
85
20
62
23
107
1
39
4
82
0
60
71
75
99
37
71
97
71
108
39
106
11
116
20
120
58
43
32
91
39
118
117
81
56
132
85
12
101
124
46
49
11
138
141
96
9
68
145
96
55
10
103
103
82
131
33
157
149
113
102
52
132
48
95
137
159
153
113
107
43
172
68
17
121
46
159
126
95
58
52
118
146
104
119
190
49
163
124
85
9
165
181
180
21
116
93
50
15
172
170
20
149
140
24
20
198
82
11
209
213
184
105
8
67
66
198
102
131
179
29
26
95
210
161
172
162
113
170
156
116
6
157
102
237
38
29
198
151
204
129
137
213
159
22
132
189
75
112
182
119
249
189
156
204
5
28
25
23
43
186
224
82
240
155
228
150
242
71
69
5
233
169
95
272
153
207
151
18
79
218
191
179
15
202
111
33
110
94
72
227
167
282
240
10
254
298
198
227
1
35
174
224
7
311
227
172
196
255
227
14
188
171
173
298
12
320
286
80
36
47
36
305
97
56
112
120
223
74
41
2
105
204
268
85
144
283
60
113
81
346
171
334
284
146
217
315
334
105
48
80
105
350
14
286
84
173
262
245
245
57
69
197
331
306
26
331
374
100
71
109
184
229
327
337
342
162
129
151
198
228
13
355
95
368
66
139
135
189
367
64
3
111
325
300
176
402
4
8
388
233
318
376
99
50
75
197
3
332
164
79
122
216
411
374
280
96
405
43
9
91
354
62
315
197
334
195
282
122
197
277
314
387
334
146
335
202
171
113
172
414
53
395
108
283
315
229
356
23
168
36
417
397
180
414
385
186
404
394
119
270
87
461
338
163
171
117
448
132
404
410
445
334
67
344
384
293
94
145
20
130
177
139
436
363
152
402
181
344
178
438
326
278
314
62
73
113
255
403
218
141
29
165
363
391
78
506
406
432
494
97
104
74
145
100
489
388
51
191
192
121
22
383
148
49
13
18
132
490
475
136
354
404
188
283
285
172
120
244
322
350
58
458
350
196
144
28
436
316
378
138
153
408
414
115
204
423
467
115
415
241
422
506
244
252
311
394
116
494
132
557
504
77
455
329
175
172
314
139
490
497
413
294
458
47
70
375
545
506
497
316
65
51
560
89
403
17
566
393
310
301
313
476
194
311
442
286
248
131
431
617
603
147
151
80
11
279
312
432
548
262
215
348
251
549
406
330
402
381
338
455
177
552
534
591
610
101
58
476
51
175
593
611
246
46
410
593
508
211
336
331
53
528
352
213
583
222
630
253
256
190
214
553
183
270
576
81
581
18
167
528
565
17
70
595
170
448
386
379
344
594
0
423
414
201
455
91
98
79
433
11
14
290
384
525
432
482
283
109
132
307
655
354
429
59
171
140
28
706
154
521
344
108
394
444
49
484
23
654
251
319
699
464
707
523
208
201
405
704
168
335
34
227
668
651
510
418
652
107
484
135
129
714
88
408
488
145
104
739
702
22
505
217
459
600
371
357
129
628
762
386
341
338
572
113
407
659
204
207
611
186
281
526
764
62
735
240
37
515
146
229
119
293
372
518
289
643
793
244
749
669
316
95
293
368
112
326
750
352
566
32
532
340
563
490
365
638
231
83
618
658
724
806
639
794
443
223
769
260
26
160
267
103
287
143
661
655
636
204
698
413
726
500
812
599
241
530
300
474
351
73
571
447
539
204
63
653
209
820
57
642
314
851
700
2
787
724
272
580
12
3
418
2
866
374
495
499
574
807
88
753
463
145
412
58
205
657
242
696
818
622
683
188
44
664
870
315
474
863
647
372
26
828
633
725
34
733
507
675
637
714
727
491
366
44
102
380
802
30
173
691
279
277
892
21
408
455
177
31
911
731
193
151
695
745
300
402
401
193
152
358
15
196
783
861
651
324
923
941
346
709
92
898
705
522
659
576
763
696
7
575
323
564
199
154
444
411
828
808
613
53
934
214
680
103
122
366
99
397
630
102
577
23
397
155
573
236
881
259
504
657
345
509
923
943
326
241
872
586
602
654
366
35
258
327
429
962
968
59
829
474
354
17
605
863
478
742
473
577
740
963
536
967
69
1004
511
255
553
789
60
183
890
776
905
664
608
777
263
684
262
413
272
1005
685
502
413
234
433
634
499
182
421
865
716
545
695
856
349
127
269
656
197
454
888
1021
966
524
139
825
893
553
990
605
768
51
963
288
841
193
1033
509
925
440
135
859
187
998
1066
80
964
768
402
555
793
1080
879
204
1036
101
665
494
332
292
71
385
359
950
696
635
628
128
565
168
729
764
719
624
487
549
990
281
710
683
554
566
331
410
191
867
219
591
548
931
964
625
822
873
336
209
62
448
786
106
997
104
391
708
331
663
539
1035
347
948
482
641
613
735
35
683
819
333
680
959
731
473
798
881
1154
512
42
1105
804
1136
968
829
201
819
932
874
685
399
1004
24
21
83
1126
548
908
813
248
95
732
103
778
675
1183
697
1084
651
611
1134
1064
1043
836
1200
495
1107
1050
549
315
624
887
608
137
246
860
78
334
789
418
865
984
1065
504
721
1011
43
1
342
530
706
928
770
969
1124
179
866
531
1038
161
23
606
264
197
235
771
1223
1067
858
126
576
184
642
1051
569
1028
308
701
940
592
332
246
910
545
1001
1024
353
1154
548
1201
822
156
42
290
941
483
985
881
533
233
569
77
392
1099
929
791
978
374
1097
368
329
380
723
1205
1271
880
756
1253
103
754
551
1035
989
214
921
154
1201
416
730
792
1155
896
1182
753
928
978
157
541
740
25
91
840
854
1265
937
692
441
842
661
926
1072
589
146
524
981
114
775
143
1017
62
1129
752
1127
1017
440
154
733
1256
648
337
1205
900
117
628
1140
1296
229
652
1256
229
786
950
1268
731
132
776
1166
184
148
1055
866
763
1102
675
780
1212
535
793
590
238
1173
40
1221
573
753
99
762
1050
1140
614
1341
684
287
199
361
615
1180
1030
950
1231
1034
643
141
955
218
92
1042
430
1360
250
386
1057
543
1212
846
607
904
831
1152
800
1355
972
841
1245
1319
1275
885
1202
327
47
349
6
669
214
504
677
377
445
915
1325
1434
1273
140
1390
807
545
1168
867
571
285
1228
602
270
431
934
548
1413
854
21
1238
1125
1135
1298
1279
1141
1322
879
177
291
1448
182
472
934
1174
207
403
445
876
1249
827
861
323
76
266
1156
776
1270
1117
665
1188
1199
85
293
937
104
78
638
1445
1268
393
1042
1262
598
981
150
126
517
946
1068
1181
734
952
924
1419
66
1232
1398
1132
751
1163
513
670
130
476
1452
1184
386
1431
989
1447
532
336
341
827
1063
691
142
994
307
556
1494
688
1115
772
471
904
988
903
1000
1170
1302
771
1211
382
593
506
1374
959
1306
682
1460
956
386
1232
609
1031
21
1525
686
1307
1019
667
1479
399
590
1354
1475
1223
825
1312
463
580
1496
1008
253
244
960
868
1025
1539
908
1393
1476
716
834
825
142
27
929
1115
1281
763
1150
277
830
1309
566
350
1576
1572
462
105
114
807
1550
1351
618
1279
1548
532
779
669
1325
916
246
89
603
444
708
1225
1085
611
728
1358
1250
1433
1549
1348
754
1394
1492
1162
701
736
689
64
476
1644
1039
1348
315
114
678
558
1218
211
1466
1436
620
410
1120
1312
1318
347
31
239
430
1097
1269
820
134
98
780
1515
1480
694
756
313
596
921
1449
855
1518
156
1617
968
1254
2
352
1677
1062
983
1079
843
1478
206
1189
1510
1076
406
628
1238
1621
681
1259
1360
1383
143
458
944
1288
409
1010
47
542
689
13
1493
469
1148
913
453
1298
572
812
221
364
518
1239
921
392
271
673
864
1685
639
197
1064
145
1614
1282
1437
120
1448
1074
256
885
1306
459
538
1213
436
908
465
541
1477
1735
1522
1480
1466
1705
1085
978
1674
202
963
884
696
131
382
433
1405
181
470
1525
916
1174
1152
1759
772
1066
706
207
576
1271
1671
1492
602
731
556
417
1295
778
1043
1051
1244
603
318
350
1259
232
852
1465
1707
96
601
1644
1220
972
667
553
488
315
590
1618
94
426
1259
1545
1096
524
1105
88
1660
819
1485
149
835
642
1101
1531
1479
1369
640
133
796
1413
904
1753
859
227
183
1663
711
1033
167
208
1804
1390
395
17
1659
1379
1734
1477
611
1332
1694
507
374
707
1619
1323
351
843
1238
1486
147
1851
396
901
1823
1678
15
316
1194
783
1394
1431
1742
1078
1118
1662
288
1007
917
1224
1143
1128
60
1820
720
1551
1620
775
1515
1078
1880
1709
1144
288
584
952
1663
33
1204
1227
558
597
1461
136
1251
1170
1318
1817
857
1879
1472
469
1057
1523
1758
1407
949
1452
1132
1475
1774
840
0
1631
298
1621
1477
1412
1647
1743
914
1820
1026
1306
1130
75
1300
921
1204
1508
1715
1706
1869
1189
124
826
690
10
1506
1707
1606
1778
867
580
208
1586
669
1102
903
71
764
1088
124
1231
888
317
1437
1450
1502
486
182
545
1751
845
358
1284
1927
144
315
166
1923
1303
1903
365
1128
944
1283
1216
486
1104
1183
1184
1323
993
1677
1246
1464
178
182
551
53
1877
577
397
1721
822
1982
685
1892
1880
94
1683
1282
378
1944
633
1415
1936
648
516
907
1926
1469
1682
1470
890
114
1429
1756
1208
1770
888
1898
1595
909
242
1497
1083
1235
1648
1436
1533
139
1214
87
615
1379
1286
376
54
859
865
1644
1121
1191
562
1315
24
908
1904
1481
1182
1823
964
436
1009
10
711
610
1693
101
1000
1778
1151
639
490
324
1013
633
613
77
1997
383
870
1414
928
1440
1293
1220
1487
423
70
168
419
1219
2075
1309
1086
798
2053
1839
1687
807
1698
983
1850
266
1993
253
249
806
2115
1814
670
1212
1463
1544
1758
254
1366
1594
1896
1526
1153
554
280
1615
1957
173
1798
710
1792
1310
2013
288
376
91
461
1328
1915
2085
1906
1249
1957
1857
106
995
1130
1231
1539
1353
1159
1438
1304
258
1287
1393
1619
1048
1158
1484
1980
674
103
1010
832
1162
490
480
331
1013
1136
1943
41
346
1407
976
1728
1107
66
893
297
900
655
2
222
1567
1478
1451
702
1713
748
1790
831
342
1569
202
44
2140
706
2046
1175
1783
1180
166
891
1025
1996
1058
1503
2206
98
362
875
1792
840
624
1498
924
1887
56
82
1269
1151
99
2211
2185
1869
1297
1420
1477
402
480
1916
1969
262
748
1386
714
1740
2114
1281
1522
935
793
1446
1043
4
1329
1625
195
905
1462
219
2046
1506
1278
2006
2133
2025
1299
43
1996
1419
1008
1661
102
1318
112
2010
1458
1265
160
602
330
520
809
169
2061
965
2187
594
1577
194
806
2259
2097
1854
2234
1113
1904
637
42
2063
747
931
302
54
2281
2159
1112
1989
214
1296
1412
18
445
1757
1545
82
1607
343
381
1739
438
1165
1410
2056
2261
1876
108
1544
2056
1983
1456
1633
2217
19
593
1515
2195
160
646
1964
109
2016
1453
293
2302
359
273
1648
1832
1216
1600
593
735
2079
482
488
1018
1490
71
123
616
1172
1615
1459
1575
1210
1682
1071
756
24
994
1702
1543
778
2077
263
2005
1928
1160
805
1351
1364
907
1506
180
1028
1707
219
244
2374
1919
1858
590
2025
1549
1456
678
1005
823
1199
1404
1333
1415
1169
2082
2091
1571
2135
1338
21
2269
1677
485
93
2244
1350
2310
1867
828
58
1837
1762
1222
2015
903
408
1464
2123
2139
789
181
1931
1390
1735
1353
1828
1692
1539
126
1071
1673
412
1824
1156
298
703
1307
593
1279
2428
2344
1477
2011
281
442
1851
941
1190
1364
1761
1580
1689
1876
1559
1802
1743
2257
1249
343
1466
1681
397
533
2228
1304
1276
1699
42
663
1182
147
2454
576
310
934
672
1480
1580
1417
1423
612
358
1244
229
1851
1488
469
922
1470
1710
1719
1393
695
1318
2038
1430
853
1399
731
143
1536
1205
1836
1954
2470
1662
870
2092
1840
1368
1984
690
237
251
242
1024
477
1056
737
1390
2234
1896
555
687
2317
2087
1702
1458
765
84
860
2261
2463
1723
1779
2177
87
232
1141
1389
1760
2170
1907
1914
1761
2209
1602
1794
2466
2483
652
1130
963
1059
2523
747
1253
559
1422
584
2174
1920
1861
2098
2102
418
392
1850
671
1591
287
1944
1622
2205
2307
644
744
1323
2187
1631
150
1677
1414
395
2562
794
1723
559
1599
1714
1192
1374
214
741
1037
1609
1419
869
1411
1568
1767
529
1123
790
2351
2079
624
2093
1290
1355
1439
2457
2239
914
154
865
1419
1381
2025
494
69
1
1771
1298
1955
62
1122
420
2137
2363
492
320
1892
349
2353
1636
2013
2573
286
292
1981
598
1421
2380
1020
2639
1245
833
1555
2459
165
523
150
642
1367
637
419
1538
2586
2480
147
1473
1335
350
2633
2522
607
480
376
701
398
1811
39
581
2614
133
1263
446
2060
1969
2620
477
1840
570
2659
2325
2309
1523
97
1272
1298
2312
2198
1573
2195
43
1590
1305
2158
884
1848
959
2471
1574
1299
151
815
1817
2049
2141
1126
609
1244
2707
2358
1542
1084
804
1927
564
176
1457
794
558
1680
1279
1384
1924
1743
1729
957
724
604
957
44
2612
2533
1803
2718
600
109
1594
279
1621
122
1082
1213
1174
729
788
47
1526
381
1493
998
2221
213
2301
1879
28
1839
2584
1292
1608
2130
2642
1738
1748
202
2008
2626
1966
2124
2168
603
2258
1242
1836
401
571
119
827
982
1937
2453
2285
1905
2794
2192
785
193
1768
2404
1931
2161
260
1955
864
2262
1945
2096
1973
202
984
2035
1859
2454
386
2072
2351
862
725
1387
1925
2234
2446
986
1956
2095
1083
1149
247
119
2788
269
1778
2663
420
25
2124
1082
1951
1028
101
852
2449
2226
1352
829
2573
773
2341
1012
1336
2606
937
441
1337
2082
2235
500
2095
2525
883
1486
2130
2818
1293
1695
1941
1763
1671
546
1031
1284
753
1874
2287
2291
2571
2182
857
251
2110
1111
2830
3
2794
1160
2135
2211
926
2857
1969
2345
2491
2646
2863
655
586
2511
83
727
631
1041
1867
74
182
91
1093
2002
1890
2271
2601
1451
1622
2768
2081
1859
241
566
1637
1463
1983
2767
2467
1956
1319
1434
1733
1983
1068
2406
1430
2519
487
19
1795
2339
2568
1873
1985
2415
540
1877
2368
276
1824
1324
2801
351
1460
478
1661
1578
268
808
153
1187
2867
421
791
1718
1597
700
2279
2169
1838
1817
1776
1900
301
1671
715
2004
406
2850
62
1985
183
1210
2575
2291
1998
1095
864
1343
934
624
127
377
928
2249
2148
1823
1653
1658
926
2132
1264
696
805
895
913
955
1975
437
1926
1864
2669
2692
1291
2974
2381
1166
1127
1117
670
498
1960
2836
1828
2453
2446
2526
1801
758
937
526
2471
2689
2833
2019
2813
2241
1181
542
2845
1803
1543
2146
2272
2840
1619
812
2508
1770
1582
337
1333
1962
2507
2251
492
707
2457
2602
125
776
380
122
837
1976
703
2403
2763
2513
487
92
2805
702
2928
1051
3030
2243
1257
930
2879
804
1794
2309
855
795
2191
1213
130
1168
848
34
854
1044
3064
1038
2553
783
2530
2348
1582
1643
3022
3037
813
2742
1044
458
562
2378
514
572
2931
1421
2985
540
2781
2596
2794
875
1501
354
2504
3090
1941
477
2606
146
1105
1650
1299
1666
471
2557
751
1341
1267
262
372
1025
1478
2929
2453
1591
660
1214
150
2485
59
1747
2224
2347
274
1847
328
2985
2620
1928
1943
717
1490
2084
1133
908
470
1888
2795
3057
1835
1173
2848
2641
2888
2179
1044
2773
2669
212
1148
2540
2090
720
2603
2301
592
25
1699
1168
1356
148
1840
3115
332
290
2096
1158
3155
2464
924
1776
19
584
2561
2530
104
889
2422
2557
210
990
1302
82
116
2371
1283
1046
2371
2232
2003
190
2566
2195
2051
2445
2303
155
2162
444
201
2325
1617
2112
2710
887
1592
3204
789
1285
2911
176
1970
2741
259
1284
1629
2374
904
2430
772
328
2172
3204
985
1682
1634
1221
1294
2776
2307
2794
3255
2581
695
1650
1395
1613
64
773
1560
3160
1651
624
2945
338
889
1674
320
2273
168
1830
2333
446
2206
258
1053
2808
2874
206
920
537
2400
1082
111
1855
882
2800
3153
1218
36
2201
2973
3200
1059
1389
1506
2840
1294
340
2597
991
2481
1899
2420
937
1463
1096
551
1992
2418
1045
533
1278
277
2967
343
2329
76
2464
2490
2847
680
1472
3245
3191
2011
2475
2093
1897
3317
3259
2887
1206
371
1403
3024
560
1143
2078
3149
2452
2334
2155
2242
2965
2356
899
120
3001
219
227
469
2351
2083
487
1886
3333
1903
3023
2474
2792
731
2902
1676
2070
3032
2482
2908
2279
3334
2860
2113
704
1320
2696
471
1265
2695
2340
1098
2319
1074
429
2089
793
2521
453
813
2554
2715
2496
2919
1914
2363
2063
2646
2889
2683
968
868
2155
3024
2223
1707
2933
2274
88
586
3039
40
1963
1966
1930
1704
2591
256
1176
3027
2407
1399
1803
1293
1313
1788
1392
3018
2988
1329
2442
3172
2761
2425
576
3080
1939
1080
2656
2984
2772
292
1796
1777
3355
295
18
3208
1270
2465
2304
2814
2024
1646
215
3083
2930
1750
1831
2539
2716
2138
1974
566
1937
3253
2476
996
2951
1088
2163
3140
1096
1087
580
2096
2577
3028
2894
215
2616
1179
2995
3248
2507
3007
1814
3396
2389
681
645
2336
809
674
1103
781
1150
3423
841
867
480
2631
287
2226
1400
790
2449
2990
2261
2506
3320
1253
987
2076
1626
3248
1971
2537
1390
2953
3372
970
238
2595
1697
2800
2866
3084
2906
2104
1354
254
1508
507
801
536
2499
1401
1818
2722
1638
1854
1864
1131
1940
32
603
775
3215
2984
3219
404
633
1864
2340
2106
587
1972
859
1026
3310
1365
2146
3039
486
451
1642
333
1102
3103
3150
538
3107
3454
3442
1425
1953
2172
2808
2912
213
2878
1375
3052
2580
961
1614
2932
1807
1035
840
1064
834
1426
2852
2423
3007
3581
2635
1211
588
868
1066
1692
1627
2796
1039
2821
3461
841
1870
267
2630
862
2193
2947
1929
2472
2048
2786
3272
2997
2490
1534
3595
1403
2363
3055
2195
1811
2955
1616
2773
3107
350
3136
1390
3109
1346
3517
313
2646
1398
3189
2659
1936
2784
33
2475
3166
932
1606
2294
1053
1717
3491
1234
1470
2893
3398
2278
3285
21
570
1696
2628
2065
3609
3273
3581
1020
3663
2757
2728
2408
1140
13
1179
1545
2105
2316
3620
3107
2062
1706
2149
1510
375
1897
3354
2420
2905
2394
2381
3631
1140
2694
2025
62
512
250
3625
3302
490
325
2441
1813
3228
1437
3008
1040
1301
20
2328
328
2511
47
354
3681
958
1756
1965
3608
833
2807
3674
2368
2501
3002
2114
1579
1223
1202
1658
2885
3250
127
2723
221
2745
3507
2455
1790
1796
3043
3705
1706
3149
3315
2564
354
2775
2772
338
2364
1554
2663
174
2623
2901
3006
1572
732
1446
2200
769
2587
2823
3516
3417
3128
3642
189
228
3265
2820
3428
1712
2968
3220
3530
2461
1430
2912
699
968
529
2208
454
3415
1186
626
2064
1259
2914
1270
872
3054
3553
3224
1396
3279
1234
1814
2549
914
880
1584
457
3107
212
1027
2256
16
1073
1379
3707
1698
3006
783
1794
1980
2143
3196
2318
2846
2939
112
1562
971
3414
2160
1181
136
162
1781
866
1334
1245
3802
2361
2509
2852
3230
2684
3746
2380
2805
565
1416
3161
2651
2879
2994
3379
2864
601
2898
3217
886
1240
2813
2124
2430
594
3013
830
486
569
1886
1178
693
2169
990
87
1513
963
584
112
412
3204
2498
1484
3167
1926
3402
2866
3671
695
647
3528
2152
3205
3745
3591
983
684
853
1989
2176
906
1434
2954
1910
3683
649
2671
799
3741
2695
1539
2255
3143
2697
3600
1062
646
1033
3894
3065
895
524
1683
1274
551
3656
3710
3176
3592
1308
1812
843
248
2674
3348
2253
3278
3096
3082
2339
1334
1217
3440
1095
909
3747
403
3767
324
3105
2348
439
442
3353
435
1418
2701
747
645
3488
1766
2607
638
2871
185
3361
3910
1648
1399
2085
3537
190
2620
111
1269
1124
1782
999
237
1036
2929
1037
2064
2013
2305
3108
1078
3811
1226
260
2655
3812
1237
3441
1608
3250
3937
1364
2391
3599
3215
3079
3658
3343
3990
3435
1616
2784
2633
2106
1646
3652
2574
2667
3822
3822
1094
953
2639
837
2201
190
2777
2218
1246
3649
433
806
1681
3721
3791
3004
3319
3641
3615
2452
3063
1000
899
3314
2377
1940
3409
3509
755
2890
1094
3899
1807
1690
836
3248
3103
1248
988
2757
3682
3941
2424
1388
3963
3826
2997
659
1508
2601
1898
555
2528
3458
2944
1699
887
4013
2563
2903
303
2039
131
52
3361
1337
2171
1403
2159
1172
1026
985
3500
112
2380
1288
2976
512
1420
1143
3507
2170
399
1192
3806
3807
3402
805
1919
741
1345
2212
388
120
1666
2325
2662
1356
3975
3022
1705
671
3519
1580
206
1093
3310
564
1240
1968
3246
3707
2279
651
819
3322
340
75
3864
1067
1909
1492
3562
2549
2448
2832
3859
3059
3156
4046
3692
227
3409
539
1488
3386
3623
923
1022
2866
2004
1643
1117
1806
1569
242
3699
826
628
3620
3397
2058
3232
1505
662
376
455
1453
4145
1937
1252
1342
2786
3725
3282
778
3944
4144
3880
881
3727
2290
1248
3920
3651
3610
3622
835
4136
734
3308
942
482
2889
268
3038
3343
2506
2453
2018
4092
212
2759
4065
3577
480
3761
2300
964
4046
3213
156
907
1777
3532
3403
3915
2003
15
3890
3091
3197
2684
1488
968
904
4051
3138
3604
3006
3927
3912
472
108
1244
3612
3612
959
2779
3272
1091
3653
3171
3893
678
1438
594
3920
965
3061
377
1103
3006
1359
1628
1062
3303
801
3306
2080
3171
102
1029
1427
3369
4041
2825
438
3777
3417
1092
1322
1025
3599
479
2716
3121
3854
322
752
1317
1131
4113
612
3787
2844
3918
3692
3347
3296
2065
3602
1173
1714
3241
986
1332
3757
4241
4081
4113
812
3395
3472
926
2403
1540
4068
3629
569
1543
102
1139
2594
2161
1581
4130
3199
1973
133
4139
4136
2445
420
1471
1187
2834
1758
3248
4248
4113
1701
2586
2434
2789
640
1941
3142
1757
1475
4249
704
4129
3794
3969
1331
6
1897
1930
2296
1576
3104
1257
4144
3747
3820
2820
4054
4112
3493
2139
685
984
722
3874
4035
3396
3671
1731
981
4070
1599
3238
487
3757
210
813
4114
3132
422
60
1271
2682
1204
3974
45
2380
3821
828
2052
316
2862
1098
4256
1380
535
1604
383
1683
1991
261
454
4225
1157
3296
4302
1510
3151
2069
3200
1920
3297
2148
4084
1161
4189
4166
2995
499
2582
2742
1801
2485
3035
4279
3176
1538
925
1070
1929
3970
4341
1234
2229
2994
1927
3713
2034
3622
3306
449
4215
2041
3204
3121
904
813
3797
1227
383
1693
3792
2209
3346
3161
2341
3900
3147
3628
1686
2622
2468
1017
1660
4094
1479
1015
4056
2627
3255
3940
1221
4315
3126
4476
4081
3691
4074
3999
1889
2557
773
51
4248
2145
413
4152
3927
2297
4060
2128
403
1086
497
4072
630
1938
1841
2178
1874
3051
4243
2630
3331
1737
1090
1561
618
2866
2539
1219
329
2657
3373
163
3028
1860
1106
4338
3373
741
2202
1887
1154
4056
1119
2514
3168
1145
3633
705
3451
1972
2439
2447
4019
4179
2026
4020
2522
3984
4178
885
3594
4364
820
4491
1002
2296
1781
193
3465
2210
2978
3055
1712
4095
1668
3952
2265
4373
31
1138
3034
1536
248
137
1231
377
2597
2468
2811
354
125
878
1186
2329
156
2364
4171
95
4023
3226
3350
2612
3521
2010
426
2434
3778
2736
2730
689
2033
3340
2887
2228
109
1301
1935
3213
3676
3065
1695
1536
4268
2888
438
4012
2360
3437
506
272
1384
4364
3420
4503
1819
821
3328
4528
1158
1166
644
3625
2764
3407
1460
2534
3829
3528
3105
4254
3460
2425
1314
4283
517
1234
4554
3153
1093
688
2943
3924
4534
4254
4184
1794
4590
533
1268
1083
1266
537
4647
3998
4354
373
2097
2889
4063
4643
3933
594
1724
4332
2787
4544
2893
2813
3184
3998
3840
3120
4619
149
1939
563
3802
931
4560
874
1868
2548
3834
4124
2493
4162
3452
1879
2353
360
328
1234
3867
465
2673
3574
1444
3146
3215
3058
4162
1923
3262
965
91
2379
3551
4170
439
586
3945
1880
3794
4202
1240
1233
2294
3671
4430
368
3703
1691
440
1202
3922
1362
946
739
3461
4684
2310
3731
2914
2341
4284
3748
1421
436
4378
2285
2768
2078
4710
2909
4117
4141
1963
1810
755
1481
1960
856
4552
917
2106
4334
76
4624
374
1995
3042
4593
1328
252
3525
3883
3712
4479
2701
3435
3252
1074
2193
3842
4375
4224
1502
4723
3556
2845
252
949
2249
1015
856
3169
1759
1152
1370
4636
1814
4122
2668
196
3973
4451
3342
317
1890
4190
749
2110
31
4775
3670
3951
1643
1823
3197
2625
1254
3389
3123
3079
2676
1859
2634
456
619
915
1887
1220
1882
1563
248
516
3210
4002
2120
2569
2211
2064
2974
3652
1778
233
2399
2484
4528
4583
3629
1518
3702
11
2111
2927
2769
457
3764
4001
807
522
235
3618
3952
4724
4573
1888
752
213
944
3970
3482
1047
4706
4598
84
1188
2666
191
4502
4525
636
1979
2381
2269
1110
2822
3038
2689
3307
2950
1755
4656
3836
2862
3984
2889
757
2829
4081
4591
3434
1523
2507
1591
1064
1371
2103
2396
375
41
4611
109
2544
3461
3375
1480
2941
2294
1745
1271
2608
256
1055
2418
4458
2636
1602
4746
627
1207
4377
547
3641
163
1857
2968
777
2871
399
1304
4314
1973
3597
822
4600
2172
4603
1163
1722
2970
3406
52
1058
3216
2853
455
4888
3571
4751
4537
4361
4258
1577
3122
2545
1180
1521
3483
3481
177
4211
3939
4474
1400
1803
3352
2186
2109
2029
2754
2786
445
2098
2668
998
2926
2611
3457
1732
942
117
4709
4396
2483
566
1722
3483
4095
2576
4626
2360
3868
1326
4273
2203
4940
2957
3221
1748
4509
1760
1959
4956
1677
5001
4888
1183
4617
3763
4999
3388
3001
689
4746
2245
879
3669
845
4833
3561
4921
3754
1017
2364
2258
1309
4818
3565
550
74
349
628
3082
3498
4675
4993
4222
554
4617
4923
511
4152
1017
4560
771
1609
1546
2295
325
870
2359
2424
627
2106
2842
4268
2923
1163
1319
115
1634
3681
2073
4302
4106
3229
2072
2479
2451
1790
3918
4741
4171
3564
3718
2873
2946
3395
2649
3930
1422
4075
4494
787
545
3584
2407
3183
3801
3439
2835
3214
1793
4001
4828
2592
3344
1043
2568
3788
548
3212
2079
2561
4291
3844
3860
794
2602
2886
4173
5059
4373
3182
4297
4872
2486
5031
1255
4478
4704
3097
4244
4203
4472
3749
4856
126
776
4274
1617
4936
1832
3862
5087
1342
2240
4696
4965
4742
4912
3520
3435
535
4647
1714
2821
1741
2435
348
2375
5085
1011
2284
2712
177
912
603
1088
1998
131
1981
4580
1829
5154
2524
1252
3184
5108
3405
2294
2576
2733
3472
2235
3998
5094
3667
3052
5140
2899
2677
4115
3480
2770
1926
4762
212
538
1206
4498
4383
1099
2536
434
609
123
3178
379
1562
240
1543
898
1554
2992
1567
570
4632
3149
2531
1220
223
4529
2591
3321
760
3538
5219
1603
2016
2282
2620
4723
1914
2945
173
3160
1982
1141
866
2066
872
991
4455
2831
3952
4306
3480
1344
5189
5115
4361
2501
1152
3791
311
5240
3282
2891
2064
4896
5233
481
2097
3808
610
907
2378
2911
920
4635
3310
5113
4542
1541
2800
3672
3171
2063
507
4685
3308
3814
588
4648
2361
2772
2084
2012
3897
3577
1623
3702
181
3777
1130
1179
18
4082
2577
2865
3234
3563
420
3886
5181
2446
159
735
3396
4172
4000
4623
267
1064
923
926
570
1011
3003
2654
525
51
2027
2939
3598
