5000
0 28421
1 31404
2 31520
0 30101
0 29145
3 32052
1 31430
1 32375
3 30649
9 31843
9 31307
1 28989
8 28738
2 30222
13 29547
6 32684
15 28502
2 32296
12 30368
16 29265
1 30025
8 27819
11 29200
17 27836
3 32081
9 31592
2 32170
4 29924
5 28905
4 30216
25 30166
28 28331
10 30627
32 29842
34 27976
20 29053
24 28155
29 29392
25 32287
15 29082
1 32318
25 31241
1 32739
1 32531
14 29801
23 29582
34 29502
31 31421
46 32634
16 28768
1 32036
27 31264
22 31085
28 31563
53 32348
44 29733
31 28035
47 27818
5 32391
29 32629
16 31418
35 29357
51 28773
9 29133
57 29630
32 28466
28 30884
28 31996
58 30854
11 28897
47 30133
45 28206
5 32706
16 31080
30 29929
73 28773
68 32596
47 28885
69 30900
18 28768
39 31122
58 29101
35 32659
23 31901
58 31515
7 32054
61 32329
15 29048
62 31465
40 29914
67 32159
70 29066
4 31249
92 30110
57 30091
70 31533
48 31868
32 28032
27 29433
84 27883
73 28814
89 29060
52 32710
21 31566
51 30252
100 30238
78 28055
63 32015
98 30195
89 31249
86 31466
62 30577
51 28274
82 30050
39 32258
77 31159
15 32663
52 31018
71 31289
14 30170
57 31457
16 31054
100 28152
36 28372
30 29201
94 28447
120 30501
127 30788
13 29027
73 29980
26 28631
46 30288
98 31781
108 29912
99 31005
129 30337
116 28178
66 30183
42 31843
102 32559
26 30681
79 29205
111 29074
139 27979
49 32064
79 31448
118 32177
108 30178
110 31942
127 27801
138 27862
40 32647
117 30757
59 30408
112 28606
14 27912
17 28939
52 32166
101 32028
135 31158
55 30032
17 30641
132 28711
159 32028
76 32257
2 29539
138 30727
78 30343
42 28960
79 32229
97 28271
16 32257
160 32185
57 29487
56 30090
43 29768
138 28079
71 28511
53 28964
141 28287
160 28853
98 32007
45 32736
128 32629
8 30056
44 31642
64 32570
7 30171
48 32698
141 31629
95 31175
98 32646
66 31019
130 32509
72 31477
55 31327
73 29663
37 28941
115 30433
62 29118
7 30013
10 29868
177 29251
144 31788
116 32761
115 31624
100 32133
202 31781
156 31032
38 32278
107 28669
153 31300
47 29095
127 29007
17 29838
55 28810
51 30633
114 31949
184 32071
52 32117
58 30212
217 31015
85 28151
179 31514
198 30752
152 31850
104 29328
32 28060
99 30315
213 31543
19 30726
58 32209
116 29181
137 29238
14 28101
138 28173
98 28483
52 28057
34 29112
35 30482
152 29783
123 29994
236 32093
236 31627
107 29956
177 32669
133 30385
212 30995
178 30529
170 28726
103 31421
10 31729
52 31741
221 31307
14 30819
247 30161
55 31114
245 29339
40 32224
207 31932
85 32683
83 28319
207 32672
38 31446
217 30187
182 28948
112 31834
32 31819
58 29343
43 31609
102 32702
171 29127
169 29791
35 30699
47 28982
185 32109
82 32393
261 28339
29 31856
131 28074
11 28335
177 30117
210 29084
204 28376
36 31240
124 32565
193 30107
27 31631
158 28970
220 31354
243 31120
154 28800
243 31189
228 29553
85 32323
175 30085
45 27947
151 31615
82 29711
220 27903
58 30734
249 28934
97 31640
126 29676
173 30575
215 28430
108 29627
57 29897
303 30886
151 30001
215 28551
8 31146
311 28577
131 30345
304 29579
126 30954
209 31100
168 30686
81 28744
137 30399
114 32742
39 30027
233 31203
234 28406
4 31736
244 29419
268 32137
119 32475
192 31395
17 29116
165 27786
2 32244
51 28397
130 28196
165 28981
27 28399
29 30978
158 28967
286 30079
333 31916
260 30648
247 27939
326 28340
195 30084
52 32274
100 30157
37 28578
211 28052
66 30001
44 32340
278 27872
154 31448
327 28329
331 28209
285 29438
99 32137
164 28882
9 29924
225 30884
97 31185
171 28576
293 29756
218 31609
296 28673
306 32296
43 31750
31 30396
316 29521
334 30164
363 29554
348 28469
199 28392
237 30281
154 28115
9 27856
219 30658
136 31055
108 31847
258 31369
64 28173
72 28003
195 28331
249 31824
187 30460
148 30397
364 28981
155 29676
286 31396
214 30591
74 28018
371 29856
126 30380
105 30337
152 27983
344 29728
332 29215
119 29653
45 30169
219 31322
387 29167
123 28677
108 30756
33 32293
185 28348
109 27984
370 32483
197 28653
69 30939
182 32321
318 29453
104 31994
43 31983
299 31003
1 31785
333 31204
414 31282
203 31570
52 31656
201 30192
255 31780
278 29541
162 28711
62 31002
215 28737
38 31314
73 32520
269 28514
192 28257
334 32687
371 31940
40 30536
267 31621
58 29213
50 32185
197 29984
165 30967
295 32636
217 30719
50 30022
255 31456
233 29242
97 31425
401 27914
298 28537
33 31937
297 32087
337 29695
420 30621
84 28316
45 31744
22 28286
153 29292
322 29160
380 29624
10 31020
316 29102
262 28578
370 31397
249 30720
13 31475
273 31881
310 30609
142 26699
3 29150
22 32450
402 31644
151 32397
97 30063
260 31146
235 30989
163 30819
449 32502
127 28235
204 32747
25 31256
267 32458
98 28609
189 27873
460 32496
318 31720
176 29196
107 30630
313 32317
200 28079
202 28707
58 31053
332 31114
150 32734
279 32472
267 29204
129 29716
378 30153
104 28175
263 28679
472 28949
367 30893
228 31269
370 27924
430 29378
411 32434
266 31267
440 32378
62 29459
103 28185
3 30663
444 29620
405 28409
390 32122
470 29611
444 31115
309 29005
402 32060
248 30819
130 30081
280 30795
145 31350
428 27816
134 30152
35 31268
122 31526
347 30029
406 27937
382 31083
157 29283
134 29835
381 28191
195 31382
328 31755
297 32504
457 29966
45 31890
441 29761
471 31872
378 31473
476 28229
473 30184
437 28432
412 32564
434 31283
307 30426
428 30793
521 29313
140 29171
486 32158
218 31461
297 32142
231 32675
228 28444
55 32764
349 28633
33 32578
164 30972
134 32283
467 32291
135 28137
178 28038
390 28686
315 29209
558 30327
482 29071
554 29944
253 28827
257 31262
75 30385
48 30375
460 28429
393 31363
70 32523
363 29310
561 29525
47 30638
34 30029
347 32209
74 30298
245 31950
260 31688
327 32341
463 30615
417 31793
130 29545
219 30251
60 28664
305 28024
37 31220
440 30806
97 31609
73 31932
575 32170
346 30811
520 28486
164 31168
175 28432
389 31904
215 30954
529 27953
189 31553
152 29084
120 32498
262 29630
13 30896
542 32330
13 28923
135 29276
92 28920
482 31660
503 28309
492 27900
140 32314
405 29779
268 31263
203 30114
8 29906
95 31501
240 31028
238 31282
108 32583
496 27865
45 30264
46 28467
335 32021
28 32552
406 31154
359 28747
614 28528
219 29499
307 28726
526 31478
547 31470
317 30245
125 31493
61 30265
79 32307
242 31766
134 28097
54 29169
240 29187
422 28550
457 29171
272 28281
226 30428
225 28611
3 31061
102 27905
287 29706
247 32023
339 30401
576 32131
517 32612
361 31079
37 32678
404 31218
382 30819
251 29999
630 30643
288 31440
237 32394
211 29770
113 32242
43 28157
213 32596
435 30255
254 28042
482 32574
352 28510
543 32636
105 29898
208 32516
647 31183
327 30828
371 28820
67 30222
505 29054
267 29231
264 32284
197 31659
61 28361
221 29350
599 30532
221 30853
386 29330
587 30254
271 29082
660 32530
450 28930
667 31004
114 28425
79 27800
158 30619
338 32659
474 28629
348 32164
207 28763
192 28198
414 31651
199 30633
632 31498
610 28405
230 29802
537 30668
415 28389
429 27779
658 31750
517 32443
466 27849
563 31035
541 32077
476 30199
106 29355
262 31491
22 31132
320 29335
162 28915
162 32209
537 32646
378 30940
19 28926
79 30395
373 29316
437 29767
602 31737
330 28020
184 29239
217 32147
407 31631
180 28328
214 31766
573 32583
238 30671
437 31533
218 32413
275 30945
199 32527
78 32050
131 30447
716 32703
254 32039
30 29997
452 28180
18 31177
118 32737
529 31037
307 28282
406 32509
352 30730
130 31930
154 28449
134 28539
584 32455
655 30513
133 32572
210 31126
297 32448
375 31101
365 29410
257 28445
600 29595
215 28770
240 32196
132 29424
657 28312
145 28651
528 30324
22 29779
212 28853
65 31256
235 27889
353 31105
163 28818
400 30260
302 29360
496 31491
149 32064
546 29143
690 29406
203 32031
751 30580
113 30059
301 29278
527 30334
439 30371
695 31505
465 31134
413 32721
569 32547
419 29946
87 28386
538 32144
60 28479
303 31593
205 32229
679 29259
103 30495
632 31284
473 32437
467 28157
413 27917
638 28278
197 31618
119 28679
446 28575
145 32411
417 29057
497 30962
584 29041
637 32047
671 30500
619 28421
578 30891
496 28066
322 28993
787 28196
602 29998
94 28866
122 31685
550 30314
627 28190
704 31314
755 28971
794 30095
709 30210
70 32678
646 32580
40 31462
745 28392
253 30520
252 31600
15 28327
723 29080
529 32252
646 29061
608 31814
54 28824
432 31470
168 27836
34 28243
650 31873
653 30135
548 30270
155 29815
839 30789
225 30798
24 28363
286 28025
66 29133
363 31382
769 30741
683 30360
317 32760
801 29745
476 32362
14 29016
795 28568
248 28184
250 31851
478 29627
659 28919
198 29713
310 31664
76 32745
694 30087
72 29264
513 28252
32 31747
436 30171
598 31918
773 27831
643 30781
571 28015
3 30626
860 30373
402 32033
36 28506
119 29594
570 28690
530 28594
328 28878
496 28105
149 28213
585 28959
45 32318
645 30869
330 30363
387 30419
409 29428
654 31373
848 31584
388 28640
327 27825
168 32485
687 32170
203 30187
705 30184
310 28997
162 28997
442 28132
864 28041
344 27805
881 29664
638 32665
103 29816
744 28385
53 31841
301 29455
787 28696
277 30205
149 27900
437 32267
196 28948
481 28721
528 30951
636 32201
599 31428
853 30698
282 32046
569 29135
418 28754
513 28132
522 32333
698 29196
630 27966
779 27865
24 30498
481 31245
537 31563
568 31548
180 30533
105 29049
194 28938
817 29190
70 28072
850 30997
68 31470
537 28914
154 30984
245 31967
800 30400
211 30693
162 29710
361 27786
442 29561
39 32435
833 28354
773 30647
163 28205
245 28858
638 32433
943 28017
583 28349
599 28344
573 32488
205 28149
672 32496
359 29041
764 28294
485 31012
548 30030
836 32323
14 30927
765 31040
400 30842
831 31982
960 30505
189 31837
269 28561
763 29567
102 28535
593 29239
292 32525
165 29564
773 29902
957 30023
467 32552
896 30979
443 28034
870 28782
477 31086
972 29587
412 29003
511 32015
441 28233
803 31937
776 31658
103 31674
99 28898
395 28437
565 29243
135 29806
400 31140
940 29016
715 32295
128 30862
155 31034
286 30882
791 30939
115 31746
89 31310
106 32291
159 30328
643 28510
762 30270
596 29842
77 30997
731 29851
671 31652
857 27828
43 31787
301 29724
697 27789
347 29020
776 31971
993 30887
878 31651
252 28049
60 31911
156 29271
347 32356
825 29794
736 30030
580 29162
914 30841
1016 30272
407 32533
817 30356
846 30937
313 31047
445 29683
359 28716
265 28222
396 28488
270 30681
191 30076
132 30826
116 32508
767 30105
690 27881
1011 29864
429 31832
208 30322
639 31869
411 29234
179 31520
226 27950
5 30413
1021 29138
1000 27793
13 29012
703 29669
16 28984
700 31604
198 27779
185 30848
554 31662
498 31226
49 30620
177 29449
649 28143
38 28207
884 31731
1025 31364
812 28849
41 29611
1043 31176
252 31436
916 28410
164 28715
309 30957
820 29658
601 29856
942 31018
93 29261
613 32153
393 30384
803 28143
622 29378
358 32700
959 29227
772 27903
1015 30693
902 30727
608 31352
799 31631
1033 28710
44 32013
475 28363
261 31398
446 30140
803 28074
986 30105
659 32182
944 28667
40 29000
578 28875
967 31906
944 32234
731 29071
964 31601
764 30523
1085 29272
26 30765
377 32657
190 32349
426 31276
928 29820
1033 32071
401 29442
1080 30093
879 31878
521 27831
362 28684
145 28896
1033 31626
1026 32296
943 29677
494 28978
77 32307
284 27939
750 30498
278 31272
893 31724
545 30860
22 28690
760 29436
959 29959
800 29665
326 32198
944 29907
572 30219
809 29510
942 28623
965 32165
845 29158
891 28694
36 29291
196 31442
293 31629
869 29536
158 28190
521 27936
488 30992
1097 29164
1092 30553
1091 29818
1117 28016
1093 32262
1034 29416
93 29576
885 30338
721 32035
88 31959
405 30734
1068 31201
765 30827
1079 29590
569 32081
956 30199
403 28830
1041 30346
705 31496
585 30708
472 29634
120 29955
1160 32510
928 30203
1008 31298
964 28222
879 30757
656 30391
887 31028
295 32133
612 32470
765 29624
913 28159
990 29570
979 32084
936 31155
165 30269
852 30422
272 28862
440 29935
303 32372
563 30554
1090 32562
845 29308
729 31663
624 29576
1184 31744
500 29864
22 30608
767 29242
687 28763
793 28634
156 29765
496 30633
707 29014
695 28952
147 32104
725 30707
912 27893
239 30313
939 27893
1118 28571
334 29349
783 31317
395 31603
1175 28447
544 30120
795 29288
1122 28730
295 30472
24 32516
696 29401
1081 28263
381 30095
1121 29304
474 30614
508 29800
553 30233
544 28643
654 30826
480 30660
750 31935
864 31285
328 29671
347 31806
1207 29578
646 32566
704 28013
1131 31375
1130 30503
671 29415
1173 28246
246 28296
90 30605
261 28578
1079 31962
821 29619
391 27847
48 29609
1060 30040
1090 32273
573 31040
821 29323
1036 32274
590 30187
637 30234
968 30044
237 28348
969 32211
1099 30473
1214 30885
813 32576
510 30131
1023 31502
187 32375
894 29758
214 32201
208 28235
662 29818
922 27934
691 29348
621 27875
308 29866
444 32748
273 28464
322 30291
756 29191
611 28106
1183 31974
851 32060
953 29650
843 29307
305 31699
719 30470
84 31978
890 30245
149 30818
1162 32304
148 30712
1189 32330
1026 32044
478 29889
1150 30814
162 30901
392 31945
882 30226
868 30516
472 30645
924 29130
989 30479
70 32270
866 29761
527 30320
507 32326
832 27849
875 29484
771 30574
1214 30421
280 28045
547 29416
135 28972
204 31822
549 29355
382 31323
1073 28534
1229 31155
1034 28366
173 31148
347 31062
709 29174
994 28643
1186 32724
905 31033
272 32416
680 27835
925 31756
84 30495
790 29874
842 28412
1141 30044
1034 29698
508 29582
789 29933
905 28937
595 29909
1066 28446
576 31170
203 32262
550 31408
599 28864
480 31531
231 31109
578 31705
595 28510
195 32346
1174 30086
476 31465
213 29448
180 31531
758 32364
448 29224
1070 30521
59 31973
13 30649
809 29545
1109 32410
373 31108
799 32429
464 29573
674 30834
846 28415
739 32578
1134 29690
999 31683
1153 32703
1177 32699
64 28097
897 30613
337 32583
1229 30260
722 30053
856 31295
57 30473
767 30078
1186 28392
750 28131
1164 31693
564 30945
850 31413
90 29944
8 29144
696 31371
1218 29228
248 27978
693 29126
140 32670
481 29049
1362 31792
483 28268
1263 32309
531 31391
132 29258
1117 32051
834 29419
845 30956
811 30802
1051 29602
502 27966
406 27986
375 29260
1118 28790
407 31982
598 29410
1028 31126
930 30487
243 28246
549 30164
1020 27865
229 31645
1008 29987
1194 31522
1317 28648
913 28460
283 30469
299 28597
425 28206
773 30836
272 31297
136 30570
1129 30940
868 30001
163 32003
939 29888
269 30784
1349 32197
1072 30248
496 28558
1128 28065
259 28891
428 31724
739 28290
1076 31984
183 29302
461 29360
12 32383
1231 32465
1092 31618
1069 29722
933 32580
192 30987
881 29472
427 29958
1010 32084
995 31540
406 30807
644 31691
957 28803
1277 31309
352 31068
788 31178
1125 32572
1072 30046
102 27912
9 28151
360 31067
423 28079
1022 31424
934 29943
165 30830
485 32322
391 27927
946 27853
1420 30429
161 5633
160 28380
468 31498
9 30703
904 28040
899 31996
850 32657
188 29651
839 30225
178 29137
1373 30545
662 27875
306 32405
929 31726
559 31535
798 29768
1252 31575
48 28778
586 31838
981 31348
541 28658
843 29365
611 28497
415 28349
1301 29859
1274 30861
1178 30834
174 29104
30 30054
505 31037
276 31316
352 29270
781 30774
898 29808
1366 32480
620 32551
794 28916
1100 29995
1347 28375
416 29338
760 31746
767 29685
784 30119
651 30202
971 29651
482 27911
756 32259
351 30595
294 30741
506 30904
887 29254
1462 29011
704 30770
1071 29633
567 29743
413 30327
1343 30177
85 29505
1373 32336
1171 31281
497 31312
892 32188
639 30869
678 29338
419 29478
435 32627
9 30457
1425 29748
448 30869
1126 30833
1238 32008
685 27999
574 29553
246 30239
920 30912
635 30349
1163 29703
1474 30406
57 32086
445 31368
1364 30153
77 30017
276 30159
295 29122
1410 31965
570 30863
1042 28340
89 27919
1518 29829
725 28334
617 31293
1136 29679
1221 31305
1273 31843
1456 28786
1447 32516
1353 30833
414 28927
1411 27881
519 29484
373 32022
1327 31761
343 29295
843 31629
718 29974
312 29728
201 30160
708 27812
1473 29441
818 29749
1168 29391
849 30734
1288 28936
650 31554
894 32701
829 28854
422 31346
1469 30847
669 30048
618 32668
159 28971
16 30781
531 28388
1252 27947
1262 29424
154 30947
35 30722
160 31058
1223 28806
817 28452
306 29131
1038 29570
1285 30708
746 29597
1417 32015
1174 28157
560 31394
348 31407
24 32530
1521 30293
281 29100
679 28835
1052 30122
990 31750
852 27968
1344 32646
1483 31542
378 31321
600 31796
1459 29791
1337 29222
701 31667
1447 29346
1147 32480
1216 29298
1524 31119
869 29523
1084 30598
460 28893
1090 31803
409 29171
1307 31491
1168 32181
973 32210
150 31381
545 32362
521 29989
894 27819
569 32222
446 29851
969 32158
819 32245
477 28458
836 30214
864 31313
770 28300
1081 27814
90 30559
40 30477
618 29755
277 32088
1269 32534
654 27862
701 30304
343 31005
942 31715
1465 30846
399 29712
1402 29826
618 30547
355 29992
515 29031
426 29908
508 29485
818 28130
1478 28168
47 29314
1271 29953
1273 28647
713 32307
1520 30625
371 30672
1402 32439
1634 27805
721 32089
1256 28026
274 28539
1213 30592
321 32726
335 32717
48 32099
234 30232
646 29941
1051 29302
64 29369
1015 32538
1521 31850
681 32199
1545 29505
742 32028
1419 30814
1371 28342
193 29624
921 30900
174 28950
1419 30941
279 30796
163 28870
417 28788
887 32278
408 32424
1327 32220
175 28408
518 29746
1408 29879
228 28102
1247 31689
682 26835
1249 28531
663 30284
77 30899
1572 28597
730 27810
1452 28676
1538 29697
645 31921
1324 31670
1376 28018
732 28481
711 31295
629 30396
189 29983
1042 28132
1202 32255
1613 30238
865 31190
1123 32340
909 30608
1060 31592
491 31571
1307 32001
1434 31851
235 31876
1501 31908
269 31382
1425 28615
932 31341
1398 31882
101 28031
888 30046
664 30668
234 28094
1031 31013
673 32726
746 30548
1159 29599
1402 31234
1029 32667
568 28790
138 27841
564 31464
765 27786
499 29674
1437 30359
736 31331
433 28865
556 28105
830 31590
9 31404
768 30641
1262 30841
1478 28749
103 32380
1612 27923
710 31287
658 32245
376 29923
1020 31345
349 31885
973 30041
409 29183
1096 31617
1694 30942
152 28506
821 31253
1721 32558
1623 29308
1320 32365
52 31858
68 28938
935 29950
1146 30551
934 32210
750 28731
1341 32271
1599 29563
881 28907
746 32632
1436 30547
821 31430
1502 29666
1262 31277
1747 31876
37 28719
1642 31721
568 30129
58 29464
57 28087
1701 30144
957 28267
447 31085
138 29715
684 28441
800 31820
340 31754
1742 31441
840 32106
524 30315
804 32618
297 28064
1649 30770
298 32137
1480 29151
888 31009
897 30436
741 32166
173 31255
774 27779
80 28300
499 29903
878 28993
246 31258
169 31488
1428 31287
488 28209
20 29392
1318 28244
39 31624
1765 27823
419 27943
1055 30873
1269 29882
4 29552
1334 30333
505 29947
562 29700
1800 25352
163 30344
100 30821
1310 30916
911 30549
649 29343
1778 28417
1594 30509
440 30634
947 31132
267 29770
1549 32165
1546 28198
548 32267
947 31477
947 32057
929 30627
465 27899
1229 28657
1648 30857
1172 28037
1824 27985
1076 32238
508 31789
1090 30463
303 30772
300 32249
767 28214
858 27783
83 29552
68 32475
1295 30160
1773 27868
61 31879
384 32454
763 28267
844 27986
1615 32697
426 29695
411 29193
32 28658
629 31761
93 30148
575 31979
1593 30448
917 32639
173 28885
356 32408
1052 31326
830 32610
410 30934
1773 32695
641 30228
1464 29682
1690 27918
1656 28620
1038 29809
458 32024
828 27833
1012 30349
403 31480
1633 31738
996 29427
1669 31034
883 29515
13 30845
1542 29653
681 31466
841 29232
57 31896
739 29818
1525 31134
417 27973
85 27772
1061 30866
757 27880
1808 30071
302 30263
972 30031
1559 32132
1825 28972
1053 28472
1894 29319
1464 31955
1566 31700
511 31000
1556 28663
813 31559
1417 31623
1051 31776
1071 29823
1799 30068
154 28604
1016 29178
432 28754
1033 28375
1032 29081
1581 29176
1144 30620
1875 30367
1381 29171
590 31037
724 27908
364 28278
299 28988
175 29232
1144 29809
1153 28300
852 29956
351 29247
75 28074
325 31440
556 28475
725 31099
403 32423
1065 32355
1218 30746
1700 28684
216 29071
1322 32519
769 32026
173 30798
801 30590
527 29170
1484 30803
1123 29885
273 30721
1246 29915
1403 31318
600 28438
801 30110
597 28971
1718 29684
313 32069
1829 32193
1220 31856
1433 28080
1103 29724
942 29123
1640 28210
1915 29151
373 32506
394 31514
1032 32561
967 32537
657 30866
338 27921
857 30058
918 32620
252 29475
1643 29876
600 30926
729 28842
1753 28286
588 28217
1785 32547
646 31809
1057 29509
41 31919
43 30174
1442 31293
1313 31733
333 30789
167 32380
1129 30658
276 31183
181 28738
1084 32350
1767 28578
1708 27924
1052 32692
43 32367
1410 30196
1426 29643
289 32089
1156 32042
1650 32067
271 32011
449 30794
1280 28102
1074 30665
619 29379
825 32546
937 30298
21 30905
193 28855
1872 29811
1114 28358
1463 28642
1308 29532
1291 31544
1492 32353
143 28929
56 29072
1459 31353
2005 28840
1926 28523
228 30836
1156 29277
975 30219
344 30075
871 27927
1544 28756
1853 31690
1720 28731
1862 28544
456 29648
855 29559
922 28674
676 30471
19 28020
468 28222
803 30440
1761 29332
596 30417
245 31772
225 28264
553 29219
182 32712
1044 31739
120 30571
1800 28815
1312 32402
1441 32726
203 28494
1997 31484
1634 29635
1582 29021
633 32614
456 30356
1267 31791
587 31824
947 30615
1218 29895
715 32447
1851 31026
646 28753
90 28695
1497 30073
1096 30692
1752 32144
462 28468
1128 30062
1833 29362
638 28944
812 30238
1971 28544
532 28920
1187 30310
968 32738
488 32664
1822 31179
1329 32764
978 27890
902 29536
80 29706
93 29135
1876 29774
930 27991
914 29025
974 32734
448 30113
138 29079
1998 32524
781 32188
562 28324
1234 32141
431 30184
1225 32039
393 29909
915 32092
359 32400
1683 28219
1285 32472
746 32170
1374 29220
1764 32076
424 28401
339 31020
641 30380
1715 30623
12 28081
36 28960
250 31192
422 27859
143 29047
555 28008
1793 32312
872 28072
1154 32356
111 32129
1101 31943
758 28268
2087 29947
1978 32610
1234 28141
1914 32398
1380 28788
1173 32752
1065 29569
1841 30891
1286 29998
1221 30973
868 29359
1688 28184
1254 30566
1119 29924
1616 30288
1821 29737
2073 29850
413 29407
2076 28892
1879 28678
1228 28354
1861 28151
367 28179
802 30643
1089 28600
2057 28192
1428 29568
1352 30655
1775 31228
137 30396
227 31945
879 30492
163 30483
1458 31532
1112 28207
1504 27803
1623 30482
1574 29762
869 31303
929 28249
1854 32732
411 28560
364 30741
2150 29734
698 27908
1297 32118
1413 29316
701 30902
2063 32617
2145 32000
1030 29000
3 30079
1242 30531
1202 27946
42 28305
255 32140
2149 32496
1002 30603
82 28934
2073 32527
356 29441
351 30192
1244 30526
1271 28813
352 30542
1074 30629
910 28045
1914 31545
413 32526
127 28250
1590 31455
599 29612
911 32518
394 31162
530 30550
14 30892
572 29487
2175 29446
199 30595
415 31061
1224 31960
821 30812
1215 32496
2047 31606
95 30038
2001 29345
933 29480
1095 28172
126 28439
1531 32237
1427 30567
1918 29609
664 31146
780 30250
1387 31182
1117 29878
1502 28601
983 29128
1040 29632
1262 28105
508 27991
227 32752
1610 30119
389 30222
1540 31445
1585 28472
1819 29149
1770 29537
1678 27810
1650 31096
1035 31376
2181 28664
1459 31708
551 31856
521 30715
1550 31889
2016 29201
357 32748
1443 28865
1556 31911
2171 32015
1596 32096
754 30763
2119 31400
2005 30128
1963 31056
1826 31341
518 32545
210 30835
1987 29605
1240 31608
2093 31355
1483 30290
600 28556
1902 28698
2115 28545
1361 28902
624 27983
55 31578
64 28479
187 29670
2056 30812
599 31684
1100 28714
1925 30561
625 30538
1710 29953
2217 28736
1083 28429
1729 29312
560 28308
1648 28113
231 29728
1166 29795
333 28104
927 28059
878 31506
547 30088
1265 31578
861 31522
2185 27953
1666 30846
1188 29455
697 30670
351 28217
1163 28743
1818 29258
310 29322
1072 32577
1143 31821
987 29238
999 32489
1523 30293
1530 29452
245 29092
1170 31793
1002 29388
2048 31560
949 31125
2201 29705
1539 28409
952 31360
254 29870
595 32761
2202 28666
2250 28967
730 30375
1353 32758
2192 32098
1021 30922
77 27892
1765 32463
1276 29057
2132 32251
2290 30965
1222 27900
1315 28609
1221 29251
985 31600
624 29473
349 29029
1786 30779
727 30050
1499 29503
1975 32128
1897 28494
1258 32713
1236 28491
868 29459
58 29215
2015 32596
2156 31427
1779 28012
1730 31524
1847 31388
1818 32238
1065 31812
299 32547
1784 27818
1779 32057
551 30977
1339 32215
619 31673
502 29653
292 30436
1446 29597
285 30411
1482 31653
704 32105
1910 31757
98 32689
1965 31970
655 31866
1191 28633
1934 31734
502 28363
2094 31714
1847 31761
340 32325
773 31485
2016 31056
1798 29708
1164 28127
1876 27795
2001 29335
647 30772
289 28317
567 32248
74 30752
53 28613
2059 29324
1933 30463
53 29418
2236 30177
1280 28361
461 30505
2269 30439
281 29250
2068 28844
2157 29218
164 29010
2021 32298
1513 29733
2324 28524
1233 29422
374 28708
1881 31114
356 30230
91 28454
2090 29964
2062 30753
53 28435
24 29984
2290 31087
768 27959
1745 29692
1438 31226
417 28958
205 29870
1872 29885
1664 27851
119 32166
177 32177
1423 32569
456 32721
1100 31809
1128 28287
107 31018
2104 28738
491 28884
1164 30376
2170 30229
1556 30201
708 30851
739 31685
301 29105
2099 29257
85 29683
402 30489
1182 27852
2071 29477
1913 28895
741 29150
670 27810
454 32539
2390 28954
172 32636
448 28360
2060 30117
538 29550
2122 30033
2251 31297
1260 31319
1987 31144
2394 28359
1968 28978
2024 31645
1566 28421
591 32680
492 29401
1032 31789
557 30310
1448 29912
1473 28840
1288 31856
238 30190
149 30843
663 32641
575 30233
150 29270
1431 32445
1527 29616
865 32341
2226 30483
725 29851
2049 29439
1676 28481
920 31275
639 29641
795 30979
1105 31862
490 28989
469 32113
2328 30738
2257 27886
1782 28616
1463 29824
1505 28474
2236 30857
439 28095
989 28747
1096 31336
1804 25071
1717 31244
1452 30562
441 32133
682 29407
379 32547
427 31260
478 31097
982 28667
260 28653
837 32044
533 30825
1783 31581
1319 27847
1602 32278
525 30156
1431 31085
1904 28519
1167 29137
166 30905
1085 28829
958 30960
2321 32429
161 31843
2078 27795
953 30429
1455 30967
2332 31786
2052 28912
1014 31111
818 32749
840 28797
549 32540
1503 28062
2011 29366
72 30931
691 30451
1174 31548
890 32099
830 28028
2348 27788
33 30993
319 29828
222 31599
733 30519
255 29799
2106 29053
1401 32469
2427 28807
1337 31329
1021 32708
838 28365
73 28045
273 28337
541 30584
505 32050
2136 29895
290 29622
1806 31899
1997 30656
244 29978
366 31088
1065 29069
1495 27781
239 28272
1051 29741
814 31242
1715 32451
704 32150
1024 29575
374 28061
2339 31517
608 31885
697 30897
1713 27910
1065 30020
124 29686
2318 28000
1928 28837
1570 32333
2511 29399
844 28568
2188 28946
2300 29779
2002 31774
37 29230
2003 32617
1563 28853
1662 28698
396 32649
878 31827
2085 28531
947 32687
528 30367
906 30559
1269 32441
1895 32326
585 32646
1536 32527
1166 31815
2062 29809
582 27800
511 28111
610 32386
662 28619
106 31563
2037 28005
815 30761
2010 28168
1081 31718
874 31667
2400 29523
624 30095
413 31952
964 28241
533 29904
375 30141
2394 28881
1137 30989
1994 30431
1210 32309
2456 28230
1665 31248
111 32007
1984 28948
174 29613
630 28496
2195 29527
2018 29021
858 28827
1717 27943
695 29102
1803 28371
1014 27995
1062 28354
17 32403
1517 31916
1613 29007
109 31778
1363 31216
2112 30386
2325 28752
1345 28734
715 29135
469 31111
385 31710
514 28235
1391 29591
2128 28799
793 29716
1084 28904
698 30121
1423 28330
2288 32615
1727 31137
662 27969
756 28120
937 28096
1081 30013
1432 31047
1075 32698
820 29279
1887 29144
206 29253
640 30456
2416 28366
1055 31902
2320 31157
1281 31434
998 29078
2576 29947
1661 28165
141 32224
2021 31486
598 29209
1018 27937
2381 28084
1719 30573
588 32563
2139 31805
440 30381
177 30447
2133 28686
417 32206
1419 27900
1387 31318
521 28589
1525 32300
586 30414
1222 28198
742 28162
1085 28188
2032 28931
1188 30823
1511 31800
2392 31354
1866 28952
2458 31775
2350 29648
378 32270
2576 28355
1905 28613
1614 31669
595 31680
2126 29383
2511 30198
155 29434
2642 31893
307 31769
1220 31524
2655 30672
607 28430
1627 30466
2597 30379
631 28112
2075 30384
176 29899
1433 31929
2647 32303
2166 32282
463 29748
42 28995
2681 28333
920 29065
785 30785
2603 29420
1217 29430
1671 28780
871 31368
2520 31999
731 30690
2667 29753
23 28763
2617 28871
1075 29362
79 30359
2332 28509
615 31891
1043 29824
1066 30546
1385 28139
2639 30315
1952 27831
2019 28257
2164 32227
1810 29065
1673 30243
439 31169
1376 31677
906 30763
1696 31356
1492 28834
1364 30653
1198 28643
1215 28629
104 30447
2679 30790
1245 31102
1547 28658
2014 27903
1188 30736
2201 30685
1703 32260
1829 28435
2195 31359
1486 28332
1211 29113
2580 31400
772 28820
812 30868
162 30007
2102 28399
703 32213
1467 32708
2458 32049
1751 31030
261 30330
16 32590
1262 28495
1243 28645
2651 29166
1520 29936
1840 31939
2188 29187
1680 29059
1708 29551
57 30041
1790 31321
789 28688
2632 28920
2288 28190
1937 30577
2356 30027
599 28529
153 31545
1840 32690
1075 29031
811 29338
635 30119
2747 32120
2483 32232
277 28250
2545 29037
829 31005
2349 29358
1003 28401
2369 28502
1165 30663
408 32746
2618 28556
2745 29893
136 28243
1387 29132
1600 27777
1698 28262
893 28079
1047 28097
918 29088
201 29842
53 31235
2376 31988
2098 27837
1848 32653
1006 29946
1720 31273
875 32161
2321 31201
921 30145
2311 30925
2224 31082
262 31807
1753 29147
1455 29106
3 29692
1273 31423
2155 30689
761 30019
448 29895
998 29974
1623 28140
2492 30001
2224 29410
268 31905
641 29828
232 28301
2552 31698
2021 30705
731 29969
2343 28619
1432 31847
1177 31920
224 29550
177 29037
1790 31335
1501 29302
2620 29883
1936 29070
1547 30205
2724 31693
196 28308
240 22381
460 27961
1058 31257
1535 31220
2399 28760
489 31040
1158 30082
1977 27878
1224 30691
1895 32732
1141 30617
2117 28585
2589 28613
1514 31657
1067 29776
1618 28836
24 30162
1154 31879
585 30721
308 30715
473 29209
1821 28200
201 29459
1803 31110
77 30761
1991 31717
19 28241
1653 30876
794 29845
2237 30750
2005 30703
2700 30140
2723 30789
1925 31703
1718 27960
442 31106
1175 31779
1809 29886
1990 28450
1017 30473
2797 28069
1453 28156
2155 29497
679 29753
2717 29593
1692 30068
2533 28792
2688 30564
2084 29835
2025 30157
939 31195
986 29296
2167 32596
768 32552
1610 30094
1642 29120
1992 30518
2604 30246
1665 29675
630 27808
1605 29452
790 30391
2283 30141
802 29992
1070 31184
2061 28400
1000 29989
2231 30586
657 32718
2840 28524
1770 27960
1907 31183
2403 29297
1043 29513
1968 28757
2248 31337
1961 30353
1482 28417
800 30935
1535 29317
217 28933
464 30494
2277 31239
2695 28143
724 29412
1741 30273
551 31265
973 29454
2459 29024
2345 28392
2614 28473
330 32157
397 31813
1828 32556
340 31571
199 29444
2701 28831
155 30298
395 30274
2821 32355
2790 29117
2258 31606
2730 29587
788 28572
1391 28578
1415 29372
2643 31988
211 32572
817 32540
2276 32557
341 30533
2557 28992
1659 32334
1272 31420
2325 29396
2871 31591
342 29604
1626 29030
572 29473
1492 29403
1936 29616
1066 32313
400 29718
420 29642
1175 29155
1179 32756
2160 28276
1574 31658
1476 30927
1876 28167
273 32109
60 31728
2332 32216
1603 31136
1401 31875
1816 27980
2734 32540
1647 32488
2653 28457
1046 29701
2269 30698
2269 28583
2763 28772
1737 32755
2894 31379
310 31655
1109 31378
2550 27773
972 29047
1484 31165
2871 29693
429 31827
1294 31586
2713 29612
2763 30233
1562 30281
2354 32441
1510 28371
140 30363
529 30577
1055 31180
2156 32421
2670 29584
1072 31517
437 32472
2669 29855
1316 28222
2791 30957
86 32447
1695 29239
1002 30883
1277 28757
1390 32288
2019 28295
2029 29922
973 28808
2027 28867
43 30987
1139 28851
395 28009
2223 31231
2104 29737
949 30886
1128 31748
1801 29422
352 28589
173 30542
2905 27971
1552 32421
934 30906
653 32678
3008 30698
1090 31051
1485 30630
110 29806
780 31556
600 29812
2842 31797
2699 28547
1537 30919
2207 28500
1725 29755
628 28252
157 32603
623 31246
2833 31070
840 32607
2625 28138
2370 31902
2817 27930
2788 29162
2461 32417
1279 30924
1820 29582
2652 32684
1512 28833
1464 32401
949 29646
799 29776
2712 30665
1817 31592
679 32699
1818 28923
3007 30708
2414 31902
865 31381
1525 30138
2063 29181
2164 30859
879 28638
1771 30032
2001 28064
2627 28956
2174 28820
1995 29397
3015 29039
225 28164
154 32736
2082 30949
1613 32665
2924 31732
509 28555
451 30528
545 30273
1873 27941
2258 31617
1959 32101
2080 27886
1153 28141
2774 32326
631 29433
203 30248
928 28265
489 28143
926 30420
2227 32625
2386 28874
1253 29097
1882 28215
570 30460
731 27788
2852 30683
3022 28441
1658 28566
1793 29459
1235 31970
1332 28729
1245 29035
2098 31187
1996 30695
170 32030
3074 29265
2593 27928
878 29947
259 29675
2006 30348
130 29167
2910 32183
1296 29643
2623 29088
2621 31457
479 28379
424 29205
27 30679
2415 31408
852 32587
2161 32521
1687 30138
247 28890
705 29922
1419 32155
1603 30962
2815 31204
3113 29969
2998 32066
1626 32600
2900 28961
349 30475
2769 30342
423 31460
1331 28001
3078 30794
845 31126
1568 29333
2995 30730
550 31613
897 32372
2560 27851
361 30577
570 29784
2981 28290
1876 29626
2014 28396
2983 29270
191 32293
906 31026
182 31857
2044 32354
3028 28228
118 31835
154 28791
2543 32026
2844 32450
1072 32484
1777 28164
538 30933
216 29662
2296 30121
874 30060
2378 31670
2428 31528
2313 29832
1533 28586
2748 27955
3056 27993
774 27887
1883 28567
1880 27825
1523 31037
388 28904
2210 28112
2637 29467
1914 30433
968 32715
1647 29582
636 30115
2476 31398
1874 29177
130 29752
2067 30614
1976 30917
2692 32071
1145 32639
2233 30910
725 32662
547 29888
713 29141
2083 31712
2400 31218
654 30008
861 32106
2323 31123
1453 30694
981 29987
162 32608
2285 30808
2710 28168
2566 30013
2762 30787
1976 32011
2940 29739
2153 30033
613 27977
1937 30148
3113 31475
2095 31710
2969 30588
286 32371
2297 31717
2962 29297
2825 32694
3026 31501
98 29576
793 32123
1749 31457
1119 29893
2487 28028
390 29530
928 30409
857 27883
471 28756
1826 30810
1015 29060
1059 29973
3001 32358
769 30466
1657 32485
2535 31975
2031 29739
1573 30373
542 30054
1298 28814
2747 30963
2280 29681
452 29906
126 29018
561 31023
3009 28759
2052 30122
626 30393
2311 31827
735 31279
669 32689
495 31754
977 29838
3195 27920
828 28092
2623 28775
1526 30586
249 31449
652 32647
1004 29699
2715 29319
3118 29587
2160 30606
1691 30829
3165 30261
2688 32721
784 30406
2140 30727
2040 31885
847 31415
1999 28427
1953 29352
2690 31014
1996 29735
1803 28124
1378 28601
140 29106
1632 30931
3046 29275
1280 29365
1816 30992
818 31691
2837 28184
329 29560
1176 31341
1019 31923
840 28656
3066 30684
2629 29570
2723 30730
1212 32595
2648 30058
1788 28518
754 28622
323 29194
2987 32726
1189 30260
902 29086
1071 31010
2081 30914
240 29492
2454 31523
1940 31562
3096 31140
2348 31989
5 28136
1503 29920
2919 30483
3280 28734
492 29332
56 27895
1365 31051
361 31410
2034 29687
826 29093
1247 29354
2560 28457
1356 32707
617 29979
407 31206
556 31288
6 27930
2799 30286
1249 32118
869 31908
2256 30164
2922 28257
1985 31706
3274 32668
1307 30365
3192 31340
867 28807
1841 29844
806 28841
2382 30785
2791 28622
1512 29215
2996 30967
1460 28421
276 32220
1116 31064
1165 30293
780 29442
81 31782
1801 31237
3134 27865
130 29942
251 27865
1001 31613
1239 30972
439 30405
2398 28319
2519 27805
2453 30442
1126 32491
1289 30456
3053 28009
1431 32203
3135 30274
1710 32390
7 29352
828 29301
1787 28832
80 29604
1663 32220
1347 30412
993 28092
2684 28117
987 29243
3165 29099
1714 29392
3349 31364
73 29859
488 28825
336 30694
3330 28721
1528 31740
2903 31140
2513 30524
322 29178
3050 31991
695 31853
1142 32150
981 28226
3329 29028
2743 29405
2742 28650
2517 28551
427 29601
2158 30180
2273 31925
2386 29783
157 30753
2607 29691
516 27858
2993 29965
1999 29003
1324 30927
2361 31010
708 30445
2757 31093
2858 27980
43 32625
1078 30014
758 28129
599 29801
296 32608
482 32509
81 31424
1673 7791
603 31044
2542 31511
2678 28402
707 29382
632 31304
2429 32656
1268 27846
2009 28980
839 32185
1295 28373
2814 30529
2862 32571
28 31616
2654 28946
1638 32269
2130 28651
786 31370
1882 30404
1298 29892
2780 31722
1838 29279
1774 21792
1998 30362
813 29592
3383 31433
335 28427
1446 30051
2842 32337
582 30018
2692 28763
353 29640
2048 31781
2534 32177
3016 31375
3281 30930
894 30671
1136 32340
1066 32178
1181 31640
2976 31154
2341 31099
1122 32077
2296 28567
3064 28615
2193 32482
1696 30711
886 32313
1069 28553
3130 30054
2307 29804
3242 32423
1404 28779
735 31770
1970 31488
2125 28996
2450 30321
3283 29147
3174 32210
1767 29174
3237 30086
2691 32251
498 29492
579 28589
2290 30973
2534 30101
1413 32629
925 30337
723 27856
1602 29720
1346 27993
1629 32455
2897 32419
1012 32262
611 27878
2726 28252
2328 27836
1542 29010
666 28086
2726 30220
2832 30148
420 29293
385 31626
1385 29033
1360 31250
2037 30506
3466 31945
2412 28086
3257 29388
1702 30594
2126 29561
688 29373
85 29995
2740 27791
1900 30551
351 28271
65 31510
714 29498
602 28054
2226 30738
2579 28257
3115 28667
3322 28938
2286 32126
2015 27798
2037 31220
616 32667
1845 32245
2797 32208
591 29056
3308 32275
1563 31650
210 32215
3495 31838
1897 29433
2721 28672
2517 29970
900 29385
2103 31731
865 31587
2877 29385
1848 28760
2124 27841
1974 31918
1666 30959
352 30995
692 29981
2658 28087
1151 32440
2226 30862
710 31336
2974 32052
3475 31957
4 28703
81 29164
1494 31835
2607 30746
1921 31949
433 29327
1766 28237
820 28622
1554 29904
1393 28780
2901 32082
438 28175
2532 28215
2612 31979
1390 30746
2765 30832
497 32252
1350 32714
3110 32256
1774 32681
713 27817
1176 30324
1742 28816
2644 32203
1819 31582
1138 28220
655 30440
260 32262
3379 31378
2342 28974
2266 29612
877 28345
1005 30019
581 30495
512 30416
710 31870
578 30521
2085 29519
374 29796
2293 29406
1171 32304
2226 27961
2898 30653
1918 30128
3405 30672
1337 31710
656 27949
2521 30923
1165 29655
3275 28056
3084 29924
63 29330
593 27855
1464 28252
2648 31192
2661 31695
3318 30774
155 30131
1621 32009
2114 30335
3100 29510
2930 31056
292 28247
1748 31470
132 28038
24 31546
2413 31426
2589 27829
1117 32070
2870 29490
3484 31720
723 31082
2616 28303
2410 31460
732 27862
929 31440
3078 28677
1030 29645
1919 30598
2755 28844
83 29755
424 29149
21 31362
1330 31563
2743 31501
1719 30910
2048 32201
111 29235
602 31073
1644 30725
32 30410
1903 29462
2967 32283
508 28717
661 31137
599 31208
626 30919
694 28320
356 30443
1112 31131
2223 32731
2429 32046
1472 30335
1008 29323
243 30004
1997 29074
2086 28062
2705 31497
2250 30348
2675 31890
3392 29659
1733 31050
442 30120
2455 32495
3605 31681
2259 31637
2554 31065
2765 28855
1763 29000
3512 29765
2109 30478
2283 30450
2650 30903
1114 29797
708 30468
2201 29863
501 32490
431 31484
155 32366
3409 31559
784 30652
257 32124
235 29881
3222 31015
1822 27934
222 30387
730 31596
3631 29976
2350 31105
1661 31328
1789 28385
3177 30562
1166 29599
976 30845
704 31922
106 27990
1648 29872
35 30281
1737 28513
1940 28298
333 27761
1559 31908
791 28313
3183 31587
2959 27806
3455 30845
663 31074
1064 28184
2996 28011
2223 31665
2749 32109
3609 28862
2936 29155
1059 29533
29 31005
1016 32535
2846 32619
1743 27868
251 32000
3191 28588
155 31399
2079 30253
2998 31893
1070 32453
2341 27803
523 29150
2096 32594
1476 32643
663 28339
2778 32079
3040 28875
446 29193
3223 27872
152 31184
2393 28790
2650 28807
806 29322
570 28739
242 29976
516 31793
555 32422
3139 29741
1961 29033
2237 28122
379 28311
1295 27997
2605 32695
3699 28923
2958 29111
3093 30577
606 28981
617 31218
345 32380
3526 28126
3001 27956
3542 28419
3035 28884
2859 31729
3061 28318
1793 30649
2714 30512
2332 30006
2165 31404
2870 31939
609 28624
2489 28602
1412 29226
3712 29816
143 27775
2699 28276
3512 28912
1955 28217
1416 31513
2866 28124
2717 30774
1204 29215
2587 29095
1304 28335
636 28322
3375 32587
1886 30575
3684 28841
247 29438
2071 28969
1062 31569
424 28487
939 29090
378 32143
3076 31268
1650 30068
1912 28539
3720 28731
477 31932
3005 30460
284 29843
388 28525
3153 32659
2915 31199
1137 31360
1282 28406
3140 31967
1476 28565
253 29735
3069 28353
942 27922
3044 30780
2032 30424
2399 31598
2666 32408
3014 29827
3261 31817
1329 28064
2988 29455
2264 30699
1471 32386
773 30370
789 30540
1995 29253
2132 31347
1417 31563
2766 31799
2297 29043
333 29111
689 32336
1471 32722
2409 29873
2365 30446
2204 30304
2145 31888
1485 28965
2608 27877
3014 31428
129 32436
3323 30763
1286 29059
834 31861
1637 28662
694 31638
3492 32370
3161 28537
7 29963
2646 32237
262 32423
1313 32152
2692 30208
1434 32508
977 31515
1948 28873
3283 28626
3118 31066
3304 31962
1797 30564
2750 30006
1898 30329
2345 31317
3534 29693
43 31527
1735 31638
3067 31766
20 30378
938 32229
3155 28909
2741 29697
1396 29065
1303 32341
304 31239
1376 28461
56 28638
57 28544
2364 28308
533 28739
2338 31414
2678 30598
3094 28651
1190 30876
2733 31480
3118 30320
1860 31977
2666 28623
3544 31437
2461 28517
1287 29185
3339 28879
2785 30189
3278 28669
49 31232
1709 29520
2164 28889
1670 32622
2560 29513
3621 28461
3026 32592
642 30961
1271 32192
329 28824
3184 29494
1397 30288
3670 29543
160 31094
807 32315
1494 28118
903 31400
2140 28157
2948 28001
2925 29204
2302 32677
1515 32193
2772 30284
1900 31535
431 31408
3095 31390
966 30627
1125 31959
3752 29573
3216 28422
2392 31019
385 28198
3266 29520
755 29783
1192 32406
1652 30225
1450 27838
864 30306
1620 31930
96 28790
2804 29824
1542 28517
1537 31534
1988 30934
3433 28235
1015 28533
2469 30672
933 31100
2023 31967
697 32505
2991 29633
533 29672
3855 27891
2897 29768
2345 29425
3524 32062
1733 30012
850 28657
1570 28030
2761 29280
2107 30307
1748 32756
488 30337
1311 31675
2029 32152
1817 32233
2392 28478
2428 32093
3311 30715
2249 29487
3755 31806
1863 29473
74 28380
1492 31510
2876 30267
336 31087
2037 28118
1673 31360
147 29379
3921 31856
521 29314
3022 32718
1235 30431
794 29633
3113 28198
3831 29982
177 32316
2924 28595
848 30425
3191 32490
176 29720
1258 32625
384 28903
3649 30153
2849 27858
893 30876
671 28608
2025 29345
1279 32385
70 28908
1529 29801
3742 30511
2267 27931
297 31726
1355 28710
2429 30211
2804 30433
3183 31882
1562 29536
463 27914
3565 28898
3048 32113
397 28031
587 27885
942 30768
1873 31225
1039 31979
327 28783
1328 31334
3884 32676
453 31535
2259 31439
1769 30239
3382 31142
3563 28505
2856 29160
199 31572
1843 31998
3262 32691
3872 31214
686 30355
760 29533
1819 28580
3052 30569
3803 31957
1451 29709
349 28523
1112 30645
3288 30775
606 32600
970 31800
841 31447
3159 31678
3683 30426
543 31190
785 28749
1259 29527
1757 27951
1149 28375
2667 29938
900 32539
3334 28034
1940 29564
958 28912
1898 29937
3729 32717
3751 30443
1019 28414
1076 32460
874 28874
590 31339
716 31701
560 31576
327 30240
427 30277
4000 28682
1484 31903
1789 31575
1976 30951
3225 27911
2760 29019
1084 28835
684 30254
2403 31154
3143 31067
1157 32727
3422 30503
1875 31506
3854 31557
372 28564
590 29052
1497 32284
1563 31449
2640 28927
2795 28437
4038 28899
153 28326
2990 27959
2429 28705
1753 28674
411 29867
1959 31584
2709 28649
2855 32101
2436 28469
2428 29790
2140 29288
3994 29282
574 32352
3541 31411
1527 32304
4022 30549
534 32367
1272 31006
1406 29779
2202 30206
3346 27981
2751 30215
1849 29183
84 28419
1692 32462
1677 29764
3801 28157
1953 30525
98 29303
774 29223
333 29109
2732 32605
2005 28487
3741 30115
652 32566
3728 29191
3563 30005
574 29749
2369 31391
1356 32162
1958 31206
2402 29840
508 29267
122 28576
1731 29266
3830 32646
3677 30218
1452 31883
3283 32448
2435 28322
3199 28194
920 29653
3503 31898
1740 31777
2216 30551
2384 29466
3842 28457
1670 32446
4029 29350
3148 27814
338 29493
1286 30101
499 28728
501 31890
2059 32585
3427 32089
3706 29836
3741 30715
3845 29509
1763 29278
407 27897
89 29557
770 30357
3411 31965
3895 31647
3561 29184
1861 32592
3733 31481
2453 30948
1360 32749
774 29265
867 27975
769 32175
3224 29156
1454 31764
2792 27835
2911 30525
3721 30598
597 28553
922 29747
2599 29525
1901 31699
1418 31584
746 30275
3324 31502
1983 30977
237 29970
209 32001
2269 31058
2609 28549
2669 30415
945 32110
15 31674
4133 28543
1695 29731
1863 29593
1405 31347
695 30765
2985 31094
2498 31615
2115 29108
3667 28229
1473 31855
326 30938
2623 29206
3188 28195
317 29651
2113 28690
526 27983
219 30885
1243 29278
2723 30370
1397 28816
3470 30612
453 28495
344 29034
856 28110
3716 31869
2609 29787
1312 32741
2574 32485
3247 31097
2382 28534
1698 28090
3729 29728
1739 32540
2873 28070
4142 31899
2286 29915
2373 32604
1895 30266
3060 30383
3282 28122
3711 29898
2388 29774
277 29882
767 32250
2426 28703
3898 31830
2518 32585
1336 27825
3059 28023
2697 32118
2728 31764
3842 30611
2822 30461
168 29534
1142 31077
610 28851
4187 29368
4028 28284
3833 31643
2092 28695
2309 28304
1374 29092
3748 28599
1795 28284
2446 29404
2582 31269
3067 28414
178 28227
2145 29477
217 30638
3139 31259
1943 31871
3431 31695
2838 31923
583 29769
2688 30273
3281 27818
3183 32068
3622 32284
4100 29637
3666 31300
92 30140
2056 31707
852 30209
3337 31216
2148 28770
481 31203
2610 30087
1239 30300
817 30650
3883 30652
3421 28491
1892 31299
3402 30751
4134 29441
3980 27794
1707 30578
345 32464
1882 32389
2627 28784
3261 30960
3336 28078
3025 32386
2308 32199
1269 29116
3781 30685
1146 29491
781 30665
3048 30595
3390 29661
925 31482
3626 28445
2156 30746
3394 30165
2854 32632
2090 31196
2668 28345
1255 30307
1106 29875
3164 29234
244 30070
1082 29643
635 28956
1855 29398
604 30081
2879 31277
3597 31800
639 30025
2998 31230
307 31606
2383 31491
4150 29279
164 32467
1809 29989
150 30199
4130 32404
1799 32417
254 29778
1482 31693
411 30975
639 30637
2562 32221
2854 28469
605 29098
4086 32184
1058 32396
4281 31168
3516 28796
1395 29338
3480 31454
1096 31663
1513 30312
2356 28305
1712 28900
3475 29500
2850 31434
2411 29788
1669 28342
2019 31679
4215 29046
3105 27993
2543 27921
3608 31944
2986 29373
2440 29851
2018 29553
181 28770
1057 30337
3691 30698
2582 31832
162 30453
2717 32339
2756 28144
2612 32050
175 27968
2416 32062
1586 30454
2694 29861
1801 30226
2304 28095
3061 31072
2370 32585
3479 30099
3199 28886
1023 30514
2270 32607
4022 30104
2170 30721
3007 30743
3609 31942
2303 32013
1165 31332
1001 28274
1696 31413
2496 30902
1681 32109
3981 31331
635 27898
1293 31121
4265 28178
4183 30281
1200 28521
1014 29308
1164 29828
1078 29105
2553 31936
921 32397
2439 32479
205 28487
3209 30107
3643 29810
92 30843
3851 28867
1837 31701
4160 32502
4108 28252
1823 30188
1975 28134
3421 30071
3441 31250
338 28323
4065 32145
1810 31040
1491 28450
934 29120
1444 32641
815 31824
325 31895
4204 32604
2175 30916
1327 28529
1313 30798
3292 29214
4080 28388
409 32360
855 32454
2307 29407
4384 30539
3089 30307
1488 27841
4183 32350
4040 30041
395 30005
189 32114
3967 32077
649 28075
2316 31214
2620 31928
3699 32617
2003 32132
3561 30812
4032 28594
2173 31816
2410 29226
1593 30438
2689 28688
140 30765
3199 28082
1783 28235
2007 32668
4204 27997
2947 28141
762 32150
1222 31602
1762 30176
2048 27841
2580 28822
3125 30553
2547 30892
158 28297
990 31816
4400 28945
2545 28361
1207 31284
1474 32431
1037 30257
1331 30316
369 30257
3243 29673
4160 31152
1010 30390
2583 28592
4184 31486
2382 30171
2596 27931
3881 27856
3982 28376
2719 30951
2466 32470
3919 29003
3707 32712
240 32097
1953 31648
517 32011
1494 31305
1133 28717
3002 32266
1587 28058
3393 32394
3619 30093
1235 32428
45 28040
1093 31754
2202 31647
1191 28288
205 30602
2906 29501
1707 32038
1864 28744
2629 32188
3813 32011
1909 29468
890 32622
3825 32055
2515 32220
4338 29861
1678 28679
3296 32460
4132 29036
432 29515
1641 30293
213 31068
1406 31983
3861 29923
1015 29259
3746 31367
3706 30176
3148 28605
3961 28987
2625 30574
2497 28234
1943 30491
2376 28454
3540 32429
2635 27952
2010 31087
1211 29471
1527 29363
1073 28606
4446 31192
558 31237
280 32640
696 29502
4087 32508
710 31842
1766 29386
2783 30095
1908 30451
3404 30679
3321 30914
3618 31757
2342 30979
699 28838
42 29129
3633 30710
2425 28711
3663 28178
1924 28314
3682 31001
3217 28918
1027 29021
1914 28845
1053 29512
3076 31129
3848 31066
4045 29546
1313 29483
2788 28837
3973 30814
1540 31545
3987 31151
3433 29639
3668 28985
3203 31975
1649 30739
4318 30864
579 28627
3991 30509
387 30298
4215 32224
894 31505
850 32170
3201 30177
486 29622
267 32160
3793 28183
2084 31467
1820 28500
3305 28723
3657 27958
1078 30525
3298 30039
3137 28800
3715 32417
2130 31392
1859 28143
3550 28975
1740 31159
3135 32466
1557 28811
2946 31591
472 32615
3308 30066
4372 29295
447 29923
3433 31045
1393 30503
611 30672
2242 31126
3623 30148
1961 10323
3339 29684
4052 32473
1972 31681
4387 29427
816 30293
4384 30804
4121 30343
1638 32128
2548 31993
4266 32330
1698 29125
3978 30135
362 27896
277 31984
239 28382
2405 31354
2494 28003
1414 31075
1716 30366
1636 31817
3338 29984
2878 31810
3391 31739
166 32475
1670 30730
3639 29545
3747 29371
4383 28966
2999 28706
1003 32033
981 31499
4132 28795
4167 27956
165 32379
256 29955
2955 29667
938 32040
486 31081
857 29916
2983 28013
2824 30967
3184 30048
2007 28804
1697 31864
3478 28752
825 31626
1713 30902
946 28408
2669 29534
634 31283
2504 29756
754 29866
1892 30070
2476 32742
466 31339
2051 31418
1178 28640
4173 30984
2235 32635
374 29336
4543 30801
2857 31171
2163 30456
2733 31168
4486 29231
1099 29395
4540 31265
3020 28854
2712 28796
3716 29720
1464 32766
1506 28290
3645 31715
3133 31847
3497 29465
3512 30303
326 31992
539 29086
3108 32243
2547 32302
2322 28805
3680 30485
2363 28998
4368 29788
4222 28826
4080 30349
485 29481
2444 28026
295 29134
369 29007
1582 29527
1752 30195
3174 28686
1930 28484
1545 28296
987 32165
3341 31543
4214 29480
3614 31161
3580 28006
2887 29930
1984 28283
1701 29188
2189 28874
995 32038
3156 30757
4044 29506
745 31176
4653 29494
128 28572
4487 30422
2211 28177
2893 27974
2143 28861
3129 29499
2624 30544
867 31244
206 31831
3674 29247
2498 32120
2954 32071
4408 30921
2424 30805
1335 28881
4012 29878
1729 30112
2141 31766
2009 28707
1137 29936
2519 29515
3228 29604
1655 30781
2023 31948
136 30967
1520 32759
4413 31250
4431 29021
3718 29710
1275 28044
4628 28260
3603 28126
3009 29581
2347 32747
3342 27969
3944 30135
124 28697
2430 31914
4545 29012
3125 27960
738 28370
1498 32360
1542 29311
3136 28894
2236 32106
4051 32681
4567 31447
1951 30477
4601 31578
4344 30107
1322 32075
364 28558
4183 31861
1466 32535
797 29088
1168 31437
2674 32001
5 29328
4695 29378
4090 31797
1295 32392
1984 30332
3008 29820
1222 28701
2921 29112
2838 30493
1925 32383
758 31954
4308 28109
3647 30989
2010 29365
4487 28438
1916 29826
904 28006
979 29450
1762 30607
1277 28911
1507 31978
4581 32582
2966 28724
1 31960
2409 28736
4600 31145
3819 29603
2813 30979
2895 31151
2488 29891
1388 31273
1128 31174
1459 30872
2230 30570
1544 29933
2835 30257
3547 31207
4362 28263
2964 28959
112 29848
1387 30567
1390 31193
2820 30640
4647 29914
3209 30593
366 30624
2377 32409
4350 30677
4013 30996
4231 30216
3252 32099
2498 31741
1885 28020
4040 31451
2938 28397
2611 31100
2737 29791
1203 30398
3458 28461
1747 30234
1409 30023
3511 28723
3451 30517
643 29962
614 32436
3387 27794
1668 31386
3427 29041
1715 29840
540 30324
1245 31280
2710 28112
3083 31750
2997 29389
2420 31552
420 28777
146 32278
777 28557
728 28943
2046 32202
166 28047
1928 29534
204 31838
656 30843
2432 29284
4490 32762
2805 32504
3516 29965
4681 32127
4311 28503
1621 29201
4684 31373
983 27820
2436 29469
3630 30876
794 30054
2167 32230
4039 31235
1654 30687
3098 30756
4793 31554
1483 29255
4267 29877
2392 30495
1540 28385
7 32553
2547 29224
1132 31199
2445 31327
2523 31667
3599 28232
866 29467
4309 29292
1083 31382
3966 28280
2619 31220
1658 30271
3708 32186
3057 31581
4758 30878
144 29074
4591 31122
2809 32737
4359 28991
1930 30174
2382 28572
4231 31770
232 32600
1764 30386
4471 31066
1005 32557
2571 28735
2297 28051
2121 28380
184 29783
4726 28636
2623 27829
2995 28116
35 32496
1807 31310
2557 29446
2265 28930
3268 28482
906 31136
1721 29858
1287 30147
2358 27939
1504 28563
2049 28477
163 29061
1667 30514
4284 27937
2482 32415
4010 29429
2606 30661
841 31706
2939 31557
1324 29961
4566 31684
2518 31105
1753 29205
113 29531
3451 32290
1927 31415
808 31571
301 29667
901 30489
248 31167
3350 32301
317 29365
1071 32024
1004 31208
4424 32373
2935 28522
956 29966
2941 32508
1956 28506
3701 32145
2398 29289
1025 29916
3786 32144
4897 31210
2395 28909
297 30066
2517 30874
1946 29042
511 31037
342 29198
2912 32036
1538 28538
3370 28783
1242 32003
1914 29247
4674 30743
4162 28352
36 30315
3587 30896
1953 32188
3971 29431
2409 31955
1313 29719
4905 31632
731 30535
4647 28048
3995 31347
2868 30872
4032 31231
2091 28635
3869 31030
2459 28451
1389 32369
1669 28064
3614 32568
843 31915
4393 29726
191 28871
2698 32276
225 28515
2556 31540
3471 30586
3158 29621
2517 29604
2644 32241
3463 32093
3499 29938
1593 32343
1263 29376
1015 32653
844 28787
1064 32482
1474 32441
2824 28491
3830 29392
601 30602
4855 29196
220 29122
1608 29720
4419 31921
2065 29376
4168 32407
4342 30714
4787 31148
1896 32375
4949 30134
4639 32409
1774 31228
1240 30808
632 27794
787 28170
2627 30538
2721 30943
332 32632
1165 31165
2660 31526
657 30477
3477 31209
2470 30838
3463 30416
4198 29840
1964 28701
856 31388
4267 32468
2216 28611
1758 30985
4743 31803
2321 30059
4574 29920
895 30880
4616 28053
3543 30212
1464 28586
4074 30774
