10000 500
0 1 3
0 2 18
0 3 1
0 4 6
0 5 1
0 6 20
0 7 20
0 8 17
0 9 8
0 10 1
0 11 10
0 12 20
0 13 15
0 14 8
0 15 14
0 16 4
0 17 1
0 18 2
0 19 14
0 20 17
0 21 12
0 22 6
0 23 7
0 24 11
0 25 11
0 26 4
0 27 17
0 28 9
0 29 9
0 30 9
0 31 10
0 32 18
0 33 12
0 34 20
0 35 16
0 36 17
0 37 16
0 38 5
0 39 2
0 40 11
0 41 18
0 42 19
0 43 19
0 44 13
0 45 11
0 46 1
0 47 6
0 48 7
0 49 18
0 50 16
0 51 3
0 52 14
0 53 11
0 54 2
0 55 16
0 56 17
0 57 17
0 58 19
0 59 10
0 60 16
0 61 1
0 62 9
0 63 1
0 64 11
0 65 13
0 66 4
0 67 14
0 68 17
0 69 5
0 70 11
0 71 12
0 72 8
0 73 17
0 74 15
0 75 15
0 76 9
0 77 12
0 78 18
0 79 10
0 80 11
0 81 16
0 82 15
0 83 11
0 84 8
0 85 14
0 86 3
0 87 11
0 88 16
0 89 15
0 90 16
0 91 13
0 92 2
0 93 12
0 94 3
0 95 2
0 96 16
0 97 19
0 98 1
0 99 18
0 100 13
0 101 1
0 102 5
0 103 5
0 104 2
0 105 2
0 106 11
0 107 12
0 108 18
0 109 15
0 110 9
0 111 18
0 112 20
0 113 13
0 114 18
0 115 19
0 116 1
0 117 13
0 118 8
0 119 20
0 120 5
0 121 18
0 122 19
0 123 11
0 124 7
0 125 11
0 126 12
0 127 13
0 128 14
0 129 19
0 130 8
0 131 16
0 132 11
0 133 5
0 134 10
0 135 12
0 136 3
0 137 14
0 138 3
0 139 15
0 140 20
0 141 11
0 142 10
0 143 10
0 144 1
0 145 17
0 146 6
0 147 9
0 148 14
0 149 9
0 150 17
0 151 7
0 152 18
0 153 4
0 154 5
0 155 18
0 156 2
0 157 2
0 158 1
0 159 1
0 160 10
0 161 13
0 162 3
0 163 14
0 164 19
0 165 6
0 166 10
0 167 19
0 168 19
0 169 14
0 170 20
0 171 18
0 172 8
0 173 10
0 174 10
0 175 8
0 176 9
0 177 10
0 178 8
0 179 1
0 180 13
0 181 10
0 182 7
0 183 10
0 184 6
0 185 10
0 186 6
0 187 20
0 188 13
0 189 11
0 190 8
0 191 17
0 192 18
0 193 14
0 194 12
0 195 17
0 196 8
0 197 1
0 198 8
0 199 7
0 200 12
0 201 7
0 202 5
0 203 8
0 204 7
0 205 20
0 206 4
0 207 1
0 208 5
0 209 6
0 210 13
0 211 18
0 212 2
0 213 12
0 214 17
0 215 3
0 216 13
0 217 18
0 218 7
0 219 11
0 220 12
0 221 19
0 222 19
0 223 17
0 224 18
0 225 8
0 226 1
0 227 13
0 228 8
0 229 16
0 230 7
0 231 13
0 232 3
0 233 2
0 234 16
0 235 19
0 236 11
0 237 6
0 238 18
0 239 3
0 240 18
0 241 14
0 242 17
0 243 1
0 244 9
0 245 19
0 246 2
0 247 15
0 248 6
0 249 13
0 250 9
0 251 19
0 252 6
0 253 5
0 254 8
0 255 2
0 256 16
0 257 15
0 258 2
0 259 9
0 260 13
0 261 3
0 262 6
0 263 8
0 264 9
0 265 9
0 266 4
0 267 17
0 268 8
0 269 12
0 270 6
0 271 15
0 272 2
0 273 13
0 274 18
0 275 12
0 276 3
0 277 1
0 278 18
0 279 10
0 280 2
0 281 2
0 282 4
0 283 18
0 284 14
0 285 7
0 286 20
0 287 1
0 288 5
0 289 6
0 290 12
0 291 12
0 292 17
0 293 2
0 294 6
0 295 19
0 296 3
0 297 3
0 298 16
0 299 20
0 300 17
0 301 19
0 302 12
0 303 20
0 304 19
0 305 17
0 306 20
0 307 15
0 308 15
0 309 19
0 310 20
0 311 9
0 312 19
0 313 14
0 314 1
0 315 16
0 316 4
0 317 19
0 318 7
0 319 5
0 320 4
0 321 5
0 322 11
0 323 10
0 324 17
0 325 2
0 326 5
0 327 9
0 328 15
0 329 18
0 330 12
0 331 13
0 332 8
0 333 6
0 334 9
0 335 8
0 336 15
0 337 11
0 338 10
0 339 11
0 340 15
0 341 1
0 342 20
0 343 6
0 344 10
0 345 4
0 346 1
0 347 9
0 348 19
0 349 15
0 350 11
0 351 12
0 352 19
0 353 10
0 354 2
0 355 11
0 356 10
0 357 19
0 358 2
0 359 16
0 360 10
0 361 16
0 362 4
0 363 13
0 364 3
0 365 9
0 366 17
0 367 15
0 368 5
0 369 15
0 370 18
0 371 5
0 372 19
0 373 19
0 374 12
0 375 12
0 376 4
0 377 6
0 378 1
0 379 4
0 380 10
0 381 6
0 382 4
0 383 6
0 384 3
0 385 10
0 386 14
0 387 4
0 388 15
0 389 16
0 390 14
0 391 13
0 392 13
0 393 17
0 394 2
0 395 8
0 396 15
0 397 4
0 398 7
0 399 2
0 400 11
0 401 19
0 402 20
0 403 19
0 404 20
0 405 19
0 406 6
0 407 12
0 408 8
0 409 18
0 410 10
0 411 18
0 412 2
0 413 19
0 414 5
0 415 13
0 416 14
0 417 10
0 418 19
0 419 16
0 420 14
0 421 6
0 422 17
0 423 8
0 424 2
0 425 8
0 426 7
0 427 14
0 428 9
0 429 3
0 430 20
0 431 15
0 432 18
0 433 8
0 434 15
0 435 18
0 436 15
0 437 10
0 438 15
0 439 8
0 440 4
0 441 4
0 442 13
0 443 19
0 444 11
0 445 1
0 446 4
0 447 9
0 448 19
0 449 4
0 450 14
0 451 18
0 452 8
0 453 8
0 454 7
0 455 5
0 456 13
0 457 14
0 458 15
0 459 20
0 460 2
0 461 16
0 462 4
0 463 4
0 464 2
0 465 20
0 466 7
0 467 5
0 468 3
0 469 10
0 470 7
0 471 16
0 472 12
0 473 5
0 474 7
0 475 6
0 476 3
0 477 17
0 478 20
0 479 11
0 480 10
0 481 1
0 482 18
0 483 18
0 484 3
0 485 9
0 486 17
0 487 3
0 488 20
0 489 8
0 490 16
0 491 4
0 492 2
0 493 11
0 494 16
0 495 6
0 496 3
0 497 4
0 498 3
0 499 5
0 500 3
0 501 7
0 502 11
0 503 8
0 504 7
0 505 10
0 506 4
0 507 5
0 508 19
0 509 9
0 510 19
0 511 5
0 512 5
0 513 3
0 514 17
0 515 5
0 516 2
0 517 5
0 518 1
0 519 16
0 520 11
0 521 2
0 522 15
0 523 15
0 524 8
0 525 14
0 526 4
0 527 4
0 528 7
0 529 3
0 530 14
0 531 4
0 532 17
0 533 13
0 534 16
0 535 11
0 536 3
0 537 8
0 538 12
0 539 17
0 540 7
0 541 15
0 542 18
0 543 19
0 544 11
0 545 4
0 546 18
0 547 11
0 548 14
0 549 18
0 550 11
0 551 14
0 552 11
0 553 12
0 554 9
0 555 10
0 556 12
0 557 9
0 558 3
0 559 5
0 560 9
0 561 12
0 562 17
0 563 5
0 564 7
0 565 12
0 566 8
0 567 6
0 568 8
0 569 11
0 570 9
0 571 9
0 572 11
0 573 14
0 574 2
0 575 10
0 576 17
0 577 10
0 578 14
0 579 5
0 580 7
0 581 20
0 582 19
0 583 2
0 584 4
0 585 18
0 586 11
0 587 20
0 588 17
0 589 17
0 590 19
0 591 20
0 592 8
0 593 1
0 594 9
0 595 14
0 596 18
0 597 12
0 598 13
0 599 13
0 600 7
0 601 16
0 602 11
0 603 2
0 604 4
0 605 1
0 606 6
0 607 16
0 608 4
0 609 2
0 610 2
0 611 17
0 612 11
0 613 9
0 614 16
0 615 1
0 616 8
0 617 1
0 618 8
0 619 3
0 620 17
0 621 17
0 622 5
0 623 9
0 624 12
0 625 10
0 626 16
0 627 18
0 628 17
0 629 12
0 630 16
0 631 2
0 632 3
0 633 19
0 634 6
0 635 4
0 636 11
0 637 10
0 638 14
0 639 3
0 640 16
0 641 12
0 642 3
0 643 19
0 644 19
0 645 11
0 646 10
0 647 5
0 648 19
0 649 6
0 650 20
0 651 10
0 652 18
0 653 8
0 654 5
0 655 13
0 656 13
0 657 13
0 658 5
0 659 1
0 660 9
0 661 15
0 662 2
0 663 4
0 664 14
0 665 3
0 666 16
0 667 15
0 668 8
0 669 11
0 670 17
0 671 2
0 672 5
0 673 6
0 674 20
0 675 1
0 676 2
0 677 1
0 678 11
0 679 5
0 680 8
0 681 20
0 682 1
0 683 19
0 684 17
0 685 2
0 686 12
0 687 2
0 688 12
0 689 17
0 690 7
0 691 11
0 692 6
0 693 17
0 694 14
0 695 1
0 696 16
0 697 11
0 698 18
0 699 6
0 700 4
0 701 13
0 702 19
0 703 10
0 704 9
0 705 1
0 706 4
0 707 16
0 708 17
0 709 20
0 710 7
0 711 9
0 712 4
0 713 14
0 714 19
0 715 2
0 716 4
0 717 14
0 718 5
0 719 10
0 720 15
0 721 3
0 722 18
0 723 14
0 724 16
0 725 17
0 726 13
0 727 12
0 728 1
0 729 9
0 730 3
0 731 17
0 732 20
0 733 3
0 734 10
0 735 8
0 736 12
0 737 10
0 738 7
0 739 14
0 740 20
0 741 19
0 742 4
0 743 16
0 744 12
0 745 20
0 746 19
0 747 19
0 748 19
0 749 14
0 750 16
0 751 15
0 752 15
0 753 1
0 754 19
0 755 17
0 756 14
0 757 5
0 758 2
0 759 11
0 760 16
0 761 7
0 762 14
0 763 18
0 764 5
0 765 6
0 766 9
0 767 2
0 768 7
0 769 15
0 770 5
0 771 9
0 772 8
0 773 15
0 774 8
0 775 5
0 776 14
0 777 14
0 778 15
0 779 1
0 780 14
0 781 11
0 782 3
0 783 1
0 784 11
0 785 19
0 786 14
0 787 7
0 788 11
0 789 17
0 790 1
0 791 8
0 792 8
0 793 18
0 794 12
0 795 12
0 796 4
0 797 3
0 798 5
0 799 4
0 800 10
0 801 15
0 802 20
0 803 12
0 804 2
0 805 14
0 806 4
0 807 8
0 808 9
0 809 15
0 810 20
0 811 10
0 812 13
0 813 9
0 814 16
0 815 20
0 816 11
0 817 13
0 818 9
0 819 12
0 820 5
0 821 17
0 822 9
0 823 8
0 824 16
0 825 16
0 826 8
0 827 9
0 828 10
0 829 15
0 830 17
0 831 13
0 832 6
0 833 17
0 834 17
0 835 16
0 836 3
0 837 9
0 838 17
0 839 11
0 840 10
0 841 5
0 842 17
0 843 16
0 844 11
0 845 14
0 846 12
0 847 5
0 848 5
0 849 14
0 850 18
0 851 19
0 852 11
0 853 17
0 854 4
0 855 11
0 856 1
0 857 19
0 858 9
0 859 10
0 860 10
0 861 19
0 862 12
0 863 10
0 864 6
0 865 4
0 866 5
0 867 15
0 868 12
0 869 1
0 870 8
0 871 17
0 872 9
0 873 7
0 874 6
0 875 2
0 876 15
0 877 8
0 878 17
0 879 17
0 880 14
0 881 7
0 882 16
0 883 17
0 884 8
0 885 18
0 886 5
0 887 12
0 888 15
0 889 8
0 890 17
0 891 9
0 892 1
0 893 12
0 894 5
0 895 4
0 896 8
0 897 12
0 898 17
0 899 1
0 900 15
0 901 19
0 902 20
0 903 6
0 904 14
0 905 9
0 906 20
0 907 20
0 908 4
0 909 9
0 910 8
0 911 1
0 912 3
0 913 8
0 914 4
0 915 15
0 916 17
0 917 8
0 918 8
0 919 2
0 920 11
0 921 6
0 922 6
0 923 7
0 924 13
0 925 7
0 926 2
0 927 7
0 928 16
0 929 9
0 930 10
0 931 8
0 932 18
0 933 19
0 934 15
0 935 9
0 936 10
0 937 1
0 938 5
0 939 12
0 940 7
0 941 16
0 942 8
0 943 9
0 944 5
0 945 6
0 946 6
0 947 1
0 948 19
0 949 1
0 950 8
0 951 6
0 952 15
0 953 20
0 954 6
0 955 18
0 956 7
0 957 15
0 958 16
0 959 20
0 960 20
0 961 15
0 962 6
0 963 10
0 964 8
0 965 7
0 966 13
0 967 16
0 968 18
0 969 15
0 970 3
0 971 12
0 972 7
0 973 3
0 974 11
0 975 17
0 976 19
0 977 4
0 978 11
0 979 4
0 980 16
0 981 3
0 982 1
0 983 7
0 984 13
0 985 18
0 986 18
0 987 3
0 988 14
0 989 6
0 990 12
0 991 5
0 992 18
0 993 3
0 994 10
0 995 2
0 996 13
0 997 15
0 998 13
0 999 11
0 1000 15
0 1001 7
0 1002 8
0 1003 1
0 1004 16
0 1005 4
0 1006 1
0 1007 7
0 1008 10
0 1009 16
0 1010 10
0 1011 14
0 1012 15
0 1013 2
0 1014 20
0 1015 2
0 1016 5
0 1017 14
0 1018 2
0 1019 16
0 1020 19
0 1021 6
0 1022 2
0 1023 11
0 1024 13
0 1025 1
0 1026 12
0 1027 18
0 1028 4
0 1029 2
0 1030 12
0 1031 13
0 1032 15
0 1033 15
0 1034 11
0 1035 15
0 1036 18
0 1037 10
0 1038 9
0 1039 5
0 1040 10
0 1041 10
0 1042 20
0 1043 1
0 1044 1
0 1045 20
0 1046 18
0 1047 1
0 1048 9
0 1049 1
0 1050 7
0 1051 2
0 1052 16
0 1053 20
0 1054 7
0 1055 14
0 1056 16
0 1057 7
0 1058 4
0 1059 13
0 1060 14
0 1061 18
0 1062 10
0 1063 17
0 1064 9
0 1065 1
0 1066 13
0 1067 16
0 1068 11
0 1069 9
0 1070 16
0 1071 4
0 1072 18
0 1073 7
0 1074 2
0 1075 14
0 1076 1
0 1077 3
0 1078 7
0 1079 12
0 1080 19
0 1081 17
0 1082 20
0 1083 13
0 1084 14
0 1085 10
0 1086 17
0 1087 13
0 1088 4
0 1089 14
0 1090 4
0 1091 3
0 1092 16
0 1093 17
0 1094 2
0 1095 13
0 1096 5
0 1097 8
0 1098 13
0 1099 19
0 1100 2
0 1101 7
0 1102 12
0 1103 20
0 1104 19
0 1105 20
0 1106 20
0 1107 4
0 1108 7
0 1109 5
0 1110 19
0 1111 19
0 1112 5
0 1113 2
0 1114 19
0 1115 14
0 1116 11
0 1117 18
0 1118 12
0 1119 14
0 1120 19
0 1121 6
0 1122 15
0 1123 2
0 1124 6
0 1125 3
0 1126 3
0 1127 5
0 1128 6
0 1129 3
0 1130 2
0 1131 8
0 1132 10
0 1133 10
0 1134 17
0 1135 18
0 1136 5
0 1137 15
0 1138 2
0 1139 2
0 1140 7
0 1141 8
0 1142 2
0 1143 18
0 1144 15
0 1145 20
0 1146 17
0 1147 20
0 1148 16
0 1149 2
0 1150 1
0 1151 7
0 1152 13
0 1153 1
0 1154 1
0 1155 7
0 1156 19
0 1157 8
0 1158 9
0 1159 15
0 1160 13
0 1161 16
0 1162 6
0 1163 17
0 1164 6
0 1165 18
0 1166 18
0 1167 5
0 1168 13
0 1169 12
0 1170 3
0 1171 19
0 1172 16
0 1173 5
0 1174 7
0 1175 4
0 1176 11
0 1177 16
0 1178 3
0 1179 15
0 1180 12
0 1181 16
0 1182 1
0 1183 7
0 1184 1
0 1185 9
0 1186 13
0 1187 14
0 1188 15
0 1189 10
0 1190 13
0 1191 19
0 1192 2
0 1193 18
0 1194 3
0 1195 12
0 1196 13
0 1197 13
0 1198 12
0 1199 15
0 1200 10
0 1201 3
0 1202 18
0 1203 6
0 1204 7
0 1205 11
0 1206 2
0 1207 4
0 1208 15
0 1209 20
0 1210 18
0 1211 14
0 1212 12
0 1213 16
0 1214 20
0 1215 16
0 1216 7
0 1217 13
0 1218 4
0 1219 19
0 1220 13
0 1221 18
0 1222 8
0 1223 7
0 1224 8
0 1225 7
0 1226 8
0 1227 8
0 1228 5
0 1229 12
0 1230 6
0 1231 6
0 1232 7
0 1233 11
0 1234 8
0 1235 14
0 1236 16
0 1237 14
0 1238 13
0 1239 3
0 1240 3
0 1241 3
0 1242 18
0 1243 3
0 1244 20
0 1245 13
0 1246 12
0 1247 1
0 1248 1
0 1249 10
0 1250 12
0 1251 20
0 1252 15
0 1253 6
0 1254 6
0 1255 7
0 1256 20
0 1257 18
0 1258 7
0 1259 10
0 1260 7
0 1261 10
0 1262 16
0 1263 2
0 1264 20
0 1265 15
0 1266 18
0 1267 16
0 1268 20
0 1269 8
0 1270 8
0 1271 19
0 1272 9
0 1273 19
0 1274 11
0 1275 19
0 1276 13
0 1277 16
0 1278 2
0 1279 12
0 1280 19
0 1281 9
0 1282 20
0 1283 12
0 1284 4
0 1285 15
0 1286 17
0 1287 19
0 1288 5
0 1289 14
0 1290 4
0 1291 15
0 1292 16
0 1293 1
0 1294 4
0 1295 14
0 1296 16
0 1297 5
0 1298 17
0 1299 4
0 1300 18
0 1301 12
0 1302 11
0 1303 7
0 1304 3
0 1305 5
0 1306 2
0 1307 6
0 1308 19
0 1309 13
0 1310 6
0 1311 8
0 1312 3
0 1313 11
0 1314 12
0 1315 14
0 1316 5
0 1317 18
0 1318 11
0 1319 2
0 1320 7
0 1321 17
0 1322 12
0 1323 9
0 1324 2
0 1325 16
0 1326 6
0 1327 15
0 1328 4
0 1329 3
0 1330 18
0 1331 11
0 1332 11
0 1333 19
0 1334 7
0 1335 18
0 1336 10
0 1337 3
0 1338 9
0 1339 1
0 1340 18
0 1341 9
0 1342 5
0 1343 10
0 1344 4
0 1345 11
0 1346 19
0 1347 4
0 1348 3
0 1349 13
0 1350 18
0 1351 7
0 1352 4
0 1353 15
0 1354 3
0 1355 8
0 1356 5
0 1357 4
0 1358 3
0 1359 6
0 1360 4
0 1361 6
0 1362 18
0 1363 8
0 1364 19
0 1365 3
0 1366 20
0 1367 16
0 1368 14
0 1369 14
0 1370 4
0 1371 11
0 1372 20
0 1373 6
0 1374 11
0 1375 7
0 1376 16
0 1377 15
0 1378 15
0 1379 19
0 1380 6
0 1381 4
0 1382 5
0 1383 3
0 1384 14
0 1385 16
0 1386 1
0 1387 19
0 1388 16
0 1389 11
0 1390 8
0 1391 12
0 1392 18
0 1393 3
0 1394 18
0 1395 11
0 1396 8
0 1397 11
0 1398 12
0 1399 1
0 1400 16
0 1401 4
0 1402 11
0 1403 13
0 1404 9
0 1405 6
0 1406 6
0 1407 11
0 1408 3
0 1409 5
0 1410 19
0 1411 18
0 1412 4
0 1413 7
0 1414 20
0 1415 12
0 1416 9
0 1417 13
0 1418 2
0 1419 20
0 1420 18
0 1421 3
0 1422 20
0 1423 4
0 1424 18
0 1425 15
0 1426 4
0 1427 11
0 1428 1
0 1429 15
0 1430 4
0 1431 9
0 1432 10
0 1433 2
0 1434 12
0 1435 15
0 1436 18
0 1437 7
0 1438 1
0 1439 20
0 1440 14
0 1441 13
0 1442 12
0 1443 19
0 1444 7
0 1445 3
0 1446 9
0 1447 13
0 1448 19
0 1449 1
0 1450 19
0 1451 17
0 1452 8
0 1453 2
0 1454 9
0 1455 17
0 1456 2
0 1457 16
0 1458 4
0 1459 4
0 1460 6
0 1461 15
0 1462 18
0 1463 12
0 1464 10
0 1465 19
0 1466 1
0 1467 13
0 1468 13
0 1469 5
0 1470 13
0 1471 18
0 1472 4
0 1473 5
0 1474 2
0 1475 2
0 1476 8
0 1477 1
0 1478 17
0 1479 20
0 1480 9
0 1481 17
0 1482 19
0 1483 10
0 1484 11
0 1485 9
0 1486 14
0 1487 13
0 1488 12
0 1489 14
0 1490 13
0 1491 2
0 1492 10
0 1493 2
0 1494 14
0 1495 16
0 1496 5
0 1497 10
0 1498 4
0 1499 17
0 1500 11
0 1501 14
0 1502 11
0 1503 15
0 1504 16
0 1505 19
0 1506 17
0 1507 5
0 1508 2
0 1509 20
0 1510 8
0 1511 1
0 1512 3
0 1513 1
0 1514 20
0 1515 5
0 1516 5
0 1517 20
0 1518 3
0 1519 19
0 1520 20
0 1521 8
0 1522 7
0 1523 1
0 1524 4
0 1525 9
0 1526 9
0 1527 2
0 1528 1
0 1529 10
0 1530 6
0 1531 3
0 1532 2
0 1533 7
0 1534 14
0 1535 4
0 1536 18
0 1537 8
0 1538 13
0 1539 9
0 1540 2
0 1541 3
0 1542 5
0 1543 2
0 1544 20
0 1545 18
0 1546 19
0 1547 1
0 1548 1
0 1549 12
0 1550 13
0 1551 7
0 1552 3
0 1553 12
0 1554 8
0 1555 16
0 1556 18
0 1557 2
0 1558 3
0 1559 7
0 1560 20
0 1561 20
0 1562 1
0 1563 2
0 1564 6
0 1565 13
0 1566 6
0 1567 5
0 1568 5
0 1569 14
0 1570 8
0 1571 13
0 1572 7
0 1573 5
0 1574 12
0 1575 20
0 1576 15
0 1577 13
0 1578 1
0 1579 7
0 1580 19
0 1581 19
0 1582 10
0 1583 13
0 1584 4
0 1585 11
0 1586 1
0 1587 20
0 1588 7
0 1589 13
0 1590 11
0 1591 4
0 1592 2
0 1593 3
0 1594 20
0 1595 11
0 1596 15
0 1597 20
0 1598 4
0 1599 2
0 1600 20
0 1601 15
0 1602 5
0 1603 18
0 1604 15
0 1605 5
0 1606 10
0 1607 13
0 1608 20
0 1609 16
0 1610 11
0 1611 2
0 1612 13
0 1613 13
0 1614 9
0 1615 20
0 1616 13
0 1617 3
0 1618 16
0 1619 11
0 1620 3
0 1621 1
0 1622 11
0 1623 20
0 1624 2
0 1625 4
0 1626 8
0 1627 20
0 1628 12
0 1629 13
0 1630 12
0 1631 7
0 1632 11
0 1633 1
0 1634 10
0 1635 4
0 1636 6
0 1637 13
0 1638 18
0 1639 9
0 1640 6
0 1641 17
0 1642 5
0 1643 16
0 1644 6
0 1645 2
0 1646 13
0 1647 17
0 1648 8
0 1649 19
0 1650 7
0 1651 2
0 1652 3
0 1653 14
0 1654 16
0 1655 18
0 1656 12
0 1657 10
0 1658 2
0 1659 9
0 1660 13
0 1661 15
0 1662 4
0 1663 14
0 1664 14
0 1665 15
0 1666 14
0 1667 11
0 1668 3
0 1669 5
0 1670 17
0 1671 15
0 1672 15
0 1673 12
0 1674 12
0 1675 8
0 1676 14
0 1677 13
0 1678 17
0 1679 16
0 1680 11
0 1681 5
0 1682 11
0 1683 12
0 1684 5
0 1685 7
0 1686 2
0 1687 17
0 1688 20
0 1689 13
0 1690 16
0 1691 7
0 1692 4
0 1693 8
0 1694 3
0 1695 5
0 1696 8
0 1697 12
0 1698 12
0 1699 2
0 1700 8
0 1701 5
0 1702 6
0 1703 11
0 1704 12
0 1705 18
0 1706 17
0 1707 7
0 1708 6
0 1709 13
0 1710 1
0 1711 15
0 1712 13
0 1713 15
0 1714 10
0 1715 15
0 1716 7
0 1717 3
0 1718 1
0 1719 10
0 1720 13
0 1721 8
0 1722 16
0 1723 14
0 1724 4
0 1725 10
0 1726 20
0 1727 5
0 1728 4
0 1729 20
0 1730 2
0 1731 17
0 1732 7
0 1733 6
0 1734 2
0 1735 13
0 1736 15
0 1737 15
0 1738 19
0 1739 16
0 1740 19
0 1741 2
0 1742 18
0 1743 19
0 1744 9
0 1745 1
0 1746 10
0 1747 8
0 1748 12
0 1749 13
0 1750 6
0 1751 6
0 1752 12
0 1753 9
0 1754 2
0 1755 2
0 1756 2
0 1757 18
0 1758 15
0 1759 6
0 1760 15
0 1761 20
0 1762 8
0 1763 18
0 1764 5
0 1765 6
0 1766 2
0 1767 14
0 1768 17
0 1769 6
0 1770 11
0 1771 3
0 1772 5
0 1773 3
0 1774 8
0 1775 17
0 1776 3
0 1777 5
0 1778 1
0 1779 9
0 1780 19
0 1781 16
0 1782 8
0 1783 8
0 1784 15
0 1785 17
0 1786 9
0 1787 10
0 1788 20
0 1789 7
0 1790 19
0 1791 4
0 1792 3
0 1793 6
0 1794 16
0 1795 8
0 1796 11
0 1797 14
0 1798 2
0 1799 19
0 1800 12
0 1801 18
0 1802 19
0 1803 10
0 1804 6
0 1805 13
0 1806 20
0 1807 2
0 1808 5
0 1809 1
0 1810 17
0 1811 14
0 1812 15
0 1813 19
0 1814 18
0 1815 17
0 1816 17
0 1817 15
0 1818 6
0 1819 9
0 1820 11
0 1821 8
0 1822 11
0 1823 3
0 1824 15
0 1825 5
0 1826 17
0 1827 9
0 1828 15
0 1829 5
0 1830 16
0 1831 12
0 1832 8
0 1833 18
0 1834 4
0 1835 8
0 1836 16
0 1837 8
0 1838 12
0 1839 16
0 1840 10
0 1841 18
0 1842 15
0 1843 2
0 1844 3
0 1845 15
0 1846 4
0 1847 8
0 1848 10
0 1849 6
0 1850 16
0 1851 2
0 1852 19
0 1853 12
0 1854 19
0 1855 8
0 1856 7
0 1857 17
0 1858 6
0 1859 4
0 1860 7
0 1861 3
0 1862 20
0 1863 9
0 1864 8
0 1865 18
0 1866 1
0 1867 20
0 1868 20
0 1869 3
0 1870 13
0 1871 2
0 1872 1
0 1873 18
0 1874 19
0 1875 9
0 1876 11
0 1877 8
0 1878 16
0 1879 10
0 1880 1
0 1881 20
0 1882 15
0 1883 20
0 1884 20
0 1885 6
0 1886 20
0 1887 13
0 1888 18
0 1889 13
0 1890 3
0 1891 15
0 1892 1
0 1893 19
0 1894 5
0 1895 3
0 1896 15
0 1897 13
0 1898 18
0 1899 16
0 1900 14
0 1901 10
0 1902 18
0 1903 11
0 1904 8
0 1905 13
0 1906 13
0 1907 15
0 1908 7
0 1909 7
0 1910 1
0 1911 9
0 1912 16
0 1913 6
0 1914 14
0 1915 5
0 1916 2
0 1917 17
0 1918 19
0 1919 16
0 1920 17
0 1921 19
0 1922 10
0 1923 6
0 1924 11
0 1925 11
0 1926 4
0 1927 2
0 1928 7
0 1929 19
0 1930 19
0 1931 18
0 1932 7
0 1933 17
0 1934 13
0 1935 20
0 1936 6
0 1937 10
0 1938 8
0 1939 18
0 1940 2
0 1941 10
0 1942 5
0 1943 6
0 1944 16
0 1945 18
0 1946 19
0 1947 10
0 1948 5
0 1949 8
0 1950 12
0 1951 1
0 1952 18
0 1953 13
0 1954 16
0 1955 1
0 1956 11
0 1957 7
0 1958 8
0 1959 10
0 1960 17
0 1961 17
0 1962 20
0 1963 20
0 1964 20
0 1965 13
0 1966 13
0 1967 8
0 1968 17
0 1969 9
0 1970 19
0 1971 17
0 1972 6
0 1973 2
0 1974 15
0 1975 16
0 1976 18
0 1977 13
0 1978 8
0 1979 16
0 1980 19
0 1981 1
0 1982 4
0 1983 15
0 1984 1
0 1985 5
0 1986 10
0 1987 3
0 1988 1
0 1989 20
0 1990 8
0 1991 6
0 1992 18
0 1993 9
0 1994 13
0 1995 4
0 1996 3
0 1997 2
0 1998 3
0 1999 2
0 2000 12
0 2001 1
0 2002 4
0 2003 10
0 2004 14
0 2005 17
0 2006 15
0 2007 11
0 2008 17
0 2009 9
0 2010 15
0 2011 17
0 2012 6
0 2013 13
0 2014 7
0 2015 12
0 2016 13
0 2017 20
0 2018 9
0 2019 17
0 2020 19
0 2021 13
0 2022 12
0 2023 3
0 2024 16
0 2025 1
0 2026 3
0 2027 4
0 2028 1
0 2029 8
0 2030 13
0 2031 13
0 2032 4
0 2033 12
0 2034 5
0 2035 17
0 2036 20
0 2037 17
0 2038 9
0 2039 18
0 2040 4
0 2041 9
0 2042 6
0 2043 16
0 2044 20
0 2045 3
0 2046 3
0 2047 13
0 2048 9
0 2049 12
0 2050 11
0 2051 8
0 2052 5
0 2053 17
0 2054 10
0 2055 11
0 2056 16
0 2057 1
0 2058 9
0 2059 2
0 2060 6
0 2061 11
0 2062 7
0 2063 20
0 2064 16
0 2065 20
0 2066 8
0 2067 18
0 2068 20
0 2069 10
0 2070 20
0 2071 18
0 2072 6
0 2073 17
0 2074 2
0 2075 7
0 2076 7
0 2077 6
0 2078 6
0 2079 1
0 2080 8
0 2081 13
0 2082 1
0 2083 1
0 2084 2
0 2085 9
0 2086 7
0 2087 14
0 2088 18
0 2089 19
0 2090 4
0 2091 12
0 2092 7
0 2093 11
0 2094 16
0 2095 3
0 2096 17
0 2097 15
0 2098 5
0 2099 14
0 2100 13
0 2101 14
0 2102 9
0 2103 10
0 2104 6
0 2105 1
0 2106 20
0 2107 14
0 2108 3
0 2109 13
0 2110 13
0 2111 6
0 2112 17
0 2113 3
0 2114 6
0 2115 20
0 2116 13
0 2117 16
0 2118 12
0 2119 13
0 2120 1
0 2121 11
0 2122 15
0 2123 20
0 2124 19
0 2125 4
0 2126 18
0 2127 10
0 2128 2
0 2129 20
0 2130 9
0 2131 4
0 2132 17
0 2133 12
0 2134 19
0 2135 5
0 2136 7
0 2137 11
0 2138 9
0 2139 10
0 2140 18
0 2141 15
0 2142 17
0 2143 5
0 2144 11
0 2145 18
0 2146 18
0 2147 11
0 2148 3
0 2149 10
0 2150 10
0 2151 2
0 2152 16
0 2153 13
0 2154 4
0 2155 17
0 2156 14
0 2157 4
0 2158 5
0 2159 15
0 2160 12
0 2161 12
0 2162 20
0 2163 9
0 2164 13
0 2165 18
0 2166 8
0 2167 12
0 2168 4
0 2169 20
0 2170 11
0 2171 1
0 2172 11
0 2173 1
0 2174 14
0 2175 16
0 2176 9
0 2177 5
0 2178 11
0 2179 1
0 2180 20
0 2181 13
0 2182 4
0 2183 13
0 2184 16
0 2185 5
0 2186 7
0 2187 11
0 2188 12
0 2189 3
0 2190 12
0 2191 15
0 2192 16
0 2193 20
0 2194 20
0 2195 10
0 2196 5
0 2197 12
0 2198 17
0 2199 14
0 2200 11
0 2201 5
0 2202 4
0 2203 2
0 2204 15
0 2205 16
0 2206 12
0 2207 6
0 2208 17
0 2209 5
0 2210 7
0 2211 14
0 2212 11
0 2213 15
0 2214 19
0 2215 11
0 2216 7
0 2217 8
0 2218 12
0 2219 15
0 2220 5
0 2221 11
0 2222 9
0 2223 13
0 2224 10
0 2225 5
0 2226 15
0 2227 8
0 2228 16
0 2229 2
0 2230 3
0 2231 9
0 2232 20
0 2233 4
0 2234 1
0 2235 16
0 2236 11
0 2237 5
0 2238 9
0 2239 6
0 2240 8
0 2241 10
0 2242 8
0 2243 19
0 2244 7
0 2245 13
0 2246 18
0 2247 17
0 2248 13
0 2249 9
0 2250 4
0 2251 15
0 2252 17
0 2253 16
0 2254 11
0 2255 20
0 2256 13
0 2257 3
0 2258 17
0 2259 6
0 2260 12
0 2261 3
0 2262 3
0 2263 11
0 2264 16
0 2265 18
0 2266 6
0 2267 1
0 2268 16
0 2269 8
0 2270 10
0 2271 13
0 2272 4
0 2273 8
0 2274 3
0 2275 1
0 2276 18
0 2277 10
0 2278 2
0 2279 8
0 2280 13
0 2281 14
0 2282 20
0 2283 6
0 2284 5
0 2285 3
0 2286 3
0 2287 8
0 2288 15
0 2289 1
0 2290 1
0 2291 5
0 2292 20
0 2293 1
0 2294 14
0 2295 9
0 2296 3
0 2297 13
0 2298 18
0 2299 1
0 2300 16
0 2301 6
0 2302 10
0 2303 8
0 2304 9
0 2305 16
0 2306 3
0 2307 8
0 2308 19
0 2309 1
0 2310 13
0 2311 16
0 2312 5
0 2313 16
0 2314 11
0 2315 15
0 2316 14
0 2317 17
0 2318 19
0 2319 17
0 2320 9
0 2321 18
0 2322 5
0 2323 7
0 2324 10
0 2325 5
0 2326 12
0 2327 8
0 2328 20
0 2329 16
0 2330 13
0 2331 13
0 2332 8
0 2333 16
0 2334 12
0 2335 18
0 2336 16
0 2337 7
0 2338 5
0 2339 7
0 2340 3
0 2341 5
0 2342 9
0 2343 7
0 2344 1
0 2345 7
0 2346 4
0 2347 18
0 2348 4
0 2349 17
0 2350 4
0 2351 12
0 2352 18
0 2353 9
0 2354 13
0 2355 15
0 2356 11
0 2357 17
0 2358 10
0 2359 8
0 2360 6
0 2361 15
0 2362 17
0 2363 4
0 2364 2
0 2365 13
0 2366 11
0 2367 16
0 2368 6
0 2369 5
0 2370 9
0 2371 5
0 2372 6
0 2373 11
0 2374 11
0 2375 5
0 2376 12
0 2377 4
0 2378 19
0 2379 20
0 2380 6
0 2381 4
0 2382 10
0 2383 3
0 2384 8
0 2385 19
0 2386 11
0 2387 12
0 2388 15
0 2389 2
0 2390 3
0 2391 4
0 2392 11
0 2393 6
0 2394 13
0 2395 9
0 2396 20
0 2397 9
0 2398 7
0 2399 19
0 2400 3
0 2401 7
0 2402 18
0 2403 12
0 2404 7
0 2405 15
0 2406 16
0 2407 7
0 2408 3
0 2409 7
0 2410 8
0 2411 20
0 2412 20
0 2413 13
0 2414 18
0 2415 5
0 2416 14
0 2417 6
0 2418 11
0 2419 1
0 2420 16
0 2421 16
0 2422 3
0 2423 6
0 2424 7
0 2425 2
0 2426 16
0 2427 16
0 2428 13
0 2429 16
0 2430 12
0 2431 11
0 2432 1
0 2433 3
0 2434 1
0 2435 14
0 2436 5
0 2437 1
0 2438 1
0 2439 6
0 2440 18
0 2441 17
0 2442 20
0 2443 4
0 2444 1
0 2445 20
0 2446 18
0 2447 19
0 2448 16
0 2449 3
0 2450 8
0 2451 5
0 2452 9
0 2453 2
0 2454 1
0 2455 20
0 2456 19
0 2457 3
0 2458 16
0 2459 2
0 2460 6
0 2461 1
0 2462 6
0 2463 20
0 2464 18
0 2465 17
0 2466 10
0 2467 2
0 2468 1
0 2469 20
0 2470 3
0 2471 11
0 2472 16
0 2473 20
0 2474 18
0 2475 10
0 2476 14
0 2477 16
0 2478 12
0 2479 11
0 2480 3
0 2481 14
0 2482 1
0 2483 9
0 2484 10
0 2485 11
0 2486 8
0 2487 7
0 2488 11
0 2489 9
0 2490 18
0 2491 15
0 2492 15
0 2493 12
0 2494 19
0 2495 18
0 2496 1
0 2497 5
0 2498 1
0 2499 4
0 2500 16
0 2501 13
0 2502 17
0 2503 5
0 2504 14
0 2505 2
0 2506 16
0 2507 6
0 2508 14
0 2509 13
0 2510 6
0 2511 12
0 2512 7
0 2513 15
0 2514 14
0 2515 16
0 2516 19
0 2517 20
0 2518 14
0 2519 3
0 2520 20
0 2521 6
0 2522 19
0 2523 13
0 2524 7
0 2525 13
0 2526 8
0 2527 6
0 2528 20
0 2529 14
0 2530 15
0 2531 8
0 2532 16
0 2533 6
0 2534 16
0 2535 7
0 2536 3
0 2537 15
0 2538 6
0 2539 9
0 2540 11
0 2541 18
0 2542 20
0 2543 19
0 2544 11
0 2545 18
0 2546 13
0 2547 11
0 2548 14
0 2549 16
0 2550 9
0 2551 1
0 2552 4
0 2553 20
0 2554 12
0 2555 5
0 2556 1
0 2557 4
0 2558 2
0 2559 8
0 2560 17
0 2561 6
0 2562 16
0 2563 6
0 2564 4
0 2565 14
0 2566 15
0 2567 12
0 2568 13
0 2569 12
0 2570 11
0 2571 9
0 2572 4
0 2573 18
0 2574 20
0 2575 13
0 2576 19
0 2577 4
0 2578 11
0 2579 19
0 2580 16
0 2581 13
0 2582 19
0 2583 6
0 2584 15
0 2585 20
0 2586 2
0 2587 7
0 2588 8
0 2589 7
0 2590 15
0 2591 13
0 2592 14
0 2593 15
0 2594 13
0 2595 6
0 2596 10
0 2597 2
0 2598 6
0 2599 9
0 2600 10
0 2601 9
0 2602 10
0 2603 3
0 2604 3
0 2605 15
0 2606 2
0 2607 3
0 2608 7
0 2609 9
0 2610 3
0 2611 5
0 2612 10
0 2613 14
0 2614 11
0 2615 2
0 2616 1
0 2617 19
0 2618 11
0 2619 11
0 2620 9
0 2621 19
0 2622 15
0 2623 16
0 2624 5
0 2625 9
0 2626 18
0 2627 19
0 2628 1
0 2629 18
0 2630 20
0 2631 3
0 2632 15
0 2633 6
0 2634 15
0 2635 1
0 2636 12
0 2637 11
0 2638 11
0 2639 20
0 2640 14
0 2641 2
0 2642 8
0 2643 13
0 2644 18
0 2645 7
0 2646 13
0 2647 5
0 2648 9
0 2649 13
0 2650 11
0 2651 14
0 2652 18
0 2653 16
0 2654 15
0 2655 17
0 2656 8
0 2657 7
0 2658 7
0 2659 15
0 2660 7
0 2661 3
0 2662 8
0 2663 15
0 2664 9
0 2665 3
0 2666 12
0 2667 3
0 2668 6
0 2669 6
0 2670 1
0 2671 2
0 2672 7
0 2673 4
0 2674 11
0 2675 11
0 2676 8
0 2677 11
0 2678 8
0 2679 10
0 2680 1
0 2681 20
0 2682 13
0 2683 7
0 2684 1
0 2685 9
0 2686 18
0 2687 1
0 2688 8
0 2689 2
0 2690 2
0 2691 6
0 2692 20
0 2693 2
0 2694 19
0 2695 20
0 2696 6
0 2697 5
0 2698 2
0 2699 17
0 2700 10
0 2701 17
0 2702 15
0 2703 12
0 2704 19
0 2705 8
0 2706 18
0 2707 3
0 2708 7
0 2709 10
0 2710 1
0 2711 4
0 2712 14
0 2713 20
0 2714 18
0 2715 9
0 2716 13
0 2717 11
0 2718 19
0 2719 20
0 2720 16
0 2721 19
0 2722 8
0 2723 2
0 2724 14
0 2725 10
0 2726 3
0 2727 9
0 2728 18
0 2729 20
0 2730 19
0 2731 5
0 2732 1
0 2733 18
0 2734 5
0 2735 19
0 2736 11
0 2737 3
0 2738 2
0 2739 17
0 2740 3
0 2741 18
0 2742 15
0 2743 10
0 2744 5
0 2745 18
0 2746 3
0 2747 11
0 2748 4
0 2749 11
0 2750 18
0 2751 10
0 2752 11
0 2753 16
0 2754 12
0 2755 15
0 2756 4
0 2757 9
0 2758 7
0 2759 8
0 2760 14
0 2761 18
0 2762 12
0 2763 16
0 2764 9
0 2765 3
0 2766 13
0 2767 18
0 2768 8
0 2769 7
0 2770 18
0 2771 18
0 2772 8
0 2773 15
0 2774 13
0 2775 8
0 2776 5
0 2777 1
0 2778 18
0 2779 12
0 2780 12
0 2781 14
0 2782 6
0 2783 12
0 2784 17
0 2785 5
0 2786 8
0 2787 17
0 2788 5
0 2789 8
0 2790 17
0 2791 19
0 2792 18
0 2793 12
0 2794 4
0 2795 11
0 2796 14
0 2797 1
0 2798 10
0 2799 5
0 2800 5
0 2801 13
0 2802 6
0 2803 15
0 2804 14
0 2805 11
0 2806 15
0 2807 11
0 2808 3
0 2809 16
0 2810 9
0 2811 4
0 2812 10
0 2813 6
0 2814 3
0 2815 13
0 2816 6
0 2817 10
0 2818 13
0 2819 20
0 2820 17
0 2821 6
0 2822 20
0 2823 18
0 2824 13
0 2825 19
0 2826 11
0 2827 1
0 2828 9
0 2829 3
0 2830 13
0 2831 8
0 2832 19
0 2833 6
0 2834 11
0 2835 13
0 2836 14
0 2837 3
0 2838 3
0 2839 10
0 2840 3
0 2841 18
0 2842 13
0 2843 8
0 2844 1
0 2845 9
0 2846 18
0 2847 4
0 2848 15
0 2849 6
0 2850 7
0 2851 16
0 2852 18
0 2853 8
0 2854 1
0 2855 18
0 2856 17
0 2857 15
0 2858 4
0 2859 7
0 2860 17
0 2861 12
0 2862 12
0 2863 14
0 2864 17
0 2865 4
0 2866 20
0 2867 1
0 2868 4
0 2869 13
0 2870 16
0 2871 9
0 2872 8
0 2873 1
0 2874 4
0 2875 14
0 2876 18
0 2877 2
0 2878 9
0 2879 4
0 2880 10
0 2881 5
0 2882 17
0 2883 19
0 2884 10
0 2885 6
0 2886 3
0 2887 6
0 2888 5
0 2889 4
0 2890 7
0 2891 20
0 2892 13
0 2893 15
0 2894 5
0 2895 19
0 2896 13
0 2897 19
0 2898 5
0 2899 6
0 2900 2
0 2901 16
0 2902 11
0 2903 8
0 2904 14
0 2905 2
0 2906 8
0 2907 6
0 2908 9
0 2909 4
0 2910 3
0 2911 15
0 2912 20
0 2913 7
0 2914 10
0 2915 20
0 2916 15
0 2917 3
0 2918 9
0 2919 5
0 2920 8
0 2921 9
0 2922 20
0 2923 4
0 2924 5
0 2925 11
0 2926 17
0 2927 3
0 2928 5
0 2929 13
0 2930 2
0 2931 17
0 2932 4
0 2933 9
0 2934 7
0 2935 2
0 2936 18
0 2937 3
0 2938 6
0 2939 15
0 2940 9
0 2941 11
0 2942 16
0 2943 5
0 2944 3
0 2945 9
0 2946 20
0 2947 14
0 2948 18
0 2949 7
0 2950 2
0 2951 13
0 2952 13
0 2953 17
0 2954 16
0 2955 9
0 2956 10
0 2957 2
0 2958 5
0 2959 12
0 2960 19
0 2961 4
0 2962 13
0 2963 3
0 2964 13
0 2965 3
0 2966 1
0 2967 3
0 2968 9
0 2969 6
0 2970 14
0 2971 2
0 2972 10
0 2973 16
0 2974 13
0 2975 7
0 2976 4
0 2977 17
0 2978 5
0 2979 13
0 2980 5
0 2981 14
0 2982 3
0 2983 4
0 2984 6
0 2985 18
0 2986 1
0 2987 18
0 2988 20
0 2989 4
0 2990 14
0 2991 17
0 2992 8
0 2993 1
0 2994 20
0 2995 11
0 2996 8
0 2997 12
0 2998 8
0 2999 16
0 3000 16
0 3001 19
0 3002 20
0 3003 2
0 3004 11
0 3005 10
0 3006 9
0 3007 20
0 3008 13
0 3009 14
0 3010 5
0 3011 13
0 3012 3
0 3013 10
0 3014 13
0 3015 5
0 3016 7
0 3017 6
0 3018 17
0 3019 4
0 3020 14
0 3021 13
0 3022 16
0 3023 15
0 3024 10
0 3025 6
0 3026 13
0 3027 12
0 3028 14
0 3029 19
0 3030 2
0 3031 3
0 3032 4
0 3033 11
0 3034 8
0 3035 16
0 3036 6
0 3037 2
0 3038 6
0 3039 8
0 3040 7
0 3041 11
0 3042 6
0 3043 8
0 3044 1
0 3045 7
0 3046 9
0 3047 2
0 3048 14
0 3049 15
0 3050 19
0 3051 11
0 3052 7
0 3053 1
0 3054 15
0 3055 6
0 3056 11
0 3057 14
0 3058 3
0 3059 14
0 3060 14
0 3061 16
0 3062 19
0 3063 20
0 3064 12
0 3065 13
0 3066 14
0 3067 19
0 3068 17
0 3069 20
0 3070 18
0 3071 20
0 3072 11
0 3073 17
0 3074 18
0 3075 11
0 3076 9
0 3077 5
0 3078 12
0 3079 13
0 3080 1
0 3081 3
0 3082 15
0 3083 11
0 3084 3
0 3085 1
0 3086 2
0 3087 18
0 3088 2
0 3089 13
0 3090 7
0 3091 7
0 3092 16
0 3093 2
0 3094 10
0 3095 19
0 3096 19
0 3097 19
0 3098 10
0 3099 13
0 3100 20
0 3101 8
0 3102 5
0 3103 10
0 3104 14
0 3105 10
0 3106 13
0 3107 18
0 3108 20
0 3109 12
0 3110 17
0 3111 14
0 3112 19
0 3113 13
0 3114 10
0 3115 8
0 3116 19
0 3117 19
0 3118 19
0 3119 3
0 3120 4
0 3121 3
0 3122 6
0 3123 2
0 3124 8
0 3125 4
0 3126 7
0 3127 9
0 3128 18
0 3129 9
0 3130 1
0 3131 13
0 3132 3
0 3133 9
0 3134 18
0 3135 20
0 3136 13
0 3137 1
0 3138 10
0 3139 4
0 3140 7
0 3141 3
0 3142 3
0 3143 13
0 3144 15
0 3145 8
0 3146 20
0 3147 17
0 3148 2
0 3149 3
0 3150 16
0 3151 19
0 3152 20
0 3153 18
0 3154 4
0 3155 9
0 3156 18
0 3157 16
0 3158 2
0 3159 10
0 3160 20
0 3161 1
0 3162 6
0 3163 2
0 3164 3
0 3165 4
0 3166 16
0 3167 13
0 3168 12
0 3169 17
0 3170 9
0 3171 5
0 3172 6
0 3173 3
0 3174 3
0 3175 17
0 3176 13
0 3177 14
0 3178 17
0 3179 2
0 3180 11
0 3181 18
0 3182 12
0 3183 8
0 3184 2
0 3185 4
0 3186 10
0 3187 19
0 3188 18
0 3189 2
0 3190 5
0 3191 2
0 3192 12
0 3193 19
0 3194 19
0 3195 16
0 3196 12
0 3197 9
0 3198 9
0 3199 20
0 3200 1
0 3201 14
0 3202 18
0 3203 17
0 3204 13
0 3205 2
0 3206 14
0 3207 5
0 3208 13
0 3209 2
0 3210 7
0 3211 17
0 3212 17
0 3213 5
0 3214 14
0 3215 18
0 3216 10
0 3217 20
0 3218 16
0 3219 2
0 3220 20
0 3221 11
0 3222 5
0 3223 17
0 3224 19
0 3225 10
0 3226 8
0 3227 20
0 3228 10
0 3229 3
0 3230 13
0 3231 18
0 3232 16
0 3233 2
0 3234 5
0 3235 15
0 3236 7
0 3237 1
0 3238 8
0 3239 15
0 3240 13
0 3241 3
0 3242 8
0 3243 7
0 3244 4
0 3245 4
0 3246 20
0 3247 4
0 3248 7
0 3249 18
0 3250 20
0 3251 10
0 3252 19
0 3253 1
0 3254 9
0 3255 4
0 3256 19
0 3257 1
0 3258 13
0 3259 7
0 3260 12
0 3261 17
0 3262 16
0 3263 6
0 3264 1
0 3265 6
0 3266 4
0 3267 16
0 3268 7
0 3269 5
0 3270 18
0 3271 16
0 3272 6
0 3273 13
0 3274 14
0 3275 9
0 3276 4
0 3277 12
0 3278 17
0 3279 3
0 3280 5
0 3281 2
0 3282 2
0 3283 15
0 3284 9
0 3285 19
0 3286 6
0 3287 7
0 3288 10
0 3289 6
0 3290 11
0 3291 5
0 3292 1
0 3293 5
0 3294 14
0 3295 13
0 3296 5
0 3297 1
0 3298 13
0 3299 18
0 3300 16
0 3301 11
0 3302 16
0 3303 16
0 3304 2
0 3305 11
0 3306 14
0 3307 7
0 3308 4
0 3309 7
0 3310 19
0 3311 20
0 3312 2
0 3313 11
0 3314 7
0 3315 8
0 3316 9
0 3317 18
0 3318 2
0 3319 5
0 3320 6
0 3321 17
0 3322 10
0 3323 7
0 3324 14
0 3325 15
0 3326 10
0 3327 9
0 3328 5
0 3329 17
0 3330 14
0 3331 16
0 3332 15
0 3333 20
0 3334 14
0 3335 17
0 3336 8
0 3337 16
0 3338 8
0 3339 17
0 3340 1
0 3341 20
0 3342 11
0 3343 4
0 3344 3
0 3345 14
0 3346 4
0 3347 1
0 3348 17
0 3349 20
0 3350 2
0 3351 13
0 3352 15
0 3353 12
0 3354 16
0 3355 2
0 3356 20
0 3357 15
0 3358 19
0 3359 11
0 3360 3
0 3361 14
0 3362 13
0 3363 9
0 3364 10
0 3365 3
0 3366 20
0 3367 14
0 3368 7
0 3369 12
0 3370 12
0 3371 6
0 3372 3
0 3373 4
0 3374 7
0 3375 11
0 3376 19
0 3377 14
0 3378 6
0 3379 8
0 3380 14
0 3381 14
0 3382 10
0 3383 20
0 3384 6
0 3385 12
0 3386 5
0 3387 5
0 3388 17
0 3389 10
0 3390 5
0 3391 2
0 3392 9
0 3393 7
0 3394 20
0 3395 14
0 3396 7
0 3397 18
0 3398 4
0 3399 2
0 3400 18
0 3401 6
0 3402 17
0 3403 10
0 3404 11
0 3405 6
0 3406 8
0 3407 19
0 3408 7
0 3409 8
0 3410 10
0 3411 2
0 3412 1
0 3413 18
0 3414 10
0 3415 11
0 3416 20
0 3417 19
0 3418 9
0 3419 2
0 3420 17
0 3421 2
0 3422 18
0 3423 10
0 3424 19
0 3425 4
0 3426 9
0 3427 9
0 3428 14
0 3429 12
0 3430 14
0 3431 8
0 3432 19
0 3433 8
0 3434 6
0 3435 16
0 3436 17
0 3437 14
0 3438 7
0 3439 15
0 3440 12
0 3441 4
0 3442 17
0 3443 15
0 3444 3
0 3445 16
0 3446 5
0 3447 7
0 3448 18
0 3449 18
0 3450 15
0 3451 12
0 3452 3
0 3453 13
0 3454 1
0 3455 7
0 3456 15
0 3457 5
0 3458 19
0 3459 14
0 3460 19
0 3461 18
0 3462 17
0 3463 14
0 3464 1
0 3465 9
0 3466 17
0 3467 1
0 3468 4
0 3469 13
0 3470 4
0 3471 9
0 3472 5
0 3473 3
0 3474 13
0 3475 20
0 3476 3
0 3477 2
0 3478 16
0 3479 4
0 3480 16
0 3481 19
0 3482 2
0 3483 20
0 3484 8
0 3485 1
0 3486 3
0 3487 12
0 3488 6
0 3489 2
0 3490 11
0 3491 5
0 3492 14
0 3493 18
0 3494 20
0 3495 20
0 3496 15
0 3497 3
0 3498 2
0 3499 13
0 3500 7
0 3501 5
0 3502 9
0 3503 17
0 3504 2
0 3505 1
0 3506 6
0 3507 13
0 3508 9
0 3509 15
0 3510 4
0 3511 13
0 3512 6
0 3513 13
0 3514 5
0 3515 5
0 3516 18
0 3517 3
0 3518 3
0 3519 9
0 3520 9
0 3521 2
0 3522 12
0 3523 3
0 3524 11
0 3525 2
0 3526 6
0 3527 19
0 3528 7
0 3529 10
0 3530 7
0 3531 9
0 3532 13
0 3533 10
0 3534 20
0 3535 20
0 3536 8
0 3537 4
0 3538 10
0 3539 6
0 3540 9
0 3541 5
0 3542 9
0 3543 19
0 3544 18
0 3545 14
0 3546 11
0 3547 16
0 3548 11
0 3549 12
0 3550 11
0 3551 6
0 3552 4
0 3553 3
0 3554 12
0 3555 6
0 3556 5
0 3557 7
0 3558 2
0 3559 19
0 3560 18
0 3561 9
0 3562 12
0 3563 18
0 3564 19
0 3565 7
0 3566 6
0 3567 5
0 3568 14
0 3569 11
0 3570 3
0 3571 15
0 3572 12
0 3573 7
0 3574 9
0 3575 6
0 3576 17
0 3577 18
0 3578 2
0 3579 9
0 3580 16
0 3581 20
0 3582 3
0 3583 18
0 3584 2
0 3585 17
0 3586 6
0 3587 14
0 3588 9
0 3589 19
0 3590 10
0 3591 6
0 3592 9
0 3593 4
0 3594 12
0 3595 18
0 3596 16
0 3597 10
0 3598 3
0 3599 4
0 3600 16
0 3601 17
0 3602 5
0 3603 14
0 3604 11
0 3605 6
0 3606 3
0 3607 9
0 3608 7
0 3609 5
0 3610 15
0 3611 14
0 3612 13
0 3613 18
0 3614 5
0 3615 4
0 3616 17
0 3617 7
0 3618 11
0 3619 8
0 3620 3
0 3621 9
0 3622 12
0 3623 19
0 3624 15
0 3625 1
0 3626 14
0 3627 18
0 3628 4
0 3629 15
0 3630 18
0 3631 14
0 3632 18
0 3633 7
0 3634 3
0 3635 18
0 3636 17
0 3637 14
0 3638 7
0 3639 1
0 3640 6
0 3641 19
0 3642 1
0 3643 9
0 3644 14
0 3645 12
0 3646 13
0 3647 9
0 3648 11
0 3649 11
0 3650 12
0 3651 7
0 3652 4
0 3653 20
0 3654 10
0 3655 13
0 3656 9
0 3657 8
0 3658 2
0 3659 17
0 3660 17
0 3661 11
0 3662 4
0 3663 18
0 3664 10
0 3665 18
0 3666 6
0 3667 2
0 3668 5
0 3669 10
0 3670 18
0 3671 9
0 3672 9
0 3673 4
0 3674 2
0 3675 4
0 3676 3
0 3677 9
0 3678 12
0 3679 4
0 3680 14
0 3681 18
0 3682 14
0 3683 12
0 3684 12
0 3685 19
0 3686 5
0 3687 18
0 3688 18
0 3689 18
0 3690 10
0 3691 4
0 3692 18
0 3693 10
0 3694 7
0 3695 3
0 3696 9
0 3697 2
0 3698 7
0 3699 3
0 3700 12
0 3701 2
0 3702 10
0 3703 18
0 3704 9
0 3705 9
0 3706 19
0 3707 19
0 3708 15
0 3709 12
0 3710 15
0 3711 3
0 3712 18
0 3713 11
0 3714 7
0 3715 3
0 3716 10
0 3717 3
0 3718 17
0 3719 20
0 3720 9
0 3721 6
0 3722 11
0 3723 19
0 3724 5
0 3725 17
0 3726 20
0 3727 3
0 3728 18
0 3729 4
0 3730 5
0 3731 16
0 3732 15
0 3733 5
0 3734 18
0 3735 4
0 3736 15
0 3737 4
0 3738 2
0 3739 3
0 3740 16
0 3741 1
0 3742 6
0 3743 8
0 3744 8
0 3745 6
0 3746 7
0 3747 3
0 3748 20
0 3749 16
0 3750 3
0 3751 19
0 3752 4
0 3753 8
0 3754 7
0 3755 12
0 3756 3
0 3757 18
0 3758 4
0 3759 15
0 3760 7
0 3761 20
0 3762 1
0 3763 18
0 3764 13
0 3765 2
0 3766 15
0 3767 1
0 3768 12
0 3769 3
0 3770 20
0 3771 16
0 3772 5
0 3773 15
0 3774 14
0 3775 5
0 3776 9
0 3777 11
0 3778 13
0 3779 11
0 3780 8
0 3781 11
0 3782 2
0 3783 12
0 3784 1
0 3785 4
0 3786 19
0 3787 3
0 3788 13
0 3789 15
0 3790 11
0 3791 5
0 3792 13
0 3793 19
0 3794 20
0 3795 5
0 3796 6
0 3797 4
0 3798 13
0 3799 19
0 3800 1
0 3801 4
0 3802 12
0 3803 8
0 3804 11
0 3805 11
0 3806 2
0 3807 6
0 3808 18
0 3809 6
0 3810 7
0 3811 11
0 3812 20
0 3813 6
0 3814 10
0 3815 11
0 3816 15
0 3817 19
0 3818 18
0 3819 4
0 3820 5
0 3821 10
0 3822 1
0 3823 1
0 3824 19
0 3825 5
0 3826 14
0 3827 14
0 3828 17
0 3829 11
0 3830 4
0 3831 20
0 3832 1
0 3833 4
0 3834 13
0 3835 2
0 3836 17
0 3837 4
0 3838 20
0 3839 6
0 3840 16
0 3841 7
0 3842 17
0 3843 5
0 3844 5
0 3845 11
0 3846 3
0 3847 1
0 3848 18
0 3849 17
0 3850 11
0 3851 13
0 3852 1
0 3853 20
0 3854 3
0 3855 17
0 3856 13
0 3857 12
0 3858 15
0 3859 3
0 3860 10
0 3861 8
0 3862 17
0 3863 6
0 3864 7
0 3865 8
0 3866 12
0 3867 7
0 3868 14
0 3869 6
0 3870 5
0 3871 8
0 3872 9
0 3873 19
0 3874 12
0 3875 14
0 3876 11
0 3877 20
0 3878 17
0 3879 7
0 3880 19
0 3881 8
0 3882 20
0 3883 4
0 3884 14
0 3885 1
0 3886 17
0 3887 13
0 3888 13
0 3889 9
0 3890 1
0 3891 8
0 3892 10
0 3893 10
0 3894 3
0 3895 11
0 3896 11
0 3897 19
0 3898 11
0 3899 5
0 3900 8
0 3901 6
0 3902 7
0 3903 20
0 3904 14
0 3905 1
0 3906 9
0 3907 1
0 3908 10
0 3909 17
0 3910 5
0 3911 3
0 3912 1
0 3913 2
0 3914 17
0 3915 18
0 3916 11
0 3917 8
0 3918 9
0 3919 14
0 3920 20
0 3921 16
0 3922 16
0 3923 9
0 3924 4
0 3925 20
0 3926 10
0 3927 4
0 3928 20
0 3929 6
0 3930 8
0 3931 7
0 3932 15
0 3933 13
0 3934 2
0 3935 14
0 3936 10
0 3937 7
0 3938 6
0 3939 10
0 3940 14
0 3941 12
0 3942 1
0 3943 5
0 3944 6
0 3945 15
0 3946 14
0 3947 6
0 3948 8
0 3949 13
0 3950 16
0 3951 11
0 3952 5
0 3953 8
0 3954 5
0 3955 3
0 3956 1
0 3957 6
0 3958 5
0 3959 11
0 3960 19
0 3961 19
0 3962 13
0 3963 17
0 3964 2
0 3965 13
0 3966 16
0 3967 8
0 3968 6
0 3969 2
0 3970 7
0 3971 4
0 3972 18
0 3973 5
0 3974 16
0 3975 19
0 3976 13
0 3977 2
0 3978 12
0 3979 11
0 3980 13
0 3981 4
0 3982 5
0 3983 19
0 3984 3
0 3985 10
0 3986 17
0 3987 8
0 3988 10
0 3989 8
0 3990 16
0 3991 14
0 3992 10
0 3993 11
0 3994 11
0 3995 6
0 3996 8
0 3997 9
0 3998 5
0 3999 6
0 4000 14
0 4001 3
0 4002 18
0 4003 6
0 4004 19
0 4005 3
0 4006 1
0 4007 10
0 4008 15
0 4009 5
0 4010 9
0 4011 5
0 4012 6
0 4013 10
0 4014 8
0 4015 19
0 4016 16
0 4017 3
0 4018 9
0 4019 4
0 4020 3
0 4021 11
0 4022 7
0 4023 7
0 4024 9
0 4025 20
0 4026 2
0 4027 16
0 4028 5
0 4029 2
0 4030 12
0 4031 15
0 4032 17
0 4033 1
0 4034 12
0 4035 1
0 4036 12
0 4037 19
0 4038 7
0 4039 15
0 4040 4
0 4041 5
0 4042 15
0 4043 11
0 4044 20
0 4045 16
0 4046 11
0 4047 17
0 4048 13
0 4049 18
0 4050 16
0 4051 10
0 4052 14
0 4053 7
0 4054 4
0 4055 3
0 4056 12
0 4057 4
0 4058 18
0 4059 1
0 4060 14
0 4061 12
0 4062 12
0 4063 11
0 4064 1
0 4065 19
0 4066 3
0 4067 13
0 4068 17
0 4069 17
0 4070 4
0 4071 8
0 4072 7
0 4073 9
0 4074 16
0 4075 2
0 4076 16
0 4077 5
0 4078 5
0 4079 6
0 4080 10
0 4081 20
0 4082 3
0 4083 4
0 4084 17
0 4085 19
0 4086 10
0 4087 8
0 4088 10
0 4089 5
0 4090 7
0 4091 5
0 4092 10
0 4093 15
0 4094 5
0 4095 12
0 4096 20
0 4097 15
0 4098 10
0 4099 6
0 4100 15
0 4101 6
0 4102 19
0 4103 20
0 4104 9
0 4105 4
0 4106 10
0 4107 1
0 4108 10
0 4109 17
0 4110 14
0 4111 1
0 4112 9
0 4113 7
0 4114 16
0 4115 8
0 4116 9
0 4117 15
0 4118 8
0 4119 4
0 4120 9
0 4121 8
0 4122 9
0 4123 20
0 4124 17
0 4125 7
0 4126 5
0 4127 3
0 4128 14
0 4129 17
0 4130 18
0 4131 5
0 4132 8
0 4133 4
0 4134 20
0 4135 15
0 4136 10
0 4137 2
0 4138 12
0 4139 3
0 4140 8
0 4141 12
0 4142 7
0 4143 5
0 4144 19
0 4145 10
0 4146 5
0 4147 20
0 4148 7
0 4149 13
0 4150 1
0 4151 8
0 4152 15
0 4153 20
0 4154 20
0 4155 10
0 4156 13
0 4157 19
0 4158 10
0 4159 13
0 4160 10
0 4161 7
0 4162 15
0 4163 16
0 4164 19
0 4165 18
0 4166 13
0 4167 13
0 4168 7
0 4169 17
0 4170 9
0 4171 11
0 4172 8
0 4173 5
0 4174 6
0 4175 7
0 4176 13
0 4177 12
0 4178 4
0 4179 1
0 4180 11
0 4181 17
0 4182 10
0 4183 13
0 4184 6
0 4185 12
0 4186 10
0 4187 10
0 4188 7
0 4189 3
0 4190 12
0 4191 19
0 4192 2
0 4193 1
0 4194 10
0 4195 4
0 4196 14
0 4197 1
0 4198 4
0 4199 8
0 4200 15
0 4201 5
0 4202 1
0 4203 20
0 4204 19
0 4205 12
0 4206 18
0 4207 17
0 4208 16
0 4209 10
0 4210 13
0 4211 13
0 4212 1
0 4213 20
0 4214 13
0 4215 8
0 4216 1
0 4217 18
0 4218 2
0 4219 5
0 4220 19
0 4221 6
0 4222 8
0 4223 20
0 4224 10
0 4225 5
0 4226 1
0 4227 15
0 4228 19
0 4229 14
0 4230 18
0 4231 12
0 4232 4
0 4233 6
0 4234 4
0 4235 15
0 4236 2
0 4237 4
0 4238 2
0 4239 16
0 4240 14
0 4241 11
0 4242 14
0 4243 16
0 4244 1
0 4245 1
0 4246 11
0 4247 14
0 4248 13
0 4249 11
0 4250 13
0 4251 8
0 4252 19
0 4253 15
0 4254 5
0 4255 2
0 4256 20
0 4257 20
0 4258 6
0 4259 15
0 4260 3
0 4261 7
0 4262 18
0 4263 11
0 4264 20
0 4265 3
0 4266 9
0 4267 9
0 4268 10
0 4269 11
0 4270 6
0 4271 5
0 4272 2
0 4273 19
0 4274 13
0 4275 10
0 4276 15
0 4277 10
0 4278 2
0 4279 11
0 4280 13
0 4281 13
0 4282 15
0 4283 6
0 4284 13
0 4285 13
0 4286 2
0 4287 17
0 4288 5
0 4289 20
0 4290 11
0 4291 11
0 4292 16
0 4293 16
0 4294 8
0 4295 5
0 4296 8
0 4297 1
0 4298 17
0 4299 10
0 4300 6
0 4301 1
0 4302 5
0 4303 15
0 4304 3
0 4305 8
0 4306 2
0 4307 19
0 4308 8
0 4309 1
0 4310 3
0 4311 12
0 4312 7
0 4313 4
0 4314 13
0 4315 14
0 4316 14
0 4317 3
0 4318 3
0 4319 20
0 4320 6
0 4321 11
0 4322 1
0 4323 9
0 4324 9
0 4325 6
0 4326 8
0 4327 12
0 4328 7
0 4329 7
0 4330 8
0 4331 11
0 4332 6
0 4333 20
0 4334 5
0 4335 18
0 4336 3
0 4337 5
0 4338 16
0 4339 4
0 4340 7
0 4341 20
0 4342 11
0 4343 7
0 4344 19
0 4345 9
0 4346 7
0 4347 17
0 4348 8
0 4349 2
0 4350 3
0 4351 15
0 4352 8
0 4353 10
0 4354 11
0 4355 17
0 4356 15
0 4357 11
0 4358 20
0 4359 2
0 4360 15
0 4361 13
0 4362 12
0 4363 20
0 4364 18
0 4365 11
0 4366 20
0 4367 15
0 4368 18
0 4369 11
0 4370 13
0 4371 7
0 4372 1
0 4373 17
0 4374 20
0 4375 1
0 4376 8
0 4377 15
0 4378 11
0 4379 11
0 4380 15
0 4381 10
0 4382 7
0 4383 6
0 4384 4
0 4385 11
0 4386 15
0 4387 1
0 4388 8
0 4389 10
0 4390 3
0 4391 4
0 4392 3
0 4393 12
0 4394 16
0 4395 13
0 4396 19
0 4397 15
0 4398 13
0 4399 11
0 4400 8
0 4401 19
0 4402 17
0 4403 11
0 4404 2
0 4405 11
0 4406 6
0 4407 12
0 4408 11
0 4409 12
0 4410 12
0 4411 4
0 4412 3
0 4413 1
0 4414 7
0 4415 8
0 4416 14
0 4417 18
0 4418 13
0 4419 10
0 4420 6
0 4421 13
0 4422 17
0 4423 20
0 4424 3
0 4425 1
0 4426 19
0 4427 16
0 4428 2
0 4429 11
0 4430 18
0 4431 14
0 4432 2
0 4433 14
0 4434 14
0 4435 18
0 4436 19
0 4437 11
0 4438 1
0 4439 17
0 4440 2
0 4441 13
0 4442 13
0 4443 11
0 4444 13
0 4445 7
0 4446 5
0 4447 18
0 4448 4
0 4449 7
0 4450 10
0 4451 12
0 4452 6
0 4453 14
0 4454 20
0 4455 6
0 4456 20
0 4457 19
0 4458 15
0 4459 5
0 4460 6
0 4461 16
0 4462 16
0 4463 1
0 4464 14
0 4465 16
0 4466 16
0 4467 12
0 4468 8
0 4469 10
0 4470 18
0 4471 5
0 4472 9
0 4473 14
0 4474 9
0 4475 1
0 4476 18
0 4477 20
0 4478 13
0 4479 18
0 4480 6
0 4481 10
0 4482 13
0 4483 15
0 4484 6
0 4485 18
0 4486 8
0 4487 18
0 4488 17
0 4489 8
0 4490 12
0 4491 9
0 4492 6
0 4493 4
0 4494 17
0 4495 12
0 4496 4
0 4497 16
0 4498 17
0 4499 17
0 4500 3
0 4501 13
0 4502 10
0 4503 2
0 4504 20
0 4505 13
0 4506 11
0 4507 9
0 4508 3
0 4509 8
0 4510 10
0 4511 17
0 4512 19
0 4513 8
0 4514 16
0 4515 8
0 4516 8
0 4517 17
0 4518 18
0 4519 2
0 4520 15
0 4521 12
0 4522 12
0 4523 4
0 4524 7
0 4525 9
0 4526 1
0 4527 14
0 4528 19
0 4529 17
0 4530 18
0 4531 15
0 4532 1
0 4533 8
0 4534 6
0 4535 10
0 4536 16
0 4537 11
0 4538 1
0 4539 4
0 4540 2
0 4541 17
0 4542 6
0 4543 9
0 4544 8
0 4545 18
0 4546 14
0 4547 19
0 4548 14
0 4549 10
0 4550 6
0 4551 3
0 4552 8
0 4553 1
0 4554 11
0 4555 19
0 4556 5
0 4557 20
0 4558 16
0 4559 17
0 4560 15
0 4561 19
0 4562 2
0 4563 12
0 4564 20
0 4565 16
0 4566 17
0 4567 4
0 4568 18
0 4569 13
0 4570 20
0 4571 4
0 4572 4
0 4573 12
0 4574 19
0 4575 13
0 4576 7
0 4577 9
0 4578 8
0 4579 19
0 4580 9
0 4581 5
0 4582 5
0 4583 19
0 4584 10
0 4585 3
0 4586 19
0 4587 11
0 4588 9
0 4589 5
0 4590 2
0 4591 18
0 4592 10
0 4593 10
0 4594 15
0 4595 12
0 4596 20
0 4597 2
0 4598 11
0 4599 17
0 4600 20
0 4601 5
0 4602 17
0 4603 16
0 4604 7
0 4605 15
0 4606 17
0 4607 13
0 4608 14
0 4609 1
0 4610 2
0 4611 16
0 4612 17
0 4613 16
0 4614 9
0 4615 6
0 4616 9
0 4617 13
0 4618 1
0 4619 10
0 4620 17
0 4621 10
0 4622 4
0 4623 19
0 4624 13
0 4625 13
0 4626 9
0 4627 19
0 4628 1
0 4629 20
0 4630 16
0 4631 15
0 4632 16
0 4633 17
0 4634 1
0 4635 1
0 4636 2
0 4637 4
0 4638 15
0 4639 18
0 4640 14
0 4641 10
0 4642 4
0 4643 20
0 4644 6
0 4645 7
0 4646 11
0 4647 12
0 4648 12
0 4649 7
0 4650 14
0 4651 13
0 4652 2
0 4653 20
0 4654 18
0 4655 7
0 4656 16
0 4657 4
0 4658 1
0 4659 19
0 4660 8
0 4661 13
0 4662 19
0 4663 1
0 4664 15
0 4665 3
0 4666 10
0 4667 5
0 4668 10
0 4669 19
0 4670 20
0 4671 3
0 4672 20
0 4673 1
0 4674 8
0 4675 2
0 4676 4
0 4677 9
0 4678 1
0 4679 2
0 4680 1
0 4681 4
0 4682 12
0 4683 10
0 4684 5
0 4685 14
0 4686 10
0 4687 15
0 4688 1
0 4689 11
0 4690 9
0 4691 17
0 4692 4
0 4693 9
0 4694 7
0 4695 12
0 4696 1
0 4697 16
0 4698 20
0 4699 10
0 4700 6
0 4701 14
0 4702 5
0 4703 9
0 4704 8
0 4705 15
0 4706 9
0 4707 13
0 4708 2
0 4709 20
0 4710 10
0 4711 18
0 4712 14
0 4713 4
0 4714 19
0 4715 20
0 4716 3
0 4717 14
0 4718 13
0 4719 1
0 4720 13
0 4721 16
0 4722 17
0 4723 19
0 4724 15
0 4725 7
0 4726 4
0 4727 1
0 4728 18
0 4729 16
0 4730 19
0 4731 4
0 4732 14
0 4733 3
0 4734 15
0 4735 1
0 4736 6
0 4737 4
0 4738 8
0 4739 3
0 4740 12
0 4741 6
0 4742 9
0 4743 14
0 4744 7
0 4745 14
0 4746 18
0 4747 13
0 4748 19
0 4749 15
0 4750 11
0 4751 7
0 4752 7
0 4753 12
0 4754 12
0 4755 10
0 4756 9
0 4757 11
0 4758 14
0 4759 17
0 4760 3
0 4761 3
0 4762 9
0 4763 6
0 4764 11
0 4765 16
0 4766 3
0 4767 9
0 4768 3
0 4769 15
0 4770 11
0 4771 3
0 4772 6
0 4773 2
0 4774 5
0 4775 1
0 4776 12
0 4777 20
0 4778 1
0 4779 9
0 4780 13
0 4781 13
0 4782 16
0 4783 3
0 4784 1
0 4785 6
0 4786 7
0 4787 18
0 4788 16
0 4789 15
0 4790 1
0 4791 3
0 4792 13
0 4793 2
0 4794 7
0 4795 8
0 4796 6
0 4797 3
0 4798 9
0 4799 11
0 4800 20
0 4801 4
0 4802 6
0 4803 5
0 4804 20
0 4805 10
0 4806 6
0 4807 6
0 4808 17
0 4809 13
0 4810 19
0 4811 18
0 4812 12
0 4813 20
0 4814 9
0 4815 2
0 4816 3
0 4817 19
0 4818 18
0 4819 8
0 4820 5
0 4821 20
0 4822 7
0 4823 18
0 4824 19
0 4825 18
0 4826 3
0 4827 10
0 4828 18
0 4829 9
0 4830 4
0 4831 7
0 4832 19
0 4833 4
0 4834 5
0 4835 20
0 4836 11
0 4837 20
0 4838 20
0 4839 10
0 4840 8
0 4841 6
0 4842 13
0 4843 20
0 4844 18
0 4845 8
0 4846 1
0 4847 3
0 4848 6
0 4849 2
0 4850 4
0 4851 7
0 4852 9
0 4853 15
0 4854 13
0 4855 16
0 4856 9
0 4857 1
0 4858 2
0 4859 2
0 4860 19
0 4861 1
0 4862 10
0 4863 5
0 4864 12
0 4865 17
0 4866 7
0 4867 2
0 4868 15
0 4869 9
0 4870 12
0 4871 9
0 4872 7
0 4873 14
0 4874 20
0 4875 8
0 4876 2
0 4877 4
0 4878 10
0 4879 10
0 4880 8
0 4881 1
0 4882 9
0 4883 4
0 4884 2
0 4885 16
0 4886 20
0 4887 6
0 4888 8
0 4889 4
0 4890 3
0 4891 6
0 4892 11
0 4893 19
0 4894 13
0 4895 15
0 4896 18
0 4897 2
0 4898 11
0 4899 1
0 4900 14
0 4901 3
0 4902 7
0 4903 17
0 4904 11
0 4905 16
0 4906 11
0 4907 1
0 4908 9
0 4909 15
0 4910 6
0 4911 14
0 4912 16
0 4913 14
0 4914 1
0 4915 5
0 4916 19
0 4917 7
0 4918 7
0 4919 13
0 4920 18
0 4921 1
0 4922 18
0 4923 13
0 4924 9
0 4925 4
0 4926 13
0 4927 16
0 4928 20
0 4929 6
0 4930 2
0 4931 11
0 4932 7
0 4933 15
0 4934 8
0 4935 20
0 4936 15
0 4937 13
0 4938 11
0 4939 13
0 4940 13
0 4941 4
0 4942 5
0 4943 9
0 4944 3
0 4945 11
0 4946 13
0 4947 18
0 4948 18
0 4949 1
0 4950 12
0 4951 19
0 4952 17
0 4953 11
0 4954 15
0 4955 4
0 4956 20
0 4957 13
0 4958 17
0 4959 11
0 4960 10
0 4961 13
0 4962 11
0 4963 5
0 4964 18
0 4965 7
0 4966 20
0 4967 2
0 4968 10
0 4969 11
0 4970 18
0 4971 3
0 4972 2
0 4973 14
0 4974 15
0 4975 15
0 4976 8
0 4977 17
0 4978 20
0 4979 12
0 4980 16
0 4981 18
0 4982 14
0 4983 17
0 4984 20
0 4985 14
0 4986 14
0 4987 12
0 4988 20
0 4989 4
0 4990 20
0 4991 7
0 4992 5
0 4993 18
0 4994 9
0 4995 17
0 4996 11
0 4997 7
0 4998 4
0 4999 20
1 0 6
1 1 15
1 2 6
1 3 5
1 4 15
1 5 4
1 6 10
1 7 19
1 8 17
1 9 9
1 10 2
1 11 15
1 12 13
1 13 5
1 14 9
1 15 18
1 16 17
1 17 13
1 18 11
1 19 20
1 20 20
1 21 8
1 22 7
1 23 17
1 24 9
1 25 9
1 26 15
1 27 19
1 28 12
1 29 11
1 30 1
1 31 7
1 32 5
1 33 16
1 34 2
1 35 1
1 36 20
1 37 11
1 38 17
1 39 12
1 40 2
1 41 14
1 42 5
1 43 16
1 44 13
1 45 19
1 46 12
1 47 10
1 48 17
1 49 15
1 50 13
1 51 19
1 52 19
1 53 18
1 54 14
1 55 1
1 56 13
1 57 6
1 58 10
1 59 7
1 60 8
1 61 5
1 62 12
1 63 13
1 64 10
1 65 7
1 66 5
1 67 4
1 68 19
1 69 12
1 70 8
1 71 9
1 72 2
1 73 17
1 74 15
1 75 4
1 76 16
1 77 2
1 78 18
1 79 12
1 80 3
1 81 9
1 82 5
1 83 12
1 84 11
1 85 3
1 86 3
1 87 2
1 88 14
1 89 3
1 90 18
1 91 13
1 92 9
1 93 1
1 94 16
1 95 2
1 96 17
1 97 3
1 98 13
1 99 17
1 100 7
1 101 18
1 102 6
1 103 12
1 104 3
1 105 11
1 106 7
1 107 8
1 108 9
1 109 6
1 110 2
1 111 2
1 112 18
1 113 7
1 114 4
1 115 14
1 116 18
1 117 9
1 118 6
1 119 10
1 120 15
1 121 6
1 122 10
1 123 13
1 124 4
1 125 19
1 126 11
1 127 12
1 128 1
1 129 2
1 130 14
1 131 14
1 132 6
1 133 1
1 134 3
1 135 8
1 136 17
1 137 4
1 138 15
1 139 19
1 140 18
1 141 11
1 142 16
1 143 12
1 144 17
1 145 3
1 146 1
1 147 7
1 148 17
1 149 1
1 150 5
1 151 18
1 152 8
1 153 15
1 154 18
1 155 3
1 156 6
1 157 7
1 158 15
1 159 19
1 160 12
1 161 6
1 162 10
1 163 18
1 164 14
1 165 9
1 166 20
1 167 9
1 168 1
1 169 17
1 170 1
1 171 6
1 172 10
1 173 2
1 174 12
1 175 9
1 176 16
1 177 16
1 178 20
1 179 5
1 180 15
1 181 3
1 182 11
1 183 7
1 184 9
1 185 2
1 186 1
1 187 16
1 188 9
1 189 1
1 190 3
1 191 12
1 192 19
1 193 19
1 194 1
1 195 3
1 196 19
1 197 9
1 198 7
1 199 14
1 200 2
1 201 4
1 202 9
1 203 20
1 204 15
1 205 15
1 206 1
1 207 15
1 208 4
1 209 6
1 210 2
1 211 14
1 212 9
1 213 13
1 214 3
1 215 3
1 216 2
1 217 11
1 218 20
1 219 8
1 220 7
1 221 5
1 222 13
1 223 17
1 224 4
1 225 6
1 226 15
1 227 13
1 228 19
1 229 6
1 230 4
1 231 4
1 232 12
1 233 10
1 234 8
1 235 11
1 236 4
1 237 12
1 238 13
1 239 9
1 240 9
1 241 15
1 242 19
1 243 6
1 244 11
1 245 12
1 246 9
1 247 15
1 248 16
1 249 20
1 250 20
1 251 16
1 252 18
1 253 9
1 254 18
1 255 14
1 256 8
1 257 19
1 258 1
1 259 4
1 260 6
1 261 20
1 262 17
1 263 7
1 264 8
1 265 15
1 266 11
1 267 10
1 268 9
1 269 4
1 270 17
1 271 4
1 272 15
1 273 9
1 274 20
1 275 7
1 276 2
1 277 13
1 278 8
1 279 20
1 280 8
1 281 19
1 282 12
1 283 16
1 284 19
1 285 13
1 286 12
1 287 19
1 288 8
1 289 9
1 290 16
1 291 20
1 292 2
1 293 13
1 294 6
1 295 19
1 296 15
1 297 11
1 298 14
1 299 10
1 300 5
1 301 8
1 302 2
1 303 8
1 304 2
1 305 19
1 306 6
1 307 13
1 308 15
1 309 13
1 310 5
1 311 18
1 312 1
1 313 12
1 314 9
1 315 3
1 316 12
1 317 4
1 318 7
1 319 4
1 320 19
1 321 11
1 322 14
1 323 17
1 324 2
1 325 3
1 326 15
1 327 16
1 328 5
1 329 1
1 330 18
1 331 20
1 332 8
1 333 11
1 334 14
1 335 6
1 336 6
1 337 14
1 338 12
1 339 8
1 340 15
1 341 1
1 342 18
1 343 16
1 344 6
1 345 16
1 346 9
1 347 16
1 348 17
1 349 18
1 350 17
1 351 15
1 352 8
1 353 4
1 354 3
1 355 1
1 356 10
1 357 3
1 358 20
1 359 4
1 360 16
1 361 5
1 362 7
1 363 14
1 364 14
1 365 6
1 366 1
1 367 15
1 368 1
1 369 11
1 370 8
1 371 9
1 372 18
1 373 8
1 374 10
1 375 6
1 376 18
1 377 17
1 378 14
1 379 10
1 380 17
1 381 16
1 382 10
1 383 13
1 384 5
1 385 8
1 386 5
1 387 6
1 388 4
1 389 9
1 390 5
1 391 11
1 392 13
1 393 11
1 394 12
1 395 4
1 396 2
1 397 15
1 398 7
1 399 12
1 400 18
1 401 5
1 402 18
1 403 1
1 404 13
1 405 1
1 406 15
1 407 5
1 408 20
1 409 20
1 410 10
1 411 3
1 412 17
1 413 9
1 414 18
1 415 16
1 416 11
1 417 8
1 418 16
1 419 20
1 420 12
1 421 11
1 422 4
1 423 12
1 424 6
1 425 3
1 426 5
1 427 2
1 428 13
1 429 7
1 430 17
1 431 5
1 432 1
1 433 16
1 434 19
1 435 1
1 436 19
1 437 5
1 438 17
1 439 15
1 440 1
1 441 17
1 442 7
1 443 14
1 444 2
1 445 15
1 446 10
1 447 16
1 448 6
1 449 8
1 450 4
1 451 19
1 452 16
1 453 18
1 454 20
1 455 8
1 456 13
1 457 18
1 458 3
1 459 20
1 460 9
1 461 20
1 462 15
1 463 20
1 464 16
1 465 9
1 466 4
1 467 16
1 468 7
1 469 3
1 470 7
1 471 4
1 472 18
1 473 16
1 474 19
1 475 20
1 476 2
1 477 1
1 478 12
1 479 2
1 480 7
1 481 20
1 482 15
1 483 9
1 484 7
1 485 17
1 486 4
1 487 4
1 488 18
1 489 3
1 490 7
1 491 13
1 492 13
1 493 19
1 494 3
1 495 18
1 496 20
1 497 8
1 498 18
1 499 3
1 500 19
1 501 15
1 502 8
1 503 4
1 504 13
1 505 18
1 506 5
1 507 19
1 508 5
1 509 1
1 510 14
1 511 16
1 512 7
1 513 14
1 514 5
1 515 9
1 516 8
1 517 13
1 518 16
1 519 10
1 520 13
1 521 20
1 522 2
1 523 14
1 524 10
1 525 15
1 526 2
1 527 13
1 528 11
1 529 2
1 530 1
1 531 8
1 532 11
1 533 20
1 534 8
1 535 15
1 536 15
1 537 15
1 538 5
1 539 11
1 540 2
1 541 16
1 542 20
1 543 16
1 544 16
1 545 6
1 546 8
1 547 5
1 548 14
1 549 8
1 550 7
1 551 3
1 552 14
1 553 4
1 554 18
1 555 17
1 556 7
1 557 11
1 558 14
1 559 17
1 560 1
1 561 2
1 562 8
1 563 10
1 564 7
1 565 15
1 566 6
1 567 20
1 568 20
1 569 13
1 570 8
1 571 13
1 572 5
1 573 15
1 574 16
1 575 16
1 576 18
1 577 14
1 578 8
1 579 16
1 580 12
1 581 2
1 582 14
1 583 3
1 584 6
1 585 1
1 586 8
1 587 15
1 588 13
1 589 15
1 590 19
1 591 17
1 592 20
1 593 3
1 594 6
1 595 17
1 596 4
1 597 14
1 598 13
1 599 8
1 600 10
1 601 11
1 602 3
1 603 6
1 604 8
1 605 17
1 606 6
1 607 6
1 608 17
1 609 18
1 610 7
1 611 9
1 612 20
1 613 13
1 614 7
1 615 17
1 616 19
1 617 13
1 618 10
1 619 3
1 620 16
1 621 2
1 622 14
1 623 14
1 624 13
1 625 1
1 626 17
1 627 7
1 628 13
1 629 8
1 630 4
1 631 13
1 632 13
1 633 19
1 634 4
1 635 9
1 636 7
1 637 6
1 638 14
1 639 10
1 640 13
1 641 20
1 642 19
1 643 3
1 644 8
1 645 18
1 646 1
1 647 18
1 648 10
1 649 11
1 650 4
1 651 17
1 652 8
1 653 17
1 654 18
1 655 5
1 656 3
1 657 16
1 658 18
1 659 8
1 660 13
1 661 7
1 662 6
1 663 14
1 664 6
1 665 3
1 666 11
1 667 2
1 668 19
1 669 15
1 670 2
1 671 7
1 672 20
1 673 9
1 674 10
1 675 7
1 676 16
1 677 10
1 678 3
1 679 2
1 680 3
1 681 1
1 682 16
1 683 10
1 684 3
1 685 11
1 686 8
1 687 2
1 688 8
1 689 11
1 690 20
1 691 20
1 692 17
1 693 19
1 694 14
1 695 17
1 696 9
1 697 20
1 698 5
1 699 6
1 700 2
1 701 6
1 702 11
1 703 12
1 704 11
1 705 12
1 706 5
1 707 19
1 708 19
1 709 20
1 710 7
1 711 12
1 712 8
1 713 1
1 714 17
1 715 19
1 716 14
1 717 5
1 718 20
1 719 13
1 720 5
1 721 10
1 722 5
1 723 11
1 724 7
1 725 10
1 726 14
1 727 12
1 728 12
1 729 18
1 730 13
1 731 20
1 732 18
1 733 6
1 734 2
1 735 15
1 736 15
1 737 1
1 738 19
1 739 10
1 740 19
1 741 17
1 742 19
1 743 15
1 744 1
1 745 3
1 746 19
1 747 19
1 748 17
1 749 6
1 750 9
1 751 1
1 752 6
1 753 3
1 754 14
1 755 2
1 756 19
1 757 3
1 758 19
1 759 13
1 760 10
1 761 1
1 762 6
1 763 5
1 764 7
1 765 12
1 766 16
1 767 3
1 768 18
1 769 10
1 770 3
1 771 18
1 772 13
1 773 10
1 774 10
1 775 6
1 776 6
1 777 12
1 778 20
1 779 6
1 780 10
1 781 9
1 782 9
1 783 4
1 784 19
1 785 20
1 786 17
1 787 1
1 788 20
1 789 18
1 790 10
1 791 3
1 792 3
1 793 4
1 794 19
1 795 3
1 796 13
1 797 9
1 798 9
1 799 16
1 800 20
1 801 18
1 802 1
1 803 15
1 804 9
1 805 3
1 806 3
1 807 2
1 808 13
1 809 2
1 810 2
1 811 16
1 812 13
1 813 18
1 814 14
1 815 16
1 816 9
1 817 14
1 818 3
1 819 10
1 820 8
1 821 14
1 822 1
1 823 7
1 824 1
1 825 15
1 826 10
1 827 16
1 828 20
1 829 8
1 830 1
1 831 10
1 832 2
1 833 5
1 834 12
1 835 19
1 836 5
1 837 18
1 838 10
1 839 8
1 840 19
1 841 5
1 842 11
1 843 7
1 844 6
1 845 3
1 846 15
1 847 5
1 848 19
1 849 4
1 850 10
1 851 18
1 852 13
1 853 9
1 854 12
1 855 17
1 856 18
1 857 16
1 858 3
1 859 4
1 860 16
1 861 9
1 862 8
1 863 16
1 864 17
1 865 12
1 866 9
1 867 2
1 868 12
1 869 16
1 870 10
1 871 11
1 872 5
1 873 3
1 874 17
1 875 14
1 876 10
1 877 3
1 878 4
1 879 17
1 880 6
1 881 7
1 882 15
1 883 6
1 884 17
1 885 16
1 886 13
1 887 9
1 888 15
1 889 1
1 890 3
1 891 11
1 892 9
1 893 20
1 894 5
1 895 2
1 896 19
1 897 8
1 898 17
1 899 4
1 900 13
1 901 16
1 902 14
1 903 8
1 904 3
1 905 11
1 906 13
1 907 16
1 908 11
1 909 5
1 910 12
1 911 9
1 912 6
1 913 7
1 914 6
1 915 6
1 916 11
1 917 8
1 918 2
1 919 5
1 920 20
1 921 15
1 922 3
1 923 18
1 924 7
1 925 17
1 926 8
1 927 10
1 928 14
1 929 18
1 930 19
1 931 18
1 932 20
1 933 13
1 934 19
1 935 16
1 936 7
1 937 18
1 938 18
1 939 10
1 940 13
1 941 2
1 942 7
1 943 17
1 944 11
1 945 7
1 946 5
1 947 19
1 948 1
1 949 15
1 950 8
1 951 13
1 952 8
1 953 19
1 954 17
1 955 9
1 956 2
1 957 2
1 958 11
1 959 17
1 960 7
1 961 17
1 962 8
1 963 4
1 964 20
1 965 3
1 966 13
1 967 3
1 968 1
1 969 3
1 970 14
1 971 14
1 972 3
1 973 19
1 974 19
1 975 12
1 976 7
1 977 18
1 978 9
1 979 17
1 980 3
1 981 5
1 982 7
1 983 6
1 984 19
1 985 5
1 986 5
1 987 6
1 988 7
1 989 7
1 990 7
1 991 16
1 992 1
1 993 17
1 994 14
1 995 14
1 996 9
1 997 15
1 998 12
1 999 17
1 1000 14
1 1001 1
1 1002 7
1 1003 5
1 1004 10
1 1005 3
1 1006 14
1 1007 18
1 1008 20
1 1009 7
1 1010 10
1 1011 1
1 1012 5
1 1013 3
1 1014 6
1 1015 1
1 1016 20
1 1017 18
1 1018 9
1 1019 12
1 1020 17
1 1021 11
1 1022 7
1 1023 15
1 1024 12
1 1025 16
1 1026 19
1 1027 11
1 1028 16
1 1029 1
1 1030 3
1 1031 14
1 1032 2
1 1033 19
1 1034 7
1 1035 4
1 1036 3
1 1037 14
1 1038 1
1 1039 16
1 1040 12
1 1041 11
1 1042 12
1 1043 4
1 1044 5
1 1045 14
1 1046 20
1 1047 2
1 1048 7
1 1049 16
1 1050 16
1 1051 12
1 1052 6
1 1053 20
1 1054 4
1 1055 17
1 1056 16
1 1057 13
1 1058 20
1 1059 7
1 1060 20
1 1061 8
1 1062 20
1 1063 16
1 1064 6
1 1065 15
1 1066 9
1 1067 7
1 1068 16
1 1069 16
1 1070 3
1 1071 3
1 1072 19
1 1073 3
1 1074 14
1 1075 9
1 1076 14
1 1077 18
1 1078 14
1 1079 17
1 1080 20
1 1081 9
1 1082 19
1 1083 10
1 1084 13
1 1085 10
1 1086 7
1 1087 2
1 1088 4
1 1089 12
1 1090 10
1 1091 5
1 1092 14
1 1093 20
1 1094 6
1 1095 9
1 1096 17
1 1097 3
1 1098 10
1 1099 15
1 1100 20
1 1101 4
1 1102 7
1 1103 9
1 1104 17
1 1105 5
1 1106 10
1 1107 9
1 1108 15
1 1109 15
1 1110 19
1 1111 1
1 1112 5
1 1113 2
1 1114 12
1 1115 8
1 1116 16
1 1117 2
1 1118 5
1 1119 3
1 1120 2
1 1121 17
1 1122 12
1 1123 17
1 1124 19
1 1125 1
1 1126 15
1 1127 4
1 1128 9
1 1129 6
1 1130 13
1 1131 6
1 1132 10
1 1133 18
1 1134 16
1 1135 2
1 1136 15
1 1137 17
1 1138 6
1 1139 6
1 1140 2
1 1141 1
1 1142 20
1 1143 12
1 1144 17
1 1145 11
1 1146 15
1 1147 14
1 1148 15
1 1149 6
1 1150 8
1 1151 9
1 1152 16
1 1153 18
1 1154 5
1 1155 8
1 1156 12
1 1157 12
1 1158 8
1 1159 19
1 1160 4
1 1161 3
1 1162 5
1 1163 2
1 1164 3
1 1165 8
1 1166 12
1 1167 3
1 1168 2
1 1169 5
1 1170 4
1 1171 15
1 1172 20
1 1173 12
1 1174 6
1 1175 16
1 1176 17
1 1177 4
1 1178 12
1 1179 10
1 1180 14
1 1181 1
1 1182 2
1 1183 5
1 1184 5
1 1185 5
1 1186 4
1 1187 11
1 1188 18
1 1189 11
1 1190 17
1 1191 15
1 1192 12
1 1193 4
1 1194 16
1 1195 1
1 1196 17
1 1197 10
1 1198 18
1 1199 10
1 1200 2
1 1201 16
1 1202 19
1 1203 19
1 1204 6
1 1205 20
1 1206 20
1 1207 2
1 1208 10
1 1209 4
1 1210 9
1 1211 3
1 1212 16
1 1213 12
1 1214 14
1 1215 11
1 1216 8
1 1217 13
1 1218 16
1 1219 11
1 1220 14
1 1221 16
1 1222 20
1 1223 20
1 1224 7
1 1225 13
1 1226 20
1 1227 4
1 1228 10
1 1229 9
1 1230 15
1 1231 15
1 1232 15
1 1233 20
1 1234 20
1 1235 13
1 1236 9
1 1237 15
1 1238 9
1 1239 5
1 1240 10
1 1241 6
1 1242 18
1 1243 17
1 1244 5
1 1245 14
1 1246 9
1 1247 3
1 1248 18
1 1249 18
1 1250 1
1 1251 1
1 1252 12
1 1253 19
1 1254 9
1 1255 6
1 1256 11
1 1257 5
1 1258 17
1 1259 12
1 1260 5
1 1261 19
1 1262 3
1 1263 7
1 1264 18
1 1265 11
1 1266 11
1 1267 20
1 1268 9
1 1269 6
1 1270 14
1 1271 6
1 1272 18
1 1273 18
1 1274 16
1 1275 20
1 1276 9
1 1277 6
1 1278 12
1 1279 11
1 1280 6
1 1281 19
1 1282 15
1 1283 6
1 1284 10
1 1285 14
1 1286 19
1 1287 13
1 1288 12
1 1289 11
1 1290 9
1 1291 6
1 1292 3
1 1293 18
1 1294 1
1 1295 8
1 1296 4
1 1297 4
1 1298 10
1 1299 17
1 1300 17
1 1301 18
1 1302 1
1 1303 10
1 1304 20
1 1305 19
1 1306 2
1 1307 16
1 1308 16
1 1309 20
1 1310 7
1 1311 20
1 1312 18
1 1313 19
1 1314 9
1 1315 1
1 1316 2
1 1317 11
1 1318 20
1 1319 4
1 1320 6
1 1321 11
1 1322 2
1 1323 8
1 1324 9
1 1325 15
1 1326 7
1 1327 17
1 1328 5
1 1329 18
1 1330 7
1 1331 8
1 1332 17
1 1333 16
1 1334 7
1 1335 9
1 1336 9
1 1337 3
1 1338 19
1 1339 13
1 1340 16
1 1341 11
1 1342 17
1 1343 12
1 1344 17
1 1345 4
1 1346 4
1 1347 12
1 1348 12
1 1349 16
1 1350 6
1 1351 6
1 1352 14
1 1353 1
1 1354 8
1 1355 17
1 1356 9
1 1357 7
1 1358 19
1 1359 7
1 1360 7
1 1361 16
1 1362 8
1 1363 9
1 1364 4
1 1365 1
1 1366 18
1 1367 19
1 1368 5
1 1369 16
1 1370 16
1 1371 17
1 1372 20
1 1373 4
1 1374 3
1 1375 5
1 1376 6
1 1377 1
1 1378 19
1 1379 14
1 1380 15
1 1381 16
1 1382 4
1 1383 15
1 1384 3
1 1385 8
1 1386 2
1 1387 18
1 1388 9
1 1389 16
1 1390 12
1 1391 9
1 1392 14
1 1393 1
1 1394 14
1 1395 4
1 1396 4
1 1397 13
1 1398 9
1 1399 3
1 1400 14
1 1401 18
1 1402 4
1 1403 16
1 1404 1
1 1405 13
1 1406 6
1 1407 8
1 1408 18
1 1409 1
1 1410 7
1 1411 13
1 1412 19
1 1413 15
1 1414 7
1 1415 10
1 1416 8
1 1417 13
1 1418 2
1 1419 12
1 1420 19
1 1421 15
1 1422 3
1 1423 7
1 1424 5
1 1425 20
1 1426 17
1 1427 12
1 1428 15
1 1429 8
1 1430 4
1 1431 6
1 1432 9
1 1433 19
1 1434 20
1 1435 16
1 1436 15
1 1437 17
1 1438 6
1 1439 10
1 1440 9
1 1441 18
1 1442 11
1 1443 6
1 1444 2
1 1445 12
1 1446 20
1 1447 16
1 1448 11
1 1449 7
1 1450 11
1 1451 1
1 1452 8
1 1453 3
1 1454 6
1 1455 19
1 1456 16
1 1457 5
1 1458 6
1 1459 17
1 1460 6
1 1461 3
1 1462 15
1 1463 2
1 1464 10
1 1465 4
1 1466 3
1 1467 6
1 1468 16
1 1469 6
1 1470 2
1 1471 13
1 1472 8
1 1473 8
1 1474 13
1 1475 18
1 1476 15
1 1477 8
1 1478 14
1 1479 2
1 1480 19
1 1481 18
1 1482 17
1 1483 9
1 1484 10
1 1485 6
1 1486 13
1 1487 3
1 1488 2
1 1489 6
1 1490 2
1 1491 17
1 1492 19
1 1493 10
1 1494 5
1 1495 7
1 1496 1
1 1497 11
1 1498 18
1 1499 13
1 1500 4
1 1501 14
1 1502 13
1 1503 15
1 1504 1
1 1505 11
1 1506 5
1 1507 8
1 1508 20
1 1509 18
1 1510 11
1 1511 3
1 1512 6
1 1513 4
1 1514 11
1 1515 18
1 1516 16
1 1517 1
1 1518 19
1 1519 7
1 1520 11
1 1521 1
1 1522 1
1 1523 18
1 1524 6
1 1525 19
1 1526 6
1 1527 6
1 1528 17
1 1529 9
1 1530 12
1 1531 6
1 1532 17
1 1533 7
1 1534 14
1 1535 8
1 1536 11
1 1537 9
1 1538 17
1 1539 1
1 1540 9
1 1541 19
1 1542 2
1 1543 2
1 1544 13
1 1545 16
1 1546 7
1 1547 13
1 1548 3
1 1549 10
1 1550 14
1 1551 18
1 1552 10
1 1553 8
1 1554 14
1 1555 18
1 1556 12
1 1557 19
1 1558 16
1 1559 6
1 1560 16
1 1561 2
1 1562 19
1 1563 14
1 1564 15
1 1565 15
1 1566 4
1 1567 2
1 1568 17
1 1569 6
1 1570 10
1 1571 16
1 1572 8
1 1573 1
1 1574 7
1 1575 3
1 1576 7
1 1577 19
1 1578 6
1 1579 17
1 1580 7
1 1581 3
1 1582 9
1 1583 16
1 1584 1
1 1585 8
1 1586 4
1 1587 5
1 1588 12
1 1589 17
1 1590 5
1 1591 2
1 1592 3
1 1593 5
1 1594 13
1 1595 5
1 1596 3
1 1597 19
1 1598 15
1 1599 20
1 1600 17
1 1601 10
1 1602 19
1 1603 20
1 1604 14
1 1605 16
1 1606 14
1 1607 18
1 1608 3
1 1609 11
1 1610 10
1 1611 14
1 1612 7
1 1613 20
1 1614 14
1 1615 19
1 1616 4
1 1617 5
1 1618 9
1 1619 16
1 1620 13
1 1621 16
1 1622 12
1 1623 11
1 1624 11
1 1625 8
1 1626 17
1 1627 9
1 1628 2
1 1629 5
1 1630 4
1 1631 1
1 1632 1
1 1633 12
1 1634 16
1 1635 11
1 1636 14
1 1637 11
1 1638 1
1 1639 3
1 1640 1
1 1641 20
1 1642 7
1 1643 8
1 1644 1
1 1645 5
1 1646 18
1 1647 17
1 1648 15
1 1649 6
1 1650 2
1 1651 1
1 1652 15
1 1653 19
1 1654 4
1 1655 18
1 1656 19
1 1657 10
1 1658 13
1 1659 16
1 1660 20
1 1661 9
1 1662 3
1 1663 19
1 1664 20
1 1665 5
1 1666 4
1 1667 19
1 1668 8
1 1669 13
1 1670 15
1 1671 1
1 1672 8
1 1673 10
1 1674 8
1 1675 5
1 1676 12
1 1677 14
1 1678 8
1 1679 18
1 1680 6
1 1681 1
1 1682 8
1 1683 16
1 1684 8
1 1685 6
1 1686 17
1 1687 14
1 1688 11
1 1689 8
1 1690 11
1 1691 15
1 1692 2
1 1693 14
1 1694 5
1 1695 4
1 1696 19
1 1697 6
1 1698 2
1 1699 1
1 1700 8
1 1701 4
1 1702 12
1 1703 18
1 1704 18
1 1705 17
1 1706 9
1 1707 9
1 1708 1
1 1709 9
1 1710 13
1 1711 4
1 1712 7
1 1713 2
1 1714 8
1 1715 12
1 1716 14
1 1717 13
1 1718 17
1 1719 12
1 1720 1
1 1721 6
1 1722 3
1 1723 16
1 1724 18
1 1725 11
1 1726 1
1 1727 1
1 1728 20
1 1729 12
1 1730 2
1 1731 6
1 1732 16
1 1733 7
1 1734 16
1 1735 7
1 1736 10
1 1737 8
1 1738 10
1 1739 6
1 1740 15
1 1741 18
1 1742 16
1 1743 12
1 1744 2
1 1745 5
1 1746 17
1 1747 8
1 1748 6
1 1749 17
1 1750 19
1 1751 12
1 1752 5
1 1753 6
1 1754 6
1 1755 11
1 1756 18
1 1757 18
1 1758 2
1 1759 10
1 1760 3
1 1761 7
1 1762 10
1 1763 15
1 1764 7
1 1765 1
1 1766 3
1 1767 7
1 1768 12
1 1769 6
1 1770 13
1 1771 2
1 1772 18
1 1773 20
1 1774 5
1 1775 17
1 1776 14
1 1777 8
1 1778 3
1 1779 13
1 1780 10
1 1781 11
1 1782 5
1 1783 2
1 1784 11
1 1785 1
1 1786 20
1 1787 10
1 1788 14
1 1789 1
1 1790 18
1 1791 7
1 1792 2
1 1793 14
1 1794 7
1 1795 16
1 1796 7
1 1797 3
1 1798 15
1 1799 19
1 1800 16
1 1801 3
1 1802 8
1 1803 2
1 1804 18
1 1805 19
1 1806 3
1 1807 5
1 1808 2
1 1809 12
1 1810 8
1 1811 6
1 1812 2
1 1813 5
1 1814 9
1 1815 10
1 1816 8
1 1817 14
1 1818 11
1 1819 4
1 1820 19
1 1821 16
1 1822 16
1 1823 2
1 1824 10
1 1825 1
1 1826 7
1 1827 10
1 1828 12
1 1829 7
1 1830 5
1 1831 13
1 1832 3
1 1833 8
1 1834 4
1 1835 14
1 1836 4
1 1837 10
1 1838 12
1 1839 20
1 1840 20
1 1841 1
1 1842 8
1 1843 19
1 1844 11
1 1845 9
1 1846 12
1 1847 14
1 1848 15
1 1849 5
1 1850 6
1 1851 4
1 1852 8
1 1853 3
1 1854 6
1 1855 3
1 1856 15
1 1857 19
1 1858 19
1 1859 7
1 1860 13
1 1861 8
1 1862 13
1 1863 2
1 1864 20
1 1865 19
1 1866 19
1 1867 2
1 1868 7
1 1869 12
1 1870 16
1 1871 2
1 1872 1
1 1873 1
1 1874 15
1 1875 11
1 1876 17
1 1877 9
1 1878 5
1 1879 14
1 1880 17
1 1881 5
1 1882 19
1 1883 4
1 1884 17
1 1885 13
1 1886 13
1 1887 10
1 1888 3
1 1889 19
1 1890 5
1 1891 8
1 1892 9
1 1893 14
1 1894 9
1 1895 6
1 1896 18
1 1897 10
1 1898 13
1 1899 15
1 1900 20
1 1901 15
1 1902 16
1 1903 3
1 1904 14
1 1905 2
1 1906 13
1 1907 13
1 1908 10
1 1909 10
1 1910 9
1 1911 18
1 1912 5
1 1913 18
1 1914 6
1 1915 13
1 1916 4
1 1917 4
1 1918 3
1 1919 20
1 1920 14
1 1921 19
1 1922 3
1 1923 3
1 1924 13
1 1925 15
1 1926 15
1 1927 9
1 1928 18
1 1929 4
1 1930 8
1 1931 20
1 1932 16
1 1933 15
1 1934 12
1 1935 15
1 1936 2
1 1937 16
1 1938 1
1 1939 7
1 1940 14
1 1941 13
1 1942 11
1 1943 18
1 1944 17
1 1945 20
1 1946 10
1 1947 6
1 1948 10
1 1949 1
1 1950 2
1 1951 5
1 1952 8
1 1953 17
1 1954 2
1 1955 14
1 1956 9
1 1957 17
1 1958 16
1 1959 20
1 1960 6
1 1961 1
1 1962 14
1 1963 4
1 1964 10
1 1965 17
1 1966 3
1 1967 2
1 1968 8
1 1969 18
1 1970 11
1 1971 4
1 1972 4
1 1973 20
1 1974 10
1 1975 10
1 1976 17
1 1977 1
1 1978 14
1 1979 14
1 1980 15
1 1981 17
1 1982 14
1 1983 14
1 1984 18
1 1985 13
1 1986 8
1 1987 12
1 1988 11
1 1989 3
1 1990 12
1 1991 15
1 1992 15
1 1993 12
1 1994 1
1 1995 16
1 1996 19
1 1997 13
1 1998 9
1 1999 3
1 2000 9
1 2001 6
1 2002 11
1 2003 5
1 2004 4
1 2005 7
1 2006 13
1 2007 18
1 2008 16
1 2009 3
1 2010 8
1 2011 11
1 2012 2
1 2013 13
1 2014 1
1 2015 7
1 2016 17
1 2017 13
1 2018 20
1 2019 20
1 2020 8
1 2021 16
1 2022 9
1 2023 14
1 2024 3
1 2025 20
1 2026 8
1 2027 2
1 2028 3
1 2029 3
1 2030 6
1 2031 15
1 2032 1
1 2033 20
1 2034 1
1 2035 3
1 2036 14
1 2037 11
1 2038 16
1 2039 10
1 2040 13
1 2041 1
1 2042 5
1 2043 10
1 2044 15
1 2045 19
1 2046 5
1 2047 5
1 2048 13
1 2049 4
1 2050 10
1 2051 9
1 2052 17
1 2053 16
1 2054 3
1 2055 3
1 2056 17
1 2057 1
1 2058 13
1 2059 13
1 2060 20
1 2061 14
1 2062 11
1 2063 7
1 2064 14
1 2065 5
1 2066 16
1 2067 20
1 2068 3
1 2069 6
1 2070 4
1 2071 19
1 2072 10
1 2073 4
1 2074 2
1 2075 5
1 2076 20
1 2077 10
1 2078 9
1 2079 20
1 2080 9
1 2081 15
1 2082 5
1 2083 2
1 2084 8
1 2085 18
1 2086 17
1 2087 12
1 2088 8
1 2089 6
1 2090 20
1 2091 16
1 2092 13
1 2093 3
1 2094 1
1 2095 7
1 2096 16
1 2097 6
1 2098 5
1 2099 8
1 2100 10
1 2101 1
1 2102 11
1 2103 4
1 2104 19
1 2105 11
1 2106 20
1 2107 10
1 2108 4
1 2109 12
1 2110 11
1 2111 20
1 2112 7
1 2113 19
1 2114 7
1 2115 12
1 2116 2
1 2117 20
1 2118 7
1 2119 19
1 2120 16
1 2121 16
1 2122 19
1 2123 2
1 2124 4
1 2125 12
1 2126 9
1 2127 15
1 2128 12
1 2129 13
1 2130 12
1 2131 11
1 2132 8
1 2133 8
1 2134 1
1 2135 8
1 2136 16
1 2137 17
1 2138 6
1 2139 19
1 2140 17
1 2141 18
1 2142 12
1 2143 10
1 2144 4
1 2145 12
1 2146 11
1 2147 2
1 2148 14
1 2149 14
1 2150 14
1 2151 4
1 2152 7
1 2153 5
1 2154 2
1 2155 18
1 2156 19
1 2157 14
1 2158 10
1 2159 8
1 2160 3
1 2161 17
1 2162 13
1 2163 1
1 2164 2
1 2165 12
1 2166 6
1 2167 1
1 2168 6
1 2169 9
1 2170 8
1 2171 6
1 2172 9
1 2173 6
1 2174 10
1 2175 10
1 2176 15
1 2177 12
1 2178 6
1 2179 5
1 2180 7
1 2181 10
1 2182 10
1 2183 14
1 2184 12
1 2185 3
1 2186 5
1 2187 16
1 2188 4
1 2189 7
1 2190 17
1 2191 18
1 2192 5
1 2193 13
1 2194 20
1 2195 3
1 2196 7
1 2197 19
1 2198 8
1 2199 17
1 2200 19
1 2201 4
1 2202 19
1 2203 7
1 2204 13
1 2205 5
1 2206 1
1 2207 13
1 2208 10
1 2209 20
1 2210 14
1 2211 5
1 2212 18
1 2213 18
1 2214 18
1 2215 2
1 2216 10
1 2217 10
1 2218 8
1 2219 5
1 2220 7
1 2221 17
1 2222 1
1 2223 13
1 2224 13
1 2225 20
1 2226 18
1 2227 10
1 2228 9
1 2229 10
1 2230 17
1 2231 16
1 2232 12
1 2233 15
1 2234 18
1 2235 17
1 2236 20
1 2237 12
1 2238 4
1 2239 10
1 2240 17
1 2241 20
1 2242 14
1 2243 16
1 2244 14
1 2245 4
1 2246 5
1 2247 5
1 2248 7
1 2249 18
1 2250 16
1 2251 15
1 2252 17
1 2253 1
1 2254 14
1 2255 14
1 2256 17
1 2257 16
1 2258 6
1 2259 7
1 2260 8
1 2261 8
1 2262 12
1 2263 4
1 2264 8
1 2265 8
1 2266 6
1 2267 11
1 2268 8
1 2269 8
1 2270 12
1 2271 6
1 2272 19
1 2273 19
1 2274 17
1 2275 2
1 2276 16
1 2277 13
1 2278 13
1 2279 6
1 2280 13
1 2281 15
1 2282 18
1 2283 18
1 2284 5
1 2285 19
1 2286 5
1 2287 20
1 2288 5
1 2289 6
1 2290 18
1 2291 8
1 2292 13
1 2293 8
1 2294 2
1 2295 11
1 2296 17
1 2297 19
1 2298 9
1 2299 6
1 2300 13
1 2301 7
1 2302 2
1 2303 2
1 2304 17
1 2305 6
1 2306 8
1 2307 19
1 2308 13
1 2309 6
1 2310 8
1 2311 13
1 2312 7
1 2313 19
1 2314 7
1 2315 4
1 2316 4
1 2317 4
1 2318 4
1 2319 5
1 2320 1
1 2321 15
1 2322 1
1 2323 18
1 2324 6
1 2325 9
1 2326 4
1 2327 13
1 2328 16
1 2329 19
1 2330 16
1 2331 17
1 2332 12
1 2333 7
1 2334 6
1 2335 13
1 2336 8
1 2337 15
1 2338 7
1 2339 11
1 2340 9
1 2341 3
1 2342 8
1 2343 20
1 2344 15
1 2345 2
1 2346 18
1 2347 4
1 2348 7
1 2349 12
1 2350 19
1 2351 16
1 2352 4
1 2353 12
1 2354 17
1 2355 11
1 2356 1
1 2357 3
1 2358 7
1 2359 11
1 2360 8
1 2361 12
1 2362 1
1 2363 20
1 2364 7
1 2365 15
1 2366 17
1 2367 11
1 2368 5
1 2369 19
1 2370 7
1 2371 14
1 2372 17
1 2373 2
1 2374 19
1 2375 6
1 2376 7
1 2377 9
1 2378 14
1 2379 11
1 2380 11
1 2381 9
1 2382 17
1 2383 18
1 2384 11
1 2385 9
1 2386 2
1 2387 15
1 2388 2
1 2389 2
1 2390 4
1 2391 11
1 2392 3
1 2393 13
1 2394 2
1 2395 14
1 2396 18
1 2397 6
1 2398 7
1 2399 2
1 2400 19
1 2401 18
1 2402 17
1 2403 12
1 2404 3
1 2405 19
1 2406 17
1 2407 14
1 2408 2
1 2409 17
1 2410 19
1 2411 16
1 2412 13
1 2413 10
1 2414 5
1 2415 9
1 2416 16
1 2417 20
1 2418 4
1 2419 3
1 2420 5
1 2421 16
1 2422 1
1 2423 5
1 2424 17
1 2425 11
1 2426 1
1 2427 14
1 2428 8
1 2429 3
1 2430 7
1 2431 8
1 2432 16
1 2433 12
1 2434 16
1 2435 3
1 2436 4
1 2437 7
1 2438 6
1 2439 14
1 2440 4
1 2441 16
1 2442 2
1 2443 11
1 2444 12
1 2445 16
1 2446 8
1 2447 5
1 2448 9
1 2449 3
1 2450 8
1 2451 3
1 2452 19
1 2453 12
1 2454 13
1 2455 10
1 2456 13
1 2457 9
1 2458 3
1 2459 18
1 2460 3
1 2461 17
1 2462 6
1 2463 6
1 2464 19
1 2465 4
1 2466 2
1 2467 12
1 2468 9
1 2469 18
1 2470 19
1 2471 1
1 2472 4
1 2473 11
1 2474 15
1 2475 10
1 2476 7
1 2477 17
1 2478 10
1 2479 15
1 2480 16
1 2481 17
1 2482 12
1 2483 11
1 2484 4
1 2485 15
1 2486 1
1 2487 9
1 2488 20
1 2489 19
1 2490 20
1 2491 4
1 2492 8
1 2493 4
1 2494 15
1 2495 9
1 2496 8
1 2497 1
1 2498 5
1 2499 15
1 2500 19
1 2501 20
1 2502 19
1 2503 14
1 2504 20
1 2505 15
1 2506 17
1 2507 4
1 2508 2
1 2509 9
1 2510 15
1 2511 3
1 2512 20
1 2513 5
1 2514 7
1 2515 13
1 2516 9
1 2517 7
1 2518 19
1 2519 9
1 2520 14
1 2521 11
1 2522 5
1 2523 11
1 2524 11
1 2525 13
1 2526 1
1 2527 5
1 2528 20
1 2529 13
1 2530 7
1 2531 1
1 2532 4
1 2533 19
1 2534 18
1 2535 20
1 2536 16
1 2537 20
1 2538 8
1 2539 7
1 2540 19
1 2541 18
1 2542 6
1 2543 12
1 2544 1
1 2545 14
1 2546 19
1 2547 6
1 2548 19
1 2549 11
1 2550 7
1 2551 3
1 2552 18
1 2553 4
1 2554 16
1 2555 15
1 2556 1
1 2557 16
1 2558 10
1 2559 16
1 2560 8
1 2561 11
1 2562 7
1 2563 5
1 2564 9
1 2565 2
1 2566 15
1 2567 8
1 2568 3
1 2569 5
1 2570 13
1 2571 13
1 2572 3
1 2573 16
1 2574 4
1 2575 16
1 2576 15
1 2577 11
1 2578 8
1 2579 19
1 2580 6
1 2581 4
1 2582 14
1 2583 10
1 2584 20
1 2585 10
1 2586 16
1 2587 17
1 2588 9
1 2589 15
1 2590 10
1 2591 20
1 2592 20
1 2593 10
1 2594 17
1 2595 16
1 2596 9
1 2597 9
1 2598 1
1 2599 15
1 2600 18
1 2601 5
1 2602 2
1 2603 16
1 2604 1
1 2605 5
1 2606 10
1 2607 6
1 2608 16
1 2609 7
1 2610 9
1 2611 8
1 2612 18
1 2613 2
1 2614 2
1 2615 13
1 2616 18
1 2617 16
1 2618 10
1 2619 14
1 2620 8
1 2621 20
1 2622 5
1 2623 13
1 2624 4
1 2625 9
1 2626 4
1 2627 11
1 2628 10
1 2629 3
1 2630 15
1 2631 2
1 2632 6
1 2633 7
1 2634 7
1 2635 9
1 2636 2
1 2637 12
1 2638 3
1 2639 9
1 2640 11
1 2641 18
1 2642 9
1 2643 1
1 2644 10
1 2645 20
1 2646 17
1 2647 2
1 2648 11
1 2649 1
1 2650 10
1 2651 7
1 2652 12
1 2653 9
1 2654 20
1 2655 2
1 2656 1
1 2657 7
1 2658 6
1 2659 18
1 2660 9
1 2661 19
1 2662 4
1 2663 16
1 2664 16
1 2665 12
1 2666 7
1 2667 7
1 2668 15
1 2669 13
1 2670 3
1 2671 6
1 2672 7
1 2673 20
1 2674 11
1 2675 18
1 2676 13
1 2677 10
1 2678 17
1 2679 9
1 2680 11
1 2681 15
1 2682 9
1 2683 15
1 2684 15
1 2685 6
1 2686 18
1 2687 12
1 2688 10
1 2689 8
1 2690 19
1 2691 16
1 2692 18
1 2693 15
1 2694 5
1 2695 8
1 2696 7
1 2697 12
1 2698 3
1 2699 5
1 2700 11
1 2701 14
1 2702 8
1 2703 14
1 2704 8
1 2705 12
1 2706 10
1 2707 5
1 2708 6
1 2709 1
1 2710 9
1 2711 16
1 2712 11
1 2713 3
1 2714 6
1 2715 17
1 2716 15
1 2717 4
1 2718 1
1 2719 3
1 2720 9
1 2721 18
1 2722 10
1 2723 13
1 2724 17
1 2725 4
1 2726 5
1 2727 16
1 2728 20
1 2729 13
1 2730 20
1 2731 17
1 2732 4
1 2733 6
1 2734 13
1 2735 7
1 2736 10
1 2737 18
1 2738 17
1 2739 3
1 2740 2
1 2741 1
1 2742 8
1 2743 6
1 2744 14
1 2745 2
1 2746 4
1 2747 15
1 2748 12
1 2749 4
1 2750 11
1 2751 9
1 2752 8
1 2753 6
1 2754 2
1 2755 10
1 2756 19
1 2757 17
1 2758 17
1 2759 2
1 2760 7
1 2761 12
1 2762 8
1 2763 20
1 2764 7
1 2765 8
1 2766 17
1 2767 10
1 2768 11
1 2769 2
1 2770 17
1 2771 20
1 2772 4
1 2773 16
1 2774 18
1 2775 11
1 2776 8
1 2777 1
1 2778 8
1 2779 8
1 2780 4
1 2781 15
1 2782 9
1 2783 2
1 2784 16
1 2785 4
1 2786 12
1 2787 14
1 2788 7
1 2789 5
1 2790 7
1 2791 14
1 2792 5
1 2793 3
1 2794 1
1 2795 9
1 2796 17
1 2797 8
1 2798 12
1 2799 8
1 2800 2
1 2801 13
1 2802 7
1 2803 17
1 2804 7
1 2805 8
1 2806 14
1 2807 5
1 2808 8
1 2809 4
1 2810 11
1 2811 17
1 2812 14
1 2813 14
1 2814 15
1 2815 5
1 2816 20
1 2817 6
1 2818 9
1 2819 5
1 2820 19
1 2821 13
1 2822 7
1 2823 6
1 2824 16
1 2825 7
1 2826 16
1 2827 20
1 2828 11
1 2829 1
1 2830 15
1 2831 18
1 2832 12
1 2833 1
1 2834 20
1 2835 2
1 2836 18
1 2837 19
1 2838 18
1 2839 9
1 2840 16
1 2841 5
1 2842 6
1 2843 4
1 2844 5
1 2845 3
1 2846 6
1 2847 1
1 2848 1
1 2849 10
1 2850 19
1 2851 15
1 2852 2
1 2853 7
1 2854 20
1 2855 15
1 2856 11
1 2857 3
1 2858 14
1 2859 10
1 2860 9
1 2861 11
1 2862 17
1 2863 15
1 2864 6
1 2865 1
1 2866 4
1 2867 16
1 2868 15
1 2869 8
1 2870 1
1 2871 10
1 2872 20
1 2873 13
1 2874 13
1 2875 11
1 2876 3
1 2877 17
1 2878 20
1 2879 6
1 2880 17
1 2881 16
1 2882 19
1 2883 2
1 2884 15
1 2885 10
1 2886 17
1 2887 6
1 2888 6
1 2889 20
1 2890 3
1 2891 14
1 2892 11
1 2893 8
1 2894 11
1 2895 6
1 2896 6
1 2897 10
1 2898 17
1 2899 10
1 2900 8
1 2901 10
1 2902 4
1 2903 19
1 2904 15
1 2905 10
1 2906 14
1 2907 18
1 2908 13
1 2909 13
1 2910 15
1 2911 10
1 2912 4
1 2913 7
1 2914 3
1 2915 18
1 2916 7
1 2917 2
1 2918 18
1 2919 8
1 2920 4
1 2921 20
1 2922 11
1 2923 10
1 2924 19
1 2925 12
1 2926 9
1 2927 16
1 2928 11
1 2929 5
1 2930 16
1 2931 4
1 2932 19
1 2933 2
1 2934 18
1 2935 13
1 2936 1
1 2937 8
1 2938 16
1 2939 8
1 2940 3
1 2941 1
1 2942 6
1 2943 2
1 2944 13
1 2945 9
1 2946 17
1 2947 3
1 2948 3
1 2949 2
1 2950 12
1 2951 15
1 2952 14
1 2953 19
1 2954 13
1 2955 15
1 2956 17
1 2957 8
1 2958 1
1 2959 5
1 2960 15
1 2961 11
1 2962 8
1 2963 9
1 2964 1
1 2965 14
1 2966 20
1 2967 13
1 2968 7
1 2969 15
1 2970 10
1 2971 3
1 2972 3
1 2973 15
1 2974 9
1 2975 3
1 2976 13
1 2977 10
1 2978 1
1 2979 9
1 2980 14
1 2981 5
1 2982 18
1 2983 6
1 2984 13
1 2985 5
1 2986 7
1 2987 7
1 2988 11
1 2989 11
1 2990 16
1 2991 8
1 2992 10
1 2993 12
1 2994 17
1 2995 7
1 2996 17
1 2997 18
1 2998 20
1 2999 8
1 3000 8
1 3001 10
1 3002 12
1 3003 7
1 3004 5
1 3005 19
1 3006 16
1 3007 10
1 3008 8
1 3009 2
1 3010 12
1 3011 17
1 3012 7
1 3013 6
1 3014 4
1 3015 7
1 3016 4
1 3017 18
1 3018 14
1 3019 4
1 3020 7
1 3021 4
1 3022 2
1 3023 13
1 3024 4
1 3025 15
1 3026 19
1 3027 9
1 3028 4
1 3029 1
1 3030 14
1 3031 9
1 3032 3
1 3033 6
1 3034 20
1 3035 1
1 3036 1
1 3037 4
1 3038 2
1 3039 16
1 3040 20
1 3041 20
1 3042 17
1 3043 20
1 3044 19
1 3045 17
1 3046 6
1 3047 9
1 3048 15
1 3049 13
1 3050 1
1 3051 3
1 3052 14
1 3053 17
1 3054 8
1 3055 8
1 3056 1
1 3057 12
1 3058 6
1 3059 18
1 3060 10
1 3061 8
1 3062 8
1 3063 15
1 3064 2
1 3065 7
1 3066 17
1 3067 11
1 3068 5
1 3069 9
1 3070 19
1 3071 10
1 3072 7
1 3073 20
1 3074 19
1 3075 19
1 3076 17
1 3077 7
1 3078 9
1 3079 6
1 3080 2
1 3081 16
1 3082 18
1 3083 4
1 3084 3
1 3085 6
1 3086 1
1 3087 12
1 3088 4
1 3089 15
1 3090 1
1 3091 6
1 3092 14
1 3093 3
1 3094 18
1 3095 9
1 3096 17
1 3097 12
1 3098 11
1 3099 18
1 3100 14
1 3101 20
1 3102 16
1 3103 14
1 3104 2
1 3105 2
1 3106 16
1 3107 7
1 3108 2
1 3109 4
1 3110 9
1 3111 20
1 3112 8
1 3113 6
1 3114 20
1 3115 5
1 3116 3
1 3117 19
1 3118 5
1 3119 2
1 3120 8
1 3121 2
1 3122 5
1 3123 15
1 3124 6
1 3125 8
1 3126 7
1 3127 1
1 3128 9
1 3129 11
1 3130 13
1 3131 8
1 3132 4
1 3133 13
1 3134 6
1 3135 8
1 3136 18
1 3137 9
1 3138 18
1 3139 6
1 3140 6
1 3141 13
1 3142 9
1 3143 17
1 3144 2
1 3145 16
1 3146 4
1 3147 5
1 3148 10
1 3149 8
1 3150 5
1 3151 9
1 3152 10
1 3153 12
1 3154 11
1 3155 18
1 3156 10
1 3157 2
1 3158 9
1 3159 2
1 3160 6
1 3161 8
1 3162 18
1 3163 4
1 3164 14
1 3165 9
1 3166 17
1 3167 6
1 3168 2
1 3169 7
1 3170 11
1 3171 10
1 3172 11
1 3173 17
1 3174 2
1 3175 9
1 3176 19
1 3177 10
1 3178 14
1 3179 4
1 3180 18
1 3181 14
1 3182 6
1 3183 20
1 3184 20
1 3185 5
1 3186 4
1 3187 20
1 3188 18
1 3189 2
1 3190 6
1 3191 14
1 3192 2
1 3193 20
1 3194 6
1 3195 11
1 3196 6
1 3197 19
1 3198 17
1 3199 16
1 3200 17
1 3201 3
1 3202 14
1 3203 3
1 3204 12
1 3205 16
1 3206 10
1 3207 13
1 3208 1
1 3209 6
1 3210 15
1 3211 1
1 3212 2
1 3213 7
1 3214 10
1 3215 16
1 3216 5
1 3217 8
1 3218 8
1 3219 12
1 3220 16
1 3221 2
1 3222 10
1 3223 1
1 3224 16
1 3225 14
1 3226 1
1 3227 15
1 3228 1
1 3229 20
1 3230 14
1 3231 4
1 3232 5
1 3233 9
1 3234 20
1 3235 17
1 3236 15
1 3237 10
1 3238 3
1 3239 10
1 3240 17
1 3241 15
1 3242 18
1 3243 17
1 3244 2
1 3245 4
1 3246 20
1 3247 16
1 3248 9
1 3249 7
1 3250 16
1 3251 20
1 3252 2
1 3253 15
1 3254 1
1 3255 11
1 3256 16
1 3257 15
1 3258 9
1 3259 19
1 3260 3
1 3261 19
1 3262 14
1 3263 9
1 3264 3
1 3265 20
1 3266 16
1 3267 18
1 3268 19
1 3269 16
1 3270 2
1 3271 9
1 3272 2
1 3273 1
1 3274 17
1 3275 12
1 3276 15
1 3277 9
1 3278 16
1 3279 11
1 3280 12
1 3281 13
1 3282 19
1 3283 17
1 3284 4
1 3285 11
1 3286 9
1 3287 2
1 3288 15
1 3289 15
1 3290 3
1 3291 10
1 3292 16
1 3293 9
1 3294 3
1 3295 6
1 3296 5
1 3297 11
1 3298 4
1 3299 18
1 3300 12
1 3301 6
1 3302 16
1 3303 2
1 3304 18
1 3305 19
1 3306 12
1 3307 7
1 3308 4
1 3309 14
1 3310 18
1 3311 10
1 3312 13
1 3313 20
1 3314 19
1 3315 9
1 3316 2
1 3317 20
1 3318 12
1 3319 12
1 3320 13
1 3321 4
1 3322 18
1 3323 14
1 3324 9
1 3325 11
1 3326 6
1 3327 8
1 3328 1
1 3329 2
1 3330 20
1 3331 4
1 3332 16
1 3333 14
1 3334 4
1 3335 7
1 3336 13
1 3337 19
1 3338 5
1 3339 2
1 3340 10
1 3341 1
1 3342 5
1 3343 15
1 3344 5
1 3345 2
1 3346 15
1 3347 9
1 3348 8
1 3349 6
1 3350 18
1 3351 9
1 3352 17
1 3353 1
1 3354 13
1 3355 17
1 3356 9
1 3357 15
1 3358 6
1 3359 18
1 3360 19
1 3361 16
1 3362 12
1 3363 10
1 3364 2
1 3365 10
1 3366 11
1 3367 8
1 3368 2
1 3369 2
1 3370 2
1 3371 20
1 3372 19
1 3373 17
1 3374 17
1 3375 6
1 3376 17
1 3377 19
1 3378 18
1 3379 3
1 3380 5
1 3381 13
1 3382 4
1 3383 3
1 3384 19
1 3385 19
1 3386 14
1 3387 5
1 3388 6
1 3389 18
1 3390 6
1 3391 19
1 3392 1
1 3393 18
1 3394 4
1 3395 2
1 3396 16
1 3397 1
1 3398 15
1 3399 14
1 3400 6
1 3401 3
1 3402 15
1 3403 1
1 3404 15
1 3405 19
1 3406 9
1 3407 17
1 3408 17
1 3409 13
1 3410 12
1 3411 6
1 3412 7
1 3413 4
1 3414 15
1 3415 10
1 3416 1
1 3417 5
1 3418 6
1 3419 5
1 3420 11
1 3421 4
1 3422 8
1 3423 6
1 3424 8
1 3425 15
1 3426 15
1 3427 14
1 3428 12
1 3429 12
1 3430 20
1 3431 19
1 3432 14
1 3433 10
1 3434 19
1 3435 7
1 3436 6
1 3437 9
1 3438 18
1 3439 15
1 3440 8
1 3441 8
1 3442 19
1 3443 5
1 3444 2
1 3445 18
1 3446 7
1 3447 12
1 3448 7
1 3449 18
1 3450 3
1 3451 5
1 3452 18
1 3453 7
1 3454 12
1 3455 12
1 3456 16
1 3457 20
1 3458 14
1 3459 14
1 3460 19
1 3461 8
1 3462 2
1 3463 1
1 3464 20
1 3465 2
1 3466 12
1 3467 2
1 3468 1
1 3469 20
1 3470 1
1 3471 7
1 3472 10
1 3473 11
1 3474 12
1 3475 15
1 3476 7
1 3477 11
1 3478 3
1 3479 17
1 3480 11
1 3481 9
1 3482 1
1 3483 11
1 3484 1
1 3485 6
1 3486 19
1 3487 5
1 3488 20
1 3489 5
1 3490 10
1 3491 16
1 3492 13
1 3493 9
1 3494 3
1 3495 7
1 3496 5
1 3497 14
1 3498 17
1 3499 7
1 3500 10
1 3501 11
1 3502 10
1 3503 11
1 3504 20
1 3505 13
1 3506 18
1 3507 2
1 3508 12
1 3509 20
1 3510 16
1 3511 16
1 3512 11
1 3513 3
1 3514 19
1 3515 11
1 3516 17
1 3517 11
1 3518 8
1 3519 5
1 3520 7
1 3521 7
1 3522 20
1 3523 9
1 3524 7
1 3525 14
1 3526 17
1 3527 5
1 3528 16
1 3529 10
1 3530 2
1 3531 5
1 3532 5
1 3533 9
1 3534 20
1 3535 3
1 3536 11
1 3537 5
1 3538 19
1 3539 4
1 3540 18
1 3541 17
1 3542 8
1 3543 8
1 3544 15
1 3545 17
1 3546 2
1 3547 13
1 3548 3
1 3549 17
1 3550 16
1 3551 12
1 3552 6
1 3553 4
1 3554 19
1 3555 8
1 3556 1
1 3557 20
1 3558 4
1 3559 12
1 3560 9
1 3561 10
1 3562 17
1 3563 20
1 3564 20
1 3565 9
1 3566 4
1 3567 13
1 3568 11
1 3569 5
1 3570 11
1 3571 8
1 3572 17
1 3573 12
1 3574 11
1 3575 16
1 3576 15
1 3577 2
1 3578 17
1 3579 7
1 3580 18
1 3581 8
1 3582 1
1 3583 18
1 3584 19
1 3585 1
1 3586 16
1 3587 1
1 3588 9
1 3589 2
1 3590 15
1 3591 8
1 3592 3
1 3593 5
1 3594 19
1 3595 15
1 3596 9
1 3597 14
1 3598 12
1 3599 7
1 3600 9
1 3601 9
1 3602 5
1 3603 10
1 3604 14
1 3605 15
1 3606 4
1 3607 7
1 3608 9
1 3609 19
1 3610 17
1 3611 20
1 3612 3
1 3613 16
1 3614 18
1 3615 11
1 3616 4
1 3617 20
1 3618 11
1 3619 5
1 3620 17
1 3621 13
1 3622 10
1 3623 18
1 3624 7
1 3625 20
1 3626 5
1 3627 13
1 3628 9
1 3629 15
1 3630 16
1 3631 6
1 3632 5
1 3633 1
1 3634 4
1 3635 19
1 3636 5
1 3637 11
1 3638 17
1 3639 15
1 3640 4
1 3641 6
1 3642 19
1 3643 1
1 3644 1
1 3645 20
1 3646 4
1 3647 16
1 3648 19
1 3649 10
1 3650 1
1 3651 8
1 3652 20
1 3653 1
1 3654 18
1 3655 15
1 3656 14
1 3657 11
1 3658 20
1 3659 20
1 3660 19
1 3661 10
1 3662 6
1 3663 7
1 3664 20
1 3665 3
1 3666 6
1 3667 12
1 3668 16
1 3669 5
1 3670 7
1 3671 20
1 3672 11
1 3673 10
1 3674 2
1 3675 20
1 3676 16
1 3677 8
1 3678 13
1 3679 11
1 3680 16
1 3681 2
1 3682 17
1 3683 9
1 3684 7
1 3685 17
1 3686 17
1 3687 15
1 3688 4
1 3689 9
1 3690 11
1 3691 19
1 3692 18
1 3693 6
1 3694 10
1 3695 1
1 3696 9
1 3697 3
1 3698 4
1 3699 18
1 3700 7
1 3701 18
1 3702 4
1 3703 5
1 3704 10
1 3705 13
1 3706 11
1 3707 6
1 3708 13
1 3709 15
1 3710 17
1 3711 11
1 3712 5
1 3713 8
1 3714 1
1 3715 15
1 3716 17
1 3717 4
1 3718 13
1 3719 19
1 3720 5
1 3721 16
1 3722 8
1 3723 16
1 3724 7
1 3725 15
1 3726 15
1 3727 14
1 3728 6
1 3729 10
1 3730 4
1 3731 15
1 3732 7
1 3733 12
1 3734 2
1 3735 1
1 3736 5
1 3737 9
1 3738 14
1 3739 10
1 3740 19
1 3741 4
1 3742 9
1 3743 5
1 3744 10
1 3745 5
1 3746 14
1 3747 6
1 3748 3
1 3749 8
1 3750 2
1 3751 15
1 3752 11
1 3753 8
1 3754 9
1 3755 14
1 3756 10
1 3757 2
1 3758 10
1 3759 11
1 3760 18
1 3761 17
1 3762 5
1 3763 12
1 3764 1
1 3765 2
1 3766 7
1 3767 1
1 3768 8
1 3769 5
1 3770 5
1 3771 20
1 3772 3
1 3773 5
1 3774 2
1 3775 18
1 3776 14
1 3777 12
1 3778 6
1 3779 10
1 3780 5
1 3781 10
1 3782 10
1 3783 16
1 3784 20
1 3785 14
1 3786 12
1 3787 1
1 3788 11
1 3789 14
1 3790 1
1 3791 7
1 3792 12
1 3793 20
1 3794 3
1 3795 8
1 3796 19
1 3797 5
1 3798 14
1 3799 7
1 3800 19
1 3801 1
1 3802 20
1 3803 9
1 3804 15
1 3805 18
1 3806 4
1 3807 11
1 3808 16
1 3809 10
1 3810 5
1 3811 7
1 3812 20
1 3813 8
1 3814 11
1 3815 19
1 3816 1
1 3817 14
1 3818 1
1 3819 20
1 3820 15
1 3821 10
1 3822 11
1 3823 16
1 3824 9
1 3825 16
1 3826 6
1 3827 14
1 3828 9
1 3829 13
1 3830 6
1 3831 4
1 3832 2
1 3833 10
1 3834 18
1 3835 7
1 3836 7
1 3837 9
1 3838 6
1 3839 19
1 3840 11
1 3841 5
1 3842 10
1 3843 7
1 3844 12
1 3845 20
1 3846 6
1 3847 7
1 3848 7
1 3849 3
1 3850 4
1 3851 20
1 3852 11
1 3853 14
1 3854 6
1 3855 6
1 3856 9
1 3857 7
1 3858 15
1 3859 8
1 3860 6
1 3861 19
1 3862 17
1 3863 2
1 3864 8
1 3865 17
1 3866 6
1 3867 5
1 3868 12
1 3869 11
1 3870 17
1 3871 12
1 3872 12
1 3873 3
1 3874 16
1 3875 9
1 3876 19
1 3877 1
1 3878 10
1 3879 9
1 3880 17
1 3881 8
1 3882 12
1 3883 4
1 3884 8
1 3885 1
1 3886 8
1 3887 1
1 3888 6
1 3889 16
1 3890 9
1 3891 2
1 3892 20
1 3893 10
1 3894 7
1 3895 17
1 3896 17
1 3897 20
1 3898 12
1 3899 14
1 3900 5
1 3901 8
1 3902 5
1 3903 19
1 3904 7
1 3905 15
1 3906 13
1 3907 4
1 3908 11
1 3909 4
1 3910 3
1 3911 19
1 3912 18
1 3913 8
1 3914 2
1 3915 2
1 3916 15
1 3917 11
1 3918 20
1 3919 19
1 3920 13
1 3921 10
1 3922 17
1 3923 14
1 3924 8
1 3925 13
1 3926 8
1 3927 12
1 3928 11
1 3929 10
1 3930 8
1 3931 7
1 3932 3
1 3933 9
1 3934 15
1 3935 18
1 3936 1
1 3937 14
1 3938 1
1 3939 12
1 3940 8
1 3941 20
1 3942 15
1 3943 16
1 3944 3
1 3945 15
1 3946 12
1 3947 18
1 3948 6
1 3949 12
1 3950 3
1 3951 15
1 3952 18
1 3953 18
1 3954 3
1 3955 17
1 3956 4
1 3957 13
1 3958 20
1 3959 13
1 3960 4
1 3961 12
1 3962 12
1 3963 15
1 3964 4
1 3965 11
1 3966 14
1 3967 9
1 3968 16
1 3969 16
1 3970 19
1 3971 5
1 3972 2
1 3973 16
1 3974 6
1 3975 4
1 3976 11
1 3977 16
1 3978 8
1 3979 1
1 3980 15
1 3981 2
1 3982 18
1 3983 19
1 3984 5
1 3985 13
1 3986 8
1 3987 11
1 3988 10
1 3989 12
1 3990 10
1 3991 11
1 3992 12
1 3993 1
1 3994 5
1 3995 10
1 3996 7
1 3997 20
1 3998 8
1 3999 2
1 4000 9
1 4001 18
1 4002 17
1 4003 4
1 4004 17
1 4005 18
1 4006 4
1 4007 13
1 4008 8
1 4009 7
1 4010 17
1 4011 19
1 4012 15
1 4013 5
1 4014 4
1 4015 14
1 4016 17
1 4017 10
1 4018 3
1 4019 8
1 4020 1
1 4021 10
1 4022 18
1 4023 5
1 4024 20
1 4025 8
1 4026 11
1 4027 7
1 4028 13
1 4029 10
1 4030 19
1 4031 5
1 4032 16
1 4033 4
1 4034 19
1 4035 19
1 4036 8
1 4037 12
1 4038 7
1 4039 18
1 4040 8
1 4041 1
1 4042 11
1 4043 18
1 4044 6
1 4045 12
1 4046 20
1 4047 2
1 4048 10
1 4049 6
1 4050 15
1 4051 9
1 4052 2
1 4053 5
1 4054 11
1 4055 17
1 4056 20
1 4057 15
1 4058 1
1 4059 17
1 4060 6
1 4061 1
1 4062 11
1 4063 2
1 4064 9
1 4065 17
1 4066 5
1 4067 14
1 4068 1
1 4069 18
1 4070 1
1 4071 20
1 4072 9
1 4073 1
1 4074 7
1 4075 8
1 4076 5
1 4077 5
1 4078 2
1 4079 17
1 4080 1
1 4081 2
1 4082 6
1 4083 6
1 4084 11
1 4085 13
1 4086 4
1 4087 15
1 4088 7
1 4089 17
1 4090 6
1 4091 14
1 4092 9
1 4093 2
1 4094 7
1 4095 9
1 4096 14
1 4097 3
1 4098 7
1 4099 1
1 4100 17
1 4101 17
1 4102 2
1 4103 3
1 4104 18
1 4105 2
1 4106 4
1 4107 16
1 4108 12
1 4109 10
1 4110 9
1 4111 10
1 4112 20
1 4113 3
1 4114 9
1 4115 2
1 4116 18
1 4117 7
1 4118 2
1 4119 12
1 4120 8
1 4121 1
1 4122 4
1 4123 11
1 4124 8
1 4125 11
1 4126 6
1 4127 1
1 4128 17
1 4129 14
1 4130 12
1 4131 1
1 4132 4
1 4133 5
1 4134 15
1 4135 20
1 4136 6
1 4137 16
1 4138 7
1 4139 12
1 4140 8
1 4141 4
1 4142 15
1 4143 8
1 4144 15
1 4145 13
1 4146 15
1 4147 10
1 4148 3
1 4149 19
1 4150 1
1 4151 8
1 4152 11
1 4153 10
1 4154 17
1 4155 3
1 4156 11
1 4157 11
1 4158 10
1 4159 6
1 4160 18
1 4161 2
1 4162 2
1 4163 7
1 4164 3
1 4165 18
1 4166 13
1 4167 5
1 4168 12
1 4169 3
1 4170 4
1 4171 4
1 4172 18
1 4173 9
1 4174 15
1 4175 12
1 4176 10
1 4177 2
1 4178 7
1 4179 12
1 4180 19
1 4181 18
1 4182 2
1 4183 5
1 4184 16
1 4185 15
1 4186 10
1 4187 4
1 4188 6
1 4189 16
1 4190 18
1 4191 8
1 4192 15
1 4193 2
1 4194 12
1 4195 3
1 4196 9
1 4197 9
1 4198 19
1 4199 2
1 4200 3
1 4201 19
1 4202 8
1 4203 3
1 4204 5
1 4205 18
1 4206 3
1 4207 18
1 4208 7
1 4209 3
1 4210 20
1 4211 1
1 4212 9
1 4213 10
1 4214 19
1 4215 13
1 4216 4
1 4217 4
1 4218 12
1 4219 9
1 4220 5
1 4221 4
1 4222 8
1 4223 6
1 4224 3
1 4225 12
1 4226 11
1 4227 3
1 4228 6
1 4229 10
1 4230 5
1 4231 16
1 4232 10
1 4233 11
1 4234 15
1 4235 18
1 4236 16
1 4237 9
1 4238 13
1 4239 18
1 4240 2
1 4241 9
1 4242 8
1 4243 2
1 4244 9
1 4245 1
1 4246 13
1 4247 7
1 4248 7
1 4249 16
1 4250 17
1 4251 12
1 4252 19
1 4253 5
1 4254 18
1 4255 16
1 4256 12
1 4257 14
1 4258 2
1 4259 9
1 4260 9
1 4261 7
1 4262 13
1 4263 20
1 4264 11
1 4265 1
1 4266 5
1 4267 19
1 4268 20
1 4269 9
1 4270 15
1 4271 20
1 4272 9
1 4273 19
1 4274 14
1 4275 8
1 4276 6
1 4277 13
1 4278 14
1 4279 7
1 4280 1
1 4281 2
1 4282 2
1 4283 9
1 4284 2
1 4285 14
1 4286 4
1 4287 7
1 4288 9
1 4289 12
1 4290 2
1 4291 16
1 4292 8
1 4293 9
1 4294 11
1 4295 12
1 4296 13
1 4297 1
1 4298 3
1 4299 16
1 4300 4
1 4301 13
1 4302 1
1 4303 7
1 4304 20
1 4305 12
1 4306 19
1 4307 3
1 4308 19
1 4309 6
1 4310 3
1 4311 17
1 4312 11
1 4313 8
1 4314 9
1 4315 15
1 4316 10
1 4317 14
1 4318 2
1 4319 4
1 4320 18
1 4321 12
1 4322 3
1 4323 9
1 4324 20
1 4325 20
1 4326 19
1 4327 14
1 4328 6
1 4329 18
1 4330 19
1 4331 20
1 4332 2
1 4333 4
1 4334 2
1 4335 15
1 4336 1
1 4337 12
1 4338 15
1 4339 3
1 4340 17
1 4341 20
1 4342 6
1 4343 9
1 4344 5
1 4345 12
1 4346 3
1 4347 5
1 4348 18
1 4349 18
1 4350 5
1 4351 8
1 4352 20
1 4353 5
1 4354 10
1 4355 2
1 4356 18
1 4357 20
1 4358 6
1 4359 15
1 4360 9
1 4361 11
1 4362 3
1 4363 2
1 4364 4
1 4365 10
1 4366 5
1 4367 20
1 4368 16
1 4369 6
1 4370 11
1 4371 11
1 4372 3
1 4373 9
1 4374 3
1 4375 18
1 4376 1
1 4377 3
1 4378 15
1 4379 18
1 4380 5
1 4381 3
1 4382 9
1 4383 15
1 4384 11
1 4385 2
1 4386 2
1 4387 19
1 4388 3
1 4389 12
1 4390 8
1 4391 8
1 4392 7
1 4393 11
1 4394 14
1 4395 14
1 4396 5
1 4397 12
1 4398 1
1 4399 8
1 4400 5
1 4401 1
1 4402 7
1 4403 2
1 4404 10
1 4405 7
1 4406 20
1 4407 5
1 4408 2
1 4409 5
1 4410 18
1 4411 7
1 4412 12
1 4413 18
1 4414 6
1 4415 16
1 4416 5
1 4417 18
1 4418 14
1 4419 17
1 4420 10
1 4421 11
1 4422 12
1 4423 12
1 4424 11
1 4425 4
1 4426 12
1 4427 7
1 4428 20
1 4429 15
1 4430 14
1 4431 4
1 4432 5
1 4433 9
1 4434 20
1 4435 3
1 4436 1
1 4437 7
1 4438 13
1 4439 17
1 4440 17
1 4441 14
1 4442 10
1 4443 12
1 4444 19
1 4445 17
1 4446 6
1 4447 18
1 4448 13
1 4449 13
1 4450 13
1 4451 1
1 4452 4
1 4453 15
1 4454 12
1 4455 10
1 4456 19
1 4457 7
1 4458 1
1 4459 13
1 4460 8
1 4461 12
1 4462 13
1 4463 7
1 4464 10
1 4465 5
1 4466 19
1 4467 10
1 4468 15
1 4469 18
1 4470 6
1 4471 5
1 4472 3
1 4473 18
1 4474 13
1 4475 8
1 4476 10
1 4477 3
1 4478 3
1 4479 2
1 4480 1
1 4481 6
1 4482 1
1 4483 7
1 4484 3
1 4485 15
1 4486 15
1 4487 13
1 4488 16
1 4489 10
1 4490 12
1 4491 4
1 4492 7
1 4493 5
1 4494 3
1 4495 12
1 4496 9
1 4497 6
1 4498 7
1 4499 7
1 4500 19
1 4501 7
1 4502 13
1 4503 7
1 4504 2
1 4505 1
1 4506 13
1 4507 13
1 4508 10
1 4509 7
1 4510 4
1 4511 5
1 4512 11
1 4513 1
1 4514 13
1 4515 1
1 4516 14
1 4517 4
1 4518 11
1 4519 15
1 4520 14
1 4521 16
1 4522 17
1 4523 13
1 4524 17
1 4525 4
1 4526 7
1 4527 8
1 4528 9
1 4529 13
1 4530 3
1 4531 12
1 4532 12
1 4533 19
1 4534 18
1 4535 4
1 4536 5
1 4537 15
1 4538 19
1 4539 5
1 4540 4
1 4541 6
1 4542 20
1 4543 1
1 4544 5
1 4545 5
1 4546 19
1 4547 19
1 4548 19
1 4549 10
1 4550 6
1 4551 16
1 4552 8
1 4553 2
1 4554 12
1 4555 13
1 4556 20
1 4557 5
1 4558 10
1 4559 20
1 4560 13
1 4561 7
1 4562 18
1 4563 12
1 4564 5
1 4565 17
1 4566 13
1 4567 6
1 4568 6
1 4569 9
1 4570 7
1 4571 1
1 4572 20
1 4573 6
1 4574 19
1 4575 16
1 4576 18
1 4577 6
1 4578 3
1 4579 10
1 4580 10
1 4581 1
1 4582 9
1 4583 1
1 4584 5
1 4585 15
1 4586 20
1 4587 16
1 4588 20
1 4589 14
1 4590 13
1 4591 10
1 4592 1
1 4593 15
1 4594 19
1 4595 2
1 4596 1
1 4597 1
1 4598 18
1 4599 3
1 4600 9
1 4601 3
1 4602 14
1 4603 1
1 4604 8
1 4605 3
1 4606 6
1 4607 14
1 4608 3
1 4609 18
1 4610 2
1 4611 8
1 4612 9
1 4613 20
1 4614 1
1 4615 2
1 4616 14
1 4617 17
1 4618 5
1 4619 17
1 4620 1
1 4621 4
1 4622 20
1 4623 12
1 4624 9
1 4625 5
1 4626 4
1 4627 12
1 4628 15
1 4629 12
1 4630 4
1 4631 16
1 4632 2
1 4633 9
1 4634 2
1 4635 3
1 4636 18
1 4637 17
1 4638 10
1 4639 14
1 4640 9
1 4641 15
1 4642 10
1 4643 4
1 4644 12
1 4645 11
1 4646 13
1 4647 14
1 4648 14
1 4649 4
1 4650 16
1 4651 10
1 4652 11
1 4653 15
1 4654 9
1 4655 18
1 4656 9
1 4657 8
1 4658 9
1 4659 18
1 4660 12
1 4661 3
1 4662 9
1 4663 8
1 4664 2
1 4665 13
1 4666 18
1 4667 5
1 4668 2
1 4669 17
1 4670 14
1 4671 8
1 4672 4
1 4673 14
1 4674 12
1 4675 13
1 4676 5
1 4677 13
1 4678 3
1 4679 17
1 4680 7
1 4681 1
1 4682 8
1 4683 8
1 4684 17
1 4685 15
1 4686 2
1 4687 14
1 4688 11
1 4689 19
1 4690 1
1 4691 8
1 4692 9
1 4693 11
1 4694 3
1 4695 6
1 4696 10
1 4697 14
1 4698 13
1 4699 8
1 4700 16
1 4701 2
1 4702 3
1 4703 7
1 4704 8
1 4705 17
1 4706 8
1 4707 4
1 4708 7
1 4709 4
1 4710 19
1 4711 20
1 4712 5
1 4713 10
1 4714 16
1 4715 5
1 4716 10
1 4717 2
1 4718 17
1 4719 1
1 4720 1
1 4721 15
1 4722 3
1 4723 1
1 4724 16
1 4725 6
1 4726 3
1 4727 7
1 4728 15
1 4729 4
1 4730 19
1 4731 10
1 4732 13
1 4733 17
1 4734 1
1 4735 13
1 4736 2
1 4737 6
1 4738 12
1 4739 16
1 4740 6
1 4741 1
1 4742 17
1 4743 14
1 4744 4
1 4745 2
1 4746 4
1 4747 18
1 4748 20
1 4749 18
1 4750 12
1 4751 18
1 4752 2
1 4753 14
1 4754 10
1 4755 5
1 4756 12
1 4757 19
1 4758 15
1 4759 9
1 4760 13
1 4761 5
1 4762 17
1 4763 12
1 4764 12
1 4765 14
1 4766 10
1 4767 8
1 4768 2
1 4769 7
1 4770 13
1 4771 17
1 4772 5
1 4773 18
1 4774 4
1 4775 16
1 4776 9
1 4777 3
1 4778 16
1 4779 20
1 4780 20
1 4781 17
1 4782 4
1 4783 15
1 4784 11
1 4785 1
1 4786 13
1 4787 19
1 4788 10
1 4789 17
1 4790 14
1 4791 17
1 4792 5
1 4793 17
1 4794 8
1 4795 14
1 4796 11
1 4797 14
1 4798 12
1 4799 6
1 4800 18
1 4801 10
1 4802 13
1 4803 7
1 4804 16
1 4805 4
1 4806 15
1 4807 9
1 4808 9
1 4809 12
1 4810 1
1 4811 7
1 4812 6
1 4813 17
1 4814 8
1 4815 1
1 4816 5
1 4817 19
1 4818 17
1 4819 12
1 4820 13
1 4821 5
1 4822 5
1 4823 1
1 4824 20
1 4825 7
1 4826 20
1 4827 16
1 4828 11
1 4829 7
1 4830 6
1 4831 17
1 4832 1
1 4833 7
1 4834 8
1 4835 15
1 4836 4
1 4837 11
1 4838 13
1 4839 19
1 4840 1
1 4841 20
1 4842 14
1 4843 15
1 4844 12
1 4845 6
1 4846 1
1 4847 19
1 4848 17
1 4849 18
1 4850 19
1 4851 4
1 4852 17
1 4853 8
1 4854 2
1 4855 18
1 4856 13
1 4857 19
1 4858 2
1 4859 19
1 4860 12
1 4861 7
1 4862 13
1 4863 6
1 4864 16
1 4865 12
1 4866 9
1 4867 20
1 4868 4
1 4869 5
1 4870 12
1 4871 2
1 4872 8
1 4873 11
1 4874 12
1 4875 20
1 4876 17
1 4877 20
1 4878 15
1 4879 7
1 4880 14
1 4881 9
1 4882 12
1 4883 5
1 4884 8
1 4885 5
1 4886 7
1 4887 7
1 4888 5
1 4889 9
1 4890 10
1 4891 5
1 4892 19
1 4893 20
1 4894 12
1 4895 16
1 4896 5
1 4897 2
1 4898 20
1 4899 12
1 4900 4
1 4901 11
1 4902 14
1 4903 15
1 4904 1
1 4905 2
1 4906 18
1 4907 18
1 4908 20
1 4909 1
1 4910 5
1 4911 17
1 4912 2
1 4913 4
1 4914 3
1 4915 15
1 4916 5
1 4917 16
1 4918 12
1 4919 15
1 4920 5
1 4921 4
1 4922 2
1 4923 15
1 4924 16
1 4925 18
1 4926 19
1 4927 1
1 4928 6
1 4929 17
1 4930 20
1 4931 12
1 4932 2
1 4933 11
1 4934 11
1 4935 1
1 4936 15
1 4937 3
1 4938 16
1 4939 6
1 4940 1
1 4941 20
1 4942 2
1 4943 1
1 4944 3
1 4945 1
1 4946 13
1 4947 4
1 4948 16
1 4949 17
1 4950 18
1 4951 13
1 4952 8
1 4953 6
1 4954 1
1 4955 11
1 4956 9
1 4957 20
1 4958 12
1 4959 14
1 4960 14
1 4961 2
1 4962 1
1 4963 11
1 4964 11
1 4965 7
1 4966 2
1 4967 11
1 4968 14
1 4969 15
1 4970 16
1 4971 20
1 4972 3
1 4973 17
1 4974 19
1 4975 20
1 4976 14
1 4977 20
1 4978 15
1 4979 13
1 4980 5
1 4981 3
1 4982 15
1 4983 18
1 4984 14
1 4985 9
1 4986 15
1 4987 14
1 4988 8
1 4989 14
1 4990 7
1 4991 1
1 4992 2
1 4993 20
1 4994 10
1 4995 9
1 4996 11
1 4997 17
1 4998 17
1 4999 18
2 0 7
