200 100
632 90 79
739 370 53
829 142 29
527 398 17
535 221 74
50 963 15
654 151 92
376 107 69
266 890 81
361 966 55
207 987 71
500 559 53
433 87 99
76 819 22
717 729 93
978 894 37
654 78 68
788 770 9
497 724 53
795 699 69
190 91 94
654 86 16
21 64 81
915 170 62
764 11 76
804 402 76
64 330 44
821 638 63
106 645 25
224 445 77
527 783 76
603 816 86
973 405 79
817 662 33
848 480 66
923 441 36
675 468 71
605 529 92
135 7 53
436 177 68
351 752 94
258 527 82
414 781 14
487 932 52
535 287 70
425 83 36
635 128 29
175 983 39
757 799 22
545 969 50
315 586 64
102 527 48
211 598 100
117 933 54
977 145 27
390 588 22
744 88 17
607 582 8
760 360 51
793 375 12
686 484 90
472 771 55
849 565 34
977 519 8
286 559 90
973 22 88
608 611 40
310 811 7
774 504 61
763 745 12
571 865 27
723 333 87
305 220 41
422 256 11
662 386 71
481 128 53
311 637 4
422 877 60
301 519 88
944 796 33
20 868 22
196 628 17
280 327 87
630 656 72
158 294 80
289 273 10
548 586 97
184 368 46
104 889 33
776 737 2
301 288 46
53 152 79
11 389 57
413 165 69
10 856 6
971 998 55
656 105 50
217 128 69
283 522 8
561 505 40
36 476 81
427 752 56
708 571 100
643 240 71
982 691 84
54 786 73
46 418 10
81 758 75
298 942 68
474 859 35
446 692 28
230 676 2
193 156 65
759 462 80
539 813 19
326 435 27
23 270 43
706 408 51
580 741 29
400 650 17
612 383 69
769 790 32
11 861 64
521 182 82
657 362 92
337 702 68
93 204 27
475 320 72
995 732 66
75 233 15
497 461 57
192 725 49
742 921 60
266 518 22
991 487 14
497 15 92
564 204 3
371 831 35
619 254 84
24 137 87
610 899 73
253 18 69
8 448 13
365 914 7
853 674 20
766 766 100
696 178 87
775 416 2
880 10 92
669 471 53
622 481 22
32 29 45
366 179 95
62 742 12
167 591 24
253 382 93
776 295 2
800 781 65
387 168 40
767 505 81
46 272 17
589 172 55
329 946 7
359 875 48
254 766 25
714 837 18
573 491 71
472 229 46
564 438 3
607 179 4
384 40 27
189 282 10
939 97 74
698 670 32
124 608 14
74 758 81
406 573 26
269 412 25
804 822 55
203 356 89
876 384 26
246 422 10
925 191 30
965 552 65
789 526 95
146 673 93
999 756 28
449 370 33
101 971 41
621 134 36
380 326 96
516 525 83
378 698 52
315 356 9
309 758 13
858 564 54
11 330 98
971 335 71
306 976 30
649 904 58
